#    Step     Kinetic(H)     Potential(H)   Total(H)       E(0)(H)        E(1)(H)        
        0     0.00000000   -77.84654369   -77.84654369   -77.84654369   -77.55486547
        1     0.00194057   -77.84849295   -77.84655238   -77.84849295   -77.55670757
        2     0.00762581   -77.85420307   -77.84657726   -77.85420307   -77.56209820
        3     0.01666341   -77.86327855   -77.84661515   -77.86327855   -77.57064765
        4     0.02845299   -77.87511441   -77.84666142   -77.87511441   -77.58176037
        5     0.04225489   -77.88896589   -77.84671100   -77.88896589   -77.59470433
        6     0.05726727   -77.90402637   -77.84675909   -77.90402637   -77.60868858
        7     0.07269903   -77.91950095   -77.84680192   -77.91950095   -77.62293639
        8     0.08782917   -77.93466613   -77.84683696   -77.93466613   -77.63674471
        9     0.10204761   -77.94891064   -77.84686303   -77.94891064   -77.64952479
       10     0.11487671   -77.96175675   -77.84688004   -77.96175675   -77.66082359
       11     0.12597579   -77.97286453   -77.84688873   -77.97286453   -77.67032848
       12     0.13513265   -77.98202306   -77.84689041   -77.98202306   -77.67785953
       13     0.14224650   -77.98913318   -77.84688668   -77.98913318   -77.68335445
       14     0.14730578   -77.99418513   -77.84687935   -77.99418513   -77.68685077
       15     0.15036244   -77.99723306   -77.84687062   -77.99723306   -77.68847026
       16     0.15149968   -77.99836401   -77.84686434   -77.99836401   -77.68841301
       17     0.15076919   -77.99764281   -77.84687362   -77.99764281   -77.68698565
       18     0.14778287   -77.99485293   -77.84707006   -77.99485293   -77.68486244
       19     0.14382842   -77.98512377   -77.84129535   -77.98512377   -77.68988382
       20     0.00570027   -77.98098980   -77.97528953   -77.98098980   -77.68776401
       21     0.00484797   -77.98013657   -77.97528860   -77.98013657   -77.68724112
       22     0.00413989   -77.97942765   -77.97528776   -77.97942765   -77.68672710
       23     0.00358925   -77.97887630   -77.97528705   -77.97887630   -77.68623432
       24     0.00320741   -77.97849387   -77.97528645   -77.97849387   -77.68577354
       25     0.00300374   -77.97828974   -77.97528600   -77.97828974   -77.68535383
       26     0.00298551   -77.97827118   -77.97528568   -77.97827118   -77.68498244
       27     0.00315784   -77.97844334   -77.97528550   -77.97844334   -77.68466480
       28     0.00352369   -77.97880914   -77.97528545   -77.97880914   -77.68440442
       29     0.00408380   -77.97936934   -77.97528554   -77.97936934   -77.68420292
       30     0.00483668   -77.98012246   -77.97528578   -77.98012246   -77.68406001
       31     0.00577861   -77.98106476   -77.97528615   -77.98106476   -77.68397346
       32     0.00690366   -77.98219034   -77.97528668   -77.98219034   -77.68393914
       33     0.00820368   -77.98349098   -77.97528730   -77.98349098   -77.68395107
       34     0.00966832   -77.98495640   -77.97528809   -77.98495640   -77.68400137
       35     0.01128511   -77.98657411   -77.97528900   -77.98657411   -77.68408043
       36     0.01303949   -77.98832953   -77.97529004   -77.98832953   -77.68417693
       37     0.01556788   -77.99895727   -77.98338939   -77.99895727   -77.67204259
       38     0.01875874   -78.00205069   -77.98329195   -78.00205069   -77.67215764
       39     0.02158011   -78.00485905   -77.98327893   -78.00485905   -77.67279138
       40     0.00570027   -78.00755325   -78.00185298   -78.00755325   -77.67368216
       41     0.00703130   -78.00888535   -78.00185405   -78.00888535   -77.67419974
       42     0.00844421   -78.01029942   -78.00185521   -78.01029942   -77.67479602
       43     0.00991846   -78.01177473   -78.00185627   -78.01177473   -77.67546102
       44     0.01143533   -78.01329261   -78.00185728   -78.01329261   -77.67618066
       45     0.01297727   -78.01483548   -78.00185821   -78.01483548   -77.67693799
       46     0.01452755   -78.01638666   -78.00185912   -78.01638666   -77.67771389
       47     0.01606996   -78.01792998   -78.00186002   -78.01792998   -77.67848792
       48     0.01758876   -78.01944969   -78.00186093   -78.01944969   -77.67923892
       49     0.01906873   -78.02093054   -78.00186181   -78.02093054   -77.67994560
       50     0.02049528   -78.02235794   -78.00186266   -78.02235794   -77.68058706
       51     0.02185476   -78.02371821   -78.00186345   -78.02371821   -77.68114337
       52     0.02313470   -78.02499886   -78.00186416   -78.02499886   -77.68159601
       53     0.02432426   -78.02618901   -78.00186476   -78.02618901   -77.68192842
       54     0.02541453   -78.02727976   -78.00186523   -78.02727976   -77.68212651
       55     0.02639898   -78.02826447   -78.00186549   -78.02826447   -77.68217921
       56     0.02727381   -78.02913938   -78.00186557   -78.02913938   -77.68207872
       57     0.02803826   -78.02990370   -78.00186544   -78.02990370   -77.68182115
       58     0.02869490   -78.03055998   -78.00186508   -78.03055998   -77.68140675
       59     0.02924969   -78.03111421   -78.00186451   -78.03111421   -77.68084013
       60     0.00570027   -78.03157580   -78.02587553   -78.03157580   -77.68013045
       61     0.00589882   -78.03177395   -78.02587513   -78.03177395   -77.67977379
       62     0.00613061   -78.03200536   -78.02587476   -78.03200536   -77.67938905
       63     0.00640167   -78.03227609   -78.02587442   -78.03227609   -77.67898318
       64     0.00671750   -78.03259162   -78.02587412   -78.03259162   -77.67856315
       65     0.00708280   -78.03295668   -78.02587389   -78.03295668   -77.67813570
       66     0.00750123   -78.03337497   -78.02587373   -78.03337497   -77.67770713
       67     0.00797527   -78.03384894   -78.02587367   -78.03384894   -77.67728310
       68     0.00850600   -78.03437970   -78.02587370   -78.03437970   -77.67686845
       69     0.00909301   -78.03496684   -78.02587382   -78.03496684   -77.67646708
       70     0.00973436   -78.03560841   -78.02587405   -78.03560841   -77.67608182
       71     0.01042652   -78.03630090   -78.02587438   -78.03630090   -77.67571443
       72     0.01116449   -78.03703928   -78.02587479   -78.03703928   -77.67536552
       73     0.01194185   -78.03781713   -78.02587529   -78.03781713   -77.67503465
       74     0.01275095   -78.03862680   -78.02587584   -78.03862680   -77.67472039
       75     0.01358310   -78.03945957   -78.02587647   -78.03945957   -77.67442045
       76     0.01442877   -78.04030590   -78.02587712   -78.04030590   -77.67413184
       77     0.01527790   -78.04115572   -78.02587782   -78.04115572   -77.67385101
       78     0.01612009   -78.04199857   -78.02587848   -78.04199857   -77.67357420
       79     0.01694490   -78.04282403   -78.02587913   -78.04282403   -77.67329741
       80     0.00570027   -78.04362416   -78.03792389   -78.04362416   -77.67301452
       81     0.00614380   -78.04406762   -78.03792382   -78.04406762   -77.67285335
       82     0.00658669   -78.04451050   -78.03792380   -78.04451050   -77.67268940
       83     0.00702386   -78.04494770   -78.03792383   -78.04494770   -77.67252095
       84     0.00745035   -78.04537426   -78.03792390   -78.04537426   -77.67234648
       85     0.00786142   -78.04578543   -78.03792400   -78.04578543   -77.67216476
       86     0.00825265   -78.04617676   -78.03792412   -78.04617676   -77.67197492
       87     0.00861998   -78.04654422   -78.03792423   -78.04654422   -77.67177650
       88     0.00895983   -78.04688418   -78.03792435   -78.04688418   -77.67156948
       89     0.00926911   -78.04719356   -78.03792445   -78.04719356   -77.67135435
       90     0.00954525   -78.04746978   -78.03792453   -78.04746978   -77.67113209
       91     0.00978628   -78.04771087   -78.03792459   -78.04771087   -77.67090420
       92     0.00999079   -78.04791540   -78.03792462   -78.04791540   -77.67067263
       93     0.01015797   -78.04808259   -78.03792461   -78.04808259   -77.67043978
       94     0.01028762   -78.04821220   -78.03792458   -78.04821220   -77.67020842
       95     0.01038010   -78.04830461   -78.03792452   -78.04830461   -77.66998163
       96     0.01043635   -78.04836077   -78.03792442   -78.04836077   -77.66976273
       97     0.01045788   -78.04838217   -78.03792429   -78.04838217   -77.66955518
       98     0.01044668   -78.04837081   -78.03792413   -78.04837081   -77.66936251
       99     0.01040524   -78.04832919   -78.03792395   -78.04832919   -77.66918821
      100     0.00570027   -78.04826020   -78.04255994   -78.04826020   -77.66903565
      101     0.00563661   -78.04819638   -78.04255977   -78.04819638   -77.66894370
      102     0.00556827   -78.04812788   -78.04255961   -78.04812788   -77.66887805
      103     0.00549786   -78.04805732   -78.04255946   -78.04805732   -77.66884064
      104     0.00542785   -78.04798717   -78.04255932   -78.04798717   -77.66883310
      105     0.00536052   -78.04791973   -78.04255921   -78.04791973   -77.66885680
      106     0.00529787   -78.04785698   -78.04255912   -78.04785698   -77.66891285
      107     0.00524156   -78.04780062   -78.04255905   -78.04780062   -77.66900207
      108     0.00519291   -78.04775193   -78.04255902   -78.04775193   -77.66912500
      109     0.00515279   -78.04771180   -78.04255901   -78.04771180   -77.66928194
      110     0.00512166   -78.04768069   -78.04255903   -78.04768069   -77.66947285
      111     0.00509953   -78.04765861   -78.04255908   -78.04765861   -77.66969744
      112     0.00508600   -78.04764516   -78.04255916   -78.04764516   -77.66995509
      113     0.00508025   -78.04763951   -78.04255926   -78.04763951   -77.67024490
      114     0.00508112   -78.04764051   -78.04255939   -78.04764051   -77.67056558
      115     0.00508710   -78.04764664   -78.04255954   -78.04764664   -77.67091556
      116     0.00509644   -78.04765615   -78.04255971   -78.04765615   -77.67129289
      117     0.00510713   -78.04766703   -78.04255991   -78.04766703   -77.67169533
      118     0.00511702   -78.04767714   -78.04256012   -78.04767714   -77.67212027
      119     0.00512386   -78.04768422   -78.04256036   -78.04768422   -77.67256486
      120     0.00570027   -78.04768596   -78.04198570   -78.04768596   -77.67302597
      121     0.00569275   -78.04767793   -78.04198519   -78.04767793   -77.67352650
      122     0.00567283   -78.04765817   -78.04198534   -78.04765817   -77.67403569
      123     0.00563831   -78.04762380   -78.04198549   -78.04762380   -77.67455042
      124     0.00558719   -78.04757282   -78.04198563   -78.04757282   -77.67506688
      125     0.00551771   -78.04750348   -78.04198577   -78.04750348   -77.67558132
      126     0.00542839   -78.04741429   -78.04198589   -78.04741429   -77.67609008
      127     0.00531810   -78.04730412   -78.04198601   -78.04730412   -77.67658968
      128     0.00518608   -78.04717221   -78.04198612   -78.04717221   -77.67707687
      129     0.00503198   -78.04701820   -78.04198622   -78.04701820   -77.67754871
      130     0.00485587   -78.04684219   -78.04198632   -78.04684219   -77.67800259
      131     0.00465830   -78.04664471   -78.04198641   -78.04664471   -77.67843626
      132     0.00444030   -78.04642680   -78.04198650   -78.04642680   -77.67884792
      133     0.00420335   -78.04618995   -78.04198660   -78.04618995   -77.67923616
      134     0.00394942   -78.04593612   -78.04198669   -78.04593612   -77.67960003
      135     0.00368092   -78.04566773   -78.04198680   -78.04566773   -77.67993900
      136     0.00340067   -78.04538530   -78.04198464   -78.04538530   -77.68025529
      137     0.00311186   -78.04509627   -78.04198441   -78.04509627   -77.68054497
      138     0.00281804   -78.04480221   -78.04198417   -78.04480221   -77.68081063
      139     0.00252301   -78.04450692   -78.04198392   -78.04450692   -77.68105320
      140     0.00570027   -78.04421438   -78.03851411   -78.04421438   -77.68127389
      141     0.00523043   -78.04374412   -78.03851368   -78.04374412   -77.68159430
      142     0.00475127   -78.04326450   -78.03851324   -78.04326450   -77.68188529
      143     0.00426989   -78.04278267   -78.03851278   -78.04278267   -77.68214984
      144     0.00379366   -78.04230598   -78.03851232   -78.04230598   -77.68239123
      145     0.00333000   -78.04184187   -78.03851187   -78.04184187   -77.68261286
      146     0.00288620   -78.04139762   -78.03851143   -78.04139762   -77.68281814
      147     0.00246925   -78.04098027   -78.03851102   -78.04098027   -77.68301033
      148     0.00208566   -78.04059632   -78.03851065   -78.04059632   -77.68319240
      149     0.00174132   -78.04025165   -78.03851033   -78.04025165   -77.68336691
      150     0.00144128   -78.03995134   -78.03851006   -78.03995134   -77.68353591
      151     0.00118971   -78.03969957   -78.03850986   -78.03969957   -77.68370075
      152     0.00098970   -78.03949944   -78.03850974   -78.03949944   -77.68386216
      153     0.00084329   -78.03935297   -78.03850968   -78.03935297   -77.68402009
      154     0.00075133   -78.03926103   -78.03850970   -78.03926103   -77.68417375
      155     0.00071358   -78.03922337   -78.03850979   -78.03922337   -77.68432158
      156     0.00072864   -78.03923858   -78.03850994   -78.03923858   -77.68446133
      157     0.00079410   -78.03930424   -78.03851015   -78.03930424   -77.68459010
      158     0.00090655   -78.03941697   -78.03851041   -78.03941697   -77.68470446
      159     0.00106179   -78.03957251   -78.03851072   -78.03957251   -77.68480051
      160     0.00570027   -78.03976596   -78.03406569   -78.03976596   -77.68487407
      161     0.00613932   -78.04020568   -78.03406636   -78.04020568   -77.68496808
      162     0.00655307   -78.04062001   -78.03406693   -78.04062001   -77.68498566
      163     0.00693202   -78.04099943   -78.03406741   -78.04099943   -77.68492049
      164     0.00726823   -78.04133600   -78.03406777   -78.04133600   -77.68476795
      165     0.00755547   -78.04162350   -78.03406803   -78.04162350   -77.68452520
      166     0.00778931   -78.04185748   -78.03406817   -78.04185748   -77.68419119
      167     0.00796707   -78.04203528   -78.03406822   -78.04203528   -77.68376660
      168     0.00808786   -78.04215601   -78.03406815   -78.04215601   -77.68325382
      169     0.00815245   -78.04222044   -78.03406798   -78.04222044   -77.68265676
      170     0.00816320   -78.04223092   -78.03406773   -78.04223092   -77.68198075
      171     0.00812387   -78.04219127   -78.03406740   -78.04219127   -77.68123232
      172     0.00803952   -78.04210652   -78.03406700   -78.04210652   -77.68041908
      173     0.00791630   -78.04198285   -78.03406655   -78.04198285   -77.67954946
      174     0.00776126   -78.04182731   -78.03406605   -78.04182731   -77.67863258
      175     0.00758215   -78.04164767   -78.03406553   -78.04164767   -77.67767799
      176     0.00738724   -78.04145223   -78.03406499   -78.04145223   -77.67669556
      177     0.00718511   -78.04124956   -78.03406444   -78.04124956   -77.67569526
      178     0.00698444   -78.04104834   -78.03406391   -78.04104834   -77.67468707
      179     0.00679379   -78.04085719   -78.03406340   -78.04085719   -77.67368081
      180     0.00570027   -78.04068433   -78.03498406   -78.04068433   -77.67268612
      181     0.00556776   -78.04055143   -78.03498366   -78.04055143   -77.67178439
      182     0.00547242   -78.04045758   -78.03498515   -78.04045758   -77.67091224
      183     0.00541982   -78.04040286   -78.03498304   -78.04040286   -77.67008295
      184     0.00541443   -78.04039728   -78.03498285   -78.04039728   -77.66929838
      185     0.00545945   -78.04044219   -78.03498274   -78.04044219   -77.66856732
      186     0.00555673   -78.04053945   -78.03498271   -78.04053945   -77.66789624
      187     0.00570671   -78.04068950   -78.03498279   -78.04068950   -77.66729109
      188     0.00590834   -78.04089130   -78.03498295   -78.04089130   -77.66675729
      189     0.00615915   -78.04114236   -78.03498321   -78.04114236   -77.66629959
      190     0.00645529   -78.04143883   -78.03498354   -78.04143883   -77.66592197
      191     0.00679172   -78.04177565   -78.03498393   -78.04177565   -77.66562740
      192     0.00716242   -78.04214679   -78.03498437   -78.04214679   -77.66541765
      193     0.00756068   -78.04254550   -78.03498482   -78.04254550   -77.66529297
      194     0.00797942   -78.04296470   -78.03498528   -78.04296470   -77.66525185
      195     0.00841149   -78.04339721   -78.03498571   -78.04339721   -77.66529083
      196     0.00884989   -78.04383601   -78.03498612   -78.04383601   -77.66540437
      197     0.00928793   -78.04427443   -78.03498651   -78.04427443   -77.66558493
      198     0.00971924   -78.04470611   -78.03498686   -78.04470611   -77.66582312
      199     0.01013776   -78.04512498   -78.03498722   -78.04512498   -77.66610815
      200     0.00570027   -78.04552512   -78.03982485   -78.04552512   -77.66642817
      201     0.00598596   -78.04581111   -78.03982515   -78.04581111   -77.66668696
      202     0.00626838   -78.04609386   -78.03982547   -78.04609386   -77.66696704
      203     0.00654228   -78.04636863   -78.03982635   -78.04636863   -77.66725931
      204     0.00680212   -78.04662869   -78.03982657   -78.04662869   -77.66755663
      205     0.00704219   -78.04686902   -78.03982683   -78.04686902   -77.66785042
      206     0.00725675   -78.04708455   -78.03982780   -78.04708455   -77.66813275
      207     0.00744023   -78.04726820   -78.03982797   -78.04726820   -77.66839864
      208     0.00758745   -78.04741560   -78.03982815   -78.04741560   -77.66864161
      209     0.00769382   -78.04752213   -78.03982831   -78.04752213   -77.66885701
      210     0.00775554   -78.04758361   -78.03982807   -78.04758361   -77.66904155
      211     0.00776976   -78.04759795   -78.03982820   -78.04759795   -77.66919191
      212     0.00773477   -78.04756302   -78.03982825   -78.04756302   -77.66930714
      213     0.00765009   -78.04747819   -78.03982810   -78.04747819   -77.66938718
      214     0.00751655   -78.04734453   -78.03982798   -78.04734453   -77.66943286
      215     0.00733633   -78.04716410   -78.03982777   -78.04716410   -77.66944653
      216     0.00711293   -78.04694041   -78.03982748   -78.04694041   -77.66943165
      217     0.00685114   -78.04667825   -78.03982711   -78.04667825   -77.66939275
      218     0.00655687   -78.04638355   -78.03982668   -78.04638355   -77.66933538
      219     0.00623707   -78.04606327   -78.03982619   -78.04606327   -77.66926592
      220     0.00570027   -78.04572518   -78.04002491   -78.04572518   -77.66919139
      221     0.00535975   -78.04538412   -78.04002438   -78.04538412   -77.66912082
      222     0.00501959   -78.04504341   -78.04002382   -78.04504341   -77.66906079
      223     0.00468833   -78.04471163   -78.04002330   -78.04471163   -77.66901864
      224     0.00437422   -78.04439703   -78.04002281   -78.04439703   -77.66900141
      225     0.00408499   -78.04410736   -78.04002237   -78.04410736   -77.66901545
      226     0.00382755   -78.04384957   -78.04002202   -78.04384957   -77.66906620
      227     0.00360779   -78.04362948   -78.04002170   -78.04362948   -77.66915809
      228     0.00343032   -78.04345181   -78.04002149   -78.04345181   -77.66929407
      229     0.00329837   -78.04331975   -78.04002138   -78.04331975   -77.66947577
      230     0.00321367   -78.04323504   -78.04002137   -78.04323504   -77.66970327
      231     0.00317639   -78.04319785   -78.04002146   -78.04319785   -77.66997508
      232     0.00318519   -78.04320682   -78.04002164   -78.04320682   -77.67028820
      233     0.00323723   -78.04325963   -78.04002240   -78.04325963   -77.67063772
      234     0.00332836   -78.04335115   -78.04002279   -78.04335115   -77.67101889
      235     0.00345329   -78.04347653   -78.04002324   -78.04347653   -77.67142443
      236     0.00360573   -78.04362949   -78.04002375   -78.04362949   -77.67184669
      237     0.00377872   -78.04380303   -78.04002431   -78.04380303   -77.67227741
      238     0.00396481   -78.04398969   -78.04002488   -78.04398969   -77.67270796
      239     0.00415637   -78.04418184   -78.04002547   -78.04418184   -77.67312969
      240     0.00570027   -78.04437188   -78.03867161   -78.04437188   -77.67353414
      241     0.00590156   -78.04457379   -78.03867223   -78.04457379   -77.67396542
      242     0.00607466   -78.04474746   -78.03867280   -78.04474746   -77.67435362
      243     0.00621313   -78.04488472   -78.03867159   -78.04488472   -77.67469351
      244     0.00631174   -78.04498357   -78.03867183   -78.04498357   -77.67497624
      245     0.00636662   -78.04503860   -78.03867198   -78.04503860   -77.67519916
      246     0.00637523   -78.04504727   -78.03867204   -78.04504727   -77.67535965
      247     0.00633643   -78.04500844   -78.03867201   -78.04500844   -77.67545658
      248     0.00625043   -78.04492228   -78.03867186   -78.04492228   -77.67549036
      249     0.00611873   -78.04479038   -78.03867165   -78.04479038   -77.67546267
      250     0.00594402   -78.04461543   -78.03867140   -78.04461543   -77.67537660
      251     0.00573011   -78.04440120   -78.03867109   -78.04440120   -77.67523639
      252     0.00548172   -78.04415245   -78.03867073   -78.04415245   -77.67504730
      253     0.00520437   -78.04387470   -78.03867033   -78.04387470   -77.67481547
      254     0.00490425   -78.04357415   -78.03866990   -78.04357415   -77.67454770
      255     0.00458801   -78.04325747   -78.03866946   -78.04325747   -77.67425135
      256     0.00426264   -78.04293164   -78.03866900   -78.04293164   -77.67393410
      257     0.00393531   -78.04260385   -78.03866854   -78.04260385   -77.67360383
      258     0.00361320   -78.04228129   -78.03866809   -78.04228129   -77.67326843
      259     0.00330341   -78.04197108   -78.03866767   -78.04197108   -77.67293564
      260     0.00570027   -78.04168003   -78.03597976   -78.04168003   -77.67261298
      261     0.00532237   -78.04130159   -78.03597922   -78.04130159   -77.67218268
      262     0.00496147   -78.04094018   -78.03597871   -78.04094018   -77.67176518
      263     0.00462571   -78.04060393   -78.03597823   -78.04060393   -77.67136945
      264     0.00432276   -78.04030054   -78.03597778   -78.04030054   -77.67100377
      265     0.00405971   -78.04003709   -78.03597738   -78.04003709   -77.67067560
      266     0.00384296   -78.03982000   -78.03597704   -78.03982000   -77.67039146
      267     0.00367813   -78.03965488   -78.03597675   -78.03965488   -77.67015690
      268     0.00356993   -78.03954645   -78.03597652   -78.03954645   -77.66997637
      269     0.00352212   -78.03949847   -78.03597635   -78.03949847   -77.66985320
      270     0.00353735   -78.03951361   -78.03597626   -78.03951361   -77.66978960
      271     0.00361714   -78.03959338   -78.03597624   -78.03959338   -77.66978665
      272     0.00376181   -78.03973811   -78.03597631   -78.03973811   -77.66984434
      273     0.00397041   -78.03994686   -78.03597645   -78.03994686   -77.66996155
      274     0.00424077   -78.04021744   -78.03597666   -78.04021744   -77.67013609
      275     0.00456948   -78.04054642   -78.03597694   -78.04054642   -77.67036477
      276     0.00495193   -78.04092922   -78.03597730   -78.04092922   -77.67064335
      277     0.00538241   -78.04136013   -78.03597772   -78.04136013   -77.67096669
      278     0.00585418   -78.04183238   -78.03597820   -78.04183238   -77.67132876
      279     0.00635960   -78.04233833   -78.03597873   -78.04233833   -77.67172274
      280     0.00570027   -78.04286953   -78.03716926   -78.04286953   -77.67214110
      281     0.00620112   -78.04337093   -78.03716981   -78.04337093   -77.67253931
      282     0.00671499   -78.04388537   -78.03717038   -78.04388537   -77.67295031
      283     0.00723272   -78.04440369   -78.03717098   -78.04440369   -77.67336595
      284     0.00774490   -78.04491648   -78.03717158   -78.04491648   -77.67377787
      285     0.00824211   -78.04541427   -78.03717217   -78.04541427   -77.67417763
      286     0.00871501   -78.04588775   -78.03717274   -78.04588775   -77.67455693
      287     0.00915463   -78.04632791   -78.03717329   -78.04632791   -77.67490777
      288     0.00955252   -78.04672630   -78.03717378   -78.04672630   -77.67522265
      289     0.00990099   -78.04707521   -78.03717422   -78.04707521   -77.67549476
      290     0.01019328   -78.04736787   -78.03717459   -78.04736787   -77.67571822
      291     0.01042376   -78.04759867   -78.03717491   -78.04759867   -77.67588817
      292     0.01058813   -78.04776324   -78.03717510   -78.04776324   -77.67600108
      293     0.01068356   -78.04785876   -78.03717519   -78.04785876   -77.67605478
      294     0.01070881   -78.04788399   -78.03717518   -78.04788399   -77.67604862
      295     0.01066433   -78.04783940   -78.03717507   -78.04783940   -77.67598357
      296     0.01055230   -78.04772716   -78.03717485   -78.04772716   -77.67586226
      297     0.01037666   -78.04755117   -78.03717451   -78.04755117   -77.67568900
      298     0.01014302   -78.04731709   -78.03717407   -78.04731709   -77.67546963
      299     0.00985856   -78.04703210   -78.03717354   -78.04703210   -77.67521149
      300     0.00570027   -78.04670487   -78.04100460   -78.04670487   -77.67492309
      301     0.00543091   -78.04643499   -78.04100408   -78.04643499   -77.67468921
      302     0.00516132   -78.04616489   -78.04100357   -78.04616489   -77.67445711
      303     0.00489957   -78.04590264   -78.04100307   -78.04590264   -77.67423460
      304     0.00465342   -78.04565603   -78.04100261   -78.04565603   -77.67402909
      305     0.00443008   -78.04543216   -78.04100208   -78.04543216   -77.67384755
      306     0.00423597   -78.04523770   -78.04100174   -78.04523770   -77.67369567
      307     0.00407646   -78.04507794   -78.04100148   -78.04507794   -77.67357843
      308     0.00395574   -78.04495705   -78.04100131   -78.04495705   -77.67349943
      309     0.00387662   -78.04487786   -78.04100124   -78.04487786   -77.67346083
      310     0.00384048   -78.04484174   -78.04100126   -78.04484174   -77.67346332
      311     0.00384718   -78.04484858   -78.04100139   -78.04484858   -77.67350605
      312     0.00389516   -78.04489678   -78.04100162   -78.04489678   -77.67358669
      313     0.00398143   -78.04498336   -78.04100193   -78.04498336   -77.67370149
      314     0.00410174   -78.04510406   -78.04100233   -78.04510406   -77.67384542
      315     0.00425073   -78.04525352   -78.04100279   -78.04525352   -77.67401240
      316     0.00442216   -78.04542547   -78.04100331   -78.04542547   -77.67419547
      317     0.00460911   -78.04561297   -78.04100386   -78.04561297   -77.67438705
      318     0.00480422   -78.04580866   -78.04100444   -78.04580866   -77.67457919
      319     0.00499998   -78.04600501   -78.04100502   -78.04600501   -77.67476388
      320     0.00570027   -78.04619455   -78.04049428   -78.04619455   -77.67493326
      321     0.00588219   -78.04637705   -78.04049486   -78.04637705   -77.67508596
      322     0.00603956   -78.04653399   -78.04049443   -78.04653399   -77.67520674
      323     0.00616631   -78.04666107   -78.04049476   -78.04666107   -77.67528767
      324     0.00625731   -78.04675234   -78.04049502   -78.04675234   -77.67532452
      325     0.00630853   -78.04680375   -78.04049522   -78.04680375   -77.67531343
      326     0.00631703   -78.04681236   -78.04049533   -78.04681236   -77.67525181
      327     0.00628106   -78.04677644   -78.04049538   -78.04677644   -77.67513841
      328     0.00620002   -78.04669537   -78.04049535   -78.04669537   -77.67497326
      329     0.00607445   -78.04656971   -78.04049526   -78.04656971   -77.67475768
      330     0.00590597   -78.04640108   -78.04049510   -78.04640108   -77.67449417
      331     0.00569718   -78.04619207   -78.04049489   -78.04619207   -77.67418637
      332     0.00545158   -78.04594621   -78.04049463   -78.04594621   -77.67383888
      333     0.00517342   -78.04566775   -78.04049433   -78.04566775   -77.67345719
      334     0.00486766   -78.04536165   -78.04049399   -78.04536165   -77.67304749
      335     0.00453975   -78.04503338   -78.04049364   -78.04503338   -77.67261655
      336     0.00419557   -78.04468882   -78.04049326   -78.04468882   -77.67217153
      337     0.00384128   -78.04433377   -78.04049249   -78.04433377   -77.67172022
      338     0.00348323   -78.04397532   -78.04049209   -78.04397532   -77.67126933
      339     0.00312781   -78.04361950   -78.04049169   -78.04361950   -77.67082664
      340     0.00570027   -78.04327265   -78.03757238   -78.04327265   -77.67039930
      341     0.00521153   -78.04278338   -78.03757185   -78.04278338   -77.66980704
      342     0.00472427   -78.04229559   -78.03757132   -78.04229559   -77.66923177
      343     0.00424708   -78.04181788   -78.03757080   -78.04181788   -77.66868284
      344     0.00378846   -78.04135875   -78.03757029   -78.04135875   -77.66816890
      345     0.00335666   -78.04092647   -78.03756981   -78.04092647   -77.66769768
      346     0.00295960   -78.04052896   -78.03756936   -78.04052896   -77.66727592
      347     0.00260477   -78.04017371   -78.03756894   -78.04017371   -77.66690919
      348     0.00229910   -78.03986766   -78.03756856   -78.03986766   -77.66660189
      349     0.00204885   -78.03961708   -78.03756823   -78.03961708   -77.66635715
      350     0.00185951   -78.03942746   -78.03756795   -78.03942746   -77.66617686
      351     0.00173560   -78.03930335   -78.03756775   -78.03930335   -77.66606170
      352     0.00168054   -78.03924816   -78.03756762   -78.03924816   -77.66601122
      353     0.00169641   -78.03926398   -78.03756757   -78.03926398   -77.66602401
      354     0.00178377   -78.03935142   -78.03756765   -78.03935142   -77.66609781
      355     0.00194151   -78.03950934   -78.03756783   -78.03950934   -77.66622969
      356     0.00216671   -78.03973484   -78.03756812   -78.03973484   -77.66641620
      357     0.00245468   -78.04002320   -78.03756853   -78.04002320   -77.66665338
      358     0.00279900   -78.04036804   -78.03756904   -78.04036804   -77.66693681
      359     0.00319179   -78.04076140   -78.03756961   -78.04076140   -77.66726157
      360     0.00570027   -78.04119413   -78.03549386   -78.04119413   -77.66762215
      361     0.00626704   -78.04176173   -78.03549468   -78.04176173   -77.66810277
      362     0.00683371   -78.04232920   -78.03549549   -78.04232920   -77.66859407
      363     0.00738725   -78.04288353   -78.03549628   -78.04288353   -77.66908622
      364     0.00791507   -78.04341209   -78.03549703   -78.04341209   -77.66956887
      365     0.00840519   -78.04390291   -78.03549772   -78.04390291   -77.67003137
      366     0.00884656   -78.04434491   -78.03549835   -78.04434491   -77.67046305
      367     0.00922921   -78.04472811   -78.03549890   -78.04472811   -77.67085360
      368     0.00954445   -78.04504386   -78.03549941   -78.04504386   -77.67119332
      369     0.00978509   -78.04528488   -78.03549978   -78.04528488   -77.67147368
      370     0.00994563   -78.04544565   -78.03550002   -78.04544565   -77.67168743
      371     0.01002242   -78.04552256   -78.03550014   -78.04552256   -77.67182897
      372     0.01001382   -78.04551394   -78.03550012   -78.04551394   -77.67189468
      373     0.00992032   -78.04542045   -78.03550013   -78.04542045   -77.67188294
      374     0.00974465   -78.04524450   -78.03549984   -78.04524450   -77.67179492
      375     0.00949184   -78.04499126   -78.03549942   -78.04499126   -77.67163372
      376     0.00916913   -78.04466799   -78.03549886   -78.04466799   -77.67140502
      377     0.00878588   -78.04428407   -78.03549819   -78.04428407   -77.67111683
      378     0.00835345   -78.04385084   -78.03549740   -78.04385084   -77.67077936
      379     0.00788486   -78.04338138   -78.03549652   -78.04338138   -77.67040469
      380     0.00570027   -78.04289009   -78.03718982   -78.04289009   -77.67000648
      381     0.00527074   -78.04245972   -78.03718897   -78.04245972   -77.66965417
      382     0.00486261   -78.04205075   -78.03718814   -78.04205075   -77.66931760
      383     0.00448921   -78.04167658   -78.03718737   -78.04167658   -77.66900995
      384     0.00416297   -78.04135049   -78.03718752   -78.04135049   -77.66874276
      385     0.00389496   -78.04108184   -78.03718689   -78.04108184   -77.66852887
      386     0.00369444   -78.04088085   -78.03718640   -78.04088085   -77.66837676
      387     0.00356858   -78.04075466   -78.03718608   -78.04075466   -77.66829377
      388     0.00352212   -78.04070804   -78.03718592   -78.04070804   -77.66828485
      389     0.00355721   -78.04074316   -78.03718595   -78.04074316   -77.66835236
      390     0.00367338   -78.04085953   -78.03718615   -78.04085953   -77.66849601
      391     0.00386749   -78.04105402   -78.03718653   -78.04105402   -77.66871284
      392     0.00413396   -78.04132101   -78.03718705   -78.04132101   -77.66899737
      393     0.00446494   -78.04165264   -78.03718770   -78.04165264   -77.66934177
      394     0.00485062   -78.04203830   -78.03718768   -78.04203830   -77.66973700
      395     0.00527968   -78.04246814   -78.03718846   -78.04246814   -77.67017007
      396     0.00573966   -78.04292893   -78.03718927   -78.04292893   -77.67062905
      397     0.00621746   -78.04340757   -78.03719010   -78.04340757   -77.67110048
      398     0.00669979   -78.04389071   -78.03719092   -78.04389071   -77.67157063
      399     0.00717361   -78.04436530   -78.03719169   -78.04436530   -77.67202594
      400     0.00570027   -78.04481899   -78.03911872   -78.04481899   -77.67245346
      401     0.00607034   -78.04518963   -78.03911928   -78.04518963   -77.67279268
      402     0.00641632   -78.04553610   -78.03911978   -78.04553610   -77.67309599
      403     0.00673038   -78.04585060   -78.03912022   -78.04585060   -77.67335490
      404     0.00700595   -78.04612652   -78.03912057   -78.04612652   -77.67356221
      405     0.00723786   -78.04635870   -78.03912084   -78.04635870   -77.67371218
      406     0.00742238   -78.04654341   -78.03912103   -78.04654341   -77.67380071
      407     0.00755726   -78.04667840   -78.03912113   -78.04667840   -77.67382536
      408     0.00764170   -78.04676285   -78.03912116   -78.04676285   -77.67378540
      409     0.00767622   -78.04679732   -78.03912111   -78.04679732   -77.67368182
      410     0.00766258   -78.04678358   -78.03912100   -78.04678358   -77.67351728
      411     0.00760359   -78.04672348   -78.03911989   -78.04672348   -77.67329698
      412     0.00750294   -78.04662255   -78.03911961   -78.04662255   -77.67302486
      413     0.00736504   -78.04648435   -78.03911930   -78.04648435   -77.67270892
      414     0.00719477   -78.04631375   -78.03911898   -78.04631375   -77.67235750
      415     0.00699729   -78.04611594   -78.03911865   -78.04611594   -77.67198002
      416     0.00677793   -78.04589622   -78.03911830   -78.04589622   -77.67158677
      417     0.00654202   -78.04566000   -78.03911798   -78.04566000   -77.67118855
      418     0.00629485   -78.04541251   -78.03911767   -78.04541251   -77.67079655
      419     0.00604158   -78.04515895   -78.03911737   -78.04515895   -77.67042198
      420     0.00570027   -78.04490436   -78.03920409   -78.04490436   -77.67007569
      421     0.00545213   -78.04465592   -78.03920379   -78.04465592   -77.66977038
      422     0.00521339   -78.04441689   -78.03920350   -78.04441689   -77.66951275
      423     0.00498886   -78.04419207   -78.03920321   -78.04419207   -77.66931074
      424     0.00478321   -78.04398614   -78.03920293   -78.04398614   -77.66917092
      425     0.00460095   -78.04380361   -78.03920266   -78.04380361   -77.66909828
      426     0.00444625   -78.04364867   -78.03920242   -78.04364867   -77.66909625
      427     0.00432283   -78.04352505   -78.03920222   -78.04352505   -77.66916675
      428     0.00423379   -78.04343585   -78.03920206   -78.04343585   -77.66931021
      429     0.00418145   -78.04338340   -78.03920195   -78.04338340   -77.66952576
      430     0.00416727   -78.04336917   -78.03920190   -78.04336917   -77.66981125
      431     0.00419181   -78.04339372   -78.03920191   -78.04339372   -77.67016343
      432     0.00425466   -78.04345664   -78.03920198   -78.04345664   -77.67057796
      433     0.00435455   -78.04355664   -78.03920210   -78.04355664   -77.67104956
      434     0.00448927   -78.04369155   -78.03920227   -78.04369155   -77.67157202
      435     0.00465584   -78.04385833   -78.03920249   -78.04385833   -77.67213836
      436     0.00485046   -78.04405322   -78.03920276   -78.04405322   -77.67274089
      437     0.00506862   -78.04427170   -78.03920307   -78.04427170   -77.67337131
      438     0.00530516   -78.04450856   -78.03920341   -78.04450856   -77.67402092
      439     0.00555432   -78.04475812   -78.03920379   -78.04475812   -77.67468057
      440     0.00570027   -78.04501409   -78.03931382   -78.04501409   -77.67534100
      441     0.00595355   -78.04526781   -78.03931426   -78.04526781   -77.67598684
      442     0.00620056   -78.04551525   -78.03931469   -78.04551525   -77.67661536
      443     0.00643442   -78.04574954   -78.03931513   -78.04574954   -77.67721752
      444     0.00664835   -78.04596390   -78.03931554   -78.04596390   -77.67778464
      445     0.00683583   -78.04615280   -78.03931696   -78.04615280   -77.67830749
      446     0.00699077   -78.04630802   -78.03931725   -78.04630802   -77.67878064
      447     0.00710770   -78.04642520   -78.03931750   -78.04642520   -77.67919621
      448     0.00718197   -78.04649967   -78.03931770   -78.04649967   -77.67954838
      449     0.00720990   -78.04652772   -78.03931782   -78.04652772   -77.67983245
      450     0.00718893   -78.04650680   -78.03931788   -78.04650680   -77.68004497
      451     0.00711778   -78.04643563   -78.03931784   -78.04643563   -77.68018383
      452     0.00699657   -78.04631429   -78.03931772   -78.04631429   -77.68024839
      453     0.00682685   -78.04614435   -78.03931751   -78.04614435   -77.68023957
      454     0.00661168   -78.04592887   -78.03931719   -78.04592887   -77.68015982
      455     0.00635558   -78.04567178   -78.03931620   -78.04567178   -77.68001379
      456     0.00606451   -78.04538026   -78.03931575   -78.04538026   -77.67980578
      457     0.00574574   -78.04506097   -78.03931523   -78.04506097   -77.67954335
      458     0.00540767   -78.04472232   -78.03931466   -78.04472232   -77.67923471
      459     0.00505964   -78.04437367   -78.03931403   -78.04437367   -77.67888907
      460     0.00570027   -78.04402504   -78.03832477   -78.04402504   -77.67851645
      461     0.00532478   -78.04364883   -78.03832405   -78.04364883   -77.67808605
      462     0.00496390   -78.04328724   -78.03832334   -78.04328724   -77.67764449
      463     0.00462905   -78.04295170   -78.03832266   -78.04295170   -77.67720361
      464     0.00433109   -78.04265313   -78.03832204   -78.04265313   -77.67677488
      465     0.00408001   -78.04240151   -78.03832150   -78.04240151   -77.67636910
      466     0.00388452   -78.04220557   -78.03832105   -78.04220557   -77.67599591
      467     0.00375167   -78.04207240   -78.03832073   -78.04207240   -77.67566351
      468     0.00368663   -78.04200718   -78.03832054   -78.04200718   -77.67537839
      469     0.00369241   -78.04201292   -78.03832050   -78.04201292   -77.67514508
      470     0.00376975   -78.04209036   -78.03832061   -78.04209036   -77.67496603
      471     0.00391703   -78.04223790   -78.03832086   -78.04223790   -77.67484157
      472     0.00413036   -78.04245162   -78.03832125   -78.04245162   -77.67476992
      473     0.00440363   -78.04272541   -78.03832177   -78.04272541   -77.67474733
      474     0.00472875   -78.04305116   -78.03832240   -78.04305116   -77.67476828
      475     0.00509591   -78.04341903   -78.03832312   -78.04341903   -77.67482579
      476     0.00549390   -78.04381780   -78.03832390   -78.04381780   -77.67491169
      477     0.00591048   -78.04423520   -78.03832472   -78.04423520   -77.67501705
      478     0.00633278   -78.04465833   -78.03832555   -78.04465833   -77.67513254
      479     0.00674768   -78.04507406   -78.03832638   -78.04507406   -77.67524884
      480     0.00570027   -78.04546939   -78.03976912   -78.04546939   -77.67535700
      481     0.00602806   -78.04579784   -78.03976978   -78.04579784   -77.67544133
      482     0.00632542   -78.04609580   -78.03977038   -78.04609580   -77.67550891
      483     0.00658280   -78.04635371   -78.03977092   -78.04635371   -77.67555372
      484     0.00679176   -78.04656314   -78.03977138   -78.04656314   -77.67557085
      485     0.00694518   -78.04671692   -78.03977174   -78.04671692   -77.67555656
      486     0.00703737   -78.04680938   -78.03977200   -78.04680938   -77.67550838
      487     0.00706430   -78.04683646   -78.03977216   -78.04683646   -77.67542514
      488     0.00702363   -78.04679583   -78.03977220   -78.04679583   -77.67530690
      489     0.00691480   -78.04668693   -78.03977213   -78.04668693   -77.67515484
      490     0.00673908   -78.04651104   -78.03977195   -78.04651104   -77.67497117
      491     0.00649954   -78.04627121   -78.03977167   -78.04627121   -77.67475889
      492     0.00620099   -78.04597240   -78.03977141   -78.04597240   -77.67452156
      493     0.00584996   -78.04562098   -78.03977102   -78.04562098   -77.67426339
      494     0.00545456   -78.04522518   -78.03977062   -78.04522518   -77.67398855
      495     0.00502432   -78.04479460   -78.03977029   -78.04479460   -77.67370130
      496     0.00456993   -78.04433875   -78.03976882   -78.04433875   -77.67340706
      497     0.00410313   -78.04387115   -78.03976802   -78.04387115   -77.67310801
      498     0.00363646   -78.04340368   -78.03976722   -78.04340368   -77.67280829
      499     0.00318288   -78.04294929   -78.03976641   -78.04294929   -77.67251106
      500     0.00570027   -78.04252106   -78.03682079   -78.04252106   -77.67221897
      501     0.00511837   -78.04193808   -78.03681971   -78.04193808   -77.67180387
      502     0.00456413   -78.04138275   -78.03681863   -78.04138275   -77.67139162
      503     0.00405504   -78.04087263   -78.03681759   -78.04087263   -77.67098550
      504     0.00360786   -78.04042450   -78.03681664   -78.04042450   -77.67058835
      505     0.00323772   -78.04005355   -78.03681582   -78.04005355   -77.67020307
      506     0.00295722   -78.03977248   -78.03681526   -78.03977248   -77.66983312
      507     0.00277548   -78.03959043   -78.03681495   -78.03959043   -77.66948327
      508     0.00269745   -78.03951238   -78.03681493   -78.03951238   -77.66915994
      509     0.00272355   -78.03953875   -78.03681520   -78.03953875   -77.66887145
      510     0.00284977   -78.03966548   -78.03681571   -78.03966548   -77.66862771
      511     0.00306828   -78.03988468   -78.03681641   -78.03988468   -77.66843964
      512     0.00336817   -78.04018540   -78.03681723   -78.04018540   -77.66831829
      513     0.00373644   -78.04055455   -78.03681812   -78.04055455   -77.66827397
      514     0.00415883   -78.04097787   -78.03681904   -78.04097787   -77.66831534
      515     0.00462071   -78.04144062   -78.03681991   -78.04144062   -77.66844875
      516     0.00510775   -78.04192846   -78.03682070   -78.04192846   -77.66867753
      517     0.00560654   -78.04242795   -78.03682141   -78.04242795   -77.66900161
      518     0.00610502   -78.04292701   -78.03682199   -78.04292701   -77.66941731
      519     0.00659276   -78.04341522   -78.03682246   -78.04341522   -77.66991736
      520     0.00570027   -78.04388375   -78.03818349   -78.04388375   -77.67049127
      521     0.00610161   -78.04428544   -78.03818382   -78.04428544   -77.67106280
      522     0.00648255   -78.04466668   -78.03818413   -78.04466668   -77.67167862
      523     0.00683733   -78.04502174   -78.03818441   -78.04502174   -77.67232512
      524     0.00716058   -78.04534527   -78.03818469   -78.04534527   -77.67298807
      525     0.00744725   -78.04563221   -78.03818495   -78.04563221   -77.67365327
      526     0.00769251   -78.04587772   -78.03818522   -78.04587772   -77.67430691
      527     0.00789178   -78.04607725   -78.03818547   -78.04607725   -77.67493604
      528     0.00804087   -78.04622655   -78.03818568   -78.04622655   -77.67552882
      529     0.00813607   -78.04632194   -78.03818587   -78.04632194   -77.67607474
      530     0.00817439   -78.04636040   -78.03818601   -78.04636040   -77.67656488
      531     0.00815374   -78.04633983   -78.03818610   -78.04633983   -77.67699202
      532     0.00807313   -78.04625923   -78.03818609   -78.04625923   -77.67735075
      533     0.00793289   -78.04611889   -78.03818600   -78.04611889   -77.67763757
      534     0.00773474   -78.04592056   -78.03818582   -78.04592056   -77.67785090
      535     0.00748197   -78.04566751   -78.03818554   -78.04566751   -77.67799118
      536     0.00717946   -78.04536461   -78.03818515   -78.04536461   -77.67806074
      537     0.00683365   -78.04501832   -78.03818467   -78.04501832   -77.67806381
      538     0.00645250   -78.04463753   -78.03818503   -78.04463753   -77.67800543
      539     0.00604535   -78.04422979   -78.03818444   -78.04422979   -77.67789493
      540     0.00570027   -78.04380647   -78.03810621   -78.04380647   -77.67774027
      541     0.00527022   -78.04337574   -78.03810552   -78.04337574   -77.67754990
      542     0.00484744   -78.04295224   -78.03810481   -78.04295224   -77.67733538
      543     0.00444418   -78.04254828   -78.03810410   -78.04254828   -77.67710775
      544     0.00407255   -78.04217597   -78.03810342   -78.04217597   -77.67687803
      545     0.00374405   -78.04184684   -78.03810279   -78.04184684   -77.67665676
      546     0.00346921   -78.04157145   -78.03810224   -78.04157145   -77.67645363
      547     0.00325717   -78.04135895   -78.03810178   -78.04135895   -77.67627712
      548     0.00311536   -78.04121680   -78.03810144   -78.04121680   -77.67613413
      549     0.00304921   -78.04115044   -78.03810123   -78.04115044   -77.67602972
      550     0.00306195   -78.04116310   -78.03810115   -78.04116310   -77.67596693
      551     0.00315447   -78.04125568   -78.03810121   -78.04125568   -77.67594664
      552     0.00332531   -78.04142672   -78.03810141   -78.04142672   -77.67596756
      553     0.00357069   -78.04167242   -78.03810173   -78.04167242   -77.67602632
      554     0.00388469   -78.04198685   -78.03810217   -78.04198685   -77.67611758
      555     0.00425945   -78.04236215   -78.03810270   -78.04236215   -77.67623433
      556     0.00468550   -78.04278880   -78.03810330   -78.04278880   -77.67636813
      557     0.00515203   -78.04325599   -78.03810396   -78.04325599   -77.67650951
      558     0.00564735   -78.04375199   -78.03810464   -78.04375199   -77.67664831
      559     0.00615923   -78.04426454   -78.03810532   -78.04426454   -77.67677418
      560     0.00570027   -78.04478128   -78.03908101   -78.04478128   -77.67687680
      561     0.00617301   -78.04525462   -78.03908161   -78.04525462   -77.67694299
      562     0.00663403   -78.04571620   -78.03908217   -78.04571620   -77.67697402
      563     0.00707308   -78.04615576   -78.03908269   -78.04615576   -77.67696246
      564     0.00748078   -78.04656392   -78.03908314   -78.04656392   -77.67690206
      565     0.00784878   -78.04693230   -78.03908352   -78.04693230   -77.67678798
      566     0.00816992   -78.04725376   -78.03908384   -78.04725376   -77.67661695
      567     0.00843830   -78.04752238   -78.03908408   -78.04752238   -77.67638736
      568     0.00864930   -78.04773355   -78.03908425   -78.04773355   -77.67609938
      569     0.00879965   -78.04788399   -78.03908434   -78.04788399   -77.67575494
      570     0.00888728   -78.04797241   -78.03908513   -78.04797241   -77.67535691
      571     0.00891137   -78.04799628   -78.03908491   -78.04799628   -77.67491231
      572     0.00887223   -78.04795689   -78.03908467   -78.04795689   -77.67442698
      573     0.00877117   -78.04785558   -78.03908442   -78.04785558   -77.67390914
      574     0.00861049   -78.04769464   -78.03908415   -78.04769464   -77.67336816
      575     0.00839339   -78.04747726   -78.03908388   -78.04747726   -77.67281435
      576     0.00812393   -78.04720750   -78.03908357   -78.04720750   -77.67225863
      577     0.00780703   -78.04689032   -78.03908330   -78.04689032   -77.67171217
      578     0.00744846   -78.04653144   -78.03908297   -78.04653144   -77.67118618
      579     0.00705488   -78.04613755   -78.03908266   -78.04613755   -77.67069133
      580     0.00570027   -78.04571620   -78.04001593   -78.04571620   -77.67023756
      581     0.00529540   -78.04531111   -78.04001571   -78.04531111   -77.66986413
      582     0.00488755   -78.04490190   -78.04001434   -78.04490190   -77.66954689
      583     0.00448566   -78.04449954   -78.04001388   -78.04449954   -77.66928916
      584     0.00409884   -78.04411231   -78.04001347   -78.04411231   -77.66909567
      585     0.00373613   -78.04374927   -78.04001314   -78.04374927   -77.66896888
      586     0.00340615   -78.04341798   -78.04001183   -78.04341798   -77.66891101
      587     0.00311689   -78.04312827   -78.04001138   -78.04312827   -77.66892007
      588     0.00287542   -78.04288640   -78.04001098   -78.04288640   -77.66899560
      589     0.00268760   -78.04269829   -78.04001069   -78.04269829   -77.66913523
      590     0.00255795   -78.04256844   -78.04001050   -78.04256844   -77.66933578
      591     0.00248946   -78.04249986   -78.04001040   -78.04249986   -77.66959324
      592     0.00248357   -78.04249398   -78.04001041   -78.04249398   -77.66990288
      593     0.00254009   -78.04255061   -78.04001052   -78.04255061   -77.67025936
      594     0.00265722   -78.04266794   -78.04001072   -78.04266794   -77.67065674
      595     0.00283158   -78.04284261   -78.04001103   -78.04284261   -77.67108862
      596     0.00305833   -78.04306974   -78.04001142   -78.04306974   -77.67154815
      597     0.00333123   -78.04334311   -78.04001188   -78.04334311   -77.67202812
      598     0.00364285   -78.04365526   -78.04001241   -78.04365526   -77.67252098
      599     0.00398475   -78.04399775   -78.04001300   -78.04399775   -77.67301895
      600     0.00570027   -78.04436128   -78.03866101   -78.04436128   -77.67351407
      601     0.00612240   -78.04478413   -78.03866173   -78.04478413   -77.67406502
      602     0.00653339   -78.04519584   -78.03866245   -78.04519584   -77.67458711
      603     0.00692183   -78.04558497   -78.03866314   -78.04558497   -77.67507119
      604     0.00727678   -78.04594058   -78.03866379   -78.04594058   -77.67550852
      605     0.00758805   -78.04625243   -78.03866438   -78.04625243   -77.67589100
      606     0.00784646   -78.04651135   -78.03866489   -78.04651135   -77.67621137
      607     0.00804414   -78.04670944   -78.03866531   -78.04670944   -77.67646344
      608     0.00817474   -78.04684036   -78.03866561   -78.04684036   -77.67664230
      609     0.00823371   -78.04689952   -78.03866581   -78.04689952   -77.67674453
      610     0.00821840   -78.04688426   -78.03866586   -78.04688426   -77.67676841
      611     0.00812827   -78.04679405   -78.03866578   -78.04679405   -77.67671404
      612     0.00796497   -78.04663052   -78.03866556   -78.04663052   -77.67658343
      613     0.00773232   -78.04639752   -78.03866520   -78.04639752   -77.67638062
      614     0.00743635   -78.04610106   -78.03866471   -78.04610106   -77.67611163
      615     0.00708510   -78.04574993   -78.03866483   -78.04574993   -77.67578366
      616     0.00668852   -78.04535248   -78.03866396   -78.04535248   -77.67540800
      617     0.00625817   -78.04492119   -78.03866302   -78.04492119   -77.67499495
      618     0.00580689   -78.04446893   -78.03866205   -78.04446893   -77.67455693
      619     0.00534838   -78.04400943   -78.03866105   -78.04400943   -77.67410725
      620     0.00570027   -78.04355687   -78.03785660   -78.04355687   -77.67365964
      621     0.00523154   -78.04308714   -78.03785561   -78.04308714   -77.67319120
      622     0.00479186   -78.04264652   -78.03785466   -78.04264652   -77.67274910
      623     0.00439508   -78.04224891   -78.03785383   -78.04224891   -77.67234683
      624     0.00405366   -78.04190691   -78.03785325   -78.04190691   -77.67199648
      625     0.00377817   -78.04163089   -78.03785273   -78.04163089   -77.67170871
      626     0.00357695   -78.04142932   -78.03785237   -78.04142932   -77.67149168
      627     0.00345572   -78.04130791   -78.03785219   -78.04130791   -77.67135116
      628     0.00341740   -78.04126959   -78.03785219   -78.04126959   -77.67129024
      629     0.00346196   -78.04131435   -78.03785238   -78.04131435   -77.67130921
      630     0.00358652   -78.04143927   -78.03785275   -78.04143927   -77.67140559
      631     0.00378540   -78.04163867   -78.03785327   -78.04163867   -77.67157425
      632     0.00405039   -78.04190433   -78.03785394   -78.04190433   -77.67180763
      633     0.00437112   -78.04222584   -78.03785471   -78.04222584   -77.67209610
      634     0.00473542   -78.04259099   -78.03785557   -78.04259099   -77.67242834
      635     0.00512982   -78.04298630   -78.03785648   -78.04298630   -77.67279174
      636     0.00554007   -78.04339748   -78.03785741   -78.04339748   -77.67317297
      637     0.00595162   -78.04380994   -78.03785832   -78.04380994   -77.67355838
      638     0.00635018   -78.04420932   -78.03785914   -78.04420932   -77.67393458
      639     0.00672216   -78.04458208   -78.03785992   -78.04458208   -77.67428862
      640     0.00570027   -78.04491574   -78.03921547   -78.04491574   -77.67460865
      641     0.00595999   -78.04517595   -78.03921596   -78.04517595   -77.67485878
      642     0.00617716   -78.04539354   -78.03921637   -78.04539354   -77.67506525
      643     0.00634525   -78.04556192   -78.03921666   -78.04556192   -77.67522065
      644     0.00645955   -78.04567639   -78.03921684   -78.04567639   -77.67531891
      645     0.00651735   -78.04573422   -78.03921688   -78.04573422   -77.67535549
      646     0.00651797   -78.04573477   -78.03921679   -78.04573477   -77.67532727
      647     0.00646285   -78.04567943   -78.03921658   -78.04567943   -77.67523259
      648     0.00635544   -78.04557168   -78.03921624   -78.04557168   -77.67507112
      649     0.00620111   -78.04541690   -78.03921579   -78.04541690   -77.67484373
      650     0.00600705   -78.04522230   -78.03921525   -78.04522230   -77.67455240
      651     0.00578201   -78.04499663   -78.03921462   -78.04499663   -77.67420007
      652     0.00553601   -78.04474995   -78.03921393   -78.04474995   -77.67379056
      653     0.00528001   -78.04449322   -78.03921321   -78.04449322   -77.67332851
      654     0.00502538   -78.04423788   -78.03921250   -78.04423788   -77.67281946
      655     0.00478334   -78.04399518   -78.03921184   -78.04399518   -77.67226995
      656     0.00456428   -78.04377555   -78.03921127   -78.04377555   -77.67168779
      657     0.00437702   -78.04358788   -78.03921086   -78.04358788   -77.67108235
      658     0.00422808   -78.04343871   -78.03921063   -78.04343871   -77.67046494
      659     0.00412111   -78.04333172   -78.03921062   -78.04333172   -77.66984896
      660     0.00570027   -78.04326738   -78.03756711   -78.04326738   -77.66924991
      661     0.00566123   -78.04322882   -78.03756759   -78.04322882   -77.66857850
      662     0.00564360   -78.04321182   -78.03756822   -78.04321182   -77.66796620
      663     0.00563905   -78.04320788   -78.03756883   -78.04320788   -77.66743557
      664     0.00563894   -78.04320846   -78.03756952   -78.04320846   -77.66700732
      665     0.00563572   -78.04320565   -78.03756993   -78.04320565   -77.66669937
      666     0.00562428   -78.04319408   -78.03756980   -78.04319408   -77.66652484
      667     0.00560277   -78.04317235   -78.03756958   -78.04317235   -77.66649045
      668     0.00557303   -78.04314221   -78.03756918   -78.04314221   -77.66659732
      669     0.00554028   -78.04310894   -78.03756866   -78.04310894   -77.66684055
      670     0.00551234   -78.04308053   -78.03756819   -78.04308053   -77.66721012
      671     0.00549839   -78.04306630   -78.03756791   -78.04306630   -77.66769236
      672     0.00550759   -78.04307435   -78.03756677   -78.04307435   -77.66827263
      673     0.00554792   -78.04311434   -78.03756643   -78.04311434   -77.66893269
      674     0.00562530   -78.04319163   -78.03756632   -78.04319163   -77.66965670
      675     0.00574302   -78.04330947   -78.03756646   -78.04330947   -77.67042914
      676     0.00590150   -78.04346829   -78.03756679   -78.04346829   -77.67123576
      677     0.00609846   -78.04366574   -78.03756728   -78.04366574   -77.67206361
      678     0.00632921   -78.04389708   -78.03756787   -78.04389708   -77.67290094
      679     0.00658707   -78.04415559   -78.03756852   -78.04415559   -77.67373697
      680     0.00570027   -78.04443301   -78.03873274   -78.04443301   -77.67456169
      681     0.00596486   -78.04469821   -78.03873334   -78.04469821   -77.67529648
      682     0.00623641   -78.04497033   -78.03873392   -78.04497033   -77.67600840
      683     0.00650556   -78.04524003   -78.03873447   -78.04524003   -77.67668963
      684     0.00676297   -78.04549796   -78.03873498   -78.04549796   -77.67733270
      685     0.00699956   -78.04573501   -78.03873545   -78.04573501   -77.67793058
      686     0.00720680   -78.04594158   -78.03873478   -78.04594158   -77.67847782
      687     0.00737694   -78.04611215   -78.03873521   -78.04611215   -77.67896629
      688     0.00750324   -78.04623880   -78.03873556   -78.04623880   -77.67939207
      689     0.00758015   -78.04631599   -78.03873583   -78.04631599   -77.67975103
      690     0.00760352   -78.04633953   -78.03873601   -78.04633953   -77.68004013
      691     0.00757068   -78.04630677   -78.03873609   -78.04630677   -77.68025755
      692     0.00748059   -78.04621665   -78.03873606   -78.04621665   -77.68040283
      693     0.00733389   -78.04606982   -78.03873593   -78.04606982   -77.68047696
      694     0.00713296   -78.04586864   -78.03873568   -78.04586864   -77.68048240
      695     0.00688186   -78.04561720   -78.03873534   -78.04561720   -77.68042311
      696     0.00658630   -78.04532120   -78.03873490   -78.04532120   -77.68030452
      697     0.00625350   -78.04498787   -78.03873437   -78.04498787   -77.68013340
      698     0.00589202   -78.04462579   -78.03873378   -78.04462579   -77.67991774
      699     0.00551153   -78.04424466   -78.03873313   -78.04424466   -77.67966656
      700     0.00570027   -78.04385502   -78.03815475   -78.04385502   -77.67938963
      701     0.00529027   -78.04344428   -78.03815401   -78.04344428   -77.67907992
      702     0.00489008   -78.04304330   -78.03815322   -78.04304330   -77.67876247
      703     0.00451155   -78.04266406   -78.03815251   -78.04266406   -77.67844813
      704     0.00416610   -78.04231795   -78.03815184   -78.04231795   -77.67814741
      705     0.00386430   -78.04201556   -78.03815125   -78.04201556   -77.67787000
      706     0.00361552   -78.04176628   -78.03815076   -78.04176628   -77.67762439
      707     0.00342755   -78.04157794   -78.03815039   -78.04157794   -77.67741760
      708     0.00330640   -78.04145655   -78.03815015   -78.04145655   -77.67725488
      709     0.00325600   -78.04140604   -78.03815004   -78.04140604   -77.67713957
      710     0.00327809   -78.04142817   -78.03815007   -78.04142817   -77.67707288
      711     0.00337217   -78.04152242   -78.03815025   -78.04152242   -77.67705393
      712     0.00353548   -78.04168603   -78.03815056   -78.04168603   -77.67707972
      713     0.00376316   -78.04191415   -78.03815099   -78.04191415   -77.67714531
      714     0.00404841   -78.04219993   -78.03815153   -78.04219993   -77.67724397
      715     0.00438273   -78.04253488   -78.03815215   -78.04253488   -77.67736745
      716     0.00475624   -78.04290908   -78.03815284   -78.04290908   -77.67750632
      717     0.00515807   -78.04331163   -78.03815356   -78.04331163   -77.67765028
      718     0.00557664   -78.04373094   -78.03815430   -78.04373094   -77.67778856
      719     0.00600015   -78.04415519   -78.03815504   -78.04415519   -77.67791029
      720     0.00570027   -78.04457263   -78.03887237   -78.04457263   -77.67800487
      721     0.00607862   -78.04495161   -78.03887299   -78.04495161   -77.67806037
      722     0.00643517   -78.04530872   -78.03887355   -78.04530872   -77.67807489
      723     0.00676086   -78.04563489   -78.03887403   -78.04563489   -77.67804076
      724     0.00704777   -78.04592221   -78.03887444   -78.04592221   -77.67795152
      725     0.00728928   -78.04616403   -78.03887475   -78.04616403   -77.67780207
      726     0.00748021   -78.04635518   -78.03887497   -78.04635518   -77.67758882
      727     0.00761691   -78.04649200   -78.03887509   -78.04649200   -77.67730971
      728     0.00769729   -78.04657244   -78.03887514   -78.04657244   -77.67696420
      729     0.00772084   -78.04659591   -78.03887507   -78.04659591   -77.67655337
      730     0.00768854   -78.04656344   -78.03887490   -78.04656344   -77.67607965
      731     0.00760281   -78.04647747   -78.03887466   -78.04647747   -77.67554681
      732     0.00746741   -78.04634175   -78.03887433   -78.04634175   -77.67495985
      733     0.00728729   -78.04616123   -78.03887395   -78.04616123   -77.67432477
      734     0.00706841   -78.04594193   -78.03887352   -78.04594193   -77.67364845
      735     0.00681764   -78.04569068   -78.03887304   -78.04569068   -77.67293845
      736     0.00654251   -78.04541504   -78.03887253   -78.04541504   -77.67220284
      737     0.00625107   -78.04512307   -78.03887200   -78.04512307   -77.67144999
      738     0.00595163   -78.04482311   -78.03887147   -78.04482311   -77.67068845
      739     0.00565265   -78.04452360   -78.03887095   -78.04452360   -77.66992679
      740     0.00570027   -78.04423287   -78.03853261   -78.04423287   -77.66917350
      741     0.00541703   -78.04394968   -78.03853266   -78.04394968   -77.66841259
      742     0.00515620   -78.04368834   -78.03853215   -78.04368834   -77.66767599
      743     0.00492470   -78.04345641   -78.03853170   -78.04345641   -77.66697108
      744     0.00472848   -78.04325982   -78.03853134   -78.04325982   -77.66630556
      745     0.00457231   -78.04310338   -78.03853106   -78.04310338   -77.66568680
      746     0.00445966   -78.04299054   -78.03853088   -78.04299054   -77.66512186
      747     0.00439259   -78.04292339   -78.03853080   -78.04292339   -77.66461735
      748     0.00437172   -78.04290317   -78.03853145   -78.04290317   -77.66417885
      749     0.00439631   -78.04292763   -78.03853132   -78.04292763   -77.66381342
      750     0.00446441   -78.04299573   -78.03853132   -78.04299573   -77.66352490
      751     0.00457303   -78.04310445   -78.03853142   -78.04310445   -77.66331708
      752     0.00471838   -78.04324998   -78.03853160   -78.04324998   -77.66319250
      753     0.00489612   -78.04342795   -78.03853182   -78.04342795   -77.66315222
      754     0.00510163   -78.04363372   -78.03853209   -78.04363372   -77.66319562
      755     0.00533019   -78.04386255   -78.03853236   -78.04386255   -77.66332024
      756     0.00557713   -78.04410976   -78.03853263   -78.04410976   -77.66352175
      757     0.00583789   -78.04437080   -78.03853291   -78.04437080   -77.66379392
      758     0.00610805   -78.04464126   -78.03853321   -78.04464126   -77.66412882
      759     0.00638322   -78.04491674   -78.03853352   -78.04491674   -77.66451705
      760     0.00570027   -78.04519276   -78.03949249   -78.04519276   -77.66494808
      761     0.00595432   -78.04544711   -78.03949279   -78.04544711   -77.66537829
      762     0.00620537   -78.04569849   -78.03949312   -78.04569849   -77.66583148
      763     0.00644838   -78.04594187   -78.03949348   -78.04594187   -77.66629670
      764     0.00667799   -78.04617186   -78.03949387   -78.04617186   -77.66676317
      765     0.00688853   -78.04638279   -78.03949426   -78.04638279   -77.66722055
      766     0.00707416   -78.04656865   -78.03949448   -78.04656865   -77.66765928
      767     0.00722913   -78.04672397   -78.03949485   -78.04672397   -77.66807011
      768     0.00734789   -78.04684307   -78.03949518   -78.04684307   -77.66844527
      769     0.00742541   -78.04692087   -78.03949547   -78.04692087   -77.66877793
      770     0.00745736   -78.04695306   -78.03949570   -78.04695306   -77.66906246
      771     0.00744036   -78.04693622   -78.03949586   -78.04693622   -77.66929457
      772     0.00737219   -78.04686812   -78.03949593   -78.04686812   -77.66947138
      773     0.00725189   -78.04674780   -78.03949592   -78.04674780   -77.66959149
      774     0.00707994   -78.04657575   -78.03949581   -78.04657575   -77.66965503
      775     0.00685834   -78.04635395   -78.03949560   -78.04635395   -77.66966370
      776     0.00659058   -78.04608588   -78.03949530   -78.04608588   -77.66962073
      777     0.00628165   -78.04577656   -78.03949491   -78.04577656   -77.66953086
      778     0.00593794   -78.04543238   -78.03949444   -78.04543238   -77.66940021
      779     0.00556712   -78.04506102   -78.03949390   -78.04506102   -77.66923616
      780     0.00570027   -78.04467120   -78.03897093   -78.04467120   -77.66904711
      781     0.00528061   -78.04425088   -78.03897026   -78.04425088   -77.66883071
      782     0.00485832   -78.04382790   -78.03896958   -78.04382790   -77.66860503
      783     0.00444435   -78.04341324   -78.03896889   -78.04341324   -77.66838068
      784     0.00404962   -78.04301784   -78.03896823   -78.04301784   -77.66816823
      785     0.00368466   -78.04265227   -78.03896761   -78.04265227   -77.66797794
      786     0.00335926   -78.04232632   -78.03896706   -78.04232632   -77.66781932
      787     0.00308208   -78.04204868   -78.03896660   -78.04204868   -77.66770080
      788     0.00286036   -78.04182661   -78.03896625   -78.04182661   -77.66762947
      789     0.00269963   -78.04166565   -78.03896602   -78.04166565   -77.66761077
      790     0.00260353   -78.04156946   -78.03896593   -78.04156946   -77.66764828
      791     0.00257367   -78.04153962   -78.03896595   -78.04153962   -77.66774366
      792     0.00260954   -78.04157566   -78.03896612   -78.04157566   -77.66789652
      793     0.00270860   -78.04167500   -78.03896640   -78.04167500   -77.66810446
      794     0.00286629   -78.04183305   -78.03896676   -78.04183305   -77.66836326
      795     0.00307631   -78.04204363   -78.03896731   -78.04204363   -77.66866678
      796     0.00333083   -78.04229879   -78.03896796   -78.04229879   -77.66900760
      797     0.00362074   -78.04258942   -78.03896868   -78.04258942   -77.66937701
      798     0.00393605   -78.04290551   -78.03896946   -78.04290551   -77.66976542
      799     0.00426619   -78.04323646   -78.03897027   -78.04323646   -77.67016273
      800     0.00570027   -78.04357153   -78.03787127   -78.04357153   -77.67055860
      801     0.00606013   -78.04393233   -78.03787219   -78.04393233   -77.67098297
      802     0.00639177   -78.04426372   -78.03787195   -78.04426372   -77.67137829
      803     0.00668533   -78.04455780   -78.03787247   -78.04455780   -77.67173323
      804     0.00693248   -78.04480537   -78.03787289   -78.04480537   -77.67204052
      805     0.00712653   -78.04499972   -78.03787319   -78.04499972   -77.67229352
      806     0.00726265   -78.04513601   -78.03787336   -78.04513601   -77.67248715
      807     0.00733796   -78.04521135   -78.03787340   -78.04521135   -77.67261798
      808     0.00735156   -78.04522487   -78.03787331   -78.04522487   -77.67268416
      809     0.00730457   -78.04517768   -78.03787311   -78.04517768   -77.67268540
      810     0.00719997   -78.04507278   -78.03787281   -78.04507278   -77.67262290
      811     0.00704256   -78.04491496   -78.03787240   -78.04491496   -77.67249921
      812     0.00683875   -78.04471065   -78.03787191   -78.04471065   -77.67231811
      813     0.00659630   -78.04446765   -78.03787135   -78.04446765   -77.67208447
      814     0.00632408   -78.04419482   -78.03787074   -78.04419482   -77.67180417
      815     0.00603168   -78.04390179   -78.03787011   -78.04390179   -77.67148402
      816     0.00572901   -78.04359851   -78.03786950   -78.04359851   -77.67113173
      817     0.00542590   -78.04329482   -78.03786891   -78.04329482   -77.67075587
      818     0.00513163   -78.04300003   -78.03786839   -78.04300003   -77.67036595
      819     0.00485453   -78.04272249   -78.03786796   -78.04272249   -77.66997233
      820     0.00570027   -78.04246927   -78.03676900   -78.04246927   -77.66958618
      821     0.00544684   -78.04221558   -78.03676874   -78.04221558   -77.66917501
      822     0.00522090   -78.04198944   -78.03676854   -78.04198944   -77.66879330
      823     0.00502591   -78.04179432   -78.03676840   -78.04179432   -77.66845434
      824     0.00486442   -78.04163271   -78.03676830   -78.04163271   -77.66817059
      825     0.00473828   -78.04150649   -78.03676821   -78.04150649   -77.66795311
      826     0.00464893   -78.04141706   -78.03676814   -78.04141706   -77.66781106
      827     0.00459750   -78.04136557   -78.03676807   -78.04136557   -77.66775145
      828     0.00458484   -78.04135287   -78.03676802   -78.04135287   -77.66777895
      829     0.00461155   -78.04137954   -78.03676799   -78.04137954   -77.66789592
      830     0.00467788   -78.04144586   -78.03676798   -78.04144586   -77.66810243
      831     0.00478377   -78.04155175   -78.03676798   -78.04155175   -77.66839643
      832     0.00492878   -78.04169679   -78.03676801   -78.04169679   -77.66877386
      833     0.00511204   -78.04188010   -78.03676806   -78.04188010   -77.66922890
      834     0.00533211   -78.04210027   -78.03676816   -78.04210027   -77.66975421
      835     0.00558689   -78.04235520   -78.03676832   -78.04235520   -77.67034133
      836     0.00587343   -78.04264196   -78.03676854   -78.04264196   -77.67098090
      837     0.00618782   -78.04295666   -78.03676884   -78.04295666   -77.67166301
      838     0.00652514   -78.04329433   -78.03676919   -78.04329433   -77.67237754
      839     0.00687942   -78.04364903   -78.03676961   -78.04364903   -77.67311420
      840     0.00570027   -78.04401387   -78.03831361   -78.04401387   -77.67386280
      841     0.00603018   -78.04434425   -78.03831407   -78.04434425   -77.67453111
      842     0.00636391   -78.04467847   -78.03831456   -78.04467847   -77.67519755
      843     0.00669360   -78.04500867   -78.03831507   -78.04500867   -77.67585370
      844     0.00701120   -78.04532679   -78.03831559   -78.04532679   -77.67649137
      845     0.00730870   -78.04562477   -78.03831607   -78.04562477   -77.67710274
      846     0.00757836   -78.04589489   -78.03831653   -78.04589489   -77.67768039
      847     0.00781296   -78.04612990   -78.03831694   -78.04612990   -77.67821749
      848     0.00800600   -78.04632329   -78.03831729   -78.04632329   -77.67870785
      849     0.00815189   -78.04646947   -78.03831758   -78.04646947   -77.67914617
      850     0.00824619   -78.04656398   -78.03831779   -78.04656398   -77.67952809
      851     0.00828570   -78.04660361   -78.03831791   -78.04660361   -77.67985035
      852     0.00826861   -78.04658655   -78.03831794   -78.04658655   -77.68011094
      853     0.00819464   -78.04651250   -78.03831787   -78.04651250   -77.68030916
      854     0.00806504   -78.04638274   -78.03831770   -78.04638274   -77.68044572
      855     0.00788266   -78.04620009   -78.03831743   -78.04620009   -77.68052278
      856     0.00765191   -78.04596897   -78.03831707   -78.04596897   -77.68054392
      857     0.00737866   -78.04569528   -78.03831662   -78.04569528   -77.68051412
      858     0.00707019   -78.04538629   -78.03831610   -78.04538629   -77.68043961
      859     0.00673495   -78.04505046   -78.03831551   -78.04505046   -77.68032780
      860     0.00570027   -78.04469725   -78.03899698   -78.04469725   -77.68018701
      861     0.00536246   -78.04435882   -78.03899636   -78.04435882   -77.68003606
      862     0.00503219   -78.04402793   -78.03899574   -78.04402793   -77.67987709
      863     0.00471936   -78.04371450   -78.03899515   -78.04371450   -77.67971899
      864     0.00443354   -78.04342814   -78.03899459   -78.04342814   -77.67957034
      865     0.00418363   -78.04317772   -78.03899408   -78.04317772   -77.67943914
      866     0.00397753   -78.04297120   -78.03899367   -78.04297120   -77.67933241
      867     0.00382188   -78.04281523   -78.03899335   -78.04281523   -77.67925607
      868     0.00372179   -78.04271493   -78.03899314   -78.04271493   -77.67921458
      869     0.00368069   -78.04267373   -78.03899305   -78.04267373   -77.67921089
      870     0.00370015   -78.04269322   -78.03899307   -78.04269322   -77.67924620
      871     0.00377986   -78.04277307   -78.03899321   -78.04277307   -77.67931997
      872     0.00391758   -78.04291106   -78.03899348   -78.04291106   -77.67942991
      873     0.00410928   -78.04310312   -78.03899384   -78.04310312   -77.67957211
      874     0.00434921   -78.04334351   -78.03899430   -78.04334351   -77.67974113
      875     0.00463015   -78.04362499   -78.03899484   -78.04362499   -77.67993021
      876     0.00494364   -78.04393909   -78.03899544   -78.04393909   -77.68013156
      877     0.00528028   -78.04427635   -78.03899608   -78.04427635   -77.68033660
      878     0.00563000   -78.04462673   -78.03899673   -78.04462673   -77.68053629
      879     0.00598244   -78.04497978   -78.03899733   -78.04497978   -77.68072150
      880     0.00570027   -78.04532523   -78.03962496   -78.04532523   -77.68088308
      881     0.00601276   -78.04563829   -78.03962553   -78.04563829   -77.68100674
      882     0.00630343   -78.04592947   -78.03962604   -78.04592947   -77.68109397
      883     0.00656403   -78.04619053   -78.03962650   -78.04619053   -77.68113802
      884     0.00678729   -78.04641418   -78.03962688   -78.04641418   -77.68113313
      885     0.00696705   -78.04659424   -78.03962720   -78.04659424   -77.68107471
      886     0.00709841   -78.04672582   -78.03962742   -78.04672582   -77.68095943
      887     0.00717785   -78.04680540   -78.03962755   -78.04680540   -77.68078527
      888     0.00720327   -78.04683086   -78.03962759   -78.04683086   -77.68055150
      889     0.00717399   -78.04680154   -78.03962754   -78.04680154   -77.68025872
      890     0.00709078   -78.04671819   -78.03962741   -78.04671819   -77.67990873
      891     0.00695576   -78.04658296   -78.03962720   -78.04658296   -77.67950446
      892     0.00677237   -78.04639928   -78.03962692   -78.04639928   -77.67904983
      893     0.00654523   -78.04617180   -78.03962656   -78.04617180   -77.67854962
      894     0.00628010   -78.04590625   -78.03962615   -78.04590625   -77.67800928
      895     0.00598366   -78.04560935   -78.03962569   -78.04560935   -77.67743475
      896     0.00566346   -78.04528865   -78.03962519   -78.04528865   -77.67683234
      897     0.00532770   -78.04495235   -78.03962465   -78.04495235   -77.67620846
      898     0.00498511   -78.04460921   -78.03962410   -78.04460921   -77.67556955
      899     0.00464478   -78.04426831   -78.03962353   -78.04426831   -77.67492187
      900     0.00570027   -78.04393893   -78.03823866   -78.04393893   -77.67427139
      901     0.00534006   -78.04357808   -78.03823802   -78.04357808   -77.67352433
      902     0.00500177   -78.04323917   -78.03823740   -78.04323917   -77.67278112
      903     0.00469557   -78.04293237   -78.03823680   -78.04293237   -77.67204736
      904     0.00443110   -78.04266735   -78.03823625   -78.04266735   -77.67132806
      905     0.00421727   -78.04245303   -78.03823576   -78.04245303   -77.67062778
      906     0.00406179   -78.04229716   -78.03823537   -78.04229716   -77.66995073
      907     0.00397086   -78.04220598   -78.03823512   -78.04220598   -77.66930097
      908     0.00394869   -78.04218369   -78.03823500   -78.04218369   -77.66868279
      909     0.00399712   -78.04223217   -78.03823506   -78.04223217   -77.66810086
      910     0.00411528   -78.04235059   -78.03823531   -78.04235059   -77.66756061
      911     0.00429940   -78.04253515   -78.03823575   -78.04253515   -77.66706834
      912     0.00454280   -78.04277918   -78.03823637   -78.04277918   -77.66663122
      913     0.00483610   -78.04307324   -78.03823714   -78.04307324   -77.66625709
      914     0.00516768   -78.04340570   -78.03823802   -78.04340570   -77.66595401
      915     0.00552439   -78.04376333   -78.03823893   -78.04376333   -77.66572967
      916     0.00589236   -78.04413221   -78.03823985   -78.04413221   -77.66559050
      917     0.00625792   -78.04449859   -78.03824066   -78.04449859   -77.66554095
      918     0.00660850   -78.04485022   -78.03824171   -78.04485022   -77.66558220
      919     0.00693336   -78.04517548   -78.03824212   -78.04517548   -77.66571323
      920     0.00570027   -78.04546680   -78.03976653   -78.04546680   -77.66592758
      921     0.00592798   -78.04569466   -78.03976668   -78.04569466   -77.66618541
      922     0.00612675   -78.04589358   -78.03976683   -78.04589358   -77.66650056
      923     0.00629419   -78.04606123   -78.03976704   -78.04606123   -77.66686057
      924     0.00642896   -78.04619631   -78.03976735   -78.04619631   -77.66725160
      925     0.00653028   -78.04629685   -78.03976656   -78.04629685   -77.66766053
      926     0.00659769   -78.04636432   -78.03976663   -78.04636432   -77.66807117
      927     0.00663075   -78.04639750   -78.03976675   -78.04639750   -77.66847078
      928     0.00662891   -78.04639582   -78.03976691   -78.04639582   -77.66884700
      929     0.00659152   -78.04635863   -78.03976711   -78.04635863   -77.66918905
      930     0.00651792   -78.04628521   -78.03976730   -78.04628521   -77.66948797
      931     0.00640759   -78.04617505   -78.03976746   -78.04617505   -77.66973671
      932     0.00626041   -78.04602799   -78.03976758   -78.04602799   -77.66993027
      933     0.00607685   -78.04584448   -78.03976763   -78.04584448   -77.67006565
      934     0.00585822   -78.04562580   -78.03976758   -78.04562580   -77.67014185
      935     0.00560680   -78.04537424   -78.03976744   -78.04537424   -77.67015982
      936     0.00532604   -78.04509323   -78.03976719   -78.04509323   -77.67012234
      937     0.00502053   -78.04478737   -78.03976684   -78.04478737   -77.67003393
      938     0.00469609   -78.04446248   -78.03976639   -78.04446248   -77.66990070
      939     0.00435963   -78.04412548   -78.03976586   -78.04412548   -77.66973013
      940     0.00570027   -78.04378430   -78.03808403   -78.04378430   -77.66953092
      941     0.00529131   -78.04337457   -78.03808326   -78.04337457   -77.66926592
      942     0.00488136   -78.04296380   -78.03808244   -78.04296380   -77.66898029
      943     0.00448225   -78.04256383   -78.03808158   -78.04256383   -77.66868690
      944     0.00410617   -78.04218692   -78.03808075   -78.04218692   -77.66839892
      945     0.00376525   -78.04184518   -78.03807993   -78.04184518   -77.66812949
      946     0.00347103   -78.04155023   -78.03807920   -78.04155023   -77.66789114
      947     0.00323406   -78.04131263   -78.03807856   -78.04131263   -77.66769544
      948     0.00306341   -78.04114146   -78.03807805   -78.04114146   -77.66755255
      949     0.00296629   -78.04104397   -78.03807768   -78.04104397   -77.66747075
      950     0.00294769   -78.04102516   -78.03807748   -78.04102516   -77.66745624
      951     0.00301014   -78.04108759   -78.03807744   -78.04108759   -77.66751281
      952     0.00315359   -78.04123117   -78.03807758   -78.04123117   -77.66764172
      953     0.00337528   -78.04145318   -78.03807790   -78.04145318   -77.66784166
      954     0.00366989   -78.04174803   -78.03807814   -78.04174803   -77.66810911
      955     0.00402966   -78.04210842   -78.03807876   -78.04210842   -77.66843745
      956     0.00444468   -78.04252418   -78.03807950   -78.04252418   -77.66881879
      957     0.00490324   -78.04298357   -78.03808033   -78.04298357   -77.66924325
      958     0.00539223   -78.04347345   -78.03808121   -78.04347345   -77.66969970
      959     0.00589763   -78.04397975   -78.03808212   -78.04397975   -77.67017613
      960     0.00570027   -78.04448797   -78.03878770   -78.04448797   -77.67066017
      961     0.00616981   -78.04495835   -78.03878853   -78.04495835   -77.67111401
      962     0.00661984   -78.04540916   -78.03878931   -78.04540916   -77.67155542
      963     0.00703781   -78.04582784   -78.03879003   -78.04582784   -77.67197382
      964     0.00741227   -78.04620293   -78.03879065   -78.04620293   -77.67235969
      965     0.00773316   -78.04652434   -78.03879117   -78.04652434   -77.67270476
      966     0.00799206   -78.04678364   -78.03879158   -78.04678364   -77.67300229
      967     0.00818238   -78.04697424   -78.03879186   -78.04697424   -77.67324715
      968     0.00829949   -78.04709150   -78.03879201   -78.04709150   -77.67343591
      969     0.00834079   -78.04713283   -78.03879204   -78.04713283   -77.67356680
      970     0.00830569   -78.04709763   -78.03879194   -78.04709763   -77.67363968
      971     0.00819558   -78.04698732   -78.03879173   -78.04698732   -77.67365596
      972     0.00801377   -78.04680516   -78.03879139   -78.04680516   -77.67361840
      973     0.00776531   -78.04655627   -78.03879097   -78.04655627   -77.67353091
      974     0.00745685   -78.04624730   -78.03879046   -78.04624730   -77.67339847
      975     0.00709647   -78.04588634   -78.03878987   -78.04588634   -77.67322679
      976     0.00669346   -78.04548269   -78.03878923   -78.04548269   -77.67302220
      977     0.00625811   -78.04504664   -78.03878853   -78.04504664   -77.67279139
      978     0.00580146   -78.04458925   -78.03878779   -78.04458925   -77.67254123
      979     0.00533507   -78.04412210   -78.03878703   -78.04412210   -77.67227859
      980     0.00570027   -78.04365705   -78.03795678   -78.04365705   -77.67201021
      981     0.00520925   -78.04316526   -78.03795601   -78.04316526   -77.67171875
      982     0.00473824   -78.04269350   -78.03795526   -78.04269350   -77.67143114
      983     0.00429940   -78.04225395   -78.03795456   -78.04225395   -77.67115377
      984     0.00390416   -78.04185807   -78.03795391   -78.04185807   -77.67089265
      985     0.00356289   -78.04151624   -78.03795335   -78.04151624   -77.67065335
      986     0.00328459   -78.04123747   -78.03795288   -78.04123747   -77.67044110
      987     0.00307655   -78.04102910   -78.03795255   -78.04102910   -77.67026085
      988     0.00294412   -78.04089646   -78.03795234   -78.04089646   -77.67011739
      989     0.00289050   -78.04084276   -78.03795226   -78.04084276   -77.67001532
      990     0.00291668   -78.04086901   -78.03795233   -78.04086901   -77.66995902
      991     0.00302150   -78.04097402   -78.03795252   -78.04097402   -77.66995258
      992     0.00320177   -78.04115460   -78.03795283   -78.04115460   -77.66999961
      993     0.00345249   -78.04140573   -78.03795323   -78.04140573   -77.67010304
      994     0.00376712   -78.04172084   -78.03795372   -78.04172084   -77.67026490
      995     0.00413786   -78.04209212   -78.03795426   -78.04209212   -77.67048612
      996     0.00455590   -78.04251072   -78.03795482   -78.04251072   -77.67076643
      997     0.00501169   -78.04296713   -78.03795544   -78.04296713   -77.67110414
      998     0.00549512   -78.04345121   -78.03795609   -78.04345121   -77.67149627
      999     0.00599581   -78.04395254   -78.03795673   -78.04395254   -77.67193842
     1000     0.00570027   -78.04446060   -78.03876033   -78.04446060   -77.67242491
