 -0.974008749407753       0.000000000000000E+000  0.356472190079695     
  0.000000000000000E+000  0.000000000000000E+000  0.771825083436435     
 -3.029504553968588E-002  0.000000000000000E+000  0.000000000000000E+000
 -0.110511439390585       0.110720002483620      -0.254011709888702     
 -4.285281862365706E-002  0.000000000000000E+000  0.813410041522818     
  0.000000000000000E+000  0.000000000000000E+000 -0.750839505632367     
  8.619593984371970E-002  0.000000000000000E+000  0.000000000000000E+000
 -0.600415336611191      -0.717733485573300       0.565188067843707     
  0.222419855258368       0.000000000000000E+000  0.459664749626979     
  0.000000000000000E+000  0.000000000000000E+000 -0.708547537224688     
 -0.116059334779962       0.000000000000000E+000  0.000000000000000E+000
 -0.599625416713863       0.346575840482194       -1.00346134055701     
  0.974008749407753       0.320180366141327       0.000000000000000E+000
 -0.514995948853558      -0.550189283781099       6.021087105833683E-002
   1.81305770614864      -0.460952412053438       0.942607508760931     
  0.128613826347777      -0.183647575761870       4.666612468160322E-002
  4.285281862365706E-002 -0.475536815352119       0.000000000000000E+000
 -0.749316023745691       0.800559810196359       0.575002639925681     
  0.371800355055048      -0.836491864212256      -0.964531296801595     
   1.09629817589584        1.03777975973693      -0.153659410241401     
 -0.222419855258368       0.819359060719030       0.000000000000000E+000
 -0.416298773986149       0.237477877518749       0.374455774015292     
 -0.859079399973826       -1.07020701715668       0.493386839195241     
  0.785616352431462      -0.219664281850591       0.174752720969049     
  0.000000000000000E+000 -0.320180366141327       0.000000000000000E+000
  0.000000000000000E+000  0.000000000000000E+000  0.000000000000000E+000
 -0.685264014997682      -0.167149337541359       0.297778613016486     
 -0.343805490854849       0.595488550842786       2.124948570947224E-002
  0.000000000000000E+000  0.475536815352119       0.000000000000000E+000
  0.000000000000000E+000  0.000000000000000E+000  0.000000000000000E+000
 -9.139506391509822E-002  0.792645553566516       0.523089756001386     
 -3.470880282011272E-002  6.011740720442127E-002  0.261427756791558     
  0.000000000000000E+000 -0.819359060719030       0.000000000000000E+000
  0.000000000000000E+000  0.000000000000000E+000  0.000000000000000E+000
  0.214736583785309       0.525349750770522       0.187226307393147     
  0.114204454276037      -0.197807908208600       0.143422902642227     
  0.000000000000000E+000  0.000000000000000E+000 -0.356472190079695     
  0.000000000000000E+000  0.000000000000000E+000 -0.832035954494772     
  0.000000000000000E+000  0.000000000000000E+000  0.000000000000000E+000
  0.000000000000000E+000  0.000000000000000E+000  0.198872382746162     
  0.000000000000000E+000  0.000000000000000E+000 -0.813410041522818     
  0.000000000000000E+000  0.000000000000000E+000  0.175836865706686     
  0.000000000000000E+000  0.000000000000000E+000  0.000000000000000E+000
  0.000000000000000E+000  0.000000000000000E+000 -0.522422388252794     
  0.000000000000000E+000  0.000000000000000E+000 -0.459664749626979     
  0.000000000000000E+000  0.000000000000000E+000  0.334091763209396     
  0.000000000000000E+000  0.000000000000000E+000  0.000000000000000E+000
  0.000000000000000E+000  0.000000000000000E+000  0.770237750413920     
  0.000000000000000E+000  0.000000000000000E+000  0.000000000000000E+000
  0.514995948853558       0.000000000000000E+000  0.000000000000000E+000
 -0.537672586770115       0.223970667388616      -0.709003506420216     
  0.627403838762999       0.000000000000000E+000  7.050896313386748E-002
  0.000000000000000E+000  0.000000000000000E+000  0.000000000000000E+000
  0.749316023745691       0.000000000000000E+000  0.000000000000000E+000
  9.955578655847311E-002  2.128742476688911E-002  0.739295199297282     
 -0.241686422650724       0.000000000000000E+000 -0.198731092689474     
  0.000000000000000E+000  0.000000000000000E+000  0.000000000000000E+000
  0.416298773986149       0.000000000000000E+000  0.000000000000000E+000
  0.485950164912290      -0.315386455722890      -0.453596833289308     
 -0.341127418378800       0.000000000000000E+000  0.270480166729131     
  0.000000000000000E+000  0.000000000000000E+000  0.000000000000000E+000
  0.000000000000000E+000  0.550189283781099       0.000000000000000E+000
 -0.559826058841154       0.404131082206181      -0.531382615357201     
 -0.301700734865341      -0.522560977564536      -8.328524638240367E-002
  0.000000000000000E+000  0.000000000000000E+000  0.000000000000000E+000
  0.000000000000000E+000 -0.800559810196359       0.000000000000000E+000
 -0.466157017542143       2.255888587885041E-002 -0.297853658497074     
 -0.219487613813814      -0.380163681368051       4.819706654840325E-002
  0.000000000000000E+000  0.000000000000000E+000  0.000000000000000E+000
  0.000000000000000E+000 -0.237477877518749       0.000000000000000E+000
  0.274451986056189       0.860243722109048      -0.227016313299080     
  4.093202838516299E-002  7.089634957699709E-002 -0.355432200197317     
