TEXAS                                                                           
K                   STRE   1    2.        1.
K                   STRE   2    3.        2.
K                   STRE   3    4.        1.
K                   STRE   4    5.        2.
K                   STRE   5    6.        2.
K            1.     BEND   6     2.        4.        1.
K            1.     BEND   7     3.        6.        2.
             1.     BEND         5.        6.        2.
             1.     BEND         5.        3.        2.
            -1.     BEND         1.        5.        2.
            -1.     BEND         1.        3.        2.
            -1.     BEND         1.        6.        2.
K            2.     BEND   8     3.        6.        2.
            -1.     BEND         5.        6.        2.
            -1.     BEND         5.        3.        2.
K            1.     BEND   9     5.        6.        2.
            -1.     BEND         5.        3.        2.
K            2.     BEND  10     1.        5.        2.
            -1.     BEND         1.        3.        2.
            -1.     BEND         1.        6.        2.
K            1.     BEND  11     1.        3.        2.
            -1.     BEND         1.        6.        2.
K0.5773503   1.     TORS  12     3.        2.        1.        4.
             1.     TORS         5.        2.        1.        4.
             1.     TORS         6.        2.        1.        4.
  0.59E+01  0.55E+01  0.55E+01  0.55E+01  0.55E+01  0.10E+01  0.10E+01  0.10E+01
  0.10E+01  0.10E+01  0.10E+01  0.41E+00
