 4 compact or full orbital order
 (3d25.12)
                    36
      -0.112468739112D+02       0.200000000000D+01
      -0.112354056666D+02       0.200000000000D+01
      -0.104253146397D+01       0.200000000000D+01
      -0.777353187535D+00       0.200000000000D+01
      -0.618138235696D+00       0.200000000000D+01
      -0.554287849298D+00       0.200000000000D+01
      -0.514981381648D+00       0.200000000000D+01
      -0.257324284739D+00       0.147858014442D+01
       0.366110680389D-01       0.521419855583D+00
       0.243726753809D+00       0.000000000000D+00
       0.280949237944D+00       0.000000000000D+00
       0.299089973410D+00       0.000000000000D+00
       0.337952600344D+00       0.000000000000D+00
       0.442605931472D+00       0.000000000000D+00
       0.694303821293D+00       0.000000000000D+00
       0.736349641799D+00       0.000000000000D+00
       0.780359474449D+00       0.000000000000D+00
       0.832608835413D+00       0.000000000000D+00
       0.867493688524D+00       0.000000000000D+00
       0.933305800884D+00       0.000000000000D+00
       0.110910017065D+01       0.000000000000D+00
       0.112497602978D+01       0.000000000000D+00
       0.119285640089D+01       0.000000000000D+00
       0.121181558861D+01       0.000000000000D+00
       0.122821647688D+01       0.000000000000D+00
       0.138700081497D+01       0.000000000000D+00
       0.175546835172D+01       0.000000000000D+00
       0.183198135315D+01       0.000000000000D+00
       0.200133209982D+01       0.000000000000D+00
       0.219558432867D+01       0.000000000000D+00
       0.225977698276D+01       0.000000000000D+00
       0.240242922609D+01       0.000000000000D+00
       0.258530645621D+01       0.000000000000D+00
       0.264511428926D+01       0.000000000000D+00
       0.275741330663D+01       0.000000000000D+00
       0.297699248406D+01       0.000000000000D+00
