#     BO State Coefficients: state Re-Im; see the manual for detail orders
        0     0.00000000     0.00000000     1.00000000     0.00000000
        1    -0.00000234     0.00000372     0.06358066    -0.99797670
        2     0.00000665     0.00001287    -0.99185142    -0.12740003
        3     0.00002330    -0.00000054    -0.19168464     0.98145657
        4     0.00000638    -0.00002541     0.96650841     0.25663494
        5    -0.00002749    -0.00000591     0.32240852    -0.94660063
        6    -0.00000644     0.00003790    -0.92119630    -0.38909815
        7     0.00004846     0.00001644    -0.45670301     0.88961922
        8     0.00002802    -0.00005097     0.85104634     0.52509059
        9    -0.00005352    -0.00003336     0.59394691    -0.80450423
       10    -0.00004120     0.00006396    -0.74887370    -0.66271274
       11     0.00007327     0.00006013    -0.73050389     0.68290853
       12     0.00008203    -0.00007203     0.60527674     0.79601511
       13    -0.00006678    -0.00009815     0.85740911    -0.51463542
       14    -0.00011521     0.00006376    -0.40975300    -0.91219651
       15     0.00005279     0.00013840    -0.95711885     0.28969550
       16     0.00015446    -0.00002460     0.15409374     0.98805622
       17     0.00001135    -0.00014811     0.99999384    -0.00350646
       18    -0.00011909    -0.00004147     0.16011470    -0.98709841
       19    -0.00006246     0.00006786    -0.94297268    -0.33287012
       20    -0.00001687     0.00006347    -0.50831086     0.86117365
       21    -0.00001388     0.00007357     0.74064581     0.67189566
       22     0.00001083     0.00007301     0.80988887    -0.58658334
       23     0.00001966     0.00003297    -0.40370960    -0.91488718
       24    -0.00003205     0.00000834    -0.98009744     0.19851704
       25    -0.00007751     0.00006565    -0.02070189     0.99978569
       26    -0.00002252     0.00013483     0.96979084     0.24393793
       27     0.00007049     0.00009111     0.45969544    -0.88807662
       28     0.00004712    -0.00002275    -0.75528326    -0.65539850
       29    -0.00008155    -0.00002787    -0.81799382     0.57522700
       30    -0.00012140     0.00010674     0.35528310     0.93475874
       31     0.00000809     0.00018473     0.99430454    -0.10657606
       32     0.00012406     0.00007280     0.15610650    -0.98774022
       33     0.00004236    -0.00007688    -0.90993011    -0.41476159
       34    -0.00013244    -0.00003702    -0.64905626     0.76074040
       35    -0.00014350     0.00015020     0.54612749     0.83770205
       36     0.00004002     0.00021726     0.96032570    -0.27888079
       37     0.00016282     0.00005576     0.02119840    -0.99977527
       38     0.00004209    -0.00011622    -0.94470946    -0.32790855
       39    -0.00016578    -0.00005321    -0.61025156     0.79220768
       40    -0.00017316     0.00017087     0.55001952     0.83515177
       41    -0.00001000     0.00024560     0.97072023    -0.24021279
       42     0.00007727     0.00014407     0.10281552    -0.99470043
       43     0.00000851     0.00002167    -0.89841106    -0.43915552
       44    -0.00013648     0.00004457    -0.72614520     0.68754136
       45    -0.00016764     0.00019449     0.38330837     0.92362039
       46    -0.00003369     0.00028096     0.99976524    -0.02166524
       47     0.00010104     0.00018436     0.34977776    -0.93683268
       48     0.00006024     0.00001701    -0.73581104    -0.67718691
       49    -0.00011660    -0.00000997    -0.90797890     0.41901587
       50    -0.00021370     0.00014840     0.02964673     0.99956041
       51    -0.00010255     0.00030613     0.92808146     0.37237710
       52     0.00009408     0.00026661     0.71846885    -0.69555907
       53     0.00014087     0.00006330    -0.33354676    -0.94273354
       54    -0.00003078    -0.00006989    -0.99515601    -0.09830823
       55    -0.00023299     0.00003222    -0.51985365     0.85425531
       56    -0.00022955     0.00026872     0.53621191     0.84408333
       57    -0.00000671     0.00037598     0.99524718    -0.09738028
       58     0.00019967     0.00021953     0.37219502    -0.92815450
       59     0.00015521    -0.00004838    -0.64403326    -0.76499747
       60    -0.00011455    -0.00014097    -0.98024714     0.19777643
       61    -0.00028436    -0.00000744    -0.30478443     0.95242132
       62    -0.00025262     0.00013181     0.67948308     0.73369113
       63    -0.00010807     0.00017537     0.97420466    -0.22566619
       64     0.00000794     0.00006606     0.29302082    -0.95610606
       65    -0.00003001    -0.00009770    -0.67624049    -0.73668093
       66    -0.00019886    -0.00015106    -0.97886467     0.20450892
       67    -0.00033837    -0.00002750    -0.33047704     0.94381397
       68    -0.00030351     0.00016531     0.63264984     0.77443790
       69    -0.00011188     0.00024040     0.99162005    -0.12918825
       70     0.00006155     0.00011165     0.41907323    -0.90795243
       71     0.00004500    -0.00011424    -0.53937474    -0.84206584
       72    -0.00016337    -0.00022781    -0.99998297    -0.00582944
       73    -0.00038227    -0.00011030    -0.55497960     0.83186386
       74    -0.00040653     0.00014848     0.38280394     0.92382951
       75    -0.00019642     0.00032077     0.97925443     0.20263418
       76     0.00007611     0.00024141     0.72311153    -0.69073124
       77     0.00017065    -0.00003944    -0.15018861    -0.98865735
       78    -0.00001161    -0.00028917    -0.89220747    -0.45162567
       79    -0.00033394    -0.00028685    -0.88922330     0.45747321
       80    -0.00053014    -0.00001424    -0.15904257     0.98727158
       81    -0.00044095     0.00028487     0.69551151     0.71851476
       82    -0.00016977     0.00037980     0.99270499    -0.12056792
       83     0.00008008     0.00021520     0.50882989    -0.86086706
       84     0.00010356    -0.00009520    -0.36699904    -0.93022131
       85    -0.00013537    -0.00031340    -0.95767184    -0.28786200
       86    -0.00046716    -0.00026001    -0.82286072     0.56824287
       87    -0.00063992     0.00004289    -0.07671794     0.99705263
       88    -0.00050992     0.00038022     0.72155667     0.69235509
       89    -0.00015492     0.00049930     0.99381866    -0.11101440
       90     0.00017567     0.00029715     0.55674498    -0.83068340
       91     0.00023809    -0.00009859    -0.26835179    -0.96332095
       92    -0.00002918    -0.00041454    -0.90305937    -0.42951554
       93    -0.00045620    -0.00042185    -0.91942341     0.39326862
       94    -0.00075420    -0.00009768    -0.31979788     0.94748548
       95    -0.00071158     0.00035387     0.48688092     0.87346799
       96    -0.00033897     0.00063495     0.97243786     0.23316109
       97     0.00013337     0.00055044     0.83396530    -0.55181661
       98     0.00040242     0.00013754     0.17260510    -0.98499101
       99     0.00028633    -0.00035462    -0.59094148    -0.80671430
      100    -0.00015902    -0.00061980    -0.99022378    -0.13948642
      101    -0.00062474    -0.00050375    -0.79469592     0.60700720
      102    -0.00084451    -0.00012297    -0.13161345     0.99130075
      103    -0.00072919     0.00031032     0.60423484     0.79680589
      104    -0.00033566     0.00054237     0.98923235     0.14635214
      105     0.00011613     0.00043209     0.81238672    -0.58311887
      106     0.00036929     0.00003260     0.18339010    -0.98304015
      107     0.00027567    -0.00043873    -0.54278816    -0.83986948
      108    -0.00012150    -0.00072189    -0.97027422    -0.24200704
      109    -0.00061194    -0.00065758    -0.87631609     0.48173571
      110    -0.00093329    -0.00027306    -0.32081750     0.94714053
      111    -0.00091168     0.00023367     0.39817032     0.91731102
      112    -0.00055248     0.00059971     0.90872862     0.41738667
      113    -0.00003559     0.00063434     0.95686502    -0.29053216
      114     0.00037876     0.00031556     0.52776308    -0.84939148
      115     0.00048228    -0.00020122    -0.15817067    -0.98741165
      116     0.00022109    -0.00066331    -0.76333080    -0.64600743
      117    -0.00028068    -0.00084610    -0.99999729     0.00214856
      118    -0.00078439    -0.00066079    -0.76382387     0.64542392
      119    -0.00105279    -0.00019354    -0.17389428     0.98476374
      120    -0.00096110     0.00033902     0.49229485     0.87042791
      121    -0.00051003     0.00072180     0.93165145     0.36335215
      122     0.00013249     0.00074237     0.95334168    -0.30189250
      123     0.00064748     0.00035602     0.55733040    -0.83029048
      124     0.00081113    -0.00026651    -0.07620188    -0.99709204
      125     0.00055649    -0.00085632    -0.67302537    -0.73961869
      126    -0.00000386    -0.00116537    -0.98458088    -0.17492606
      127    -0.00063272    -0.00107039    -0.88902432     0.45785828
      128    -0.00107266    -0.00061870    -0.43403430     0.90089550
      129    -0.00115265    -0.00000054     0.19101448     0.98158654
      130    -0.00085296     0.00053549     0.73682653     0.67608110
      131    -0.00030453     0.00078537     0.99382730     0.11093506
      132     0.00027226     0.00066780     0.87014741    -0.49279100
      133     0.00066022     0.00024796     0.42028385    -0.90739241
      134     0.00072999    -0.00029880    -0.18234037    -0.98323515
      135     0.00048330    -0.00076417    -0.71454156    -0.69959241
      136     0.00004060    -0.00099108    -0.98614603    -0.16587652
      137    -0.00041804    -0.00093042    -0.90593475     0.42341608
      138    -0.00073127    -0.00064899    -0.50892786     0.86080862
      139    -0.00082071    -0.00028833     0.06155824     0.99810311
      140    -0.00071430     0.00000548     0.60768087     0.79418099
      141    -0.00052085     0.00014937     0.94604959     0.32402143
      142    -0.00036466     0.00015971     0.96791753    -0.25126779
      143    -0.00031357     0.00013499     0.67164206    -0.74087572
      144    -0.00033568     0.00019583     0.15880377    -0.98731009
      145    -0.00030106     0.00040460    -0.40244382    -0.91544455
      146    -0.00004177     0.00069791    -0.83313165    -0.55307429
      147     0.00054703     0.00086911    -0.99983048    -0.01838374
      148     0.00140136     0.00062285    -0.85428101     0.51980920
      149     0.00222391    -0.00030024    -0.44529804     0.89537959
      150     0.00250323    -0.00195638     0.09901202     0.99508117
      151     0.00164102    -0.00403961     0.61182779     0.79097897
      152    -0.00081448    -0.00579140     0.93796968     0.34666796
      153    -0.00485424    -0.00603829     0.97912443    -0.20311408
      154    -0.00963145    -0.00343979     0.72151098    -0.69232746
      155    -0.01292744     0.00233764     0.23947821    -0.97081286
      156    -0.01346026     0.00337930    -0.32050502    -0.94714515
      157    -0.01679707    -0.00128727    -0.77712811    -0.62911693
      158    -0.02163530    -0.00346103    -0.99194556    -0.12475554
      159    -0.02498772    -0.00302633    -0.91064243     0.41242796
      160    -0.02658555    -0.00174870    -0.56304377     0.82599750
      161    -0.02696876    -0.00073058    -0.05316207     0.99822139
      162    -0.02693998    -0.00043886     0.47086870     0.88179176
      163    -0.02721807    -0.00069335     0.85870851     0.51174056
      164    -0.02805761    -0.00090258     0.99959272    -0.00513279
      165    -0.02923755    -0.00055304     0.85336509    -0.52049292
      166    -0.03025868     0.00055511     0.46186124    -0.88643573
      167    -0.03060642     0.00223608    -0.06276625    -0.99755634
      168    -0.02998463     0.00400536    -0.56975450    -0.82125799
      169    -0.02844608     0.00527477    -0.91272045    -0.40755905
      170    -0.02638550     0.00557756    -0.99183170     0.12466984
      171    -0.02440824     0.00474398    -0.78306459     0.62144315
      172    -0.02312583     0.00297029    -0.34592006     0.93797424
      173    -0.02295055     0.00076198     0.19299931     0.98093015
      174    -0.02395704    -0.00122615     0.67621807     0.73631085
      175    -0.02585483    -0.00239810     0.96122544     0.27453858
      176    -0.02807843    -0.00240498     0.96267352    -0.26919419
      177    -0.02996400    -0.00125347     0.67842797    -0.73405454
      178    -0.03095534     0.00069837     0.19139903    -0.98102380
      179    -0.03077387     0.00285484    -0.35395057    -0.93475334
      180    -0.02950020     0.00456842    -0.79400792    -0.60717402
      181    -0.02756902     0.00533133    -0.99505003    -0.09532559
      182    -0.02558745     0.00496481    -0.89432454     0.44665898
      183    -0.02412941     0.00362744    -0.52037085     0.85359170
      184    -0.02361613     0.00175630     0.01414767     0.99961945
      185    -0.02416807    -0.00006260     0.54562213     0.83768275
      186    -0.02557614    -0.00127841     0.90921237     0.41554434
      187    -0.02737577    -0.00154430     0.99015296    -0.13727819
      188    -0.02899829    -0.00081858     0.76067930    -0.64847932
      189    -0.02995101     0.00063180     0.29052327    -0.95639885
      190    -0.02996860     0.00232459    -0.27318592    -0.96149151
      191    -0.02908892     0.00372080    -0.75122499    -0.65939442
      192    -0.02763068     0.00439685    -0.98912606    -0.14438440
      193    -0.02608227     0.00417512    -0.90764370     0.41890954
      194    -0.02493943     0.00317174    -0.53023673     0.84747683
      195    -0.02454541     0.00174820     0.02224564     0.99944965
      196    -0.02498565     0.00038457     0.56913117     0.82186695
      197    -0.02607032    -0.00048206     0.92850412     0.37040547
      198    -0.02740848    -0.00059952     0.97804423    -0.20658630
      199    -0.02854653     0.00002401     0.69774578    -0.71577644
      200    -0.02912279     0.00113486     0.17931504    -0.98335990
      201    -0.02898993     0.00230833    -0.40227426    -0.91505720
      202    -0.02826576     0.00315030    -0.84702547    -0.53079089
      203    -0.02723855     0.00342647    -0.99884922     0.03932626
      204    -0.02627996     0.00309006    -0.80130575     0.59766957
      205    -0.02570960     0.00230905    -0.32017380     0.94700709
      206    -0.02568591     0.00139215     0.27661839     0.96063550
      207    -0.02616171     0.00066842     0.77636412     0.62974112
      208    -0.02691765     0.00036712     0.99719125     0.06989216
      209    -0.02765717     0.00054278     0.85521712    -0.51753113
      210    -0.02812337     0.00107166     0.39821127    -0.91686188
      211    -0.02819117     0.00171657    -0.20824489    -0.97766885
      212    -0.02790010     0.00223014    -0.73916053    -0.67294748
      213    -0.02741832     0.00245235    -0.99320934    -0.11303728
      214    -0.02695801     0.00236216    -0.87008189     0.49216378
      215    -0.02668169     0.00206504    -0.41214955     0.91072310
      216    -0.02664142     0.00172692     0.20746906     0.97787721
      217    -0.02677578     0.00148895     0.74846593     0.66263081
      218    -0.02696173     0.00140517     0.99607325     0.08431591
      219    -0.02709127     0.00143241     0.84752034    -0.53006914
      220    -0.02713150     0.00147485     0.35710690    -0.93366823
      221    -0.02713476     0.00146006    -0.28042935    -0.95948994
      222    -0.02718681     0.00139239    -0.80546630    -0.59201603
      223    -0.02733758     0.00134891    -0.99938780     0.02179140
      224    -0.02755277     0.00143209    -0.77695746     0.62894824
      225    -0.02771197     0.00169431    -0.22637836     0.97364368
      226    -0.02766764     0.00207691     0.42268565     0.90585155
      227    -0.02733984     0.00240804     0.89306909     0.44908165
      228    -0.02679484     0.00247472     0.97857112    -0.20414325
      229    -0.02625416     0.00214279     0.63644908    -0.77086879
      230    -0.02601053     0.00146333     0.01176876    -0.99959132
      231    -0.02627724     0.00069772    -0.62088389    -0.78346169
      232    -0.02704370     0.00022522    -0.97659049    -0.21340011
      233    -0.02802433     0.00035776    -0.88936644     0.45633524
      234    -0.02875469     0.00114813    -0.39270169     0.91921555
      235    -0.02881453     0.00230373     0.28877918     0.95695925
      236    -0.02807513     0.00328405     0.83777407     0.54528489
      237    -0.02682511     0.00356747     0.99149328    -0.12731366
      238    -0.02566507     0.00296017     0.66989785    -0.74200365
      239    -0.02518347     0.00175378     0.02158175    -0.99944832
      240    -0.02558694     0.00058394    -0.64038873    -0.76762442
      241    -0.02649786     0.00004893    -0.98769806    -0.15411169
      242    -0.02729710     0.00020363    -0.84184084     0.53903509
      243    -0.02765942     0.00066823    -0.27003945     0.96245167
      244    -0.02764045     0.00102574     0.44145168     0.89685861
      245    -0.02753436     0.00113909     0.92853180     0.37022866
      246    -0.02752940     0.00114652     0.93642680    -0.34977945
      247    -0.02758921     0.00120453     0.45594696    -0.88957842
      248    -0.02759875     0.00128414    -0.37915767    -0.92491952
      249    -0.02754726     0.00132308    -0.98053980    -0.19437361
      250    -0.02745597     0.00129219    -0.70084518     0.71278365
      251    -0.02742311     0.00116879     0.21422636     0.97639832
      252    -0.02752879     0.00105073     0.93604970     0.35078772
      253    -0.02771510     0.00107971     0.80121420    -0.59773448
      254    -0.02780344     0.00127890    -0.07276747    -0.99696050
      255    -0.02766731     0.00148433    -0.88099120    -0.47232068
      256    -0.02739330     0.00147870    -0.86911623     0.49384653
      257    -0.02723844     0.00122091    -0.04221892     0.99873627
      258    -0.02738667     0.00093020     0.82599010     0.56301817
      259    -0.02773623     0.00090084     0.91300333    -0.40700714
      260    -0.02795849     0.00120175     0.13055346    -0.99104625
      261    -0.02780949     0.00156916    -0.77820050    -0.62739793
      262    -0.02739733     0.00163632    -0.93988292     0.34039213
      263    -0.02711392     0.00130353    -0.19334349     0.98075554
      264    -0.02725896     0.00087195     0.74216816     0.66965858
      265    -0.02772030     0.00077155     0.95499286    -0.29532969
      266    -0.02805272     0.00112831     0.23201636    -0.97230663
      267    -0.02791042     0.00160948    -0.72053882    -0.69285080
      268    -0.02741097     0.00173331    -0.96179493     0.27238970
      269    -0.02704438     0.00135602    -0.24777589     0.96843888
      270    -0.02718965     0.00083984     0.71457620     0.69902852
      271    -0.02771801     0.00070575     0.96205113    -0.27145688
      272    -0.02810235     0.00110301     0.24132593    -0.97003651
      273    -0.02794559     0.00163978    -0.72444355    -0.68876549
      274    -0.02739613     0.00176908    -0.95591429     0.29235969
      275    -0.02701108     0.00135065    -0.21281448     0.97671827
      276    -0.02718911     0.00080734     0.74929364     0.66167903
      277    -0.02775248     0.00069835     0.94203339    -0.33436867
      278    -0.02812125     0.00113945     0.16198033    -0.98639255
      279    -0.02791230     0.00167538    -0.78716105    -0.61611328
      280    -0.02734234     0.00174901    -0.91764240     0.39646156
      281    -0.02700536     0.00128253    -0.08842779     0.99571562
      282    -0.02725538     0.00076408     0.83478743     0.54989681
      283    -0.02782809     0.00073921     0.87872601    -0.47651407
      284    -0.02811830     0.00123044    -0.00796151    -0.99957214
      285    -0.02782186     0.00171453    -0.88733681    -0.46027859
      286    -0.02725826     0.00167830    -0.82035339     0.57120441
      287    -0.02702979     0.00116474     0.12619207     0.99163683
      288    -0.02737830     0.00072652     0.93809190     0.34530204
      289    -0.02792642     0.00083417     0.73738531    -0.67489431
      290    -0.02808163     0.00137077    -0.26331400    -0.96430041
      291    -0.02767328     0.00175477    -0.97851641    -0.20429572
      292    -0.02714143     0.00156344    -0.62550513     0.77974626
      293    -0.02707094     0.00099407     0.41354927     0.91007866
      294    -0.02755938     0.00066743     0.99883034     0.03972394
      295    -0.02808881     0.00096867     0.48293229    -0.87520654
      296    -0.02805327     0.00160948    -0.56746663    -0.82291679
      297    -0.02741784     0.00188148    -0.98954350     0.14159231
      298    -0.02683547     0.00138247    -0.31304121     0.94935934
      299    -0.02705708     0.00052371     0.71156658     0.70209732
      300    -0.02812443     0.00030600     0.94513427    -0.32546911
      301    -0.02897113     0.00139074     0.12971934    -0.99112645
      302    -0.02802244     0.00324673    -0.82766923    -0.56050678
      303    -0.02130704     0.00279828    -0.87692324     0.48014978
      304    -0.01711737    -0.00286326    -0.03182701     0.99934270
      305    -0.01819695    -0.00526183     0.81649691     0.57703898
      306    -0.01984247    -0.00552138     0.93083264    -0.36486489
      307    -0.02056879    -0.00472321     0.20471047    -0.97859503
      308    -0.02040166    -0.00406578    -0.70838546    -0.70551916
      309    -0.02003697    -0.00393686    -0.97717174     0.21146729
      310    -0.01990084    -0.00403305    -0.35053372     0.93632996
      311    -0.01988756    -0.00403015     0.60046453     0.79939389
      312    -0.01975676    -0.00398219     0.99668944    -0.07876530
      313    -0.01955629    -0.00412399     0.46488759    -0.88514410
      314    -0.01956990    -0.00445394    -0.50328432    -0.86388776
      315    -0.01991412    -0.00465273    -0.99935697    -0.02945203
      316    -0.02031219    -0.00444170    -0.55113707     0.83415563
      317    -0.02034577    -0.00395102     0.42126448     0.90670098
      318    -0.01992020    -0.00364654     0.99321424     0.11452231
      319    -0.01941682    -0.00385919     0.61493364    -0.78833033
      320    -0.01933381    -0.00441563    -0.35463343    -0.93479508
      321    -0.01969073    -0.00473389    -0.98334075    -0.18064005
      322    -0.02005353    -0.00460940    -0.66293680     0.74839255
      323    -0.02013294    -0.00424165     0.29876458     0.95410502
      324    -0.01986540    -0.00398983     0.97154121     0.23600239
      325    -0.01952136    -0.00408646     0.70286015    -0.71104840
      326    -0.01942979    -0.00442037    -0.24750490    -0.96868172
      327    -0.01966054    -0.00466225    -0.95782239    -0.28664960
      328    -0.01997442    -0.00459186    -0.73900935     0.67338334
      329    -0.02007173    -0.00429901     0.19631034     0.98032693
      330    -0.01987972    -0.00407480     0.94115682     0.33736039
      331    -0.01960195    -0.00412128     0.77483035    -0.63185180
      332    -0.01950319    -0.00437049    -0.14022651    -0.98991770
      333    -0.01965715    -0.00457327    -0.91941334    -0.39277447
      334    -0.01989723    -0.00454816    -0.81292269     0.58201385
      335    -0.01999504    -0.00434164     0.07410311     0.99704066
      336    -0.01987655    -0.00416095     0.88927741     0.45691717
      337    -0.01967245    -0.00416721     0.85469742    -0.51873688
      338    -0.01957644    -0.00433452     0.00721222    -0.99977295
      339    -0.01966320    -0.00449484    -0.84593813    -0.53289945
      340    -0.01983533    -0.00450518    -0.89969866     0.43603737
      341    -0.01993082    -0.00437042    -0.10845782     0.99389163
      342    -0.01987022    -0.00422358     0.78271106     0.62205364
      343    -0.01972075    -0.00419752     0.94474192    -0.32719441
      344    -0.01962270    -0.00430499     0.23345387    -0.97216033
      345    -0.01965884    -0.00444039    -0.69069979    -0.72286071
      346    -0.01978799    -0.00448218    -0.98243465     0.18550069
      347    -0.01989081    -0.00439896    -0.38301170     0.92351884
      348    -0.01987793    -0.00426987     0.55956226     0.82853890
      349    -0.01976465    -0.00421007     0.99977610    -0.00627621
      350    -0.01965263    -0.00427066     0.55263705    -0.83317935
      351    -0.01964020    -0.00439756    -0.37903328    -0.92516414
      352    -0.01973882    -0.00447991    -0.97741663    -0.21034980
      353    -0.01986432    -0.00444485    -0.72924196     0.68395308
      354    -0.01990800    -0.00431934     0.14260664     0.98956979
      355    -0.01982846    -0.00420876     0.89046765     0.45459485
      356    -0.01968822    -0.00420962     0.88746213    -0.46044069
      357    -0.01960446    -0.00432787     0.14616946    -0.98905582
      358    -0.01965266    -0.00447008    -0.71266824    -0.70121165
      359    -0.01980132    -0.00451711    -0.98740574     0.15689934
      360    -0.01993275    -0.00442211    -0.46502759     0.88506071
      361    -0.01993792    -0.00426912     0.42640938     0.90430044
      362    -0.01982561    -0.00418060     0.97774061     0.20883670
      363    -0.01968263    -0.00421710     0.76171467    -0.64759986
      364    -0.01962218    -0.00435681    -0.04402880    -0.99882804
      365    -0.01969733    -0.00449455    -0.81292958    -0.58201144
      366    -0.01985660    -0.00452165    -0.96109127     0.27547928
      367    -0.01998045    -0.00441096    -0.38575448     0.92237455
      368    -0.01997169    -0.00424069     0.47441642     0.88006375
      369    -0.01983072    -0.00413758     0.98162993     0.18971640
      370    -0.01965780    -0.00418196     0.77143411    -0.63599174
      371    -0.01957993    -0.00434653     0.00609545    -0.99978027
      372    -0.01965721    -0.00451482    -0.76027979    -0.64928257
      373    -0.01983813    -0.00456548    -0.98732721     0.15738674
      374    -0.01999615    -0.00445989    -0.52516565     0.85075337
      375    -0.02002003    -0.00426969     0.29680188     0.95471965
      376    -0.01989197    -0.00412563     0.91282023     0.40785599
      377    -0.01969877    -0.00412606     0.91137869    -0.41107640
      378    -0.01957042    -0.00427020     0.30350052    -0.95262070
      379    -0.01959118    -0.00446122    -0.50104864    -0.86518584
      380    -0.01974496    -0.00457384    -0.97617357    -0.21604255
      381    -0.01991853    -0.00454157    -0.82216004     0.56888971
      382    -0.02000415    -0.00440415    -0.14646086     0.98900437
      383    -0.01996356    -0.00425079     0.61836601     0.78562514
      384    -0.01982778    -0.00417646     0.99530989     0.09459200
      385    -0.01968439    -0.00422173     0.75831359    -0.65157901
      386    -0.01961944    -0.00435181     0.06093689    -0.99793929
      387    -0.01966535    -0.00448397    -0.66998418    -0.74210132
      388    -0.01978629    -0.00454146    -0.99875133    -0.04564710
      389    -0.01990629    -0.00449843    -0.73798957     0.67450345
      390    -0.01995802    -0.00438941    -0.04872171     0.99860333
      391    -0.01992061    -0.00428226     0.66540870     0.74620111
      392    -0.01982562    -0.00423512     0.99733402     0.07009894
      393    -0.01973192    -0.00426503     0.76619286    -0.64229352
      394    -0.01968878    -0.00434461     0.10962838    -0.99376813
      395    -0.01971031    -0.00442435    -0.60414151    -0.79662096
      396    -0.01977392    -0.00446346    -0.98575482    -0.16696259
      397    -0.01983937    -0.00445019    -0.83527403     0.54945782
      398    -0.01987389    -0.00440227    -0.24138108     0.97021689
      399    -0.01986782    -0.00435108     0.47646504     0.87895813
      400    -0.01983437    -0.00432201     0.94322908     0.33152199
      401    -0.01979908    -0.00432233     0.92323413    -0.38370309
      402    -0.01977897    -0.00434097     0.43387698    -0.90074454
      403    -0.01977673    -0.00436375    -0.27175887    -0.96215225
      404    -0.01978776    -0.00437908    -0.83891693    -0.54388202
      405    -0.01980278    -0.00438258    -0.98982878     0.14081062
      406    -0.01981390    -0.00437671    -0.65684645     0.75375128
      407    -0.01981767    -0.00436708    -0.00793778     0.99976256
      408    -0.01981476    -0.00435877     0.64188762     0.76653028
      409    -0.01980787    -0.00435477     0.98497572     0.17149783
      410    -0.01980014    -0.00435616     0.86508652    -0.50121282
      411    -0.01979473    -0.00436270     0.34464543    -0.93851407
      412    -0.01979477    -0.00437260    -0.33158463    -0.94320765
      413    -0.01980249    -0.00438190    -0.85418124    -0.51957970
      414    -0.01981728    -0.00438477    -0.99055459     0.13560848
      415    -0.01983389    -0.00437594    -0.68580209     0.72750462
      416    -0.01984311    -0.00435450    -0.08063330     0.99653678
      417    -0.01983556    -0.00432686     0.55688381     0.83034225
      418    -0.01980763    -0.00430626     0.95147794     0.30704859
      419    -0.01976614    -0.00430750     0.93845527    -0.34480785
      420    -0.01972840    -0.00433876     0.52938136    -0.84814347
      421    -0.01971547    -0.00439779    -0.09870377    -0.99491182
      422    -0.01974550    -0.00446299    -0.68277012    -0.73035276
      423    -0.01981599    -0.00450047    -0.98534827    -0.16933947
      424    -0.01990328    -0.00448656    -0.88923665     0.45699224
      425    -0.01997107    -0.00441668    -0.43943456     0.89804171
      426    -0.01998505    -0.00431093     0.18103554     0.98326403
      427    -0.01992897    -0.00420912     0.72786252     0.68542050
      428    -0.01981481    -0.00415590     0.99189591     0.12542967
      429    -0.01968159    -0.00418169     0.87735279    -0.47942385
      430    -0.01958192    -0.00428744     0.43345826    -0.90095067
      431    -0.01956099    -0.00444070    -0.16942041    -0.98533972
      432    -0.01963667    -0.00458574    -0.70702205    -0.70690394
      433    -0.01978939    -0.00466463    -0.98477798    -0.17262375
      434    -0.01996713    -0.00464086    -0.90671595     0.42124335
      435    -0.02010432    -0.00451576    -0.50603364     0.86226758
      436    -0.02014747    -0.00433010     0.07121598     0.99724802
      437    -0.02007709    -0.00414949     0.62100425     0.78353903
      438    -0.01991639    -0.00403899     0.95373465     0.29996207
      439    -0.01972266    -0.00403731     0.95854783    -0.28421960
      440    -0.01956435    -0.00414149     0.63825567    -0.76956467
      441    -0.01949290    -0.00431039     0.10479499    -0.99429345
      442    -0.01952419    -0.00447955    -0.46140601    -0.88696293
      443    -0.01962997    -0.00458997    -0.87305080    -0.48721238
      444    -0.01975438    -0.00461907    -0.99730230     0.07054462
      445    -0.01984449    -0.00458707    -0.79720049     0.60337098
      446    -0.01987905    -0.00454380    -0.34085813     0.93989357
      447    -0.01988203    -0.00453832     0.22304378     0.97459508
      448    -0.01991162    -0.00458466     0.71432892     0.69951176
      449    -0.02002635    -0.00464158     0.97867494     0.20438387
      450    -0.02024107    -0.00462026     0.93518053    -0.35356235
      451    -0.02049366    -0.00442373     0.59990250    -0.79979837
      452    -0.02064442    -0.00400681     0.07901933    -0.99665124
      453    -0.02051882    -0.00343203    -0.46533351    -0.88489091
      454    -0.01998780    -0.00289164    -0.86544838    -0.50059087
      455    -0.01905973    -0.00267119    -0.99912555     0.03711787
      456    -0.01794307    -0.00305027    -0.82621796     0.56305651
      457    -0.01703735    -0.00416276    -0.40011417     0.91629747
      458    -0.01682643    -0.00586776     0.14880500     0.98870598
      459    -0.01768328    -0.00769995     0.65254013     0.75750867
      460    -0.01964402    -0.00896286     0.95602417     0.29249201
      461    -0.02256957    -0.00896451     0.96409705    -0.26443739
      462    -0.02557668    -0.00709685     0.67097045    -0.74100885
      463    -0.02720716    -0.00372100     0.16437304    -0.98601594
      464    -0.02679808    -0.00019377    -0.39789889    -0.91703779
      465    -0.02509450     0.00192614    -0.83456875    -0.55032859
      466    -0.02394913     0.00236229    -0.99970922    -0.00153106
      467    -0.02449524     0.00261915    -0.83551897     0.54890908
      468    -0.02584860     0.00433246    -0.39582487     0.91795193
      469    -0.02618541     0.00746980     0.17290637     0.98456179
      470    -0.02461930     0.01059554     0.68364509     0.72932230
      471    -0.02168784     0.01232207     0.97107407     0.23747202
      472    -0.01860641     0.01219029     0.94341199    -0.33087612
      473    -0.01641858     0.01063362     0.61009769    -0.79208469
      474    -0.01558103     0.00851115     0.07844218    -0.99676056
      475    -0.01596404     0.00664027    -0.47977710    -0.87722004
      476    -0.01707835     0.00551690    -0.88237976    -0.47019554
      477    -0.01835231     0.00524800    -0.99547820     0.09305270
      478    -0.01934434     0.00563934    -0.77841421     0.62742753
      479    -0.01984239     0.00635398    -0.29977646     0.95378193
      480    -0.01985619     0.00706485     0.28224644     0.95911040
      481    -0.01957177     0.00751562     0.77031370     0.63732038
      482    -0.01920185     0.00767190     0.99524363     0.09519737
      483    -0.01885196     0.00760167     0.87595273    -0.48196849
      484    -0.01862716     0.00737085     0.44991955    -0.89284439
      485    -0.01857736     0.00707868    -0.13648824    -0.99044219
      486    -0.01869525     0.00682652    -0.67669646    -0.73599307
      487    -0.01892640     0.00669280    -0.97613716    -0.21622499
      488    -0.01918694     0.00671561    -0.92308419     0.38406034
      489    -0.01938620     0.00688411    -0.53216931     0.84638798
      490    -0.01945199     0.00714033     0.05689317     0.99816522
      491    -0.01935402     0.00739366     0.62726397     0.77853109
      492    -0.01911831     0.00754762     0.96403464     0.26498064
      493    -0.01882489     0.00753364     0.93598308    -0.35146058
      494    -0.01858494     0.00734087     0.54875753    -0.83574271
      495    -0.01850130     0.00702871    -0.05269141    -0.99841470
      496    -0.01862519     0.00671265    -0.63613326    -0.77132517
      497    -0.01892733     0.00652373    -0.97089369    -0.23867267
      498    -0.01929950     0.00655463    -0.91998005     0.39143490
      499    -0.01959109     0.00681435    -0.49847199     0.86665762
      500    -0.01967004     0.00721384     0.12746666     0.99162155
      501    -0.01947461     0.00760804     0.70385444     0.71003646
      502    -0.01905183     0.00781750     0.99094903     0.13264969
      503    -0.01857541     0.00772177     0.86406918    -0.50297095
      504    -0.01824998     0.00734368     0.37075579    -0.92852203
      505    -0.01822683     0.00683380    -0.28338434    -0.95880884
      506    -0.01853071     0.00641129    -0.81799678    -0.57488849
      507    -0.01903968     0.00626774    -0.99789299     0.06170731
      508    -0.01953266     0.00647677    -0.73853358     0.67390257
      509    -0.01978704     0.00695338    -0.14906974     0.98860424
      510    -0.01968300     0.00748641     0.51003113     0.85989812
      511    -0.01926402     0.00783325     0.94023229     0.33989819
      512    -0.01872137     0.00783400     0.94081090    -0.33832378
      513    -0.01830627     0.00748982     0.50539570    -0.86266098
      514    -0.01821000     0.00696499    -0.16837520    -0.98553015
      515    -0.01847087     0.00650860    -0.76541975    -0.64323329
      516    -0.01895555     0.00633313    -0.99977308     0.00737385
      517    -0.01942613     0.00651045    -0.75351151     0.65711539
      518    -0.01965972     0.00693881    -0.13980432     0.98995965
      519    -0.01955912     0.00739845     0.54503465     0.83815269
      520    -0.01919690     0.00766654     0.96253649     0.27036309
      521    -0.01876631     0.00762958     0.90021200    -0.43498042
      522    -0.01848284     0.00733202     0.38302810    -0.92352266
      523    -0.01847036     0.00694918    -0.33149088    -0.94325201
      524    -0.01869724     0.00667950    -0.87829069    -0.47771463
      525    -0.01901334     0.00663621    -0.97111566     0.23775794
      526    -0.01924639     0.00679649    -0.55528715     0.83140818
      527    -0.01930121     0.00703397     0.15589537     0.98755993
      528    -0.01920153     0.00720924     0.78659733     0.61712557
      529    -0.01905247     0.00725670     0.99598555    -0.08716147
      530    -0.01895458     0.00721114     0.66479924    -0.74674674
      531    -0.01893226     0.00715965    -0.03223596    -0.99927531
      532    -0.01892907     0.00715774    -0.71404200    -0.69981031
      533    -0.01887317     0.00717658    -0.99975951    -0.00855687
      534    -0.01876098     0.00712767    -0.72346673     0.69006747
      535    -0.01868717     0.00695229    -0.03511249     0.99918445
      536    -0.01878276     0.00670732     0.67587716     0.73674438
      537    -0.01909358     0.00656752     0.99867245     0.04738823
      538    -0.01949103     0.00671625     0.74017817    -0.67209469
      539    -0.01970429     0.00718407     0.04528186    -0.99875407
      540    -0.01948840     0.00775538    -0.67899473    -0.73384345
      541    -0.01876392     0.00806593    -0.99939119    -0.02828627
      542    -0.01784515     0.00769719    -0.71638966     0.69742968
      543    -0.01741229     0.00663539     0.00593426     0.99980877
      544    -0.01794941     0.00543111     0.72776904     0.68556585
      545    -0.01937046     0.00492855     0.99809055    -0.05844442
      546    -0.02089328     0.00571405     0.63898050    -0.76891790
      547    -0.02141636     0.00757911    -0.13028166    -0.99121672
      548    -0.02027388     0.00943072    -0.81904013    -0.57330036
      549    -0.01789224     0.00987979    -0.97473925     0.22240877
      550    -0.01576899     0.00826331    -0.48413534     0.87481200
      551    -0.01554585     0.00538305     0.33524656     0.94198678
      552    -0.01767270     0.00319565     0.93047785     0.36590768
      553    -0.02077845     0.00336785     0.88363977    -0.46769400
      554    -0.02261816     0.00576660     0.21328454    -0.97671125
      555    -0.02203350     0.00846600    -0.61417775    -0.78881465
      556    -0.01996605     0.00955269    -0.99943208    -0.02540919
      557    -0.01831816     0.00886752    -0.64843448     0.76099838
      558    -0.01797477     0.00775781     0.18952896     0.98167994
      559    -0.01823852     0.00732055     0.88742800     0.46052721
      560    -0.01809254     0.00727483     0.91019773    -0.41371468
      561    -0.01762091     0.00662303     0.23359183    -0.97215251
      562    -0.01796486     0.00526591    -0.62468271    -0.78065424
      563    -0.01966032     0.00450163    -0.99966331     0.01632372
      564    -0.02158405     0.00550546    -0.59791617     0.80124907
      565    -0.02200234     0.00777329     0.26978416     0.96263803
      566    -0.02048546     0.00947682     0.92759981     0.37289292
      567    -0.01835438     0.00932959     0.86043463    -0.50914469
      568    -0.01728993     0.00773001     0.11808440    -0.99282293
      569    -0.01783367     0.00614227    -0.71836898    -0.69540653
      570    -0.01919512     0.00568934    -0.98810274     0.15248659
      571    -0.02019044     0.00637205    -0.47308209     0.88076392
      572    -0.02023495     0.00737327     0.42089537     0.90685350
      573    -0.01959872     0.00789544     0.97863079     0.20453686
      574    -0.01894929     0.00773404     0.74700584    -0.66450236
      575    -0.01874264     0.00723632    -0.09197750    -0.99555838
      576    -0.01896485     0.00686815    -0.85758003    -0.51395492
      577    -0.01930369     0.00683815    -0.92022144     0.39086200
      578    -0.01947911     0.00703948    -0.22290109     0.97462101
      579    -0.01943186     0.00724259     0.66081481     0.75026244
      580    -0.01928157     0.00730505     0.99471866    -0.10054670
      581    -0.01916812     0.00723288     0.49506038    -0.86861700
      582    -0.01916110     0.00712242    -0.42284115    -0.90597322
      583    -0.01922723     0.00706941    -0.98418555    -0.17595207
      584    -0.01929244     0.00708871    -0.70890422     0.70500522
      585    -0.01931072     0.00714481     0.17264677     0.98476857
      586    -0.01927624     0.00718961     0.90728028     0.42002289
      587    -0.01921679     0.00718624     0.86167780    -0.50704087
      588    -0.01918205     0.00712878     0.07184639    -0.99720576
      589    -0.01921444     0.00705735    -0.78093691    -0.62427442
      590    -0.01930576     0.00704112    -0.95656647     0.29078909
      591    -0.01938252     0.00711915    -0.30049177     0.95356087
      592    -0.01935802     0.00724476     0.61757932     0.78623697
      593    -0.01922234     0.00730338     0.99757127    -0.06654862
      594    -0.01907982     0.00721347     0.50745732    -0.86143543
      595    -0.01907277     0.00702389    -0.42540560    -0.90477454
      596    -0.01924242     0.00689834    -0.98708233    -0.15890441
      597    -0.01946184     0.00697435    -0.68814840     0.72527538
      598    -0.01952859     0.00721829     0.20990290     0.97750054
      599    -0.01935228     0.00742660     0.92492091     0.37959405
      600    -0.01906177     0.00739737     0.83664952    -0.54735684
      601    -0.01892439     0.00715925     0.02377671    -0.99951252
      602    -0.01903756     0.00693243    -0.80899727    -0.58746313
      603    -0.01929786     0.00689506    -0.94351760     0.33068805
      604    -0.01948274     0.00709377    -0.26669322     0.96355842
      605    -0.01942379     0.00736620     0.63792138     0.76982126
      606    -0.01916104     0.00747636     0.99648378    -0.08122210
      607    -0.01891569     0.00732193     0.50657133    -0.86195944
      608    -0.01890035     0.00702863    -0.41192502    -0.91099459
      609    -0.01913284     0.00684498    -0.98133338    -0.19123775
      610    -0.01941862     0.00692826    -0.72553205     0.68787947
      611    -0.01951729     0.00720933     0.13615546     0.99046898
      612    -0.01934734     0.00745282     0.88295437     0.46900077
      613    -0.01905250     0.00745790     0.89817089    -0.43917016
      614    -0.01887669     0.00722506     0.17501820    -0.98435771
      615    -0.01895934     0.00694960    -0.68949571    -0.72400823
      616    -0.01922523     0.00685426    -0.99212587     0.12357051
      617    -0.01945531     0.00700749    -0.49373083     0.86936888
      618    -0.01947010     0.00727664     0.39893009     0.91674574
      619    -0.01926992     0.00744552     0.97184628     0.23470842
      620    -0.01902252     0.00739006     0.77568015    -0.63079619
      621    -0.01891861     0.00716327    -0.02782592    -0.99940807
      622    -0.01903203     0.00694603    -0.80722618    -0.58989442
      623    -0.01926365     0.00690386    -0.96175694     0.27313886
      624    -0.01943225     0.00705334    -0.38054345     0.92453195
      625    -0.01942028     0.00726780     0.48708263     0.87310970
      626    -0.01925411     0.00738598     0.98588561     0.16614539
      627    -0.01906862     0.00733380     0.74929128    -0.66192536
      628    -0.01899662     0.00716753    -0.03874478    -0.99904284
      629    -0.01907405     0.00701683    -0.79552115    -0.60558487
      630    -0.01922775     0.00698284    -0.97436077     0.22405942
      631    -0.01934278     0.00707139    -0.45533555     0.89008168
      632    -0.01934886     0.00720390     0.38399196     0.92310557
      633    -0.01926142     0.00728585     0.95076168     0.30923799
      634    -0.01915532     0.00727462     0.85615792    -0.51630783
      635    -0.01910179     0.00719841     0.17515636    -0.98432899
      636    -0.01912018     0.00712154    -0.62145909    -0.78318089
      637    -0.01917675     0.00709096    -0.99808674    -0.05835097
      638    -0.01922278     0.00710709    -0.71222634     0.70165064
      639    -0.01923575     0.00713659     0.03802546     0.99906612
      640    -0.01923063     0.00715010     0.75995564     0.64965104
      641    -0.01923240     0.00715053     0.99339495    -0.11289578
      642    -0.01924493     0.00715880     0.59839716    -0.80093647
      643    -0.01925073     0.00718728    -0.16891672    -0.98541610
      644    -0.01922563     0.00722410    -0.82840488    -0.55975311
      645    -0.01916475     0.00723473    -0.97826620     0.20633860
      646    -0.01909894     0.00718736    -0.53579147     0.84410371
      647    -0.01908317     0.00708575     0.22494635     0.97415849
      648    -0.01915874     0.00698312     0.84906750     0.52789067
      649    -0.01931235     0.00695961     0.97427286    -0.22443483
      650    -0.01946388     0.00706950     0.53677843    -0.84346908
      651    -0.01950141     0.00728962    -0.20430781    -0.97868528
      652    -0.01935205     0.00750768    -0.82652079    -0.56252334
      653    -0.01904796     0.00757119    -0.98627056     0.16386042
      654    -0.01873935     0.00738062    -0.60441408     0.79641571
      655    -0.01862966     0.00697438     0.10230573     0.99455409
      656    -0.01885568     0.00654530     0.75039212     0.66069152
      657    -0.01937843     0.00635875     0.99960903    -0.01912672
      658    -0.01996031     0.00660138     0.72821646    -0.68502467
      659    -0.02026482     0.00724268     0.08544316    -0.99611061
      660    -0.02004321     0.00800265    -0.59665184    -0.80220995
      661    -0.01933440     0.00845663    -0.97752336    -0.20976831
      662    -0.01846260     0.00832423    -0.87569004     0.48244875
      663    -0.01785133     0.00761082    -0.34960523     0.93669610
      664    -0.01784950     0.00662474     0.34087507     0.93991579
      665    -0.01850457     0.00584661     0.86637517     0.49901650
      666    -0.01951715     0.00566818     0.98487321    -0.17208053
      667    -0.02039938     0.00617012     0.64939340    -0.76015394
      668    -0.02074880     0.00707968     0.02081336    -0.99954298
      669    -0.02046881     0.00793925    -0.61350107    -0.78938864
      670    -0.01979676     0.00837913    -0.97268282    -0.23114069
      671    -0.01912707     0.00831807    -0.90506161     0.42476869
      672    -0.01875275     0.00796652    -0.44799842     0.89380215
      673    -0.01869832     0.00764206     0.19657135     0.98028143
      674    -0.01874909     0.00753094     0.75474566     0.65570629
      675    -0.01864690     0.00755883     0.99782950     0.06270117
      676    -0.01831374     0.00745560     0.83378927    -0.55172862
      677    -0.01795096     0.00696973     0.33748752    -0.94113302
      678    -0.01794318     0.00609330    -0.28782382    -0.95749588
      679    -0.01861673     0.00515152    -0.79698072    -0.60369579
      680    -0.01999080     0.00468887    -0.99950687    -0.02375726
      681    -0.02152058     0.00513839    -0.82792833     0.56039731
      682    -0.02257735     0.00649786    -0.35439436     0.93480088
      683    -0.02267882     0.00848502     0.24289044     0.96975147
      684    -0.02148708     0.01041491     0.74933646     0.66175879
      685    -0.01915038     0.01145611     0.99163532     0.12712751
      686    -0.01633238     0.01096319     0.89493816    -0.44575639
      687    -0.01402760     0.00877618     0.50164845    -0.86491331
      688    -0.01322021     0.00536133    -0.05074494    -0.99860975
      689    -0.01450833     0.00172525    -0.58111309    -0.81369166
      690    -0.01783337    -0.00088052    -0.92537558    -0.37863073
      691    -0.02241915    -0.00136992    -0.98592160     0.16569280
      692    -0.02695262     0.00079010    -0.75558960     0.65449010
      693    -0.02995605     0.00534595    -0.31198638     0.94959915
      694    -0.03023664     0.01125886     0.21234876     0.97666114
      695    -0.02727578     0.01694759     0.67199427     0.73985979
      696    -0.02143981     0.02070431     0.94923969     0.31313844
      697    -0.01394898     0.02116625     0.98217046    -0.18627561
      698    -0.00661154     0.01771230     0.77453941    -0.63224304
      699    -0.00139353     0.01067889     0.38766664    -0.92173673
      700     0.00006451     0.00134034    -0.08067191    -0.99673981
      701    -0.00225721    -0.00621906    -0.52465331    -0.85129027
      702    -0.00664998    -0.01058683    -0.85121265    -0.52467202
      703    -0.01290895    -0.01265594    -0.99561963    -0.09173189
      704    -0.01985501    -0.01168886    -0.93462193     0.35489576
      705    -0.02605224    -0.00753800    -0.68791435     0.72528498
      706    -0.03009384    -0.00071407    -0.31062207     0.95005673
      707    -0.03089206     0.00767857     0.12053082     0.99219909
      708    -0.02791361     0.01612739     0.52376060     0.85125529
      709    -0.02131394     0.02298219     0.82785209     0.56007004
      710    -0.01194483     0.02675878     0.98400002     0.17574202
      711    -0.00123370     0.02641966     0.97218773    -0.23270472
      712     0.00904283     0.02158088     0.80174304    -0.59721068
      713     0.01705109     0.01260902     0.50684884    -0.86177406
      714     0.02120776     0.00059246     0.13855640    -0.99012727
      715     0.02045110    -0.01280759    -0.24482152    -0.96926784
      716     0.01443226    -0.02560131    -0.58713862    -0.80895273
      717     0.00359662    -0.03577033    -0.84223959    -0.53790336
      718    -0.01085690    -0.04157668    -0.97929185    -0.19784079
      719    -0.02713189    -0.04183337    -0.98529457     0.16342714
      720    -0.04308233    -0.03609606    -0.86491518     0.49876119
      721    -0.05355582    -0.02755322    -0.63761980     0.76799322
      722    -0.05841077    -0.01899784    -0.33369907     0.94067646
      723    -0.06005920    -0.00912785     0.00853574     0.99811658
      724    -0.05821420     0.00086277     0.34741022     0.93590411
      725    -0.05302683     0.00975357     0.64311437     0.76386971
      726    -0.04506504     0.01645440     0.86222870     0.50424208
      727    -0.03523844     0.02014282     0.98123261     0.18850753
      728    -0.02468010     0.02036434     0.98868202    -0.14657439
      729    -0.01460233     0.01708315     0.88591842    -0.46329634
      730    -0.00614609     0.01067829     0.68634187    -0.72717470
      731    -0.00024387     0.00188763     0.41342997    -0.91053393
      732     0.00248672    -0.00829120     0.09779790    -0.99516865
      733     0.00180622    -0.01872826    -0.22633139    -0.97386862
      734    -0.00213261    -0.02829972    -0.52484712    -0.85072327
      735    -0.00881920    -0.03601892    -0.76727135    -0.64024959
      736    -0.01746116    -0.04114422    -0.92973759    -0.36550004
      737    -0.02708983    -0.04325125    -0.99715930    -0.05539677
      738    -0.03668044    -0.04226311    -0.96441561     0.25840069
      739    -0.04527097    -0.03843736    -0.83648702     0.54475918
      740    -0.05206533    -0.03231479    -0.62758011     0.77613669
      741    -0.05579729    -0.02603302    -0.35917662     0.93123633
      742    -0.05694745    -0.02076119    -0.05769228     0.99649263
      743    -0.05647731    -0.01580028     0.24778628     0.96703807
      744    -0.05469246    -0.01160256     0.52842319     0.84713815
      745    -0.05200714    -0.00846362     0.75851024     0.64952740
      746    -0.04887876    -0.00650399     0.91784409     0.39386646
      747    -0.04574333    -0.00567521     0.99344845     0.10457303
      748    -0.04296009    -0.00578715     0.98049250    -0.19171696
      749    -0.04077163    -0.00655129     0.88235267    -0.46877343
      750    -0.03928306    -0.00763290     0.70986140    -0.70320365
      751    -0.03846133    -0.00870466     0.47987331    -0.87645112
      752    -0.03815297    -0.00949483     0.21334487    -0.97618552
      753    -0.03811623    -0.00982439    -0.06683688    -0.99698719
      754    -0.03806260    -0.00962957    -0.33803287    -0.94031499
      755    -0.03770170    -0.00896813    -0.57981559    -0.81382555
      756    -0.03678394    -0.00801029    -0.77553923    -0.63017591
      757    -0.03513610    -0.00701657    -0.91339970    -0.40548391
      758    -0.03268658    -0.00630634    -0.98693562    -0.15763853
      759    -0.02947837    -0.00622134    -0.99498733     0.09535474
      760    -0.02566969    -0.00708867    -0.94118692     0.33683528
      761    -0.02222893    -0.00879832    -0.83241977     0.55362965
      762    -0.01932397    -0.01130119    -0.67756207     0.73512483
      763    -0.01659009    -0.01510481    -0.48782499     0.87265307
      764    -0.01446566    -0.02025832    -0.27562169     0.96094382
      765    -0.01340730    -0.02668079    -0.05362055     0.99811483
      766    -0.01385347    -0.03416115     0.16612257     0.98541585
      767    -0.01619071    -0.04236784     0.37287374     0.92677290
      768    -0.02072492    -0.05086647     0.55773526     0.82819953
      769    -0.02765912    -0.05914345     0.71395232     0.69714353
      770    -0.03707870    -0.06663321     0.83702021     0.54183240
      771    -0.04894425    -0.07274689     0.92461647     0.37067066
      772    -0.06309134    -0.07690042     0.97639455     0.19172763
      773    -0.07923654    -0.07854055     0.99368038     0.01233948
      774    -0.09698843    -0.07716757     0.97911400    -0.16116505
      775    -0.11586213    -0.07235423     0.93627520    -0.32361951
      776    -0.13529603    -0.06376042     0.86932436    -0.47106767
      777    -0.15466987    -0.05114405     0.78268262    -0.60072409
      778    -0.17332294    -0.03436851     0.68076614    -0.71086949
      779    -0.19057208    -0.01340734     0.56778167    -0.80070376
      780    -0.20572909     0.01165333     0.44758396    -0.87017719
      781    -0.21519000     0.03314192     0.32413509    -0.92061464
      782    -0.21975287     0.04941028     0.19940311    -0.95368008
      783    -0.22223851     0.06681203     0.07435797    -0.96985416
      784    -0.22248056     0.08507529    -0.04871895    -0.96999539
      785    -0.22035495     0.10392026    -0.16781580    -0.95523930
      786    -0.21577550     0.12306906    -0.28121239    -0.92693826
      787    -0.20868698     0.14225380    -0.38749139    -0.88660252
      788    -0.19905598     0.16122269    -0.48553990    -0.83584387
      789    -0.18686002     0.17974387    -0.57454217    -0.77632259
      790    -0.17207528     0.19760642    -0.65396450    -0.70969870
      791    -0.15466317     0.21461869    -0.72353306    -0.63758767
      792    -0.13455606     0.23060366    -0.78320531    -0.56152120
      793    -0.11164229     0.24539118    -0.83313523    -0.48291289
      794    -0.08575065     0.25880661    -0.87363225    -0.40302936
      795    -0.05663484     0.27065556    -0.90511365    -0.32296647
      796    -0.02395958     0.28070352    -0.92804911    -0.24363153
      797     0.01270831     0.28864985    -0.94289584    -0.16573229
      798     0.05389593     0.29409551    -0.95002285    -0.08977553
      799     0.10019152     0.29650656    -0.94962462    -0.01608110
      800     0.15215541     0.29518201    -0.94163239     0.05517926
      801     0.19559045     0.29117641    -0.92873396     0.12005791
      802     0.22811101     0.28583707    -0.91345963     0.17847698
      803     0.26180939     0.27804973    -0.89410407     0.23392757
      804     0.29694975     0.26756133    -0.87081390     0.28620786
      805     0.33384182     0.25401912    -0.84361534     0.33516724
      806     0.37283322     0.23694544    -0.81235968     0.38068885
      807     0.41428801     0.21570955    -0.77665591     0.42265877
      808     0.45853614     0.18950346    -0.73579275     0.46091439
      809     0.50577013     0.15733810    -0.68866245     0.49516193
      810     0.55584596     0.11810374    -0.63373263     0.52485211
      811     0.60798893     0.07073829    -0.56912107     0.54904168
      812     0.66037216     0.01463293    -0.49297601     0.56627655
      813     0.70981771    -0.04974019    -0.40427360     0.57467173
      814     0.75208999    -0.12031020    -0.30376768     0.57237340
      815     0.78298798    -0.19352316    -0.19441765     0.55828343
      816     0.79970560    -0.26537500    -0.08056766     0.53249968
      817     0.80134865    -0.33271323     0.03373033     0.49598842
      818     0.78825225    -0.39379677     0.14590086     0.44977266
      819     0.76090522    -0.44787510     0.25475051     0.39437712
      820     0.71941944    -0.49434425     0.35945039     0.32993156
      821     0.67516738    -0.52736174     0.44149035     0.26669246
      822     0.62893251    -0.55025644     0.50886177     0.20669168
      823     0.56613417    -0.56961897     0.58059882     0.13390792
      824     0.48182196    -0.58155493     0.65383330     0.04629767
      825     0.37676945    -0.58065775     0.71980360    -0.05257518
      826     0.26214689    -0.56448422     0.76777376    -0.15218418
      827     0.15430540    -0.53695714     0.79345766    -0.24143696
      828     0.06367172    -0.50498141     0.80068044    -0.31599133
      829    -0.00827356    -0.47346400     0.79565930    -0.37774287
      830    -0.06460086    -0.44438263     0.78295064    -0.43051027
      831    -0.10909403    -0.41803319     0.76503891    -0.47755860
      832    -0.14485898    -0.39407886     0.74309025    -0.52108983
      833    -0.17415779    -0.37203760     0.71758871    -0.56242647
      834    -0.19857809    -0.35145486     0.68869754    -0.60228060
      835    -0.21922692    -0.33194858     0.65644408    -0.64096090
      836    -0.23687950    -0.31321098     0.62081291    -0.67851184
      837    -0.25208204    -0.29499856     0.58179391    -0.71480511
      838    -0.26522110    -0.27712053     0.53940765    -0.74960080
      839    -0.27657011    -0.25942931     0.49371895    -0.78258994
      840    -0.28632096    -0.24181349     0.44484366    -0.81342527
      841    -0.29272656    -0.22641826     0.39428594    -0.84118044
      842    -0.29663527    -0.21356727     0.34249704    -0.86550120
      843    -0.29955457    -0.20045435     0.28882022    -0.88694306
      844    -0.30152219    -0.18708054     0.23359641    -0.90527231
      845    -0.30256868    -0.17345411     0.17719798    -0.92030796
      846    -0.30271913    -0.15958888     0.12002050    -0.93192682
      847    -0.30199428    -0.14550284     0.06247440    -0.94006666
      848    -0.30041137    -0.13121703     0.00497610    -0.94472765
      849    -0.29798476    -0.11675472    -0.05206158    -0.94597199
      850    -0.29472680    -0.10214302    -0.10824052    -0.94392103
      851    -0.29064791    -0.08740671    -0.16317951    -0.93875253
      852    -0.28575700    -0.07256812    -0.21652064    -0.93069631
      853    -0.28006245    -0.05765171    -0.26793987    -0.92002692
      854    -0.27357232    -0.04268038    -0.31714858    -0.90705752
      855    -0.26629470    -0.02767448    -0.36389588    -0.89213286
      856    -0.25823768    -0.01265062    -0.40796912    -0.87562233
      857    -0.24940893     0.00238019    -0.44919346    -0.85791302
      858    -0.23981433     0.01741533    -0.48743011    -0.83940317
      859    -0.22945532     0.03246431    -0.52257340    -0.82049580
      860    -0.21832364     0.04755540    -0.55454733    -0.80159250
      861    -0.20756229     0.06025556    -0.58302000    -0.78318251
      862    -0.19848561     0.06999472    -0.60799438    -0.76553709
      863    -0.19028021     0.07816916    -0.62980573    -0.74901787
      864    -0.18354499     0.08428268    -0.64829068    -0.73411638
      865    -0.17936498     0.08735317    -0.66317250    -0.72138746
      866    -0.18011341     0.08508681    -0.67383069    -0.71152765
      867    -0.19271334     0.07047619    -0.67825867    -0.70559185
      868    -0.25230624     0.00629029    -0.66328708    -0.70452271
      869    -0.63791729    -0.48369415    -0.30747044    -0.51435730
      870    -0.67384764    -0.70501066     0.21781525    -0.03802421
      871    -0.65542473    -0.70590891     0.26818380     0.01372882
      872    -0.65127862    -0.70563457     0.27829829     0.02158872
      873    -0.65121900    -0.70562473     0.27871059     0.01810990
      874    -0.65339801    -0.70571900     0.27378870     0.00845413
      875    -0.65738055    -0.70571666     0.26415155    -0.00622606
      876    -0.66327692    -0.70531230     0.24878875    -0.02650380
      877    -0.67160255    -0.70384627     0.22481447    -0.05485342
      878    -0.68327420    -0.69946696     0.18535868    -0.09759354
      879    -0.69870836    -0.68547831     0.11232990    -0.17119609
      880    -0.70626674    -0.63234780    -0.04277038    -0.31542710
      881    -0.64626659    -0.48227532    -0.28953043    -0.51567639
      882    -0.52521882    -0.30043185    -0.47855685    -0.63629336
      883    -0.44675726    -0.20152992    -0.55893795    -0.66886621
      884    -0.40695728    -0.15529982    -0.59802796    -0.67277804
      885    -0.38601928    -0.13234893    -0.62409274    -0.66631908
      886    -0.37513970    -0.12107406    -0.64556940    -0.65410353
      887    -0.37038146    -0.11646829    -0.66534181    -0.63763076
      888    -0.36978347    -0.11603812    -0.68444535    -0.61751915
      889    -0.37226734    -0.11837662    -0.70318143    -0.59408743
      890    -0.37718514    -0.12259930    -0.72152341    -0.56754273
      891    -0.38411080    -0.12809358    -0.73929042    -0.53805260
      892    -0.39273411    -0.13439693    -0.75623277    -0.50577601
      893    -0.40280237    -0.14113392    -0.77207897    -0.47087740
      894    -0.41408642    -0.14798287    -0.78656412    -0.43353246
      895    -0.42636040    -0.15465864    -0.79944803    -0.39392939
      896    -0.43939020    -0.16090495    -0.81052673    -0.35226732
      897    -0.45292802    -0.16649259    -0.81963900    -0.30875289
      898    -0.46671169    -0.17122104    -0.82666853    -0.26359570
      899    -0.48046786    -0.17492204    -0.83154217    -0.21700352
      900    -0.49391757    -0.17746358    -0.83422492    -0.16917712
      901    -0.51391830    -0.18066972    -0.83010344    -0.11905756
      902    -0.53622218    -0.18283252    -0.82127398    -0.06743207
      903    -0.55684102    -0.18334463    -0.80998622    -0.01533418
      904    -0.57550973    -0.18232660    -0.79635058     0.03703114
      905    -0.59203158    -0.17993994    -0.78045783     0.08947512
      906    -0.60627626    -0.17637462    -0.76236992     0.14182098
      907    -0.61817429    -0.17183766    -0.74211602     0.19389733
      908    -0.62770949    -0.16654380    -0.71969366     0.24553001
      909    -0.63491156    -0.16070862    -0.69507437     0.29653277
      910    -0.63984951    -0.15454405    -0.66821325     0.34669842
      911    -0.64262669    -0.14825573    -0.63906181     0.39579183
      912    -0.64337718    -0.14204179    -0.60758305     0.44354568
      913    -0.64226318    -0.13609255    -0.57376792     0.48966028
      914    -0.63947292    -0.13059063    -0.53765174     0.53380809
      915    -0.63521830    -0.12571127    -0.49932884     0.57564321
      916    -0.62973173    -0.12162266    -0.45896399     0.61481537
      917    -0.62326182    -0.11848637    -0.41679916     0.65098706
      918    -0.61606804    -0.11645777    -0.37315434     0.68385203
      919    -0.60841465    -0.11568655    -0.32842229     0.71315288
      920    -0.60056437    -0.11631753    -0.28305771     0.73869547
      921    -0.60195020    -0.12079099    -0.23594193     0.75325752
      922    -0.60361424    -0.12751953    -0.19088330     0.76351305
      923    -0.60594077    -0.13620787    -0.14808315     0.76964575
      924    -0.60914837    -0.14701040    -0.10808556     0.77177958
      925    -0.61344682    -0.16007758    -0.07140742     0.77003840
      926    -0.61903106    -0.17554818    -0.03853170     0.76452514
      927    -0.62607168    -0.19353650    -0.00990052     0.75530117
      928    -0.63470071    -0.21411278     0.01409435     0.74236923
      929    -0.64499160    -0.23727317     0.03312985     0.72566500
      930    -0.65693319    -0.26291006     0.04696605     0.70506119
      931    -0.67040252    -0.29077288     0.05547907     0.68039229
      932    -0.68513639    -0.32042608     0.05871142     0.65151225
      933    -0.70071914    -0.35123303     0.05691353     0.61837601
      934    -0.71659623    -0.38236998     0.05058085     0.58114080
      935    -0.73212466    -0.41288669     0.04046383     0.54025988
      936    -0.74665923    -0.44181335     0.02753435     0.49653078
      937    -0.75965560    -0.46829200     0.01290402     0.45106481
      938    -0.77075778    -0.49169400    -0.00228971     0.40517182
      939    -0.77984014    -0.51168539    -0.01699684     0.36019235
      940    -0.78699347    -0.52822324    -0.03033305     0.31733482
      941    -0.79290102    -0.54239941    -0.04297942     0.27434217
      942    -0.79701449    -0.55390718    -0.05470799     0.23443928
      943    -0.79982469    -0.56264794    -0.06362250     0.19914804
      944    -0.80178278    -0.56907399    -0.06929030     0.16881357
      945    -0.80330269    -0.57356848    -0.07114448     0.14374442
      946    -0.80476167    -0.57637941    -0.06814591     0.12450528
      947    -0.80651631    -0.57750012    -0.05796955     0.11253703
      948    -0.80883681    -0.57624277    -0.03444372     0.11198618
      949    -0.81061097    -0.56879823     0.02334127     0.13723559
      950    -0.78522326    -0.52324544     0.21304776     0.25347444
      951    -0.63251785    -0.37459897     0.51824635     0.43705549
      952    -0.44774183    -0.22405691     0.68867808     0.52445044
      953    -0.38824270    -0.17777201     0.72914067     0.53480707
      954    -0.36947700    -0.16288959     0.74548450     0.53028916
      955    -0.36755431    -0.16042661     0.75425487     0.51987184
      956    -0.37563417    -0.16489286     0.75887736     0.50578105
      957    -0.39156096    -0.17437188     0.75981446     0.48883173
      958    -0.41498333    -0.18825861     0.75638115     0.46929211
      959    -0.44648846    -0.20657600     0.74709293     0.44701965
      960    -0.48722908    -0.22968798     0.72957810     0.42138705
      961    -0.53714830    -0.25723713     0.70139136     0.39160046
      962    -0.59673026    -0.28927540     0.65840364     0.35600194
      963    -0.66615590    -0.32571803     0.59412382     0.31170654
      964    -0.73942345    -0.36328027     0.50508933     0.25722593
      965    -0.80545435    -0.39629094     0.39532356     0.19472046
      966    -0.85372407    -0.41966665     0.27893962     0.13125475
      967    -0.87932534    -0.43133734     0.18512493     0.08039776
      968    -0.89173298    -0.43641325     0.11248247     0.04127303
      969    -0.89850806    -0.43895701     0.00000000     0.00000000
      970    -0.89809496    -0.43876035    -0.02740291    -0.01280172
      971    -0.89748488    -0.43848399    -0.04349933    -0.01898656
      972    -0.89704179    -0.43829860    -0.05269557    -0.02082168
      973    -0.89681007    -0.43821211    -0.05757077    -0.01968372
      974    -0.89675146    -0.43819314    -0.05961316    -0.01642741
      975    -0.89681618    -0.43820777    -0.05966461    -0.01161125
      976    -0.89696131    -0.43822864    -0.05817533    -0.00563082
      977    -0.89715329    -0.43823591    -0.05535179     0.00119980
      978    -0.89736637    -0.43821619    -0.05124746     0.00859464
      979    -0.89758034    -0.43816133    -0.04582410     0.01625823
      980    -0.89777880    -0.43806745    -0.03899921     0.02385788
      981    -0.89791334    -0.43796551    -0.03177366     0.03046766
      982    -0.89799827    -0.43786435    -0.02415823     0.03592081
      983    -0.89806718    -0.43772992    -0.01510525     0.04049310
      984    -0.89810589    -0.43756557    -0.00477415     0.04381076
      985    -0.89810215    -0.43737820     0.00659964     0.04548944
      986    -0.89804648    -0.43717787     0.01868756     0.04515316
      987    -0.89793292    -0.43697714     0.03105557     0.04246169
      988    -0.89775956    -0.43679047     0.04315234     0.03714487
      989    -0.89752894    -0.43663314     0.05430997     0.02904698
      990    -0.89724833    -0.43652017     0.06375854     0.01817763
      991    -0.89692961    -0.43646501     0.07066016     0.00476553
      992    -0.89658895    -0.43647815     0.07416723    -0.01069138
      993    -0.89624597    -0.43656576     0.07350729    -0.02738933
      994    -0.89592255    -0.43672840     0.06809366    -0.04420791
      995    -0.89564106    -0.43696011     0.05765547    -0.05973942
      996    -0.89542219    -0.43724804     0.04237426    -0.07237179
      997    -0.89528265    -0.43757267     0.02300173    -0.08043671
      998    -0.89523273    -0.43790882     0.00093277    -0.08242181
      999    -0.89527407    -0.43822825    -0.02179730    -0.07723482
     1000    -0.89539843    -0.43850257    -0.04263353    -0.06449438
