#    Step     Kinetic(H)     Potential(H)   Total(H)       E(0)(H)        E(1)(H)        
        0     0.00000000   -77.55486547   -77.55486547   -77.84654369   -77.55486547
        1     0.00188214   -77.55675596   -77.55487382   -77.84838598   -77.55675596
        2     0.00739719   -77.56229496   -77.55489777   -77.85377964   -77.56229496
        3     0.01616768   -77.57110186   -77.55493418   -77.86234195   -77.57110186
        4     0.02761643   -77.58259503   -77.55497860   -77.87348776   -77.58259503
        5     0.04103342   -77.59605946   -77.55502604   -77.88649715   -77.59605946
        6     0.05565050   -77.61072239   -77.55507189   -77.90059114   -77.61072239
        7     0.07071204   -77.62582453   -77.55511249   -77.91500300   -77.62582453
        8     0.08553229   -77.64067770   -77.55514541   -77.92903598   -77.64067770
        9     0.09953459   -77.65470411   -77.55516952   -77.94210284   -77.65470411
       10     0.11227184   -77.66745658   -77.55518474   -77.95374626   -77.66745658
       11     0.12343059   -77.67862237   -77.55519178   -77.96364294   -77.67862237
       12     0.13282268   -77.68801454   -77.55519186   -77.97159535   -77.68801454
       13     0.14036912   -77.69555552   -77.55518639   -77.97751559   -77.69555552
       14     0.14607994   -77.70125679   -77.55517685   -77.98140547   -77.70125679
       15     0.15003326   -77.70519780   -77.55516455   -77.98333583   -77.70519780
       16     0.15235556   -77.70750618   -77.55515062   -77.98342705   -77.70750618
       17     0.15320447   -77.70834045   -77.55513598   -77.98183219   -77.70834045
       18     0.15275439   -77.70787576   -77.55512136   -77.97872290   -77.70787576
       19     0.15118514   -77.70629245   -77.55510731   -77.97427861   -77.70629245
       20     0.00570027   -77.70376742   -77.69806715   -77.96867849   -77.70376742
       21     0.00517818   -77.70324480   -77.69806661   -77.96749005   -77.70324480
       22     0.00476713   -77.70283329   -77.69806616   -77.96633008   -77.70283329
       23     0.00447418   -77.70253997   -77.69806578   -77.96521066   -77.70253997
       24     0.00430526   -77.70237073   -77.69806548   -77.96414232   -77.70237073
       25     0.00426522   -77.70233045   -77.69806523   -77.96313390   -77.70233045
       26     0.00435795   -77.70242300   -77.69806505   -77.96219250   -77.70242300
       27     0.00458641   -77.70265133   -77.69806492   -77.96132352   -77.70265133
       28     0.00495260   -77.70301745   -77.69806485   -77.96053059   -77.70301745
       29     0.00545754   -77.70352239   -77.69806485   -77.95981567   -77.70352239
       30     0.00610120   -77.70416612   -77.69806492   -77.95917904   -77.70416612
       31     0.00688244   -77.70494751   -77.69806507   -77.95861936   -77.70494751
       32     0.00779891   -77.70586420   -77.69806530   -77.95813375   -77.70586420
       33     0.00884694   -77.70691255   -77.69806561   -77.95771782   -77.70691255
       34     0.01002155   -77.70808756   -77.69806602   -77.95736572   -77.70808756
       35     0.01131632   -77.70938283   -77.69806651   -77.95707017   -77.70938283
       36     0.01272343   -77.71079053   -77.69806710   -77.95682258   -77.71079053
       37     0.01423363   -77.71230143   -77.69806780   -77.95661299   -77.71230143
       38     0.01583625   -77.71390481   -77.69806856   -77.95643028   -77.71390481
       39     0.01751925   -77.71558866   -77.69806941   -77.95626208   -77.71558866
       40     0.00570027   -77.71733965   -77.71163938   -77.95609499   -77.71733965
       41     0.00671419   -77.71835410   -77.71163991   -77.95601968   -77.71835410
       42     0.00781509   -77.71945561   -77.71164051   -77.95597395   -77.71945561
       43     0.00899348   -77.72063466   -77.71164118   -77.95594779   -77.72063466
       44     0.01023877   -77.72188069   -77.71164192   -77.95593016   -77.72188069
       45     0.01153937   -77.72318209   -77.71164271   -77.95590911   -77.72318209
       46     0.01288279   -77.72452635   -77.71164356   -77.95587187   -77.72452635
       47     0.01425571   -77.72590017   -77.71164446   -77.95580497   -77.72590017
       48     0.01564414   -77.72728953   -77.71164539   -77.95569443   -77.72728953
       49     0.01703356   -77.72867990   -77.71164635   -77.95552588   -77.72867990
       50     0.01840910   -77.73005642   -77.71164732   -77.95528474   -77.73005642
       51     0.01975576   -77.73140405   -77.71164829   -77.95495646   -77.73140405
       52     0.02105860   -77.73270784   -77.71164925   -77.95452674   -77.73270784
       53     0.02230301   -77.73395318   -77.71165017   -77.95398176   -77.73395318
       54     0.02347498   -77.73512602   -77.71165104   -77.95330843   -77.73512602
       55     0.02456138   -77.73621322   -77.71165184   -77.95249472   -77.73621322
       56     0.02555025   -77.73720280   -77.71165255   -77.95152991   -77.73720280
       57     0.02643111   -77.73808425   -77.71165315   -77.95040487   -77.73808425
       58     0.02719524   -77.73884886   -77.71165362   -77.94911238   -77.73884886
       59     0.02783599   -77.73948994   -77.71165395   -77.94764742   -77.73948994
       60     0.00570027   -77.74000317   -77.73430290   -77.94600740   -77.74000317
       61     0.00589520   -77.74019806   -77.73430286   -77.94520868   -77.74019806
       62     0.00607833   -77.74038112   -77.73430279   -77.94436308   -77.74038112
       63     0.00625082   -77.74055354   -77.73430272   -77.94347242   -77.74055354
       64     0.00641411   -77.74071673   -77.73430261   -77.94253889   -77.74071673
       65     0.00656987   -77.74087236   -77.73430248   -77.94156486   -77.74087236
       66     0.00671995   -77.74102233   -77.73430237   -77.94055289   -77.74102233
       67     0.00686632   -77.74116857   -77.73430225   -77.93950576   -77.74116857
       68     0.00701100   -77.74131312   -77.73430212   -77.93842626   -77.74131312
       69     0.00715604   -77.74145802   -77.73430198   -77.93731727   -77.74145802
       70     0.00730341   -77.74160527   -77.73430186   -77.93618154   -77.74160527
       71     0.00745496   -77.74175671   -77.73430175   -77.93502180   -77.74175671
       72     0.00761239   -77.74191405   -77.73430165   -77.93384064   -77.74191405
       73     0.00777716   -77.74207874   -77.73430158   -77.93264041   -77.74207874
       74     0.00795045   -77.74225197   -77.73430152   -77.93142324   -77.74225197
       75     0.00813312   -77.74243460   -77.73430148   -77.93019096   -77.74243460
       76     0.00832569   -77.74262716   -77.73430147   -77.92894510   -77.74262716
       77     0.00852829   -77.74282978   -77.73430150   -77.92768678   -77.74282978
       78     0.00874062   -77.74304216   -77.73430154   -77.92641685   -77.74304216
       79     0.00896200   -77.74326361   -77.73430160   -77.92513569   -77.74326361
       80     0.00570027   -77.74349299   -77.73779272   -77.92384336   -77.74349299
       81     0.00589024   -77.74368306   -77.73779282   -77.92281839   -77.74368306
       82     0.00609230   -77.74388525   -77.73779295   -77.92178737   -77.74388525
       83     0.00630435   -77.74409746   -77.73779311   -77.92074919   -77.74409746
       84     0.00652392   -77.74431721   -77.73779329   -77.91970238   -77.74431721
       85     0.00674817   -77.74454164   -77.73779348   -77.91864517   -77.74454164
       86     0.00697400   -77.74476768   -77.73779368   -77.91757557   -77.74476768
       87     0.00719814   -77.74499203   -77.73779389   -77.91649140   -77.74499203
       88     0.00741721   -77.74521132   -77.73779411   -77.91539043   -77.74521132
       89     0.00762781   -77.74542212   -77.73779431   -77.91427044   -77.74542212
       90     0.00782662   -77.74562113   -77.73779451   -77.91312929   -77.74562113
       91     0.00801049   -77.74580518   -77.73779469   -77.91196504   -77.74580518
       92     0.00817649   -77.74597134   -77.73779486   -77.91077597   -77.74597134
       93     0.00832202   -77.74611702   -77.73779499   -77.90956072   -77.74611702
       94     0.00844487   -77.74623997   -77.73779511   -77.90831826   -77.74623997
       95     0.00854322   -77.74633841   -77.73779519   -77.90704803   -77.74633841
       96     0.00861574   -77.74641097   -77.73779523   -77.90574992   -77.74641097
       97     0.00866159   -77.74645684   -77.73779525   -77.90442426   -77.74645684
       98     0.00868043   -77.74647566   -77.73779523   -77.90307189   -77.74647566
       99     0.00867240   -77.74646761   -77.73779520   -77.90169412   -77.74646761
      100     0.00570027   -77.74643329   -77.74073302   -77.90029277   -77.74643329
      101     0.00565481   -77.74638774   -77.74073293   -77.89913892   -77.74638774
      102     0.00559563   -77.74632848   -77.74073284   -77.89797349   -77.74632848
      103     0.00552410   -77.74625685   -77.74073275   -77.89679871   -77.74625685
      104     0.00544176   -77.74617440   -77.74073264   -77.89561697   -77.74617440
      105     0.00535030   -77.74608283   -77.74073253   -77.89443078   -77.74608283
      106     0.00525154   -77.74598394   -77.74073241   -77.89324273   -77.74598394
      107     0.00514735   -77.74587964   -77.74073229   -77.89205547   -77.74587964
      108     0.00503967   -77.74577184   -77.74073217   -77.89087166   -77.74577184
      109     0.00493042   -77.74566246   -77.74073204   -77.88969393   -77.74566246
      110     0.00482147   -77.74555339   -77.74073193   -77.88852482   -77.74555339
      111     0.00471464   -77.74544647   -77.74073183   -77.88736677   -77.74544647
      112     0.00461164   -77.74534338   -77.74073174   -77.88622212   -77.74534338
      113     0.00451403   -77.74524569   -77.74073166   -77.88509303   -77.74524569
      114     0.00442325   -77.74515480   -77.74073156   -77.88398146   -77.74515480
      115     0.00434051   -77.74507201   -77.74073150   -77.88288914   -77.74507201
      116     0.00426687   -77.74499832   -77.74073145   -77.88181762   -77.74499832
      117     0.00420316   -77.74493456   -77.74073140   -77.88076820   -77.74493456
      118     0.00414999   -77.74488136   -77.74073137   -77.87974189   -77.74488136
      119     0.00410775   -77.74483913   -77.74073138   -77.87873948   -77.74483913
      120     0.00570027   -77.74480800   -77.73910774   -77.87776155   -77.74480800
      121     0.00567422   -77.74478196   -77.73910774   -77.87663136   -77.74478196
      122     0.00565638   -77.74476415   -77.73910777   -77.87552433   -77.74476415
      123     0.00564630   -77.74475410   -77.73910780   -77.87444045   -77.74475410
      124     0.00564340   -77.74475127   -77.73910786   -77.87337943   -77.74475127
      125     0.00564697   -77.74475489   -77.73910792   -77.87234093   -77.74475489
      126     0.00565617   -77.74476413   -77.73910796   -77.87132445   -77.74476413
      127     0.00567009   -77.74477812   -77.73910803   -77.87032932   -77.74477812
      128     0.00568773   -77.74479583   -77.73910810   -77.86935487   -77.74479583
      129     0.00570806   -77.74481625   -77.73910818   -77.86840034   -77.74481625
      130     0.00573003   -77.74483825   -77.73910823   -77.86746497   -77.74483825
      131     0.00575254   -77.74486085   -77.73910831   -77.86654792   -77.74486085
      132     0.00577456   -77.74488291   -77.73910836   -77.86564845   -77.74488291
      133     0.00579504   -77.74490345   -77.73910841   -77.86476581   -77.74490345
      134     0.00581299   -77.74492147   -77.73910848   -77.86389931   -77.74492147
      135     0.00582748   -77.74493603   -77.73910856   -77.86304837   -77.74493603
      136     0.00583761   -77.74494624   -77.73910863   -77.86221254   -77.74494624
      137     0.00584256   -77.74495127   -77.73910870   -77.86139146   -77.74495127
      138     0.00584157   -77.74495028   -77.73910871   -77.86058503   -77.74495028
      139     0.00583392   -77.74494270   -77.73910878   -77.85979311   -77.74494270
      140     0.00570027   -77.74492779   -77.73922752   -77.85901597   -77.74492779
      141     0.00567764   -77.74490511   -77.73922747   -77.85826228   -77.74490511
      142     0.00564669   -77.74487424   -77.73922755   -77.85752481   -77.74487424
      143     0.00560668   -77.74483444   -77.73922776   -77.85680468   -77.74483444
      144     0.00555670   -77.74478442   -77.73922772   -77.85610385   -77.74478442
      145     0.00549558   -77.74472342   -77.73922784   -77.85542412   -77.74472342
      146     0.00542177   -77.74464980   -77.73922803   -77.85476853   -77.74464980
      147     0.00533304   -77.74456135   -77.73922831   -77.85414101   -77.74456135
      148     0.00522611   -77.74445484   -77.73922873   -77.85354698   -77.74445484
      149     0.00509607   -77.74432543   -77.73922936   -77.85299388   -77.74432543
      150     0.00493529   -77.74416567   -77.73923038   -77.85249221   -77.74416567
      151     0.00473165   -77.74396373   -77.73923208   -77.85205737   -77.74396373
      152     0.00446506   -77.74370015   -77.73923509   -77.85171283   -77.74370015
      153     0.00410068   -77.74334152   -77.73924084   -77.85149642   -77.74334152
      154     0.00357539   -77.74282825   -77.73925285   -77.85147202   -77.74282825
      155     0.00280145   -77.74206045   -77.73925899   -77.85174168   -77.74206045
      156     0.00247894   -77.74156732   -77.73908838   -77.85176590   -77.74156732
      157     0.00328698   -77.74239288   -77.73910591   -77.85048994   -77.74239288
      158     0.00371547   -77.74280128   -77.73908581   -77.84967424   -77.74280128
      159     0.00391807   -77.74299505   -77.73907699   -77.84911957   -77.74299505
      160     0.00570027   -77.74307518   -77.73737491   -77.84872562   -77.74307518
      161     0.00571480   -77.74308586   -77.73737106   -77.84838990   -77.74308586
      162     0.00567422   -77.74304321   -77.73736899   -77.84815025   -77.74304321
      163     0.00560576   -77.74297351   -77.73736775   -77.84798181   -77.74297351
      164     0.00552575   -77.74289271   -77.73736696   -77.84787077   -77.74289271
      165     0.00544482   -77.74281125   -77.73736643   -77.84780903   -77.74281125
      166     0.00537028   -77.74273633   -77.73736605   -77.84779176   -77.74273633
      167     0.00530729   -77.74267318   -77.73736590   -77.84781585   -77.74267318
      168     0.00525948   -77.74262515   -77.73736567   -77.84787956   -77.74262515
      169     0.00522934   -77.74259493   -77.73736559   -77.84798115   -77.74259493
      170     0.00521838   -77.74258388   -77.73736550   -77.84811944   -77.74258388
      171     0.00522726   -77.74259273   -77.73736547   -77.84829293   -77.74259273
      172     0.00525589   -77.74262138   -77.73736549   -77.84850001   -77.74262138
      173     0.00530350   -77.74266909   -77.73736560   -77.84873873   -77.74266909
      174     0.00536869   -77.74273440   -77.73736570   -77.84900690   -77.74273440
      175     0.00544956   -77.74281539   -77.73736584   -77.84930194   -77.74281539
      176     0.00554373   -77.74290976   -77.73736604   -77.84962092   -77.74290976
      177     0.00564848   -77.74301469   -77.73736621   -77.84996082   -77.74301469
      178     0.00576085   -77.74312727   -77.73736641   -77.85031831   -77.74312727
      179     0.00587774   -77.74324435   -77.73736661   -77.85069008   -77.74324435
      180     0.00570027   -77.74336282   -77.73766255   -77.85107280   -77.74336282
      181     0.00581441   -77.74347716   -77.73766275   -77.85145420   -77.74347716
      182     0.00592504   -77.74358792   -77.73766288   -77.85184167   -77.74358792
      183     0.00602957   -77.74369260   -77.73766303   -77.85223244   -77.74369260
      184     0.00612569   -77.74378885   -77.73766316   -77.85262420   -77.74378885
      185     0.00621149   -77.74387473   -77.73766324   -77.85301497   -77.74387473
      186     0.00628545   -77.74394874   -77.73766329   -77.85340319   -77.74394874
      187     0.00634648   -77.74400980   -77.73766332   -77.85378775   -77.74400980
      188     0.00639394   -77.74405730   -77.73766336   -77.85416795   -77.74405730
      189     0.00642765   -77.74409098   -77.73766333   -77.85454367   -77.74409098
      190     0.00644783   -77.74411112   -77.73766329   -77.85491507   -77.74411112
      191     0.00645511   -77.74411834   -77.73766323   -77.85528283   -77.74411834
      192     0.00645048   -77.74411361   -77.73766313   -77.85564794   -77.74411361
      193     0.00643524   -77.74409827   -77.73766303   -77.85601168   -77.74409827
      194     0.00641093   -77.74407389   -77.73766296   -77.85637558   -77.74407389
      195     0.00637933   -77.74404215   -77.73766282   -77.85674154   -77.74404215
      196     0.00634235   -77.74400505   -77.73766269   -77.85711140   -77.74400505
      197     0.00630199   -77.74396456   -77.73766257   -77.85748722   -77.74396456
      198     0.00626031   -77.74392276   -77.73766245   -77.85787105   -77.74392276
      199     0.00621935   -77.74388167   -77.73766233   -77.85826498   -77.74388167
      200     0.00570027   -77.74384331   -77.73814305   -77.85867102   -77.74384331
      201     0.00566870   -77.74381165   -77.73814295   -77.85907549   -77.74381165
      202     0.00564472   -77.74378759   -77.73814287   -77.85949728   -77.74378759
      203     0.00562988   -77.74377262   -77.73814274   -77.85993801   -77.74377262
      204     0.00562551   -77.74376818   -77.73814267   -77.86039894   -77.74376818
      205     0.00563275   -77.74377537   -77.73814263   -77.86088127   -77.74377537
      206     0.00565251   -77.74379510   -77.73814259   -77.86138594   -77.74379510
      207     0.00568549   -77.74382807   -77.73814257   -77.86191368   -77.74382807
      208     0.00573215   -77.74387472   -77.73814257   -77.86246497   -77.74387472
      209     0.00579272   -77.74393531   -77.73814259   -77.86304007   -77.74393531
      210     0.00586721   -77.74400983   -77.73814262   -77.86363902   -77.74400983
      211     0.00595539   -77.74409805   -77.73814265   -77.86426165   -77.74409805
      212     0.00605683   -77.74419942   -77.73814259   -77.86490767   -77.74419942
      213     0.00617089   -77.74431354   -77.73814265   -77.86557627   -77.74431354
      214     0.00629671   -77.74443943   -77.73814272   -77.86626677   -77.74443943
      215     0.00643327   -77.74457606   -77.73814280   -77.86697820   -77.74457606
      216     0.00657934   -77.74472221   -77.73814287   -77.86770944   -77.74472221
      217     0.00673352   -77.74487651   -77.73814299   -77.86845915   -77.74487651
      218     0.00689427   -77.74503737   -77.73814310   -77.86922592   -77.74503737
      219     0.00705986   -77.74520306   -77.73814319   -77.87000822   -77.74520306
      220     0.00570027   -77.74537176   -77.73967149   -77.87080431   -77.74537176
      221     0.00585290   -77.74552454   -77.73967164   -77.87152430   -77.74552454
      222     0.00600860   -77.74568038   -77.73967177   -77.87225806   -77.74568038
      223     0.00616535   -77.74583727   -77.73967191   -77.87300374   -77.74583727
      224     0.00632099   -77.74599305   -77.73967206   -77.87375942   -77.74599305
      225     0.00647323   -77.74614542   -77.73967219   -77.87452310   -77.74614542
      226     0.00661971   -77.74629207   -77.73967236   -77.87529269   -77.74629207
      227     0.00675800   -77.74643053   -77.73967254   -77.87606618   -77.74643053
      228     0.00688564   -77.74655834   -77.73967270   -77.87684155   -77.74655834
      229     0.00700019   -77.74667304   -77.73967284   -77.87761687   -77.74667304
      230     0.00709928   -77.74677228   -77.73967300   -77.87839027   -77.74677228
      231     0.00718064   -77.74685379   -77.73967315   -77.87916008   -77.74685379
      232     0.00724220   -77.74691549   -77.73967329   -77.87992480   -77.74691549
      233     0.00728213   -77.74695554   -77.73967340   -77.88068311   -77.74695554
      234     0.00729899   -77.74697249   -77.73967350   -77.88143390   -77.74697249
      235     0.00729181   -77.74696537   -77.73967356   -77.88217618   -77.74696537
      236     0.00726028   -77.74693389   -77.73967361   -77.88290898   -77.74693389
      237     0.00720501   -77.74687853   -77.73967352   -77.88363133   -77.74687853
      238     0.00712775   -77.74680116   -77.73967341   -77.88434166   -77.74680116
      239     0.00703178   -77.74670495   -77.73967317   -77.88503792   -77.74670495
      240     0.00570027   -77.74659499   -77.74089472   -77.88571697   -77.74659499
      241     0.00559659   -77.74649100   -77.74089441   -77.88631474   -77.74649100
      242     0.00549771   -77.74639184   -77.74089413   -77.88689119   -77.74639184
      243     0.00540931   -77.74630325   -77.74089394   -77.88744437   -77.74630325
      244     0.00533470   -77.74622856   -77.74089386   -77.88797532   -77.74622856
      245     0.00527436   -77.74616821   -77.74089385   -77.88848842   -77.74616821
      246     0.00522676   -77.74612060   -77.74089384   -77.88899034   -77.74612060
      247     0.00518976   -77.74608364   -77.74089388   -77.88948832   -77.74608364
      248     0.00511081   -77.72311560   -77.71800479   -77.91358804   -77.72311560
      249     0.00500352   -77.72300821   -77.71800469   -77.91416172   -77.72300821
      250     0.00492770   -77.72293234   -77.71800464   -77.91475145   -77.72293234
      251     0.00488412   -77.72288876   -77.71800464   -77.91535839   -77.72288876
      252     0.00487273   -77.72287742   -77.71800469   -77.91598301   -77.72287742
      253     0.00489268   -77.72289747   -77.71800479   -77.91662494   -77.72289747
      254     0.00494229   -77.72294724   -77.71800495   -77.91728312   -77.72294724
      255     0.00501912   -77.72302427   -77.71800515   -77.91795572   -77.72302427
      256     0.00512003   -77.72312541   -77.71800538   -77.91864027   -77.72312541
      257     0.00524124   -77.72324689   -77.71800565   -77.91933371   -77.72324689
      258     0.00537850   -77.72338444   -77.71800594   -77.92003253   -77.72338444
      259     0.00552718   -77.72353343   -77.71800625   -77.92073284   -77.72353343
      260     0.00570027   -77.72368900   -77.71798873   -77.92143058   -77.72368900
      261     0.00585743   -77.72384646   -77.71798903   -77.92212264   -77.72384646
      262     0.00601137   -77.72400068   -77.71798932   -77.92280384   -77.72400068
      263     0.00615747   -77.72414705   -77.71798958   -77.92347032   -77.72414705
      264     0.00629148   -77.72428130   -77.71798982   -77.92411854   -77.72428130
      265     0.00640962   -77.72439963   -77.71799001   -77.92474543   -77.72439963
      266     0.00650864   -77.72449881   -77.71799017   -77.92534843   -77.72449881
      267     0.00658594   -77.72457623   -77.71799029   -77.92592555   -77.72457623
      268     0.00663960   -77.72462995   -77.71799036   -77.92647548   -77.72462995
      269     0.00666839   -77.72465878   -77.71799038   -77.92699753   -77.72465878
      270     0.00667181   -77.72466217   -77.71799036   -77.92749168   -77.72466217
      271     0.00665001   -77.72464031   -77.71799030   -77.92795854   -77.72464031
      272     0.00660382   -77.72459403   -77.71799021   -77.92839934   -77.72459403
      273     0.00653467   -77.72452474   -77.71799007   -77.92881582   -77.72452474
      274     0.00644453   -77.72443444   -77.71798991   -77.92921023   -77.72443444
      275     0.00633583   -77.72432556   -77.71798973   -77.92958522   -77.72432556
      276     0.00621142   -77.72420094   -77.71798952   -77.92994377   -77.72420094
      277     0.00607444   -77.72406375   -77.71798931   -77.93028911   -77.72406375
      278     0.00592829   -77.72391737   -77.71798908   -77.93062464   -77.72391737
      279     0.00577652   -77.72376537   -77.71798885   -77.93095385   -77.72376537
      280     0.00570027   -77.72361138   -77.71791111   -77.93128021   -77.72361138
      281     0.00554699   -77.72345787   -77.71791088   -77.93160925   -77.72345787
      282     0.00539876   -77.72330941   -77.71791065   -77.93194189   -77.72330941
      283     0.00525909   -77.72316953   -77.71791044   -77.93228120   -77.72316953
      284     0.00513140   -77.72304164   -77.71791023   -77.93263000   -77.72304164
      285     0.00501891   -77.72292895   -77.71791004   -77.93299075   -77.72292895
      286     0.00492460   -77.72283449   -77.71790989   -77.93336550   -77.72283449
      287     0.00485128   -77.72276101   -77.71790972   -77.93375595   -77.72276101
      288     0.00480149   -77.72271107   -77.71790958   -77.93416323   -77.72271107
      289     0.00477756   -77.72268700   -77.71790944   -77.93458793   -77.72268700
      290     0.00478163   -77.72269094   -77.71790931   -77.93503005   -77.72269094
      291     0.00481569   -77.72272487   -77.71790918   -77.93548893   -77.72272487
      292     0.00488166   -77.72279070   -77.71790904   -77.93596313   -77.72279070
      293     0.00498151   -77.72289043   -77.71790892   -77.93645032   -77.72289043
      294     0.00511745   -77.72302618   -77.71790873   -77.93694722   -77.72302618
      295     0.00529222   -77.72320070   -77.71790848   -77.93744913   -77.72320070
      296     0.00550957   -77.72341766   -77.71790809   -77.93794970   -77.72341766
      297     0.00577507   -77.72368260   -77.71790753   -77.93843995   -77.72368260
      298     0.00609760   -77.72400407   -77.71790647   -77.93890733   -77.72400407
      299     0.00649244   -77.72439706   -77.71790461   -77.93933234   -77.72439706
      300     0.00570027   -77.72488883   -77.71918856   -77.93968291   -77.72488883
      301     0.00629424   -77.72547431   -77.71918007   -77.93987955   -77.72547431
      302     0.00718159   -77.72633329   -77.71915170   -77.93982444   -77.72633329
      303     0.00947778   -77.72811170   -77.71863392   -77.93887395   -77.72811170
      304     0.01185950   -77.73855040   -77.72669089   -77.92955620   -77.73855040
      305     0.01232845   -77.73900903   -77.72668058   -77.93016568   -77.73900903
      306     0.01266838   -77.73934504   -77.72667667   -77.93087208   -77.73934504
      307     0.01292980   -77.73960474   -77.72667495   -77.93161256   -77.73960474
      308     0.01313273   -77.73980686   -77.72667413   -77.93235413   -77.73980686
      309     0.01328592   -77.73995966   -77.72667373   -77.93307582   -77.73995966
      310     0.01339302   -77.74006658   -77.72667356   -77.93376282   -77.74006658
      311     0.01345520   -77.74012869   -77.72667349   -77.93440400   -77.74012869
      312     0.01347250   -77.74014596   -77.72667346   -77.93499078   -77.74014596
      313     0.01344457   -77.74011804   -77.72667347   -77.93551648   -77.74011804
      314     0.01337115   -77.74004473   -77.72667358   -77.93597602   -77.74004473
      315     0.01325241   -77.73992592   -77.72667351   -77.93636616   -77.73992592
      316     0.01308920   -77.73976260   -77.72667341   -77.93668468   -77.73976260
      317     0.01288318   -77.73955633   -77.72667315   -77.93693099   -77.73955633
      318     0.01263696   -77.73930993   -77.72667297   -77.93710556   -77.73930993
      319     0.01235418   -77.73902688   -77.72667270   -77.93721056   -77.73902688
      320     0.00570027   -77.73871182   -77.73301155   -77.93724933   -77.73871182
      321     0.00547397   -77.73848525   -77.73301129   -77.93723672   -77.73848525
      322     0.00525055   -77.73826154   -77.73301100   -77.93719202   -77.73826154
      323     0.00503464   -77.73804533   -77.73301069   -77.93711946   -77.73804533
      324     0.00483097   -77.73784135   -77.73301038   -77.93702334   -77.73784135
      325     0.00464415   -77.73765425   -77.73301010   -77.93690797   -77.73765425
      326     0.00447865   -77.73748851   -77.73300986   -77.93677745   -77.73748851
      327     0.00433855   -77.73734817   -77.73300962   -77.93663569   -77.73734817
      328     0.00422749   -77.73723691   -77.73300942   -77.93648602   -77.73723691
      329     0.00414849   -77.73715776   -77.73300927   -77.93633128   -77.73715776
      330     0.00410389   -77.73711306   -77.73300917   -77.93617362   -77.73711306
      331     0.00409522   -77.73710434   -77.73300913   -77.93601448   -77.73710434
      332     0.00412319   -77.73713233   -77.73300914   -77.93585442   -77.73713233
      333     0.00418762   -77.73719683   -77.73300921   -77.93569326   -77.73719683
      334     0.00428747   -77.73729679   -77.73300932   -77.93552993   -77.73729679
      335     0.00442086   -77.73743035   -77.73300949   -77.93536256   -77.73743035
      336     0.00458512   -77.73759482   -77.73300970   -77.93518859   -77.73759482
      337     0.00477688   -77.73778683   -77.73300995   -77.93500479   -77.73778683
      338     0.00499220   -77.73800243   -77.73301023   -77.93480741   -77.73800243
      339     0.00522668   -77.73823720   -77.73301052   -77.93459231   -77.73823720
      340     0.00570027   -77.73848641   -77.73278614   -77.93435507   -77.73848641
      341     0.00596350   -77.73874996   -77.73278646   -77.93408566   -77.73874996
      342     0.00623054   -77.73901731   -77.73278677   -77.93378418   -77.73901731
      343     0.00649648   -77.73928354   -77.73278706   -77.93344627   -77.73928354
      344     0.00675668   -77.73954400   -77.73278733   -77.93306790   -77.73954400
      345     0.00700685   -77.73979442   -77.73278756   -77.93264545   -77.73979442
      346     0.00724321   -77.74003097   -77.73278776   -77.93217586   -77.74003097
      347     0.00746247   -77.74025040   -77.73278793   -77.93165669   -77.74025040
      348     0.00766198   -77.74045003   -77.73278805   -77.93108616   -77.74045003
      349     0.00783973   -77.74062785   -77.73278813   -77.93046320   -77.74062785
      350     0.00799432   -77.74078249   -77.73278817   -77.92978741   -77.74078249
      351     0.00812503   -77.74091321   -77.73278818   -77.92905914   -77.74091321
      352     0.00823176   -77.74101990   -77.73278814   -77.92827941   -77.74101990
      353     0.00831498   -77.74110305   -77.73278807   -77.92744983   -77.74110305
      354     0.00837572   -77.74116368   -77.73278797   -77.92657264   -77.74116368
      355     0.00841547   -77.74120332   -77.73278784   -77.92565055   -77.74120332
      356     0.00843618   -77.74122388   -77.73278770   -77.92468674   -77.74122388
      357     0.00844010   -77.74122764   -77.73278754   -77.92368477   -77.74122764
      358     0.00842979   -77.74121716   -77.73278736   -77.92264848   -77.74121716
      359     0.00840802   -77.74119520   -77.73278718   -77.92158194   -77.74119520
      360     0.00570027   -77.74116469   -77.73546442   -77.92048934   -77.74116469
      361     0.00567385   -77.74113811   -77.73546427   -77.91957206   -77.74113811
      362     0.00565165   -77.74111577   -77.73546412   -77.91864415   -77.74111577
      363     0.00563596   -77.74109995   -77.73546399   -77.91770893   -77.74109995
      364     0.00562894   -77.74109281   -77.73546387   -77.91676955   -77.74109281
      365     0.00563253   -77.74109629   -77.73546376   -77.91582894   -77.74109629
      366     0.00564846   -77.74111213   -77.73546368   -77.91488979   -77.74111213
      367     0.00567821   -77.74114181   -77.73546360   -77.91395452   -77.74114181
      368     0.00572299   -77.74118653   -77.73546354   -77.91302525   -77.74118653
      369     0.00578372   -77.74124722   -77.73546350   -77.91210377   -77.74124722
      370     0.00586103   -77.74132451   -77.73546348   -77.91119154   -77.74132451
      371     0.00595522   -77.74141870   -77.73546348   -77.91028969   -77.74141870
      372     0.00606630   -77.74152980   -77.73546350   -77.90939897   -77.74152980
      373     0.00619396   -77.74165750   -77.73546354   -77.90851983   -77.74165750
      374     0.00633757   -77.74180116   -77.73546360   -77.90765232   -77.74180116
      375     0.00649620   -77.74195987   -77.73546367   -77.90679619   -77.74195987
      376     0.00666864   -77.74213240   -77.73546376   -77.90595081   -77.74213240
      377     0.00685339   -77.74231726   -77.73546387   -77.90511529   -77.74231726
      378     0.00704868   -77.74251268   -77.73546400   -77.90428840   -77.74251268
      379     0.00725253   -77.74271666   -77.73546413   -77.90346864   -77.74271666
      380     0.00570027   -77.74292700   -77.73722673   -77.90265424   -77.74292700
      381     0.00588936   -77.74311624   -77.73722687   -77.90194749   -77.74311624
      382     0.00608354   -77.74331056   -77.73722702   -77.90124584   -77.74331056
      383     0.00628037   -77.74350755   -77.73722718   -77.90054715   -77.74350755
      384     0.00647728   -77.74370463   -77.73722735   -77.89984912   -77.74370463
      385     0.00667165   -77.74389916   -77.73722752   -77.89914933   -77.74389916
      386     0.00686076   -77.74408845   -77.73722769   -77.89844530   -77.74408845
      387     0.00704194   -77.74426979   -77.73722785   -77.89773447   -77.74426979
      388     0.00721254   -77.74444055   -77.73722802   -77.89701435   -77.74444055
      389     0.00736999   -77.74459816   -77.73722817   -77.89628247   -77.74459816
      390     0.00751189   -77.74474020   -77.73722831   -77.89553650   -77.74474020
      391     0.00763601   -77.74486444   -77.73722843   -77.89477428   -77.74486444
      392     0.00774039   -77.74496892   -77.73722853   -77.89399384   -77.74496892
      393     0.00782334   -77.74505196   -77.73722862   -77.89319352   -77.74505196
      394     0.00788351   -77.74511219   -77.73722868   -77.89237196   -77.74511219
      395     0.00791994   -77.74514865   -77.73722872   -77.89152817   -77.74514865
      396     0.00793208   -77.74516081   -77.73722873   -77.89066157   -77.74516081
      397     0.00791985   -77.74514856   -77.73722871   -77.88977203   -77.74514856
      398     0.00788361   -77.74511227   -77.73722866   -77.88885987   -77.74511227
      399     0.00782423   -77.74505280   -77.73722857   -77.88792591   -77.74505280
      400     0.00570027   -77.74497149   -77.73927122   -77.88697142   -77.74497149
      401     0.00561531   -77.74488641   -77.73927110   -77.88613864   -77.74488641
      402     0.00551883   -77.74478979   -77.73927097   -77.88529619   -77.74478979
      403     0.00541298   -77.74468379   -77.73927081   -77.88444622   -77.74468379
      404     0.00530014   -77.74457079   -77.73927065   -77.88359110   -77.74457079
      405     0.00518282   -77.74445332   -77.73927050   -77.88273339   -77.74445332
      406     0.00506367   -77.74433400   -77.73927033   -77.88187577   -77.74433400
      407     0.00494533   -77.74421548   -77.73927015   -77.88102099   -77.74421548
      408     0.00483042   -77.74410042   -77.73926999   -77.88017174   -77.74410042
      409     0.00472145   -77.74399130   -77.73926985   -77.87933067   -77.74399130
      410     0.00462073   -77.74389045   -77.73926972   -77.87850026   -77.74389045
      411     0.00453032   -77.74379992   -77.73926961   -77.87768277   -77.74379992
      412     0.00445197   -77.74372149   -77.73926952   -77.87688018   -77.74372149
      413     0.00438708   -77.74365653   -77.73926946   -77.87609414   -77.74365653
      414     0.00433661   -77.74360603   -77.73926942   -77.87532595   -77.74360603
      415     0.00430113   -77.74357054   -77.73926942   -77.87457647   -77.74357054
      416     0.00428072   -77.74355015   -77.73926943   -77.87384619   -77.74355015
      417     0.00427506   -77.74354455   -77.73926949   -77.87313516   -77.74354455
      418     0.00428335   -77.74355292   -77.73926957   -77.87244304   -77.74355292
      419     0.00430444   -77.74357410   -77.73926967   -77.87176914   -77.74357410
      420     0.00570027   -77.74360656   -77.73790629   -77.87111241   -77.74360656
      421     0.00574640   -77.74365282   -77.73790643   -77.87037542   -77.74365282
      422     0.00579750   -77.74370409   -77.73790659   -77.86965036   -77.74370409
      423     0.00585107   -77.74375782   -77.73790675   -77.86893538   -77.74375782
      424     0.00590454   -77.74381145   -77.73790690   -77.86822859   -77.74381145
      425     0.00595539   -77.74386246   -77.73790707   -77.86752813   -77.74386246
      426     0.00600117   -77.74390838   -77.73790722   -77.86683225   -77.74390838
      427     0.00603961   -77.74394696   -77.73790735   -77.86613936   -77.74394696
      428     0.00606866   -77.74397613   -77.73790747   -77.86544812   -77.74397613
      429     0.00608657   -77.74399411   -77.73790754   -77.86475748   -77.74399411
      430     0.00609190   -77.74399950   -77.73790760   -77.86406665   -77.74399950
      431     0.00608356   -77.74399121   -77.73790765   -77.86337523   -77.74399121
      432     0.00606085   -77.74396853   -77.73790768   -77.86268318   -77.74396853
      433     0.00602344   -77.74393110   -77.73790766   -77.86199089   -77.74393110
      434     0.00597141   -77.74387904   -77.73790763   -77.86129899   -77.74387904
      435     0.00590518   -77.74381277   -77.73790759   -77.86060858   -77.74381277
      436     0.00582554   -77.74373307   -77.73790753   -77.85992107   -77.74373307
      437     0.00573360   -77.74364102   -77.73790742   -77.85923821   -77.74364102
      438     0.00563078   -77.74353810   -77.73790733   -77.85856195   -77.74353810
      439     0.00551872   -77.74342595   -77.73790722   -77.85789458   -77.74342595
      440     0.00570027   -77.74330638   -77.73760611   -77.85723861   -77.74330638
      441     0.00557176   -77.74317775   -77.73760599   -77.85657839   -77.74317775
      442     0.00543932   -77.74304519   -77.73760587   -77.85593428   -77.74304519
      443     0.00530522   -77.74291093   -77.73760571   -77.85530936   -77.74291093
      444     0.00517178   -77.74277738   -77.73760560   -77.85470662   -77.74277738
      445     0.00504125   -77.74264669   -77.73760544   -77.85412930   -77.74264669
      446     0.00491581   -77.74252118   -77.73760537   -77.85358047   -77.74252118
      447     0.00479750   -77.74240273   -77.73760524   -77.85306346   -77.74240273
      448     0.00468813   -77.74229334   -77.73760521   -77.85258131   -77.74229334
      449     0.00458927   -77.74219441   -77.73760515   -77.85213739   -77.74219441
      450     0.00450213   -77.74210711   -77.73760498   -77.85173499   -77.74210711
      451     0.00442755   -77.74203256   -77.73760501   -77.85137711   -77.74203256
      452     0.00436588   -77.74197091   -77.73760503   -77.85106729   -77.74197091
      453     0.00431693   -77.74192206   -77.73760513   -77.85080898   -77.74192206
      454     0.00427984   -77.74188513   -77.73760529   -77.85060593   -77.74188513
      455     0.00425304   -77.74185856   -77.73760552   -77.85046217   -77.74185856
      456     0.00423408   -77.74183990   -77.73760582   -77.85038218   -77.74183990
      457     0.00421966   -77.74182588   -77.73760622   -77.85037083   -77.74182588
      458     0.00420557   -77.74181226   -77.73760670   -77.85043354   -77.74181226
      459     0.00418692   -77.74179417   -77.73760726   -77.85057599   -77.74179417
      460     0.00570027   -77.74176659   -77.73606632   -77.85080356   -77.74176659
      461     0.00564234   -77.74170975   -77.73606741   -77.85117644   -77.74170975
      462     0.00554681   -77.74161480   -77.73606799   -77.85166243   -77.74161480
      463     0.00541997   -77.74148715   -77.73606717   -77.85225518   -77.74148715
      464     0.00529491   -77.74135734   -77.73606242   -77.85292194   -77.74135734
      465     0.00524286   -77.74129932   -77.73605645   -77.85358460   -77.74129932
      466     0.00535305   -77.74140610   -77.73605305   -77.85414360   -77.74140610
      467     0.00567201   -77.74172781   -77.73605581   -77.85454048   -77.74172781
      468     0.00616185   -77.74222380   -77.73606195   -77.85480680   -77.74222380
      469     0.00673178   -77.74279892   -77.73606714   -77.85502823   -77.74279892
      470     0.00729918   -77.74336833   -77.73606915   -77.85527963   -77.74336833
      471     0.00781705   -77.74388639   -77.73606934   -77.85559634   -77.74388639
      472     0.00826765   -77.74433646   -77.73606880   -77.85598483   -77.74433646
      473     0.00864874   -77.74471684   -77.73606810   -77.85643717   -77.74471684
      474     0.00896415   -77.74503157   -77.73606742   -77.85694058   -77.74503157
      475     0.00921926   -77.74528614   -77.73606688   -77.85748185   -77.74528614
      476     0.00941930   -77.74548574   -77.73606644   -77.85804927   -77.74548574
      477     0.00956879   -77.74563489   -77.73606610   -77.85863301   -77.74563489
      478     0.00967165   -77.74573746   -77.73606581   -77.85922520   -77.74573746
      479     0.00973133   -77.74579689   -77.73606556   -77.85981974   -77.74579689
      480     0.00570027   -77.74581637   -77.74011611   -77.86041212   -77.74581637
      481     0.00569152   -77.74580748   -77.74011597   -77.86086540   -77.74580748
      482     0.00566550   -77.74578134   -77.74011584   -77.86132237   -77.74578134
      483     0.00562444   -77.74574009   -77.74011565   -77.86178290   -77.74574009
      484     0.00557067   -77.74568635   -77.74011568   -77.86224696   -77.74568635
      485     0.00550670   -77.74562205   -77.74011536   -77.86271577   -77.74562205
      486     0.00543511   -77.74555044   -77.74011533   -77.86318965   -77.74555044
      487     0.00535855   -77.74547367   -77.74011512   -77.86367029   -77.74547367
      488     0.00527970   -77.74539457   -77.74011487   -77.86415894   -77.74539457
      489     0.00520116   -77.74531596   -77.74011481   -77.86465684   -77.74531596
      490     0.00512543   -77.74524006   -77.74011463   -77.86516578   -77.74524006
      491     0.00505485   -77.74516933   -77.74011448   -77.86568707   -77.74516933
      492     0.00499151   -77.74510593   -77.74011442   -77.86622189   -77.74510593
      493     0.00493723   -77.74505154   -77.74011431   -77.86677147   -77.74505154
      494     0.00489348   -77.74500770   -77.74011422   -77.86733655   -77.74500770
      495     0.00486132   -77.74497549   -77.74011417   -77.86791759   -77.74497549
      496     0.00484145   -77.74495559   -77.74011414   -77.86851473   -77.74495559
      497     0.00483409   -77.74494824   -77.74011415   -77.86912772   -77.74494824
      498     0.00483907   -77.74495330   -77.74011423   -77.86975590   -77.74495330
      499     0.00485577   -77.74497006   -77.74011429   -77.87039836   -77.74497006
      500     0.00570027   -77.74499755   -77.73929728   -77.87105369   -77.74499755
      501     0.00573882   -77.74503622   -77.73929739   -77.87177255   -77.74503622
      502     0.00578336   -77.74508088   -77.73929752   -77.87249890   -77.74508088
      503     0.00583184   -77.74512949   -77.73929765   -77.87323041   -77.74512949
      504     0.00588205   -77.74517984   -77.73929779   -77.87396464   -77.74517984
      505     0.00593171   -77.74522964   -77.73929794   -77.87469908   -77.74522964
      506     0.00597849   -77.74527657   -77.73929808   -77.87543121   -77.74527657
      507     0.00602015   -77.74531837   -77.73929821   -77.87615864   -77.74531837
      508     0.00605456   -77.74535289   -77.73929833   -77.87687906   -77.74535289
      509     0.00607977   -77.74537821   -77.73929844   -77.87759042   -77.74537821
      510     0.00609407   -77.74539260   -77.73929853   -77.87829088   -77.74539260
      511     0.00609606   -77.74539466   -77.73929860   -77.87897894   -77.74539466
      512     0.00608464   -77.74538329   -77.73929865   -77.87965342   -77.74538329
      513     0.00605906   -77.74535773   -77.73929867   -77.88031347   -77.74535773
      514     0.00601892   -77.74531760   -77.73929868   -77.88095865   -77.74531760
      515     0.00596421   -77.74526287   -77.73929866   -77.88158887   -77.74526287
      516     0.00589525   -77.74519387   -77.73929862   -77.88220440   -77.74519387
      517     0.00581272   -77.74511128   -77.73929856   -77.88280587   -77.74511128
      518     0.00571760   -77.74501609   -77.73929849   -77.88339422   -77.74501609
      519     0.00561118   -77.74490957   -77.73929839   -77.88397070   -77.74490957
      520     0.00570027   -77.74479322   -77.73909295   -77.88453686   -77.74479322
      521     0.00557348   -77.74466632   -77.73909284   -77.88510435   -77.74466632
      522     0.00543995   -77.74453266   -77.73909271   -77.88566440   -77.74453266
      523     0.00530178   -77.74439436   -77.73909258   -77.88621912   -77.74439436
      524     0.00516116   -77.74425362   -77.73909246   -77.88677068   -77.74425362
      525     0.00502035   -77.74411268   -77.73909233   -77.88732134   -77.74411268
      526     0.00488159   -77.74397370   -77.73909211   -77.88787347   -77.74397370
      527     0.00474709   -77.74383906   -77.73909197   -77.88842915   -77.74383906
      528     0.00461899   -77.74371091   -77.73909191   -77.88899055   -77.74371091
      529     0.00449930   -77.74359112   -77.73909182   -77.88955988   -77.74359112
      530     0.00438988   -77.74348162   -77.73909174   -77.89013909   -77.74348162
      531     0.00429240   -77.74338393   -77.73909153   -77.89073014   -77.74338393
      532     0.00420830   -77.74329974   -77.73909144   -77.89133443   -77.74329974
      533     0.00413880   -77.74323032   -77.73909153   -77.89195339   -77.74323032
      534     0.00408483   -77.74317620   -77.73909136   -77.89258871   -77.74317620
      535     0.00404704   -77.74313837   -77.73909133   -77.89324110   -77.74313837
      536     0.00402576   -77.74311710   -77.73909135   -77.89391150   -77.74311710
      537     0.00402097   -77.74311233   -77.73909136   -77.89460064   -77.74311233
      538     0.00403233   -77.74312374   -77.73909141   -77.89530898   -77.74312374
      539     0.00405910   -77.74315062   -77.73909151   -77.89603679   -77.74315062
      540     0.00570027   -77.74319179   -77.73749152   -77.89678431   -77.74319179
      541     0.00576056   -77.74325228   -77.73749172   -77.89768740   -77.74325228
      542     0.00582704   -77.74331899   -77.73749195   -77.89861100   -77.74331899
      543     0.00589647   -77.74338870   -77.73749223   -77.89955566   -77.74338870
      544     0.00596494   -77.74345751   -77.73749257   -77.90052223   -77.74345751
      545     0.00602782   -77.74352081   -77.73749299   -77.90151188   -77.74352081
      546     0.00607962   -77.74357310   -77.73749348   -77.90252627   -77.74357310
      547     0.00611402   -77.74360807   -77.73749405   -77.90356752   -77.74360807
      548     0.00612386   -77.74361857   -77.73749471   -77.90463825   -77.74361857
      549     0.00610135   -77.74359676   -77.73749540   -77.90574127   -77.74359676
      550     0.00603874   -77.74353484   -77.73749610   -77.90687891   -77.74353484
      551     0.00592951   -77.74342608   -77.73749657   -77.90805184   -77.74342608
      552     0.00577063   -77.74326731   -77.73749669   -77.90925635   -77.74326731
      553     0.00556543   -77.74306157   -77.73749613   -77.91048168   -77.74306157
      554     0.00532618   -77.74282113   -77.73749496   -77.91170693   -77.74282113
      555     0.00507384   -77.74256702   -77.73749318   -77.91290187   -77.74256702
      556     0.00483399   -77.74232559   -77.73749160   -77.91403094   -77.74232559
      557     0.00463034   -77.74212075   -77.73749041   -77.91506176   -77.74212075
      558     0.00447993   -77.74196974   -77.73748981   -77.91597005   -77.74196974
      559     0.00439184   -77.74188153   -77.73748969   -77.91674152   -77.74188153
      560     0.00570027   -77.74185800   -77.73615773   -77.91737095   -77.74185800
      561     0.00573211   -77.74189072   -77.73615861   -77.91793846   -77.74189072
      562     0.00580093   -77.74196100   -77.73616007   -77.91837530   -77.74196100
      563     0.00588616   -77.74204794   -77.73616178   -77.91870597   -77.74204794
      564     0.00596228   -77.74212573   -77.73616345   -77.91896261   -77.74212573
      565     0.00600494   -77.74216925   -77.73616432   -77.91917906   -77.74216925
      566     0.00599729   -77.74216176   -77.73616447   -77.91938260   -77.74216176
      567     0.00593295   -77.74209699   -77.73616404   -77.91959128   -77.74209699
      568     0.00581477   -77.74197794   -77.73616317   -77.91981475   -77.74197794
      569     0.00565166   -77.74181386   -77.73616221   -77.92005692   -77.74181386
      570     0.00545557   -77.74161678   -77.73616121   -77.92031925   -77.74161678
      571     0.00523941   -77.74139970   -77.73616029   -77.92060226   -77.74139970
      572     0.00501584   -77.74117529   -77.73615945   -77.92090656   -77.74117529
      573     0.00479660   -77.74095531   -77.73615871   -77.92123303   -77.74095531
      574     0.00459225   -77.74075034   -77.73615809   -77.92158276   -77.74075034
      575     0.00441192   -77.74056949   -77.73615757   -77.92195691   -77.74056949
      576     0.00426328   -77.74042043   -77.73615716   -77.92235634   -77.74042043
      577     0.00415239   -77.74030923   -77.73615684   -77.92278146   -77.74030923
      578     0.00408372   -77.74024039   -77.73615667   -77.92323189   -77.74024039
      579     0.00406012   -77.74021668   -77.73615656   -77.92370650   -77.74021668
      580     0.00570027   -77.74023942   -77.73453915   -77.92420300   -77.74023942
      581     0.00577603   -77.74031527   -77.73453923   -77.92480958   -77.74031527
      582     0.00589339   -77.74043287   -77.73453947   -77.92542872   -77.74043287
      583     0.00604915   -77.74058885   -77.73453971   -77.92605454   -77.74058885
      584     0.00623892   -77.74077896   -77.73454004   -77.92668018   -77.74077896
      585     0.00645735   -77.74099779   -77.73454044   -77.92729833   -77.74099779
      586     0.00669838   -77.74123935   -77.73454097   -77.92790116   -77.74123935
      587     0.00695546   -77.74149674   -77.73454128   -77.92848105   -77.74149674
      588     0.00722181   -77.74176353   -77.73454172   -77.92902972   -77.74176353
      589     0.00749062   -77.74203284   -77.73454222   -77.92953951   -77.74203284
      590     0.00775532   -77.74229789   -77.73454257   -77.93000335   -77.74229789
      591     0.00800973   -77.74255257   -77.73454283   -77.93041446   -77.74255257
      592     0.00824824   -77.74279138   -77.73454315   -77.93076677   -77.74279138
      593     0.00846591   -77.74300939   -77.73454348   -77.93105525   -77.74300939
      594     0.00865862   -77.74320228   -77.73454365   -77.93127596   -77.74320228
      595     0.00882312   -77.74336689   -77.73454377   -77.93142570   -77.74336689
      596     0.00895703   -77.74350086   -77.73454383   -77.93150242   -77.74350086
      597     0.00905885   -77.74360270   -77.73454384   -77.93150507   -77.74360270
      598     0.00912799   -77.74367179   -77.73454381   -77.93143364   -77.74367179
      599     0.00916464   -77.74370841   -77.73454378   -77.93128896   -77.74370841
      600     0.00570027   -77.74371343   -77.73801316   -77.93107290   -77.74371343
      601     0.00568531   -77.74369836   -77.73801305   -77.93085050   -77.74369836
      602     0.00565746   -77.74367039   -77.73801293   -77.93058060   -77.74367039
      603     0.00561851   -77.74363130   -77.73801279   -77.93026575   -77.74363130
      604     0.00557044   -77.74358309   -77.73801265   -77.92990875   -77.74358309
      605     0.00551542   -77.74352791   -77.73801249   -77.92951263   -77.74352791
      606     0.00545573   -77.74346807   -77.73801234   -77.92908055   -77.74346807
      607     0.00539371   -77.74340590   -77.73801219   -77.92861576   -77.74340590
      608     0.00533173   -77.74334376   -77.73801204   -77.92812152   -77.74334376
      609     0.00527209   -77.74328398   -77.73801189   -77.92760106   -77.74328398
      610     0.00521704   -77.74322879   -77.73801175   -77.92705756   -77.74322879
      611     0.00516870   -77.74318033   -77.73801163   -77.92649404   -77.74318033
      612     0.00512906   -77.74314057   -77.73801151   -77.92591340   -77.74314057
      613     0.00509991   -77.74311132   -77.73801141   -77.92531831   -77.74311132
      614     0.00508285   -77.74309418   -77.73801132   -77.92471123   -77.74309418
      615     0.00507926   -77.74309051   -77.73801125   -77.92409438   -77.74309051
      616     0.00509026   -77.74310146   -77.73801120   -77.92346969   -77.74310146
      617     0.00511675   -77.74312791   -77.73801116   -77.92283884   -77.74312791
      618     0.00515936   -77.74317049   -77.73801113   -77.92220319   -77.74317049
      619     0.00521846   -77.74322958   -77.73801113   -77.92156381   -77.74322958
      620     0.00570027   -77.74330529   -77.73760502   -77.92092146   -77.74330529
      621     0.00579524   -77.74340028   -77.73760504   -77.92025193   -77.74340028
      622     0.00590557   -77.74351066   -77.73760508   -77.91957918   -77.74351066
      623     0.00603064   -77.74363578   -77.73760514   -77.91890312   -77.74363578
      624     0.00616957   -77.74377477   -77.73760520   -77.91822339   -77.74377477
      625     0.00632127   -77.74392656   -77.73760528   -77.91753935   -77.74392656
      626     0.00648448   -77.74408985   -77.73760537   -77.91685014   -77.74408985
      627     0.00665774   -77.74426322   -77.73760547   -77.91615468   -77.74426322
      628     0.00683945   -77.74444503   -77.73760558   -77.91545166   -77.74444503
      629     0.00702786   -77.74463355   -77.73760570   -77.91473961   -77.74463355
      630     0.00722111   -77.74482693   -77.73760582   -77.91401692   -77.74482693
      631     0.00741729   -77.74502323   -77.73760594   -77.91328182   -77.74502323
      632     0.00761438   -77.74522045   -77.73760607   -77.91253246   -77.74522045
      633     0.00781038   -77.74541658   -77.73760620   -77.91176693   -77.74541658
      634     0.00800327   -77.74560959   -77.73760632   -77.91098329   -77.74560959
      635     0.00819105   -77.74579750   -77.73760645   -77.91017958   -77.74579750
      636     0.00837181   -77.74597838   -77.73760657   -77.90935392   -77.74597838
      637     0.00854373   -77.74615041   -77.73760668   -77.90850446   -77.74615041
      638     0.00870511   -77.74631188   -77.73760678   -77.90762951   -77.74631188
      639     0.00885439   -77.74646126   -77.73760687   -77.90672748   -77.74646126
      640     0.00570027   -77.74659718   -77.74089692   -77.90579702   -77.74659718
      641     0.00579974   -77.74669672   -77.74089697   -77.90503484   -77.74669672
      642     0.00589270   -77.74678973   -77.74089702   -77.90425285   -77.74678973
      643     0.00597851   -77.74687558   -77.74089707   -77.90345041   -77.74687558
      644     0.00605670   -77.74695372   -77.74089702   -77.90262712   -77.74695372
      645     0.00612693   -77.74702396   -77.74089704   -77.90178254   -77.74702396
      646     0.00618903   -77.74708608   -77.74089705   -77.90091665   -77.74708608
      647     0.00624301   -77.74714006   -77.74089705   -77.90002960   -77.74714006
      648     0.00628902   -77.74718607   -77.74089705   -77.89912178   -77.74718607
      649     0.00632737   -77.74722441   -77.74089704   -77.89819385   -77.74722441
      650     0.00635852   -77.74725555   -77.74089703   -77.89724672   -77.74725555
      651     0.00638306   -77.74728005   -77.74089699   -77.89628163   -77.74728005
      652     0.00640169   -77.74729850   -77.74089681   -77.89530018   -77.74729850
      653     0.00641517   -77.74731194   -77.74089677   -77.89430389   -77.74731194
      654     0.00642437   -77.74732108   -77.74089672   -77.89329496   -77.74732108
      655     0.00643014   -77.74732694   -77.74089680   -77.89227560   -77.74732694
      656     0.00643337   -77.74733016   -77.74089679   -77.89124863   -77.74733016
      657     0.00643491   -77.74733166   -77.74089675   -77.89021682   -77.74733166
      658     0.00643554   -77.74733207   -77.74089653   -77.88918337   -77.74733207
      659     0.00643604   -77.74733254   -77.74089650   -77.88815106   -77.74733254
      660     0.00570027   -77.74733358   -77.74163331   -77.88712331   -77.74733358
      661     0.00570331   -77.74733660   -77.74163328   -77.88616355   -77.74733660
      662     0.00570993   -77.74734317   -77.74163325   -77.88521406   -77.74734317
      663     0.00572087   -77.74735406   -77.74163320   -77.88427730   -77.74735406
      664     0.00573701   -77.74737014   -77.74163313   -77.88335532   -77.74737014
      665     0.00575943   -77.74739246   -77.74163303   -77.88244964   -77.74739246
      666     0.00578942   -77.74742233   -77.74163290   -77.88156113   -77.74742233
      667     0.00582862   -77.74746140   -77.74163278   -77.88068992   -77.74746140
      668     0.00587894   -77.74751154   -77.74163259   -77.87983544   -77.74751154
      669     0.00594259   -77.74757516   -77.74163257   -77.87899613   -77.74757516
      670     0.00602195   -77.74765416   -77.74163221   -77.87817051   -77.74765416
      671     0.00611951   -77.74775149   -77.74163198   -77.87735563   -77.74775149
      672     0.00623773   -77.74786949   -77.74163176   -77.87654875   -77.74786949
      673     0.00637891   -77.74801057   -77.74163166   -77.87574676   -77.74801057
      674     0.00654514   -77.74817660   -77.74163147   -77.87494682   -77.74817660
      675     0.00673818   -77.74836957   -77.74163139   -77.87414575   -77.74836957
      676     0.00695948   -77.74859073   -77.74163125   -77.87334091   -77.74859073
      677     0.00721016   -77.74884128   -77.74163112   -77.87252963   -77.74884128
      678     0.00749104   -77.74912211   -77.74163107   -77.87170950   -77.74912211
      679     0.00780267   -77.74943371   -77.74163105   -77.87087847   -77.74943371
      680     0.00570027   -77.74977643   -77.74407616   -77.87003468   -77.74977643
      681     0.00601419   -77.75009032   -77.74407613   -77.86931837   -77.75009032
      682     0.00635651   -77.75043265   -77.74407614   -77.86859191   -77.75043265
      683     0.00672733   -77.75080349   -77.74407616   -77.86785418   -77.75080349
      684     0.00712671   -77.75120287   -77.74407616   -77.86710417   -77.75120287
      685     0.00755464   -77.75163079   -77.74407615   -77.86634089   -77.75163079
      686     0.00801110   -77.75208730   -77.74407619   -77.86556345   -77.75208730
      687     0.00849604   -77.75257228   -77.74407624   -77.86477119   -77.75257228
      688     0.00900937   -77.75308562   -77.74407625   -77.86396354   -77.75308562
      689     0.00955098   -77.75362729   -77.74407630   -77.86314002   -77.75362729
      690     0.01012072   -77.75419708   -77.74407636   -77.86230040   -77.75419708
      691     0.01071838   -77.75479479   -77.74407642   -77.86144461   -77.75479479
      692     0.01134369   -77.75542017   -77.74407648   -77.86057277   -77.75542017
      693     0.01199629   -77.75607281   -77.74407651   -77.85968526   -77.75607281
      694     0.01267571   -77.75675232   -77.74407661   -77.85878256   -77.75675232
      695     0.01338133   -77.75745804   -77.74407671   -77.85786560   -77.75745804
      696     0.01411234   -77.75818917   -77.74407683   -77.85693550   -77.75818917
      697     0.01486771   -77.75894468   -77.74407697   -77.85599371   -77.75894468
      698     0.01564618   -77.75972331   -77.74407713   -77.85504203   -77.75972331
      699     0.01644615   -77.76052346   -77.74407731   -77.85408265   -77.76052346
      700     0.00570027   -77.76134321   -77.75564295   -77.85311812   -77.76134321
      701     0.00618993   -77.76183291   -77.75564298   -77.85256149   -77.76183291
      702     0.00670634   -77.76234936   -77.75564303   -77.85200233   -77.76234936
      703     0.00724898   -77.76289207   -77.75564309   -77.85144149   -77.76289207
      704     0.00781713   -77.76346028   -77.75564315   -77.85087985   -77.76346028
      705     0.00840980   -77.76405306   -77.75564326   -77.85031836   -77.76405306
      706     0.00902571   -77.76466909   -77.75564338   -77.84975809   -77.76466909
      707     0.00966331   -77.76530684   -77.75564353   -77.84920025   -77.76530684
      708     0.01032071   -77.76596441   -77.75564370   -77.84864617   -77.76596441
      709     0.01099573   -77.76663962   -77.75564389   -77.84809734   -77.76663962
      710     0.01168583   -77.76732994   -77.75564411   -77.84755547   -77.76732994
      711     0.01238815   -77.76803250   -77.75564435   -77.84702246   -77.76803250
      712     0.01309949   -77.76874413   -77.75564464   -77.84650042   -77.76874413
      713     0.01381634   -77.76946127   -77.75564493   -77.84599176   -77.76946127
      714     0.01453484   -77.77018008   -77.75564524   -77.84549907   -77.77018008
      715     0.01525088   -77.77089645   -77.75564557   -77.84502520   -77.77089645
      716     0.01596008   -77.77160600   -77.75564592   -77.84457321   -77.77160600
      717     0.01665788   -77.77230416   -77.75564628   -77.84414637   -77.77230416
      718     0.01733956   -77.77298620   -77.75564664   -77.84374807   -77.77298620
      719     0.01800037   -77.77364737   -77.75564701   -77.84338179   -77.77364737
      720     0.00570027   -77.77428296   -77.76858269   -77.84305100   -77.77428296
      721     0.00604712   -77.77462989   -77.76858277   -77.84288520   -77.77462989
      722     0.00639989   -77.77498275   -77.76858286   -77.84273305   -77.77498275
      723     0.00675743   -77.77534037   -77.76858294   -77.84259481   -77.77534037
      724     0.00711863   -77.77570166   -77.76858302   -77.84247059   -77.77570166
      725     0.00748245   -77.77606555   -77.76858310   -77.84236036   -77.77606555
      726     0.00784789   -77.77643105   -77.76858316   -77.84226392   -77.77643105
      727     0.00821405   -77.77679728   -77.76858322   -77.84218089   -77.77679728
      728     0.00858015   -77.77716345   -77.76858330   -77.84211072   -77.77716345
      729     0.00894549   -77.77752884   -77.76858335   -77.84205275   -77.77752884
      730     0.00930954   -77.77789293   -77.76858339   -77.84200604   -77.77789293
      731     0.00967190   -77.77825531   -77.76858341   -77.84196953   -77.77825531
      732     0.01003231   -77.77861574   -77.76858343   -77.84194196   -77.77861574
      733     0.01039067   -77.77897411   -77.76858344   -77.84192190   -77.77897411
      734     0.01074706   -77.77933050   -77.76858344   -77.84190777   -77.77933050
      735     0.01110170   -77.77968513   -77.76858343   -77.84189781   -77.77968513
      736     0.01145499   -77.78003839   -77.76858340   -77.84189013   -77.78003839
      737     0.01180746   -77.78039083   -77.76858337   -77.84188274   -77.78039083
      738     0.01215983   -77.78074315   -77.76858333   -77.84187350   -77.78074315
      739     0.01251295   -77.78109622   -77.76858328   -77.84186021   -77.78109622
      740     0.00570027   -77.78145104   -77.77575078   -77.84184058   -77.78145104
      741     0.00594583   -77.78169655   -77.77575072   -77.84182178   -77.78169655
      742     0.00620911   -77.78195976   -77.77575066   -77.84179552   -77.78195976
      743     0.00649112   -77.78224171   -77.77575060   -77.84176001   -77.78224171
      744     0.00679287   -77.78254341   -77.77575054   -77.84171348   -77.78254341
      745     0.00711537   -77.78286585   -77.77575048   -77.84165419   -77.78286585
      746     0.00745959   -77.78321001   -77.77575042   -77.84158042   -77.78321001
      747     0.00782651   -77.78357687   -77.77575036   -77.84149055   -77.78357687
      748     0.00821709   -77.78396739   -77.77575030   -77.84138300   -77.78396739
      749     0.00863228   -77.78438252   -77.77575024   -77.84125626   -77.78438252
      750     0.00907301   -77.78482320   -77.77575019   -77.84110892   -77.78482320
      751     0.00954021   -77.78529036   -77.77575015   -77.84093967   -77.78529036
      752     0.01003478   -77.78578488   -77.77575009   -77.84074735   -77.78578488
      753     0.01055763   -77.78630767   -77.77575004   -77.84053086   -77.78630767
      754     0.01110962   -77.78685961   -77.77574999   -77.84028928   -77.78685961
      755     0.01169159   -77.78744153   -77.77574994   -77.84002182   -77.78744153
      756     0.01230434   -77.78805423   -77.77574989   -77.83972787   -77.78805423
      757     0.01294863   -77.78869848   -77.77574985   -77.83940698   -77.78869848
      758     0.01362516   -77.78937497   -77.77574981   -77.83905889   -77.78937497
      759     0.01433454   -77.79008432   -77.77574978   -77.83868353   -77.79008432
      760     0.00570027   -77.79082706   -77.78512679   -77.83828105   -77.79082706
      761     0.00618536   -77.79131215   -77.78512678   -77.83801796   -77.79131215
      762     0.00670662   -77.79183340   -77.78512678   -77.83774048   -77.79183340
      763     0.00726400   -77.79239080   -77.78512680   -77.83744922   -77.79239080
      764     0.00785726   -77.79298410   -77.78512683   -77.83714501   -77.79298410
      765     0.00848595   -77.79361283   -77.78512688   -77.83682884   -77.79361283
      766     0.00914934   -77.79427629   -77.78512695   -77.83650195   -77.79427629
      767     0.00984644   -77.79497346   -77.78512702   -77.83616577   -77.79497346
      768     0.01057597   -77.79570309   -77.78512713   -77.83582191   -77.79570309
      769     0.01133633   -77.79646359   -77.78512726   -77.83547222   -77.79646359
      770     0.01212563   -77.79725305   -77.78512742   -77.83511873   -77.79725305
      771     0.01294162   -77.79806923   -77.78512762   -77.83476365   -77.79806923
      772     0.01378170   -77.79890952   -77.78512782   -77.83440940   -77.79890952
      773     0.01464294   -77.79977100   -77.78512806   -77.83405852   -77.79977100
      774     0.01552210   -77.80065042   -77.78512832   -77.83371369   -77.80065042
      775     0.01641558   -77.80154418   -77.78512860   -77.83337766   -77.80154418
      776     0.01731950   -77.80244842   -77.78512892   -77.83305330   -77.80244842
      777     0.01822972   -77.80335897   -77.78512925   -77.83274345   -77.80335897
      778     0.01914188   -77.80427149   -77.78512961   -77.83245096   -77.80427149
      779     0.02005145   -77.80518144   -77.78512999   -77.83217860   -77.80518144
      780     0.00570027   -77.80608418   -77.80038391   -77.83192902   -77.80608418
      781     0.00617680   -77.80656075   -77.80038395   -77.83180705   -77.80656075
      782     0.00666995   -77.80705394   -77.80038399   -77.83168836   -77.80705394
      783     0.00717937   -77.80756340   -77.80038403   -77.83157224   -77.80756340
      784     0.00770480   -77.80808887   -77.80038407   -77.83145775   -77.80808887
      785     0.00824600   -77.80863010   -77.80038410   -77.83134376   -77.80863010
      786     0.00880275   -77.80918689   -77.80038415   -77.83122892   -77.80918689
      787     0.00937481   -77.80975901   -77.80038420   -77.83111177   -77.80975901
      788     0.00996188   -77.81034615   -77.80038427   -77.83099073   -77.81034615
      789     0.01056358   -77.81094793   -77.80038435   -77.83086417   -77.81094793
      790     0.01117935   -77.81156380   -77.80038445   -77.83073049   -77.81156380
      791     0.01180841   -77.81219299   -77.80038458   -77.83058821   -77.81219299
      792     0.01244969   -77.81283444   -77.80038475   -77.83043605   -77.81283444
      793     0.01310173   -77.81348669   -77.80038496   -77.83027307   -77.81348669
      794     0.01376253   -77.81414777   -77.80038523   -77.83009881   -77.81414777
      795     0.01442948   -77.81481506   -77.80038558   -77.82991352   -77.81481506
      796     0.01509910   -77.81548512   -77.80038602   -77.82971834   -77.81548512
      797     0.01576686   -77.81615342   -77.80038657   -77.82951569   -77.81615342
      798     0.01642686   -77.81681413   -77.80038727   -77.82930958   -77.81681413
      799     0.01707154   -77.81745970   -77.80038815   -77.82910613   -77.81745970
      800     0.00570027   -77.81808054   -77.81238027   -77.82891412   -77.81808054
      801     0.00605465   -77.81843257   -77.81237792   -77.82880666   -77.81843257
      802     0.00643096   -77.81880924   -77.81237828   -77.82868487   -77.81880924
      803     0.00682830   -77.81920695   -77.81237865   -77.82855300   -77.81920695
      804     0.00724539   -77.81962443   -77.81237905   -77.82841315   -77.81962443
      805     0.00768044   -77.82005992   -77.81237947   -77.82826821   -77.82005992
      806     0.00813113   -77.82051107   -77.81237994   -77.82812200   -77.82051107
      807     0.00859450   -77.82097493   -77.81238044   -77.82797947   -77.82097493
      808     0.00906690   -77.82144787   -77.81238097   -77.82784703   -77.82144787
      809     0.00954401   -77.82192561   -77.81238160   -77.82773266   -77.82192561
      810     0.01002098   -77.82240383   -77.81238286   -77.82764568   -77.82240383
      811     0.01049230   -77.82287556   -77.81238327   -77.82759953   -77.82287556
      812     0.01095264   -77.82333616   -77.81238352   -77.82760725   -77.82333616
      813     0.01139880   -77.82378226   -77.81238345   -77.82768236   -77.82378226
      814     0.01183160   -77.82421454   -77.81238295   -77.82783566   -77.82421454
      815     0.01225760   -77.82463959   -77.81238200   -77.82807220   -77.82463959
      816     0.01268875   -77.82506960   -77.81238085   -77.82839001   -77.82506960
      817     0.01313928   -77.82551917   -77.81237989   -77.82878178   -77.82551917
      818     0.01362113   -77.82600054   -77.81237940   -77.82923883   -77.82600054
      819     0.01414009   -77.82651959   -77.81237950   -77.82975474   -77.82651959
      820     0.00570027   -77.82707395   -77.82137368   -77.83032740   -77.82707395
      821     0.00610652   -77.82748127   -77.82137475   -77.83070629   -77.82748127
      822     0.00660514   -77.82798175   -77.82137661   -77.83110085   -77.82798175
      823     0.00716824   -77.82854762   -77.82137938   -77.83152841   -77.82854762
      824     0.00775510   -77.82913781   -77.82138271   -77.83201555   -77.82913781
      825     0.00831722   -77.82970239   -77.82138516   -77.83259291   -77.82970239
      826     0.00881468   -77.83019984   -77.82138516   -77.83327911   -77.83019984
      827     0.00923275   -77.83061590   -77.82138315   -77.83406587   -77.83061590
      828     0.00958084   -77.83096159   -77.82138075   -77.83492395   -77.83096159
      829     0.00987793   -77.83125677   -77.82137883   -77.83582069   -77.83125677
      830     0.01014145   -77.83151895   -77.82137750   -77.83673001   -77.83151895
      831     0.01038405   -77.83176068   -77.82137663   -77.83763355   -77.83176068
      832     0.01061417   -77.83199025   -77.82137608   -77.83851887   -77.83199025
      833     0.01083726   -77.83221301   -77.82137576   -77.83937754   -77.83221301
      834     0.01105674   -77.83243232   -77.82137559   -77.84020373   -77.83243232
      835     0.01127469   -77.83265022   -77.82137553   -77.84099336   -77.83265022
      836     0.01149225   -77.83286781   -77.82137556   -77.84174356   -77.83286781
      837     0.01170992   -77.83308557   -77.82137565   -77.84245229   -77.83308557
      838     0.01192771   -77.83330350   -77.82137579   -77.84311814   -77.83330350
      839     0.01214530   -77.83352127   -77.82137597   -77.84374017   -77.83352127
      840     0.00570027   -77.83373823   -77.82803796   -77.84431781   -77.83373823
      841     0.00585175   -77.83388987   -77.82803812   -77.84467442   -77.83388987
      842     0.00601220   -77.83405051   -77.82803831   -77.84499006   -77.83405051
      843     0.00618082   -77.83421934   -77.82803852   -77.84526468   -77.83421934
      844     0.00635672   -77.83439546   -77.82803874   -77.84549833   -77.83439546
      845     0.00653898   -77.83457794   -77.82803896   -77.84569106   -77.83457794
      846     0.00672661   -77.83476572   -77.82803912   -77.84584302   -77.83476572
      847     0.00691858   -77.83495791   -77.82803933   -77.84595420   -77.83495791
      848     0.00711385   -77.83515339   -77.82803954   -77.84602476   -77.83515339
      849     0.00731138   -77.83535112   -77.82803974   -77.84605483   -77.83535112
      850     0.00751013   -77.83554931   -77.82803918   -77.84604524   -77.83554931
      851     0.00770911   -77.83574839   -77.82803928   -77.84599465   -77.83574839
      852     0.00790729   -77.83594667   -77.82803938   -77.84590379   -77.83594667
      853     0.00810378   -77.83614327   -77.82803950   -77.84577269   -77.83614327
      854     0.00829774   -77.83633732   -77.82803958   -77.84560136   -77.83633732
      855     0.00848848   -77.83652814   -77.82803966   -77.84538969   -77.83652814
      856     0.00867544   -77.83671516   -77.82803972   -77.84513753   -77.83671516
      857     0.00885822   -77.83689799   -77.82803977   -77.84484464   -77.83689799
      858     0.00903662   -77.83707643   -77.82803981   -77.84451070   -77.83707643
      859     0.00921069   -77.83725051   -77.82803983   -77.84413528   -77.83725051
      860     0.00570027   -77.83742051   -77.83172024   -77.84371788   -77.83742051
      861     0.00583439   -77.83755452   -77.83172013   -77.84335658   -77.83755452
      862     0.00597529   -77.83769537   -77.83172007   -77.84295560   -77.83769537
      863     0.00612409   -77.83784410   -77.83172001   -77.84251397   -77.83784410
      864     0.00628181   -77.83800177   -77.83171996   -77.84203064   -77.83800177
      865     0.00644929   -77.83816923   -77.83171994   -77.84150464   -77.83816923
      866     0.00662680   -77.83834680   -77.83171999   -77.84093524   -77.83834680
      867     0.00681292   -77.83853330   -77.83172037   -77.84032272   -77.83853330
      868     0.00699749   -77.83872098   -77.83172349   -77.83967267   -77.83872098
      869     0.00726814   -77.83910145   -77.83183331   -77.83910145   -77.83878770
      870     0.00627928   -77.83821751   -77.83193822   -77.83918060   -77.83821751
      871     0.00569211   -77.83762811   -77.83193600   -77.83934143   -77.83762811
      872     0.00521952   -77.83715513   -77.83193561   -77.83945870   -77.83715513
      873     0.00487089   -77.83680636   -77.83193547   -77.83953043   -77.83680636
      874     0.00464907   -77.83658450   -77.83193544   -77.83955740   -77.83658450
      875     0.00455472   -77.83649023   -77.83193551   -77.83954087   -77.83649023
      876     0.00458660   -77.83652231   -77.83193572   -77.83948252   -77.83652231
      877     0.00474076   -77.83667703   -77.83193627   -77.83938490   -77.83667703
      878     0.00500804   -77.83694564   -77.83193761   -77.83925332   -77.83694564
      879     0.00536545   -77.83730706   -77.83194161   -77.83910191   -77.83730706
      880     0.00570027   -77.83769792   -77.83199765   -77.83897988   -77.83769792
      881     0.00590700   -77.83792308   -77.83201608   -77.83905062   -77.83792308
      882     0.00582707   -77.83782137   -77.83199430   -77.83943151   -77.83782137
      883     0.00557753   -77.83756328   -77.83198575   -77.83994356   -77.83756328
      884     0.00528626   -77.83726953   -77.83198327   -77.84047241   -77.83726953
      885     0.00499583   -77.83697821   -77.83198238   -77.84098509   -77.83697821
      886     0.00472108   -77.83670310   -77.83198202   -77.84147108   -77.83670310
      887     0.00446802   -77.83644991   -77.83198188   -77.84192661   -77.83644991
      888     0.00423903   -77.83622089   -77.83198186   -77.84235055   -77.83622089
      889     0.00403456   -77.83601646   -77.83198190   -77.84274297   -77.83601646
      890     0.00385395   -77.83583594   -77.83198199   -77.84310461   -77.83583594
      891     0.00369580   -77.83567790   -77.83198210   -77.84343664   -77.83567790
      892     0.00355816   -77.83554039   -77.83198224   -77.84374049   -77.83554039
      893     0.00343871   -77.83542110   -77.83198238   -77.84401780   -77.83542110
      894     0.00333491   -77.83531745   -77.83198254   -77.84427028   -77.83531745
      895     0.00324407   -77.83522676   -77.83198269   -77.84449972   -77.83522676
      896     0.00316347   -77.83514631   -77.83198284   -77.84470784   -77.83514631
      897     0.00309048   -77.83507346   -77.83198298   -77.84489631   -77.83507346
      898     0.00302264   -77.83500574   -77.83198310   -77.84506661   -77.83500574
      899     0.00295773   -77.83494097   -77.83198324   -77.84521997   -77.83494097
      900     0.00570027   -77.83487720   -77.82917694   -77.84535750   -77.83487720
      901     0.00560356   -77.83478048   -77.82917692   -77.84553503   -77.83478048
      902     0.00549236   -77.83466921   -77.82917685   -77.84570277   -77.83466921
      903     0.00536708   -77.83454381   -77.82917672   -77.84585981   -77.83454381
      904     0.00522898   -77.83440553   -77.82917656   -77.84600478   -77.83440553
      905     0.00507992   -77.83425625   -77.82917633   -77.84613599   -77.83425625
      906     0.00492229   -77.83409841   -77.82917612   -77.84625146   -77.83409841
      907     0.00475875   -77.83393465   -77.82917590   -77.84634920   -77.83393465
      908     0.00459213   -77.83376782   -77.82917569   -77.84642726   -77.83376782
      909     0.00442531   -77.83360079   -77.82917548   -77.84648380   -77.83360079
      910     0.00426108   -77.83343637   -77.82917529   -77.84651713   -77.83343637
      911     0.00410209   -77.83327721   -77.82917511   -77.84652585   -77.83327721
      912     0.00395079   -77.83312574   -77.82917496   -77.84650879   -77.83312574
      913     0.00380935   -77.83298417   -77.82917482   -77.84646505   -77.83298417
      914     0.00367969   -77.83285440   -77.82917470   -77.84639402   -77.83285440
      915     0.00356341   -77.83273802   -77.82917461   -77.84629540   -77.83273802
      916     0.00346177   -77.83263631   -77.82917454   -77.84616913   -77.83263631
      917     0.00337573   -77.83255023   -77.82917450   -77.84601546   -77.83255023
      918     0.00330588   -77.83248036   -77.82917448   -77.84583490   -77.83248036
      919     0.00325248   -77.83242696   -77.82917448   -77.84562821   -77.83242696
      920     0.00570027   -77.83238992   -77.82668965   -77.84539644   -77.83238992
      921     0.00566660   -77.83235632   -77.82668972   -77.84505815   -77.83235632
      922     0.00564219   -77.83233201   -77.82668981   -77.84469420   -77.83233201
      923     0.00562561   -77.83231555   -77.82668994   -77.84430705   -77.83231555
      924     0.00561507   -77.83230516   -77.82669008   -77.84389945   -77.83230516
      925     0.00560840   -77.83229866   -77.82669026   -77.84347453   -77.83229866
      926     0.00560309   -77.83229355   -77.82669046   -77.84303574   -77.83229355
      927     0.00559629   -77.83228698   -77.82669068   -77.84258687   -77.83228698
      928     0.00558494   -77.83227586   -77.82669092   -77.84213196   -77.83227586
      929     0.00556589   -77.83225659   -77.82669070   -77.84167573   -77.83225659
      930     0.00553603   -77.83222695   -77.82669092   -77.84122161   -77.83222695
      931     0.00549262   -77.83218371   -77.82669109   -77.84077434   -77.83218371
      932     0.00543360   -77.83212480   -77.82669121   -77.84033781   -77.83212480
      933     0.00535799   -77.83204922   -77.82669123   -77.83991528   -77.83204922
      934     0.00526628   -77.83195742   -77.82669115   -77.83950907   -77.83195742
      935     0.00516065   -77.83185158   -77.82669094   -77.83912034   -77.83185158
      936     0.00504515   -77.83173577   -77.82669062   -77.83874888   -77.83173577
      937     0.00492558   -77.83161577   -77.82669020   -77.83839328   -77.83161577
      938     0.00480915   -77.83149886   -77.82668972   -77.83805100   -77.83149886
      939     0.00470404   -77.83139325   -77.82668921   -77.83771876   -77.83139325
      940     0.00570027   -77.83130755   -77.82560729   -77.83739289   -77.83130755
      941     0.00563344   -77.83124023   -77.82560679   -77.83703418   -77.83124023
      942     0.00559948   -77.83120582   -77.82560634   -77.83667539   -77.83120582
      943     0.00560628   -77.83121222   -77.82560594   -77.83631304   -77.83121222
      944     0.00566075   -77.83126637   -77.82560562   -77.83594404   -77.83126637
      945     0.00576852   -77.83137391   -77.82560539   -77.83556577   -77.83137391
      946     0.00593364   -77.83153891   -77.82560527   -77.83517610   -77.83153891
      947     0.00615796   -77.83176332   -77.82560536   -77.83477376   -77.83176332
      948     0.00643941   -77.83204537   -77.82560596   -77.83435928   -77.83204537
      949     0.00676539   -77.83237339   -77.82560799   -77.83394007   -77.83237339
      950     0.00706790   -77.83269545   -77.82562756   -77.83355769   -77.83269545
      951     0.00708221   -77.83272407   -77.82564186   -77.83347491   -77.83272407
      952     0.00679839   -77.83241094   -77.82561255   -77.83375059   -77.83241094
      953     0.00649444   -77.83210316   -77.82560872   -77.83407705   -77.83210316
      954     0.00626774   -77.83187573   -77.82560799   -77.83439186   -77.83187573
      955     0.00613356   -77.83174149   -77.82560793   -77.83468532   -77.83174149
      956     0.00609324   -77.83170137   -77.82560813   -77.83495529   -77.83170137
      957     0.00614324   -77.83175176   -77.82560852   -77.83520143   -77.83175176
      958     0.00627693   -77.83188601   -77.82560908   -77.83542426   -77.83188601
      959     0.00648468   -77.83209455   -77.82560987   -77.83562525   -77.83209455
      960     0.00570027   -77.83236434   -77.82666407   -77.83580734   -77.83236434
      961     0.00599162   -77.83265706   -77.82666544   -77.83596151   -77.83265706
      962     0.00631044   -77.83297777   -77.82666732   -77.83611026   -77.83297777
      963     0.00662818   -77.83329788   -77.82666971   -77.83626708   -77.83329788
      964     0.00691028   -77.83358243   -77.82667215   -77.83645057   -77.83358243
      965     0.00712272   -77.83379629   -77.82667357   -77.83668011   -77.83379629
      966     0.01029268   -77.83696592   -77.82667323   -77.83696592   -77.83391712
      967     0.01078426   -77.83746185   -77.82667760   -77.83746185   -77.83393016
      968     0.01148419   -77.83816545   -77.82668125   -77.83816545   -77.83382957
      969     0.01234685   -77.83903025   -77.82668341   -77.83903025   -77.83365147
      970     0.01334207   -77.84002672   -77.82668464   -77.84002672   -77.83341467
      971     0.01445153   -77.84113698   -77.82668544   -77.84113698   -77.83312679
      972     0.01566309   -77.84234914   -77.82668604   -77.84234914   -77.83278999
      973     0.01696759   -77.84365415   -77.82668655   -77.84365415   -77.83240406
      974     0.01835727   -77.84504429   -77.82668702   -77.84504429   -77.83196780
      975     0.01982501   -77.84651248   -77.82668747   -77.84651248   -77.83147976
      976     0.02136401   -77.84805192   -77.82668791   -77.84805192   -77.83093860
      977     0.02296765   -77.84965600   -77.82668835   -77.84965600   -77.83034327
      978     0.02462950   -77.85131827   -77.82668877   -77.85131827   -77.82969316
      979     0.02634327   -77.85303246   -77.82668918   -77.85303246   -77.82898822
      980     0.00570027   -77.85479252   -77.84909226   -77.85479252   -77.82822900
      981     0.00655366   -77.85564605   -77.84909239   -77.85564605   -77.82786904
      982     0.00750836   -77.85660090   -77.84909254   -77.85660090   -77.82749780
      983     0.00856200   -77.85765455   -77.84909255   -77.85765455   -77.82711643
      984     0.00971190   -77.85880479   -77.84909289   -77.85880479   -77.82672545
      985     0.01095509   -77.86004804   -77.84909295   -77.86004804   -77.82632646
      986     0.01228825   -77.86138143   -77.84909319   -77.86138143   -77.82592000
      987     0.01370773   -77.86280117   -77.84909344   -77.86280117   -77.82550720
      988     0.01520955   -77.86430327   -77.84909372   -77.86430327   -77.82508900
      989     0.01678935   -77.86588337   -77.84909401   -77.86588337   -77.82466629
      990     0.01844243   -77.86753677   -77.84909434   -77.86753677   -77.82423986
      991     0.02016373   -77.86925841   -77.84909468   -77.86925841   -77.82381041
      992     0.02194783   -77.87104287   -77.84909504   -77.87104287   -77.82337849
      993     0.02378893   -77.87288436   -77.84909543   -77.87288436   -77.82294443
      994     0.02568087   -77.87477671   -77.84909584   -77.87477671   -77.82250836
      995     0.02761713   -77.87671341   -77.84909627   -77.87671341   -77.82207011
      996     0.02959081   -77.87868774   -77.84909694   -77.87868774   -77.82162900
      997     0.03159463   -77.88069205   -77.84909743   -77.88069205   -77.82118461
      998     0.03362099   -77.88271874   -77.84909775   -77.88271874   -77.82073566
      999     0.03566193   -77.88476021   -77.84909827   -77.88476021   -77.82028016
     1000     0.00570027   -77.88680795   -77.88110769   -77.88680795   -77.81981619
