#    Non-Adiabatic Coupling Matrix Eliments: off-diagonal
         0     0.00000000
         1     0.00000181
         2     0.00000363
         3     0.00000547
         4     0.00000734
         5     0.00000930
         6     0.00001139
         7     0.00001369
         8     0.00001627
         9     0.00001919
        10     0.00002248
        11     0.00002613
        12     0.00003004
        13     0.00003397
        14     0.00003755
        15     0.00004016
        16     0.00004094
        17     0.00003874
        18     0.00003214
        19     0.00001950
        20    -0.00000091
        21    -0.00000346
        22    -0.00000686
        23    -0.00001028
        24    -0.00001366
        25    -0.00001691
        26    -0.00002000
        27    -0.00002290
        28    -0.00002560
        29    -0.00002809
        30    -0.00003040
        31    -0.00003253
        32    -0.00003452
        33    -0.00003636
        34    -0.00003810
        35    -0.00003973
        36    -0.00004127
        37    -0.00004275
        38    -0.00004419
        39    -0.00004559
        40    -0.00004699
        41    -0.00002693
        42    -0.00002827
        43    -0.00002958
        44    -0.00003087
        45    -0.00003214
        46    -0.00003342
        47    -0.00003471
        48    -0.00003602
        49    -0.00003737
        50    -0.00003878
        51    -0.00004026
        52    -0.00004182
        53    -0.00004348
        54    -0.00004527
        55    -0.00004718
        56    -0.00004925
        57    -0.00005149
        58    -0.00005390
        59    -0.00005651
        60    -0.00005932
        61    -0.00002816
        62    -0.00002977
        63    -0.00003144
        64    -0.00003316
        65    -0.00003493
        66    -0.00003676
        67    -0.00003864
        68    -0.00004059
        69    -0.00004259
        70    -0.00004466
        71    -0.00004678
        72    -0.00004897
        73    -0.00005122
        74    -0.00005353
        75    -0.00005590
        76    -0.00005835
        77    -0.00006086
        78    -0.00006343
        79    -0.00006607
        80    -0.00006878
        81    -0.00005646
        82    -0.00005879
        83    -0.00006116
        84    -0.00006357
        85    -0.00006602
        86    -0.00006850
        87    -0.00007101
        88    -0.00007355
        89    -0.00007611
        90    -0.00007869
        91    -0.00008128
        92    -0.00008387
        93    -0.00008647
        94    -0.00008907
        95    -0.00009166
        96    -0.00009423
        97    -0.00009678
        98    -0.00009930
        99    -0.00010179
       100    -0.00010424
       101    -0.00008645
       102    -0.00008817
       103    -0.00008985
       104    -0.00009147
       105    -0.00009303
       106    -0.00009454
       107    -0.00009597
       108    -0.00009734
       109    -0.00009863
       110    -0.00009983
       111    -0.00010096
       112    -0.00010200
       113    -0.00010296
       114    -0.00010381
       115    -0.00010457
       116    -0.00010523
       117    -0.00010579
       118    -0.00010623
       119    -0.00010657
       120    -0.00010678
       121    -0.00012670
       122    -0.00012694
       123    -0.00012699
       124    -0.00012682
       125    -0.00012642
       126    -0.00012575
       127    -0.00012480
       128    -0.00012353
       129    -0.00012189
       130    -0.00011984
       131    -0.00011732
       132    -0.00011426
       133    -0.00011058
       134    -0.00010617
       135    -0.00010090
       136    -0.00009463
       137    -0.00008717
       138    -0.00007827
       139    -0.00006768
       140    -0.00005503
       141    -0.00003962
       142    -0.00002181
       143    -0.00000036
       144     0.00002564
       145     0.00005734
       146     0.00009620
       147     0.00014429
       148     0.00020439
       149     0.00028044
       150     0.00037811
       151     0.00050588
       152     0.00067673
       153     0.00091012
       154     0.00122228
       155     0.00138661
       156    -0.00098735
       157    -0.00126274
       158    -0.00081663
       159    -0.00050839
       160    -0.00029336
       161    -0.00013280
       162     0.00001874
       163     0.00012868
       164     0.00021037
       165     0.00027197
       166     0.00031870
       167     0.00035419
       168     0.00038097
       169     0.00040095
       170     0.00041549
       171     0.00042566
       172     0.00043231
       173     0.00043608
       174     0.00043750
       175     0.00043699
       176     0.00043489
       177     0.00043151
       178     0.00042705
       179     0.00042174
       180     0.00041572
       181     0.00039873
       182     0.00039171
       183     0.00038436
       184     0.00037674
       185     0.00036893
       186     0.00036095
       187     0.00035286
       188     0.00034467
       189     0.00033641
       190     0.00032808
       191     0.00031971
       192     0.00031129
       193     0.00030281
       194     0.00029428
       195     0.00028568
       196     0.00027701
       197     0.00026825
       198     0.00025938
       199     0.00025040
       200     0.00024128
       201     0.00022277
       202     0.00021367
       203     0.00020439
       204     0.00019492
       205     0.00018525
       206     0.00017535
       207     0.00016521
       208     0.00015481
       209     0.00014415
       210     0.00013319
       211     0.00012194
       212     0.00011035
       213     0.00009844
       214     0.00008618
       215     0.00007354
       216     0.00006052
       217     0.00004708
       218     0.00003323
       219     0.00001890
       220     0.00000408
       221    -0.00000986
       222    -0.00002375
       223    -0.00003808
       224    -0.00005286
       225    -0.00006810
       226    -0.00008380
       227    -0.00009999
       228    -0.00011663
       229    -0.00013372
       230    -0.00015117
       231    -0.00016887
       232    -0.00018664
       233    -0.00020416
       234    -0.00022095
       235    -0.00023627
       236    -0.00024902
       237    -0.00025765
       238    -0.00026005
       239    -0.00025365
       240    -0.00023584
       241    -0.00018209
       242    -0.00014004
       243    -0.00009310
       244    -0.00004853
       245    -0.00001278
       246     0.00001079
       247     0.00002219
       248     0.00000977
       249     0.00001624
       250     0.00002262
       251     0.00002890
       252     0.00003505
       253     0.00004107
       254     0.00004693
       255     0.00005262
       256     0.00005812
       257     0.00006342
       258     0.00006850
       259     0.00007335
       260     0.00007796
       261     0.00008245
       262     0.00008655
       263     0.00009039
       264     0.00009395
       265     0.00009725
       266     0.00010027
       267     0.00010302
       268     0.00010551
       269     0.00010772
       270     0.00010968
       271     0.00011138
       272     0.00011283
       273     0.00011404
       274     0.00011502
       275     0.00011578
       276     0.00011633
       277     0.00011668
       278     0.00011685
       279     0.00011684
       280     0.00011669
       281     0.00011720
       282     0.00011679
       283     0.00011630
       284     0.00011575
       285     0.00011518
       286     0.00011462
       287     0.00011414
       288     0.00011379
       289     0.00011365
       290     0.00011384
       291     0.00011449
       292     0.00011579
       293     0.00011800
       294     0.00012149
       295     0.00012682
       296     0.00013485
       297     0.00014699
       298     0.00016573
       299     0.00019590
       300     0.00024822
       301     0.00031275
       302     0.00053589
       303     0.00218756
       304     0.00065311
       305     0.00040679
       306     0.00026466
       307     0.00017039
       308     0.00010308
       309     0.00005280
       310     0.00001416
       311    -0.00001609
       312    -0.00004004
       313    -0.00005911
       314    -0.00007431
       315    -0.00008635
       316    -0.00009580
       317    -0.00010308
       318    -0.00010856
       319    -0.00011249
       320    -0.00011512
       321    -0.00007827
       322    -0.00007695
       323    -0.00007531
       324    -0.00007339
       325    -0.00007124
       326    -0.00006890
       327    -0.00006640
       328    -0.00006379
       329    -0.00006110
       330    -0.00005837
       331    -0.00005561
       332    -0.00005286
       333    -0.00005015
       334    -0.00004750
       335    -0.00004493
       336    -0.00004246
       337    -0.00004011
       338    -0.00003789
       339    -0.00003581
       340    -0.00003388
       341    -0.00003286
       342    -0.00003132
       343    -0.00002996
       344    -0.00002878
       345    -0.00002779
       346    -0.00002699
       347    -0.00002637
       348    -0.00002594
       349    -0.00002570
       350    -0.00002563
       351    -0.00002573
       352    -0.00002601
       353    -0.00002644
       354    -0.00002703
       355    -0.00002776
       356    -0.00002863
       357    -0.00002961
       358    -0.00003071
       359    -0.00003191
       360    -0.00003318
       361    -0.00002823
       362    -0.00002912
       363    -0.00003004
       364    -0.00003097
       365    -0.00003190
       366    -0.00003281
       367    -0.00003369
       368    -0.00003454
       369    -0.00003533
       370    -0.00003606
       371    -0.00003672
       372    -0.00003729
       373    -0.00003776
       374    -0.00003813
       375    -0.00003838
       376    -0.00003852
       377    -0.00003853
       378    -0.00003841
       379    -0.00003816
       380    -0.00003777
       381    -0.00003253
       382    -0.00003193
       383    -0.00003121
       384    -0.00003038
       385    -0.00002943
       386    -0.00002838
       387    -0.00002723
       388    -0.00002599
       389    -0.00002466
       390    -0.00002326
       391    -0.00002180
       392    -0.00002029
       393    -0.00001874
       394    -0.00001717
       395    -0.00001559
       396    -0.00001401
       397    -0.00001246
       398    -0.00001094
       399    -0.00000947
       400    -0.00000807
       401    -0.00000590
       402    -0.00000495
       403    -0.00000411
       404    -0.00000336
       405    -0.00000274
       406    -0.00000223
       407    -0.00000186
       408    -0.00000162
       409    -0.00000153
       410    -0.00000158
       411    -0.00000178
       412    -0.00000213
       413    -0.00000264
       414    -0.00000330
       415    -0.00000412
       416    -0.00000509
       417    -0.00000621
       418    -0.00000748
       419    -0.00000889
       420    -0.00001043
       421    -0.00001338
       422    -0.00001491
       423    -0.00001654
       424    -0.00001827
       425    -0.00002007
       426    -0.00002193
       427    -0.00002383
       428    -0.00002574
       429    -0.00002765
       430    -0.00002952
       431    -0.00003132
       432    -0.00003302
       433    -0.00003457
       434    -0.00003593
       435    -0.00003705
       436    -0.00003786
       437    -0.00003831
       438    -0.00003831
       439    -0.00003779
       440    -0.00003664
       441    -0.00003538
       442    -0.00003217
       443    -0.00002786
       444    -0.00002229
       445    -0.00001524
       446    -0.00000648
       447     0.00000426
       448     0.00001728
       449     0.00003295
       450     0.00005169
       451     0.00007385
       452     0.00010005
       453     0.00013073
       454     0.00016644
       455     0.00020769
       456     0.00025481
       457     0.00030781
       458     0.00036598
       459     0.00042733
       460     0.00048751
       461     0.00066013
       462     0.00072887
       463     0.00074248
       464     0.00065135
       465     0.00041610
       466     0.00006386
       467    -0.00029822
       468    -0.00055877
       469    -0.00068017
       470    -0.00069252
       471    -0.00064311
       472    -0.00056760
       473    -0.00048635
       474    -0.00040925
       475    -0.00034034
       476    -0.00028079
       477    -0.00023038
       478    -0.00018835
       479    -0.00015373
       480    -0.00012553
       481    -0.00008380
       482    -0.00007397
       483    -0.00006626
       484    -0.00006036
       485    -0.00005613
       486    -0.00005329
       487    -0.00005170
       488    -0.00005115
       489    -0.00005148
       490    -0.00005257
       491    -0.00005428
       492    -0.00005649
       493    -0.00005911
       494    -0.00006203
       495    -0.00006518
       496    -0.00006848
       497    -0.00007185
       498    -0.00007524
       499    -0.00007859
       500    -0.00008186
       501    -0.00009153
       502    -0.00009444
       503    -0.00009713
       504    -0.00009957
       505    -0.00010172
       506    -0.00010356
       507    -0.00010507
       508    -0.00010623
       509    -0.00010701
       510    -0.00010739
       511    -0.00010738
       512    -0.00010694
       513    -0.00010607
       514    -0.00010475
       515    -0.00010299
       516    -0.00010076
       517    -0.00009806
       518    -0.00009488
       519    -0.00009122
       520    -0.00008706
       521    -0.00008395
       522    -0.00007870
       523    -0.00007293
       524    -0.00006661
       525    -0.00005974
       526    -0.00005230
       527    -0.00004427
       528    -0.00003563
       529    -0.00002636
       530    -0.00001643
       531    -0.00000579
       532     0.00000560
       533     0.00001776
       534     0.00003078
       535     0.00004473
       536     0.00005966
       537     0.00007567
       538     0.00009288
       539     0.00011138
       540     0.00013132
       541     0.00018195
       542     0.00021169
       543     0.00024436
       544     0.00028025
       545     0.00031962
       546     0.00036256
       547     0.00040892
       548     0.00045796
       549     0.00050805
       550     0.00055599
       551     0.00059639
       552     0.00062124
       553     0.00062088
       554     0.00058701
       555     0.00051719
       556     0.00041697
       557     0.00029701
       558     0.00016764
       559     0.00003588
       560    -0.00009388
       561    -0.00022788
       562    -0.00033302
       563    -0.00041237
       564    -0.00045751
       565    -0.00046710
       566    -0.00044752
       567    -0.00040906
       568    -0.00036144
       569    -0.00031164
       570    -0.00026390
       571    -0.00022034
       572    -0.00018184
       573    -0.00014852
       574    -0.00012013
       575    -0.00009626
       576    -0.00007644
       577    -0.00006020
       578    -0.00004709
       579    -0.00003671
       580    -0.00002871
       581    -0.00002536
       582    -0.00001914
       583    -0.00001494
       584    -0.00001242
       585    -0.00001132
       586    -0.00001143
       587    -0.00001254
       588    -0.00001449
       589    -0.00001709
       590    -0.00002025
       591    -0.00002383
       592    -0.00002771
       593    -0.00003181
       594    -0.00003605
       595    -0.00004035
       596    -0.00004465
       597    -0.00004887
       598    -0.00005298
       599    -0.00005692
       600    -0.00006065
       601    -0.00005002
       602    -0.00005203
       603    -0.00005383
       604    -0.00005541
       605    -0.00005676
       606    -0.00005788
       607    -0.00005875
       608    -0.00005938
       609    -0.00005977
       610    -0.00005992
       611    -0.00005983
       612    -0.00005952
       613    -0.00005898
       614    -0.00005823
       615    -0.00005728
       616    -0.00005614
       617    -0.00005483
       618    -0.00005335
       619    -0.00005173
       620    -0.00004996
       621    -0.00005006
       622    -0.00004817
       623    -0.00004617
       624    -0.00004409
       625    -0.00004193
       626    -0.00003970
       627    -0.00003741
       628    -0.00003507
       629    -0.00003268
       630    -0.00003025
       631    -0.00002776
       632    -0.00002523
       633    -0.00002263
       634    -0.00001996
       635    -0.00001720
       636    -0.00001433
       637    -0.00001131
       638    -0.00000812
       639    -0.00000471
       640    -0.00000102
       641     0.00000165
       642     0.00000432
       643     0.00000724
       644     0.00001048
       645     0.00001409
       646     0.00001814
       647     0.00002272
       648     0.00002791
       649     0.00003381
       650     0.00004051
       651     0.00004812
       652     0.00005675
       653     0.00006646
       654     0.00007735
       655     0.00008943
       656     0.00010272
       657     0.00011713
       658     0.00013250
       659     0.00014851
       660     0.00016474
       661     0.00016825
       662     0.00018047
       663     0.00019094
       664     0.00019879
       665     0.00020311
       666     0.00020304
       667     0.00019781
       668     0.00018688
       669     0.00016994
       670     0.00014699
       671     0.00011827
       672     0.00008422
       673     0.00004542
       674     0.00000250
       675    -0.00004394
       676    -0.00009337
       677    -0.00014537
       678    -0.00019965
       679    -0.00025602
       680    -0.00031441
       681    -0.00031277
       682    -0.00036436
       683    -0.00041791
       684    -0.00047358
       685    -0.00053155
       686    -0.00059207
       687    -0.00065539
       688    -0.00072180
       689    -0.00079163
       690    -0.00086526
       691    -0.00094308
       692    -0.00102552
       693    -0.00111308
       694    -0.00120626
       695    -0.00130562
       696    -0.00141174
       697    -0.00152524
       698    -0.00164675
       699    -0.00177691
       700    -0.00191636
       701    -0.00117211
       702    -0.00124731
       703    -0.00132697
       704    -0.00141135
       705    -0.00150071
       706    -0.00159527
       707    -0.00169521
       708    -0.00180066
       709    -0.00191170
       710    -0.00202829
       711    -0.00215029
       712    -0.00227739
       713    -0.00240912
       714    -0.00254477
       715    -0.00268339
       716    -0.00282373
       717    -0.00296428
       718    -0.00310314
       719    -0.00323815
       720    -0.00336686
       721    -0.00189967
       722    -0.00193430
       723    -0.00196561
       724    -0.00199319
       725    -0.00201669
       726    -0.00203574
       727    -0.00205004
       728    -0.00205930
       729    -0.00206329
       730    -0.00206185
       731    -0.00205486
       732    -0.00204227
       733    -0.00202409
       734    -0.00200042
       735    -0.00197140
       736    -0.00193721
       737    -0.00189812
       738    -0.00185440
       739    -0.00180637
       740    -0.00175438
       741    -0.00109009
       742    -0.00101054
       743    -0.00092917
       744    -0.00084605
       745    -0.00076125
       746    -0.00067476
       747    -0.00058655
       748    -0.00049655
       749    -0.00040463
       750    -0.00031061
       751    -0.00021428
       752    -0.00011533
       753    -0.00001344
       754     0.00009181
       755     0.00020091
       756     0.00031442
       757     0.00043300
       758     0.00055743
       759     0.00068862
       760     0.00082765
       761     0.00066344
       762     0.00082452
       763     0.00099299
       764     0.00116973
       765     0.00135572
       766     0.00155200
       767     0.00175968
       768     0.00197992
       769     0.00221396
       770     0.00246306
       771     0.00272848
       772     0.00301148
       773     0.00331326
       774     0.00363495
       775     0.00397745
       776     0.00434150
       777     0.00472750
       778     0.00513547
       779     0.00556495
       780     0.00601496
       781     0.00328108
       782     0.00342369
       783     0.00356612
       784     0.00370981
       785     0.00385675
       786     0.00400954
       787     0.00417147
       788     0.00434674
       789     0.00454053
       790     0.00475928
       791     0.00501094
       792     0.00530539
       793     0.00565479
       794     0.00607421
       795     0.00658213
       796     0.00720085
       797     0.00795640
       798     0.00887691
       799     0.00998788
       800     0.01130145
       801     0.00666777
       802     0.00700720
       803     0.00744465
       804     0.00800203
       805     0.00870713
       806     0.00959469
       807     0.01070697
       808     0.01209128
       809     0.01379280
       810     0.01583018
       811     0.01817601
       812     0.02065949
       813     0.02296324
       814     0.02468479
       815     0.02555552
       816     0.02564993
       817     0.02534590
       818     0.02507310
       819     0.02509108
       820     0.02539686
       821     0.01734016
       822     0.02019903
       823     0.02421049
       824     0.02838100
       825     0.03051410
       826     0.02886482
       827     0.02442164
       828     0.01948486
       829     0.01535233
       830     0.01225154
       831     0.01000369
       832     0.00837847
       833     0.00719204
       834     0.00631461
       835     0.00565752
       836     0.00516035
       837     0.00478133
       838     0.00449121
       839     0.00426889
       840     0.00409884
       841     0.00272288
       842     0.00268397
       843     0.00266334
       844     0.00265835
       845     0.00266692
       846     0.00268735
       847     0.00271825
       848     0.00275840
       849     0.00280672
       850     0.00286123
       851     0.00292329
       852     0.00299090
       853     0.00306338
       854     0.00314012
       855     0.00322072
       856     0.00330498
       857     0.00339321
       858     0.00348645
       859     0.00358687
       860     0.00369892
       861     0.00267486
       862     0.00239647
       863     0.00200748
       864     0.00142510
       865     0.00045706
       866    -0.00143679
       867    -0.00632568
       868    -0.02877661
       869    -0.27070938
       870    -0.02440610
       871    -0.00492273
       872    -0.00094969
       873     0.00087046
       874     0.00219342
       875     0.00355849
       876     0.00537079
       877     0.00827379
       878     0.01378739
       879     0.02635935
       880     0.05775181
       881     0.08048562
       882     0.04061770
       883     0.01786117
       884     0.00875852
       885     0.00447357
       886     0.00210298
       887     0.00061841
       888    -0.00040357
       889    -0.00116035
       890    -0.00175289
       891    -0.00223628
       892    -0.00264188
       893    -0.00298772
       894    -0.00328404
       895    -0.00353624
       896    -0.00374679
       897    -0.00391638
       898    -0.00404488
       899    -0.00413197
       900    -0.00417747
       901    -0.00569990
       902    -0.00547726
       903    -0.00520513
       904    -0.00489452
       905    -0.00455621
       906    -0.00420009
       907    -0.00383441
       908    -0.00346571
       909    -0.00309868
       910    -0.00273637
       911    -0.00238041
       912    -0.00203123
       913    -0.00168830
       914    -0.00135030
       915    -0.00101541
       916    -0.00068124
       917    -0.00034509
       918    -0.00000394
       919     0.00034544
       920     0.00070652
       921     0.00133183
       922     0.00174776
       923     0.00219228
       924     0.00266865
       925     0.00317907
       926     0.00372389
       927     0.00430066
       928     0.00490270
       929     0.00551639
       930     0.00612539
       931     0.00670160
       932     0.00721194
       933     0.00761991
       934     0.00789083
       935     0.00799823
       936     0.00792925
       937     0.00768678
       938     0.00728731
       939     0.00675501
       940     0.00611416
       941     0.00617476
       942     0.00547278
       943     0.00468029
       944     0.00376150
       945     0.00262628
       946     0.00106625
       947    -0.00143808
       948    -0.00643659
       949    -0.02005064
       950    -0.07600734
       951    -0.09862243
       952    -0.02678186
       953    -0.00920460
       954    -0.00311479
       955    -0.00003443
       956     0.00204782
       957     0.00382089
       958     0.00561465
       959     0.00765140
       960     0.01012248
       961     0.01226210
       962     0.01587968
       963     0.01989390
       964     0.02332965
       965     0.02460069
       966     0.02285552
       967     0.01979765
       968     0.01245374
       969     0.00741592
       970     0.00429175
       971     0.00237924
       972     0.00119131
       973     0.00043800
       974    -0.00004933
       975    -0.00036966
       976    -0.00058265
       977    -0.00072508
       978    -0.00082025
       979    -0.00088318
       980    -0.00092376
       981    -0.00053692
       982    -0.00063767
       983    -0.00071931
       984    -0.00078447
       985    -0.00083381
       986    -0.00087014
       987    -0.00089501
       988    -0.00091013
       989    -0.00091705
       990    -0.00091712
       991    -0.00091155
       992    -0.00090132
       993    -0.00088729
       994    -0.00087015
       995    -0.00085052
       996    -0.00082926
       997    -0.00080592
       998    -0.00078096
       999    -0.00075536
      1000    -0.00072896
