#     Density Matrix: coherence Re-Im; see the manual for detail orders
        0     0.00000000     0.00000000
        1    -0.00001578     0.00000695
        2    -0.00004011     0.00004321
        3    -0.00003598     0.00009460
        4    -0.00000405     0.00012074
        5     0.00001778     0.00010917
        6     0.00000531     0.00009169
        7    -0.00002038     0.00010172
        8    -0.00002215     0.00013123
        9     0.00000419     0.00014371
       10     0.00002560     0.00012333
       11     0.00001519     0.00009556
       12    -0.00001311     0.00009437
       13    -0.00002325     0.00011907
       14    -0.00000304     0.00013681
       15     0.00002199     0.00012435
       16     0.00002094     0.00009613
       17    -0.00000493     0.00008568
       18    -0.00002478     0.00010500
       19    -0.00001503     0.00013079
       20     0.00001246     0.00013241
       21     0.00007378     0.00008903
       22     0.00010102    -0.00002192
       23     0.00001744    -0.00009674
       24    -0.00007988    -0.00005618
       25    -0.00007849     0.00004534
       26     0.00001987     0.00008337
       27     0.00010222     0.00000685
       28     0.00007463    -0.00010410
       29    -0.00003083    -0.00013087
       30    -0.00009386    -0.00005152
       31    -0.00004313     0.00003538
       32     0.00006370     0.00002339
       33     0.00010639    -0.00008195
       34     0.00003755    -0.00017070
       35    -0.00006539    -0.00015250
       36    -0.00008786    -0.00005670
       37    -0.00000543     0.00000180
       38     0.00009056    -0.00004970
       39     0.00009488    -0.00016257
       40     0.00000335    -0.00022175
       41    -0.00010134    -0.00016511
       42    -0.00010644    -0.00003803
       43     0.00000969     0.00002138
       44     0.00012172    -0.00005734
       45     0.00010984    -0.00019623
       46    -0.00001291    -0.00025383
       47    -0.00011638    -0.00017580
       48    -0.00009221    -0.00005074
       49     0.00003285    -0.00001497
       50     0.00012708    -0.00010943
       51     0.00009220    -0.00023869
       52    -0.00003581    -0.00027172
       53    -0.00012608    -0.00017683
       54    -0.00008813    -0.00005193
       55     0.00003738    -0.00002268
       56     0.00012239    -0.00011541
       57     0.00008134    -0.00023311
       58    -0.00004492    -0.00025452
       59    -0.00013234    -0.00015420
       60    -0.00009684    -0.00002508
       61     0.00000049     0.00002330
       62     0.00006785    -0.00001530
       63     0.00006841    -0.00009187
       64     0.00000194    -0.00013137
       65    -0.00006813    -0.00009471
       66    -0.00007567    -0.00001511
       67    -0.00001400     0.00003429
       68     0.00005895     0.00000938
       69     0.00007568    -0.00006460
       70     0.00002150    -0.00011778
       71    -0.00005308    -0.00010067
       72    -0.00007974    -0.00002880
       73    -0.00003448     0.00003277
       74     0.00004186     0.00002886
       75     0.00008155    -0.00003691
       76     0.00005040    -0.00010684
       77    -0.00002308    -0.00012109
       78    -0.00007415    -0.00006976
       79    -0.00005863    -0.00000009
       80     0.00000994     0.00002553
       81     0.00006878    -0.00001570
       82     0.00006851    -0.00008606
       83     0.00001447    -0.00012823
       84    -0.00004779    -0.00011090
       85    -0.00006683    -0.00005243
       86    -0.00002739    -0.00000452
       87     0.00003829    -0.00000959
       88     0.00007761    -0.00006701
       89     0.00005987    -0.00013482
       90    -0.00000013    -0.00016388
       91    -0.00005503    -0.00013637
       92    -0.00006245    -0.00007861
       93    -0.00001724    -0.00003952
       94     0.00004571    -0.00005284
       95     0.00007894    -0.00011220
       96     0.00005813    -0.00017715
       97    -0.00000075    -0.00020395
       98    -0.00005435    -0.00017762
       99    -0.00006419    -0.00012176
      100    -0.00002397    -0.00008039
      101     0.00001508    -0.00007962
      102     0.00002378    -0.00009747
      103     0.00001653    -0.00011594
      104    -0.00000171    -0.00012269
      105    -0.00001851    -0.00011347
      106    -0.00002265    -0.00009482
      107    -0.00001167    -0.00007935
      108     0.00000661    -0.00007712
      109     0.00001963    -0.00008895
      110     0.00001853    -0.00010606
      111     0.00000393    -0.00011614
      112    -0.00001474    -0.00011149
      113    -0.00002554    -0.00009391
      114    -0.00002184    -0.00007332
      115    -0.00000641    -0.00006118
      116     0.00001058    -0.00006319
      117     0.00001814    -0.00007582
      118     0.00001141    -0.00008876
      119    -0.00000550    -0.00009153
      120    -0.00002227    -0.00007996
      121    -0.00003330    -0.00005733
      122    -0.00003223    -0.00002993
      123    -0.00001560    -0.00001010
      124     0.00000635    -0.00000652
      125     0.00002041    -0.00001800
      126     0.00001826    -0.00003438
      127     0.00000125    -0.00004276
      128    -0.00002061    -0.00003508
      129    -0.00003467    -0.00001270
      130    -0.00003296     0.00001463
      131    -0.00001662     0.00003451
      132     0.00000499     0.00003893
      133     0.00001975     0.00002868
      134     0.00001959     0.00001263
      135     0.00000489     0.00000259
      136    -0.00001604     0.00000677
      137    -0.00003162     0.00002538
      138    -0.00003339     0.00005073
      139    -0.00002022     0.00007152
      140     0.00000097     0.00007884
      141     0.00002587     0.00006921
      142     0.00004246     0.00004279
      143     0.00003647     0.00001241
      144     0.00001153    -0.00000597
      145    -0.00001911    -0.00000306
      146    -0.00003948     0.00001925
      147    -0.00003901     0.00004902
      148    -0.00001765     0.00007048
      149     0.00001436     0.00007187
      150     0.00004177     0.00005110
      151     0.00005196     0.00001648
      152     0.00004091    -0.00001760
      153     0.00001496    -0.00003784
      154    -0.00001253    -0.00003835
      155    -0.00002765    -0.00002327
      156    -0.00002247    -0.00000460
      157     0.00000151     0.00000352
      158     0.00003433    -0.00000868
      159     0.00006243    -0.00004243
      160     0.00007486    -0.00009024
      161     0.00005628    -0.00013699
      162     0.00001490    -0.00016118
      163    -0.00001970    -0.00015867
      164    -0.00003130    -0.00014004
      165    -0.00001377    -0.00012346
      166     0.00002669    -0.00012683
      167     0.00007441    -0.00016029
      168     0.00011107    -0.00022223
      169     0.00012351    -0.00030036
      170     0.00010884    -0.00037720
      171     0.00007520    -0.00043733
      172     0.00003806    -0.00047346
      173     0.00001357    -0.00048893
      174     0.00001193    -0.00049570
      175     0.00003317    -0.00050890
      176     0.00006699    -0.00054004
      177     0.00009623    -0.00059160
      178     0.00010251    -0.00065469
      179     0.00007210    -0.00071044
      180     0.00000088    -0.00073472
      181    -0.00014289    -0.00069686
      182    -0.00029916    -0.00055950
      183    -0.00035566    -0.00035691
      184    -0.00029248    -0.00015723
      185    -0.00012787    -0.00002807
      186     0.00008865    -0.00001538
      187     0.00029272    -0.00012993
      188     0.00042578    -0.00034519
      189     0.00045349    -0.00060720
      190     0.00037609    -0.00085259
      191     0.00022733    -0.00102912
      192     0.00006275    -0.00111178
      193    -0.00005844    -0.00110972
      194    -0.00009196    -0.00106218
      195    -0.00002129    -0.00102535
      196     0.00013866    -0.00105487
      197     0.00034735    -0.00118943
      198     0.00055243    -0.00144041
      199     0.00070636    -0.00179062
      200     0.00078082    -0.00220179
      201     0.00060162    -0.00259686
      202     0.00022778    -0.00282021
      203    -0.00005553    -0.00286007
      204    -0.00014968    -0.00279515
      205    -0.00000703    -0.00274271
      206     0.00035906    -0.00282701
      207     0.00088208    -0.00314815
      208     0.00146504    -0.00376002
      209     0.00201135    -0.00466332
      210     0.00245564    -0.00581522
      211     0.00278728    -0.00715305
      212     0.00306284    -0.00862618
      213     0.00340887    -0.01023000
      214     0.00402220    -0.01203776
      215     0.00518412    -0.01423097
      216     0.00732257    -0.01713938
      217     0.01120355    -0.02132027
      218     0.01852850    -0.02775883
      219     0.03425557    -0.03848100
      220     0.08477938    -0.05969835
      221     0.12180844    -0.09942938
      222     0.10654531    -0.14054712
      223     0.07187902    -0.17273060
      224     0.02536518    -0.19028720
      225    -0.02586173    -0.19023404
      226    -0.07470365    -0.17222560
      227    -0.11470950    -0.13839270
      228    -0.14078153    -0.09293332
      229    -0.14973651    -0.04147886
      230    -0.14061929     0.00968307
      231    -0.11472934     0.05442596
      232    -0.07536895     0.08753762
      233    -0.02735973     0.10531958
      234     0.02359836     0.10596908
      235     0.07163735     0.08971151
      236     0.11141031     0.05868449
      237     0.13867882     0.01660605
      238     0.15073766    -0.03171900
      239     0.14663943    -0.08098512
      240     0.12720962    -0.12598966
      241     0.09349473    -0.16206418
      242     0.04926413    -0.18519057
      243     0.00057356    -0.19320369
      244    -0.04756759    -0.18568533
      245    -0.09036847    -0.16378768
      246    -0.12372321    -0.13004603
      247    -0.14458197    -0.08806526
      248    -0.15119596    -0.04212080
      249    -0.14322301     0.00328077
      250    -0.12169308     0.04383639
      251    -0.08884767     0.07583460
      252    -0.04787813     0.09646600
      253    -0.00259383     0.10403214
      254     0.04294382     0.09804235
      255     0.08478685     0.07919892
      256     0.11943391     0.04928019
      257     0.14410504     0.01093966
      258     0.15693960    -0.03255572
      259     0.15710665    -0.07762158
      260     0.14482565    -0.12066008
      261     0.11963169    -0.15821366
      262     0.08369156    -0.18687814
      263     0.04158497    -0.20444966
      264    -0.00334901    -0.20978336
      265    -0.04763267    -0.20269572
      266    -0.08791691    -0.18394683
      267    -0.12122742    -0.15515334
      268    -0.14517370    -0.11864187
      269    -0.15810701    -0.07725656
      270    -0.15921735    -0.03413686
      271    -0.14857015     0.00751714
      272    -0.12707754     0.04467585
      273    -0.09640875     0.07469007
      274    -0.05885433     0.09546739
      275    -0.01715085     0.10560443
      276     0.02571944     0.10446748
      277     0.06673930     0.09221857
      278     0.10306356     0.06978710
      279     0.13220874     0.03879102
      280     0.15221372     0.00141436
      281     0.16137167    -0.03971789
      282     0.15912229    -0.08165326
      283     0.14606337    -0.12151086
      284     0.12312292    -0.15660704
      285     0.09187946    -0.18459650
      286     0.05445360    -0.20362156
      287     0.01336245    -0.21242917
      288    -0.02864871    -0.21044752
      289    -0.06878742    -0.19781813
      290    -0.10439675    -0.17538210
      291    -0.13312770    -0.14462174
      292    -0.15309059    -0.10756181
      293    -0.16297706    -0.06663642
      294    -0.16214429    -0.02453036
      295    -0.15065690     0.01599547
      296    -0.12928365     0.05228406
      297    -0.09944895     0.08195585
      298    -0.06314211     0.10306558
      299    -0.02279046     0.11423212
      300     0.01889951     0.11473318
      301     0.06014800     0.10446659
      302     0.09814441     0.08378432
      303     0.12924317     0.05401515
      304     0.15127242     0.01720908
      305     0.16265563    -0.02408029
      306     0.16252727    -0.06696040
      307     0.15080345    -0.10839081
      308     0.12820140    -0.14538889
      309     0.09620491    -0.17523698
      310     0.05697636    -0.19567675
      311     0.01321861    -0.20507749
      312    -0.03200447    -0.20256470
      313    -0.07547792    -0.18809919
      314    -0.11406305    -0.16249888
      315    -0.14492586    -0.12739942
      316    -0.16575074    -0.08515369
      317    -0.17492201    -0.03867524
      318    -0.17165886     0.00876396
      319    -0.15609253     0.05376989
      320    -0.12927638     0.09307869
      321    -0.09229336     0.12374175
      322    -0.04783481     0.14317989
      323    -0.00004645     0.14983922
      324     0.04743517     0.14320238
      325     0.09093609     0.12377743
      326     0.12703431     0.09308240
      327     0.15283781     0.05354792
      328     0.16622787     0.00834260
      329     0.16604615    -0.03886753
      330     0.15220748    -0.08420630
      331     0.12572689    -0.12389997
      332     0.08865521    -0.15458906
      333     0.04392697    -0.17361140
      334    -0.00486913    -0.17923294
      335    -0.05377972    -0.17080425
      336    -0.09881134    -0.14882730
      337    -0.13626326    -0.11492547
      338    -0.16303954    -0.07171759
      339    -0.17691266    -0.02260564
      340    -0.17671526     0.02850623
      341    -0.16245668     0.07753894
      342    -0.13529750     0.12058305
      343    -0.09745246     0.15421945
      344    -0.05203148     0.17580860
      345    -0.00276419     0.18371093
      346     0.04631495     0.17742050
      347     0.09120506     0.15760077
      348     0.12827184     0.12602094
      349     0.15454619     0.08539922
      350     0.16796316     0.03916806
      351     0.16752151    -0.00881753
      352     0.15335177    -0.05460208
      353     0.12668863    -0.09445492
      354     0.08975232    -0.12516929
      355     0.04555146    -0.14431229
      356    -0.00237436    -0.15040532
      357    -0.05024853    -0.14302176
      358    -0.09436248    -0.12279674
      359    -0.13136632    -0.09135112
      360    -0.15852142    -0.05113930
      361    -0.17351732    -0.00526001
      362    -0.17537667     0.04272272
      363    -0.16449874     0.08925304
      364    -0.14185113     0.13099306
      365    -0.10924765     0.16503303
      366    -0.06918675     0.18909409
      367    -0.02464468     0.20167511
      368     0.02115800     0.20213502
      369     0.06499779     0.19070784
      370     0.10387846     0.16845274
      371     0.13523369     0.13714669
      372     0.15708861     0.09913092
      373     0.16817089     0.05712538
      374     0.16796643     0.01402665
      375     0.15671935    -0.02729496
      376     0.13537994    -0.06418476
      377     0.10550791    -0.09436694
      378     0.06914092    -0.11607235
      379     0.02863996    -0.12812461
      380    -0.01347603    -0.12998190
      381    -0.05401197    -0.12178426
      382    -0.09065762    -0.10440638
      383    -0.12209738    -0.07905789
      384    -0.14669940    -0.04730156
      385    -0.16328128    -0.01099634
      386    -0.17115237     0.02782513
      387    -0.17012444     0.06708051
      388    -0.16049257     0.10475554
      389    -0.14299034     0.13900909
      390    -0.11872365     0.16826080
      391    -0.08908940     0.19125723
      392    -0.05568561     0.20711517
      393    -0.02021761     0.21534204
      394     0.01559386     0.21583404
      395     0.05009704     0.20885472
      396     0.08178292     0.19499694
      397     0.10934582     0.17513206
      398     0.13172867     0.15035025
      399     0.14815273     0.12189593
      400     0.15813167     0.09110205
      401     0.16173547     0.05930128
      402     0.15905085     0.02774122
      403     0.15013922    -0.00235260
      404     0.13553896    -0.02986019
      405     0.11597813    -0.05381933
      406     0.09233306    -0.07345097
      407     0.06558335    -0.08817515
      408     0.03677327    -0.09761793
      409     0.00697041    -0.10161110
      410    -0.02277720    -0.10018354
      411    -0.05147324    -0.09354652
      412    -0.07820250    -0.08207435
      413    -0.10215505    -0.06628123
      414    -0.12264493    -0.04679570
      415    -0.13912306    -0.02433365
      416    -0.15118492     0.00032902
      417    -0.15857318     0.02638327
      418    -0.16117558     0.05301263
      419    -0.15901868     0.07941698
      420    -0.15225809     0.10483393
      421    -0.14178959     0.12857410
      422    -0.12800555     0.15012423
      423    -0.11075087     0.16897825
      424    -0.09052462     0.18469038
      425    -0.06787127     0.19691236
      426    -0.04336247     0.20539566
      427    -0.01757980     0.20999076
      428     0.00890166     0.21064400
      429     0.03552822     0.20739191
      430     0.06178069     0.20035367
      431     0.08718570     0.18972181
      432     0.11132474     0.17575150
      433     0.13384069     0.15874921
      434     0.15444250     0.13906057
      435     0.17290729     0.11705818
      436     0.18908028     0.09312995
      437     0.20287280     0.06766764
      438     0.21425834     0.04105653
      439     0.22326706     0.01366638
      440     0.22997867    -0.01415658
      441     0.23529020    -0.04206951
      442     0.23941111    -0.06985228
      443     0.24181819    -0.09729232
      444     0.24272318    -0.12419092
      445     0.24233608    -0.15039110
      446     0.24085317    -0.17577485
      447     0.23844558    -0.20025920
      448     0.23524850    -0.22379092
      449     0.23135174    -0.24634084
      450     0.22679214    -0.26789753
      451     0.22154937    -0.28846051
      452     0.21554543    -0.30803375
      453     0.20864787    -0.32661967
      454     0.20067939    -0.34421321
      455     0.19143158    -0.36079640
      456     0.18068900    -0.37633395
      457     0.16824761    -0.39077023
      458     0.15393379    -0.40402680
      459     0.13761786    -0.41600161
      460     0.11922312    -0.42656885
      461     0.09999995    -0.43562205
      462     0.07975354    -0.44313442
      463     0.05714999    -0.44893217
      464     0.03230388    -0.45278253
      465     0.00539080    -0.45443870
      466    -0.02336010    -0.45364830
      467    -0.05367270    -0.45016309
      468    -0.08522964    -0.44374920
      469    -0.11767621    -0.43419761
      470    -0.15062319    -0.42133452
      471    -0.18365184    -0.40503122
      472    -0.21632158    -0.38521269
      473    -0.24817691    -0.36186474
      474    -0.27875668    -0.33503918
      475    -0.30760440    -0.30485676
      476    -0.33427924    -0.27150756
      477    -0.35836715    -0.23524885
      478    -0.37949149    -0.19640043
      479    -0.39732253    -0.15533756
      480    -0.41158550    -0.11248199
      481    -0.42219745    -0.06827998
      482    -0.42899858    -0.02318697
      483    -0.43175785     0.02230907
      484    -0.43043914     0.06771453
      485    -0.42506669     0.11254600
      486    -0.41572006     0.15633981
      487    -0.40252738     0.19866121
      488    -0.38565784     0.23911087
      489    -0.36531461     0.27732862
      490    -0.34172745     0.31299647
      491    -0.31514632     0.34583928
      492    -0.28583644     0.37562355
      493    -0.25407389     0.40215547
      494    -0.22014312     0.42527722
      495    -0.18433663     0.44486222
      496    -0.14695484     0.46081063
      497    -0.10830601     0.47304492
      498    -0.06870685     0.48150529
      499    -0.02848351     0.48614584
      500     0.01202929     0.48693194
      501     0.05290516     0.48382651
      502     0.09377646     0.47676748
      503     0.13383458     0.46575176
      504     0.17270732     0.45080888
      505     0.21002079     0.43198933
      506     0.24540039     0.40936786
      507     0.27847185     0.38304753
      508     0.30886228     0.35316428
      509     0.33620113     0.31989209
      510     0.36012214     0.28344824
      511     0.38026715     0.24409823
      512     0.39628826     0.20216077
      513     0.40785299     0.15801225
      514     0.41465398     0.11208886
      515     0.41641616     0.06488806
      516     0.41290690     0.01696911
      517     0.40394758    -0.03105005
      518     0.38942535    -0.07849738
      519     0.36930524    -0.12465345
      520     0.34364170    -0.16876177
      521     0.31294989    -0.21002448
      522     0.27752833    -0.24769128
      523     0.23741496    -0.28101866
      524     0.19311387    -0.30927986
      525     0.14524667    -0.33179936
      526     0.09454908    -0.34797418
      527     0.04186427    -0.35729506
      528    -0.01186832    -0.35936725
      529    -0.06562818    -0.35393019
      530    -0.11833205    -0.34087513
      531    -0.16885685    -0.32026005
      532    -0.21606598    -0.29232090
      533    -0.25883840    -0.25747852
      534    -0.29609955    -0.21634052
      535    -0.32685377    -0.16969776
      536    -0.35021690    -0.11851465
      537    -0.36544801    -0.06391356
      538    -0.37197891    -0.00715309
      539    -0.36944049     0.05039949
      540    -0.35768469     0.10730110
      541    -0.33679964     0.16206830
      542    -0.30712395     0.21322062
      543    -0.26924727     0.25932650
      544    -0.22400085     0.29904524
      545    -0.17244600     0.33117061
      546    -0.11585228     0.35467242
      547    -0.05566778     0.36873449
      548     0.00651780     0.37278730
      549     0.06901622     0.36653405
      550     0.13008887     0.34996875
      551     0.18799839     0.32338560
      552     0.24106213     0.28737865
      553     0.28770559     0.24283177
      554     0.32651388     0.19089865
      555     0.35627961     0.13297333
      556     0.37604503     0.07065210
      557     0.38513704     0.00568784
      558     0.38319361    -0.06006185
      559     0.37018052    -0.12469087
      560     0.34639772    -0.18630345
      561     0.31221486    -0.24304834
      562     0.26860316    -0.29316264
      563     0.21708552    -0.33512918
      564     0.15916589    -0.36768218
      565     0.09655251    -0.38983295
      566     0.03110663    -0.40090244
      567    -0.03521388    -0.40054406
      568    -0.10041423    -0.38875625
      569    -0.16252389    -0.36588427
      570    -0.21965698    -0.33261114
      571    -0.27007034    -0.28993833
      572    -0.31221742    -0.23915636
      573    -0.34479616    -0.18180685
      574    -0.36678961    -0.11963677
      575    -0.37749813    -0.05454643
      576    -0.37656213     0.01146710
      577    -0.36397491     0.07636977
      578    -0.34008494     0.13815112
      579    -0.30558836     0.19488513
      580    -0.26151020     0.24478857
      581    -0.20931264     0.28628174
      582    -0.15058831     0.31805659
      583    -0.08700515     0.33907245
      584    -0.02053118     0.34860391
      585     0.04675612     0.34627458
      586     0.11273070     0.33207309
      587     0.17528138     0.30635921
      588     0.23237664     0.26985925
      589     0.28212785     0.22365099
      590     0.32285040     0.16913788
      591     0.35312042     0.10801285
      592     0.37182526     0.04221289
      593     0.37820645    -0.02613544
      594     0.37189350    -0.09477809
      595     0.35292698    -0.16140187
      596     0.32176984    -0.22370749
      597     0.27930591    -0.27948526
      598     0.22682489    -0.32669150
      599     0.16599341    -0.36352328
      600     0.09881238    -0.38848897
      601     0.02789489    -0.40049918
      602    -0.04433844    -0.39893175
      603    -0.11566736    -0.38354100
      604    -0.18342421    -0.35455905
      605    -0.24497969    -0.31273796
      606    -0.29784556    -0.25934854
      607    -0.33977877    -0.19615906
      608    -0.36888407    -0.12539206
      609    -0.38370949    -0.04965958
      610    -0.38333075     0.02812345
      611    -0.36741895     0.10484462
      612    -0.33628748     0.17731610
      613    -0.29091386     0.24240933
      614    -0.23293356     0.29719604
      615    -0.16460264     0.33909185
      616    -0.08872880     0.36599312
      617    -0.00857110     0.37640107
      618     0.07228924     0.36952530
      619     0.15010291     0.34535991
      620     0.22112673     0.30472529
      621     0.28180101     0.24929886
      622     0.32895513     0.18156289
      623     0.36000695     0.10467470
      624     0.37311917     0.02234967
      625     0.36730883    -0.06130660
      626     0.34253608    -0.14199540
      627     0.29974702    -0.21544399
      628     0.24086520    -0.27763445
      629     0.16872921    -0.32503124
      630     0.08697597    -0.35479419
      631    -0.00012682    -0.36496371
      632    -0.08789292    -0.35460579
      633    -0.17146462    -0.32390591
      634    -0.24608266    -0.27420290
      635    -0.30736390    -0.20795734
      636    -0.35157095    -0.12865225
      637    -0.37585662    -0.04062812
      638    -0.37846740     0.05114206
      639    -0.35888984     0.14132690
      640    -0.31792832     0.22454536
      641    -0.25756072     0.29566706
      642    -0.18119024     0.35014277
      643    -0.09343735     0.38440110
      644     0.00042784     0.39605687
      645     0.09462822     0.38408719
      646     0.18323216     0.34894089
      647     0.26053060     0.29255676
      648     0.32141512     0.21828490
      649     0.36173135     0.13071163
      650     0.37858350     0.03539486
      651     0.37056595    -0.06147637
      652     0.33790269    -0.15347857
      653     0.28248096    -0.23438180
      654     0.20777147    -0.29858088
      655     0.11863556    -0.34149949
      656     0.02102743    -0.35993751
      657    -0.07839160    -0.35233370
      658    -0.17270327    -0.31892149
      659    -0.25521720    -0.26176148
      660    -0.31995620    -0.18464294
      661    -0.36202970    -0.09286849
      662    -0.37818204     0.00708394
      663    -0.36706191     0.10805669
      664    -0.32921070     0.20270505
      665    -0.26714559     0.28403040
      666    -0.18521541     0.34590988
      667    -0.08931493     0.38357540
      668     0.01352827     0.39400356
      669     0.11566646     0.37618012
      670     0.20940305     0.33121556
      671     0.28758208     0.26229915
      672     0.34414916     0.17448984
      673     0.37463898     0.07435593
      674     0.37654780    -0.03051197
      675     0.34955826    -0.13207842
      676     0.29559475    -0.22248681
      677     0.21870124    -0.29467966
      678     0.12474771    -0.34296511
      679     0.02098580    -0.36348237
      680    -0.08451234    -0.35452637
      681    -0.18421966    -0.31662602
      682    -0.27027674    -0.25238017
      683    -0.33512261    -0.16669560
      684    -0.37355934    -0.06627935
      685    -0.38246265     0.04095286
      686    -0.36104769     0.14650398
      687    -0.31094684     0.24197565
      688    -0.23609130     0.31974500
      689    -0.14240508     0.37358246
      690    -0.03733468     0.39915956
      691     0.07074689     0.39440356
      692     0.17321284     0.35966965
      693     0.26187785     0.29771611
      694     0.32965809     0.21348429
      695     0.37114232     0.11370071
      696     0.38302666     0.00633463
      697     0.36437785    -0.10004370
      698     0.31670487    -0.19695242
      699     0.24383268    -0.27667899
      700     0.15158958    -0.33289603
      701     0.04715418    -0.36114564
      702    -0.06116297    -0.35915662
      703    -0.16458166    -0.32711837
      704    -0.25491595    -0.26762089
      705    -0.32504206    -0.18542145
      706    -0.36945800    -0.08705750
      707    -0.38471097     0.01967962
      708    -0.36965912     0.12636583
      709    -0.32554943     0.22461119
      710    -0.25590666     0.30671931
      711    -0.16624519     0.36628675
      712    -0.06362586     0.39869815
      713     0.04390430     0.40147705
      714     0.14794539     0.37446756
      715     0.24040107     0.31983414
      716     0.31410681     0.24188103
      717     0.36338156     0.14670698
      718     0.38446097     0.04172352
      719     0.37577974    -0.06492650
      720     0.33808153    -0.16500148
      721     0.27422757    -0.25078585
      722     0.18920698    -0.31566241
      723     0.08975139    -0.35468573
      724    -0.01644096    -0.36493197
      725    -0.12118104    -0.34570289
      726    -0.21642086    -0.29856973
      727    -0.29487177    -0.22724195
      728    -0.35056000    -0.13727230
      729    -0.37927846    -0.03562172
      730    -0.37889984     0.06988160
      731    -0.34952784     0.17114698
      732    -0.29347559     0.26044252
      733    -0.21507414     0.33098439
      734    -0.12032597     0.37744980
      735    -0.01643262     0.39637193
      736     0.08876488     0.38638818
      737     0.18739013     0.34832416
      738     0.27213074     0.28510767
      739     0.33678740     0.20152101
      740     0.37672811     0.10381361
      741     0.38899113    -0.00073430
      742     0.37295892    -0.10437596
      743     0.33035087    -0.19966109
      744     0.26457594    -0.27991520
      745     0.18065122    -0.33969448
      746     0.08478669    -0.37515206
      747    -0.01610554    -0.38427067
      748    -0.11493566    -0.36694896
      749    -0.20495391    -0.32494055
      750    -0.28021774    -0.26165787
      751    -0.33597848    -0.18186321
      752    -0.36896141    -0.09127531
      753    -0.37752194     0.00387050
      754    -0.36167693     0.09727407
      755    -0.32301565     0.18299970
      756    -0.26450577     0.25585040
      757    -0.19021820     0.31166378
      758    -0.10499714     0.34751582
      759    -0.01410326     0.36182510
      760     0.07714047     0.35435817
      761     0.16378220     0.32614556
      762     0.24129341     0.27931455
      763     0.30581121     0.21691381
      764     0.35451890     0.14264357
      765     0.38559882     0.06058477
      766     0.39824155    -0.02505609
      767     0.39259627    -0.11018068
      768     0.36967356    -0.19099786
      769     0.33121386    -0.26418154
      770     0.27953466    -0.32698393
      771     0.21736871    -0.37730429
      772     0.14770270    -0.41371709
      773     0.07362620    -0.43546347
      774    -0.00180255    -0.44241344
      775    -0.07567211    -0.43500656
      776    -0.14531163    -0.41417730
      777    -0.20836258    -0.38127193
      778    -0.26283099    -0.33796227
      779    -0.30712042    -0.28616073
      780    -0.34004914    -0.22794017
      781    -0.36212880    -0.16534125
      782    -0.37315422    -0.10019574
      783    -0.37185031    -0.03457398
      784    -0.35849577     0.02944028
      785    -0.33371923     0.08987101
      786    -0.29847042     0.14489433
      787    -0.25398628     0.19287774
      788    -0.20175115     0.23241431
      789    -0.14345933     0.26235325
      790    -0.08096976     0.28182695
      791    -0.01625367     0.29027136
      792     0.04865318     0.28744174
      793     0.11170275     0.27342330
      794     0.17088838     0.24863565
      795     0.22429949     0.21383006
      796     0.27017643     0.17007853
      797     0.30696342     0.11875407
      798     0.33336220     0.06150135
      799     0.34837940     0.00019700
      800     0.35136627    -0.06309992
      801     0.34324976    -0.12634130
      802     0.32393399    -0.18762144
      803     0.29256625    -0.24471715
      804     0.25001777    -0.29538730
      805     0.19759136    -0.33753686
      806     0.13699757    -0.36930496
      807     0.07031342    -0.38915072
      808    -0.00007866    -0.39593329
      809    -0.07156879    -0.38898015
      810    -0.14141350    -0.36814012
      811    -0.20684218    -0.33381655
      812    -0.26517177    -0.28697774
      813    -0.31392577    -0.22914120
      814    -0.35094928    -0.16233237
      815    -0.37451662    -0.08901686
      816    -0.38342451    -0.01200769
      817    -0.37706457     0.06564794
      818    -0.35547087     0.14079743
      819    -0.31933930     0.21032249
      820    -0.27001544     0.27128290
      821    -0.20947694     0.32106761
      822    -0.14018232     0.35750687
      823    -0.06499539     0.37895963
      824     0.01286327     0.38442251
      825     0.09000121     0.37359316
      826     0.16300826     0.34689798
      827     0.22861505     0.30548519
      828     0.28384764     0.25118311
      829     0.32617142     0.18642432
      830     0.35361538     0.11413976
      831     0.36487117     0.03762796
      832     0.35936208    -0.03959534
      833     0.33727773    -0.11396020
      834     0.29957212    -0.18200899
      835     0.24792360    -0.24055904
      836     0.18466477    -0.28685339
      837     0.11267755    -0.31869316
      838     0.03525762    -0.33454317
      839    -0.04403645    -0.33360668
      840    -0.12154962    -0.31586534
      841    -0.19387381    -0.28206952
      842    -0.25765670    -0.23368033
      843    -0.30976824    -0.17287645
      844    -0.34779294    -0.10242745
      845    -0.36996914    -0.02555135
      846    -0.37527156     0.05423634
      847    -0.36345879     0.13328794
      848    -0.33508333     0.20799466
      849    -0.29146387     0.27495538
      850    -0.23462100     0.33113502
      851    -0.16717995     0.37400462
      852    -0.09224529     0.40165641
      853    -0.01325414     0.41288887
      854     0.06618521     0.40725804
      855     0.14246212     0.38509275
      856     0.21213125     0.34747273
      857     0.27206960     0.29617163
      858     0.31961471     0.23356923
      859     0.35267942     0.16253759
      860     0.36984347     0.08630628
      861     0.37134301     0.00823884
      862     0.35725758    -0.06844455
      863     0.32736963    -0.14041387
      864     0.28306169    -0.20450616
      865     0.22634422    -0.25792681
      866     0.15976078    -0.29836898
      867     0.08627131    -0.32410954
      868     0.00911917    -0.33407819
      869    -0.06831195    -0.32789744
      870    -0.14264508    -0.30589244
      871    -0.21065443    -0.26907098
      872    -0.26940054    -0.21907528
      873    -0.31635530    -0.15810785
      874    -0.34950573    -0.08883445
      875    -0.36743362    -0.01427001
      876    -0.36937362     0.06234902
      877    -0.35524316     0.13770112
      878    -0.32564423     0.20851861
      879    -0.28183781     0.27172358
      880    -0.22569170     0.32455656
      881    -0.15924053     0.36466590
      882    -0.08534352     0.39016237
      883    -0.00754084     0.39985500
      884     0.07081836     0.39325000
      885     0.14634655     0.37055067
      886     0.21576214     0.33265389
      887     0.27603003     0.28111743
      888     0.32449379     0.21809917
      889     0.35899358     0.14627000
      890     0.37796454     0.06870352
      891     0.38051115    -0.01125357
      892     0.36645360    -0.09012425
      893     0.33634424    -0.16445260
      894     0.29145165    -0.23095773
      895     0.23371269    -0.28668163
      896     0.16565387    -0.32912562
      897     0.09028480    -0.35636849
      898     0.01096773    -0.36716046
      899    -0.06873126    -0.36098804
      900    -0.14520295    -0.33810603
      901    -0.21499498    -0.29953060
      902    -0.27490426    -0.24699588
      903    -0.32212656    -0.18289726
      904    -0.35445851    -0.11018043
      905    -0.37037361    -0.03220596
      906    -0.36909922     0.04740561
      907    -0.35065810     0.12494290
      908    -0.31587198     0.19677885
      909    -0.26632625     0.25954332
      910    -0.20429734     0.31028422
      911    -0.13264590     0.34660906
      912    -0.05468109     0.36679953
      913     0.02599737     0.36989321
      914     0.10567139     0.35572800
      915     0.18068216     0.32494719
      916     0.24760416     0.27896474
      917     0.30340670     0.21989293
      918     0.34559462     0.15043650
      919     0.37232190     0.07375804
      920     0.38247137    -0.00667722
      921     0.37548600    -0.08726767
      922     0.35180133    -0.16440228
      923     0.31280778    -0.23470072
      924     0.26035991    -0.29514908
      925     0.19689212    -0.34321849
      926     0.12529572    -0.37697177
      927     0.04877839    -0.39513912
      928    -0.02928897    -0.39716118
      929    -0.10552801    -0.38319669
      930    -0.17670303    -0.35409685
      931    -0.23986146    -0.31134847
      932    -0.29245544    -0.25698964
      933    -0.33243978    -0.19350437
      934    -0.35834500    -0.12370037
      935    -0.36932065    -0.05057799
      936    -0.36514980     0.02280350
      937    -0.34623534     0.09345620
      938    -0.31356025     0.15858424
      939    -0.26862518     0.21569089
      940    -0.21336763     0.26266653
      941    -0.15009650     0.29785891
      942    -0.08132893     0.32012077
      943    -0.00968360     0.32882012
      944     0.06216404     0.32384598
      945     0.13161221     0.30559080
      946     0.19622432     0.27491299
      947     0.25380894     0.23308439
      948     0.30248561     0.18172611
      949     0.34073563     0.12273612
      950     0.36743695     0.05821196
      951     0.38188350    -0.00962802
      952     0.38378965    -0.07852211
      953     0.37328091    -0.14623921
      954     0.35087235    -0.21064672
      955     0.31743708    -0.26977069
      956     0.27416557    -0.32184763
      957     0.22251908    -0.36536760
      958     0.16417744    -0.39910818
      959     0.10098372    -0.42215772
      960     0.03488863    -0.43393004
      961    -0.03229658    -0.43415973
      962    -0.09857362    -0.42287734
      963    -0.16180567    -0.40046809
      964    -0.22014960    -0.36763597
      965    -0.27191693    -0.32537080
      966    -0.31561695    -0.27491983
      967    -0.34999448    -0.21775411
      968    -0.37406213    -0.15552990
      969    -0.38712629    -0.09004591
      970    -0.38880650    -0.02319665
      971    -0.37904751     0.04307704
      972    -0.35812378     0.10683982
      973    -0.32663583     0.16621490
      974    -0.28549837     0.21943725
      975    -0.23591967     0.26490580
      976    -0.17937257     0.30123295
      977    -0.11755663     0.32729055
      978    -0.05235319     0.34224942
      979     0.01422697     0.34561222
      980     0.08010238     0.33723741
      981     0.14424721     0.31727302
      982     0.20459081     0.28602803
      983     0.25807928     0.24437801
      984     0.30287925     0.19362460
      985     0.33740412     0.13540411
      986     0.36037644     0.07164367
      987     0.37088258     0.00450392
      988     0.36841672    -0.06368919
      989     0.35291182    -0.13052249
      990     0.32475590    -0.19357964
      991     0.28479199    -0.25052965
      992     0.23429998    -0.29921609
      993     0.17496135    -0.33774191
      994     0.10880687    -0.36454721
      995     0.03814903    -0.37847612
      996    -0.03449868    -0.37882958
      997    -0.10651257    -0.36540129
      998    -0.17525614    -0.33849485
      999    -0.23818005    -0.29892098
     1000    -0.29292074    -0.24797456
