#     Density Matrix: population Re; see the manual for detail orders
        0     0.00000000     1.00000000
        1     0.00000000     1.00000000
        2     0.00000000     1.00000000
        3     0.00000001     0.99999999
        4     0.00000001     0.99999999
        5     0.00000001     0.99999999
        6     0.00000001     0.99999999
        7     0.00000001     0.99999999
        8     0.00000002     0.99999998
        9     0.00000002     0.99999998
       10     0.00000002     0.99999998
       11     0.00000001     0.99999999
       12     0.00000001     0.99999999
       13     0.00000001     0.99999999
       14     0.00000002     0.99999998
       15     0.00000002     0.99999998
       16     0.00000001     0.99999999
       17     0.00000001     0.99999999
       18     0.00000001     0.99999999
       19     0.00000002     0.99999998
       20     0.00000002     0.99999998
       21     0.00000001     0.99999999
       22     0.00000001     0.99999999
       23     0.00000001     0.99999999
       24     0.00000001     0.99999999
       25     0.00000001     0.99999999
       26     0.00000001     0.99999999
       27     0.00000001     0.99999999
       28     0.00000002     0.99999998
       29     0.00000002     0.99999998
       30     0.00000001     0.99999999
       31     0.00000000     1.00000000
       32     0.00000000     1.00000000
       33     0.00000002     0.99999998
       34     0.00000003     0.99999997
       35     0.00000003     0.99999997
       36     0.00000001     0.99999999
       37     0.00000000     1.00000000
       38     0.00000001     0.99999999
       39     0.00000004     0.99999996
       40     0.00000005     0.99999995
       41     0.00000004     0.99999996
       42     0.00000001     0.99999999
       43     0.00000000     1.00000000
       44     0.00000002     0.99999998
       45     0.00000005     0.99999995
       46     0.00000006     0.99999994
       47     0.00000004     0.99999996
       48     0.00000001     0.99999999
       49     0.00000000     1.00000000
       50     0.00000003     0.99999997
       51     0.00000007     0.99999993
       52     0.00000008     0.99999992
       53     0.00000005     0.99999995
       54     0.00000001     0.99999999
       55     0.00000000     1.00000000
       56     0.00000003     0.99999997
       57     0.00000006     0.99999994
       58     0.00000007     0.99999993
       59     0.00000004     0.99999996
       60     0.00000001     0.99999999
       61     0.00000000     1.00000000
       62     0.00000000     1.00000000
       63     0.00000001     0.99999999
       64     0.00000002     0.99999998
       65     0.00000001     0.99999999
       66     0.00000001     0.99999999
       67     0.00000000     1.00000000
       68     0.00000000     1.00000000
       69     0.00000001     0.99999999
       70     0.00000001     0.99999999
       71     0.00000001     0.99999999
       72     0.00000001     0.99999999
       73     0.00000000     1.00000000
       74     0.00000000     1.00000000
       75     0.00000001     0.99999999
       76     0.00000001     0.99999999
       77     0.00000002     0.99999998
       78     0.00000001     0.99999999
       79     0.00000000     1.00000000
       80     0.00000000     1.00000000
       81     0.00000000     1.00000000
       82     0.00000001     0.99999999
       83     0.00000002     0.99999998
       84     0.00000001     0.99999999
       85     0.00000001     0.99999999
       86     0.00000000     1.00000000
       87     0.00000000     1.00000000
       88     0.00000001     0.99999999
       89     0.00000002     0.99999998
       90     0.00000003     0.99999997
       91     0.00000002     0.99999998
       92     0.00000001     0.99999999
       93     0.00000000     1.00000000
       94     0.00000000     1.00000000
       95     0.00000002     0.99999998
       96     0.00000003     0.99999997
       97     0.00000004     0.99999996
       98     0.00000003     0.99999997
       99     0.00000002     0.99999998
      100     0.00000001     0.99999999
      101     0.00000001     0.99999999
      102     0.00000001     0.99999999
      103     0.00000001     0.99999999
      104     0.00000002     0.99999998
      105     0.00000001     0.99999999
      106     0.00000001     0.99999999
      107     0.00000001     0.99999999
      108     0.00000001     0.99999999
      109     0.00000001     0.99999999
      110     0.00000001     0.99999999
      111     0.00000001     0.99999999
      112     0.00000001     0.99999999
      113     0.00000001     0.99999999
      114     0.00000001     0.99999999
      115     0.00000000     1.00000000
      116     0.00000000     1.00000000
      117     0.00000001     0.99999999
      118     0.00000001     0.99999999
      119     0.00000001     0.99999999
      120     0.00000001     0.99999999
      121     0.00000000     1.00000000
      122     0.00000000     1.00000000
      123     0.00000000     1.00000000
      124     0.00000000     1.00000000
      125     0.00000000     1.00000000
      126     0.00000000     1.00000000
      127     0.00000000     1.00000000
      128     0.00000000     1.00000000
      129     0.00000000     1.00000000
      130     0.00000000     1.00000000
      131     0.00000000     1.00000000
      132     0.00000000     1.00000000
      133     0.00000000     1.00000000
      134     0.00000000     1.00000000
      135     0.00000000     1.00000000
      136     0.00000000     1.00000000
      137     0.00000000     1.00000000
      138     0.00000000     1.00000000
      139     0.00000001     0.99999999
      140     0.00000001     0.99999999
      141     0.00000001     0.99999999
      142     0.00000000     1.00000000
      143     0.00000000     1.00000000
      144     0.00000000     1.00000000
      145     0.00000000     1.00000000
      146     0.00000000     1.00000000
      147     0.00000000     1.00000000
      148     0.00000001     0.99999999
      149     0.00000001     0.99999999
      150     0.00000000     1.00000000
      151     0.00000000     1.00000000
      152     0.00000000     1.00000000
      153     0.00000000     1.00000000
      154     0.00000000     1.00000000
      155     0.00000000     1.00000000
      156     0.00000000     1.00000000
      157     0.00000000     1.00000000
      158     0.00000000     1.00000000
      159     0.00000001     0.99999999
      160     0.00000001     0.99999999
      161     0.00000002     0.99999998
      162     0.00000003     0.99999997
      163     0.00000003     0.99999997
      164     0.00000002     0.99999998
      165     0.00000002     0.99999998
      166     0.00000002     0.99999998
      167     0.00000003     0.99999997
      168     0.00000006     0.99999994
      169     0.00000011     0.99999989
      170     0.00000015     0.99999985
      171     0.00000020     0.99999980
      172     0.00000023     0.99999977
      173     0.00000024     0.99999976
      174     0.00000025     0.99999975
      175     0.00000026     0.99999974
      176     0.00000030     0.99999970
      177     0.00000036     0.99999964
      178     0.00000044     0.99999956
      179     0.00000051     0.99999949
      180     0.00000054     0.99999946
      181     0.00000051     0.99999949
      182     0.00000040     0.99999960
      183     0.00000025     0.99999975
      184     0.00000011     0.99999989
      185     0.00000002     0.99999998
      186     0.00000001     0.99999999
      187     0.00000010     0.99999990
      188     0.00000030     0.99999970
      189     0.00000057     0.99999943
      190     0.00000087     0.99999913
      191     0.00000111     0.99999889
      192     0.00000124     0.99999876
      193     0.00000123     0.99999877
      194     0.00000114     0.99999886
      195     0.00000105     0.99999895
      196     0.00000113     0.99999887
      197     0.00000154     0.99999846
      198     0.00000238     0.99999762
      199     0.00000371     0.99999629
      200     0.00000546     0.99999454
      201     0.00000711     0.99999289
      202     0.00000801     0.99999199
      203     0.00000818     0.99999182
      204     0.00000784     0.99999216
      205     0.00000752     0.99999248
      206     0.00000812     0.99999188
      207     0.00001069     0.99998931
      208     0.00001628     0.99998372
      209     0.00002579     0.99997421
      210     0.00003985     0.99996015
      211     0.00005894     0.99994106
      212     0.00008380     0.99991620
      213     0.00011629     0.99988371
      214     0.00016111     0.99983889
      215     0.00022945     0.99977055
      216     0.00034750     0.99965250
      217     0.00058041     0.99941959
      218     0.00111510     0.99888490
      219     0.00266131     0.99733869
      220     0.01086958     0.98913042
      221     0.02536698     0.97463302
      222     0.03213826     0.96786174
      223     0.03632172     0.96367828
      224     0.03832112     0.96167888
      225     0.03832676     0.96167324
      226     0.03658042     0.96341958
      227     0.03342826     0.96657174
      228     0.02931544     0.97068456
      229     0.02475429     0.97524571
      230     0.02027877     0.97972123
      231     0.01639376     0.98360624
      232     0.01352627     0.98647373
      233     0.01198439     0.98801561
      234     0.01192862     0.98807138
      235     0.01335851     0.98664149
      236     0.01611585     0.98388415
      237     0.01990374     0.98009626
      238     0.02431937     0.97568063
      239     0.02889673     0.97110327
      240     0.03315493     0.96684507
      241     0.03632561     0.96367439
      242     0.03818023     0.96181977
      243     0.03883625     0.96116375
      244     0.03820104     0.96179896
      245     0.03631138     0.96368862
      246     0.03333031     0.96666969
      247     0.02953155     0.97046845
      248     0.02527311     0.97472689
      249     0.02096304     0.97903696
      250     0.01702053     0.98297947
      251     0.01383624     0.98616376
      252     0.01173573     0.98826427
      253     0.01094930     0.98905070
      254     0.01159082     0.98840918
      255     0.01364753     0.98635247
      256     0.01698136     0.98301864
      257     0.02134139     0.97865861
      258     0.02638614     0.97361386
      259     0.03171334     0.96828666
      260     0.03689453     0.96310547
      261     0.04102647     0.95897353
      262     0.04385059     0.95614941
      263     0.04560917     0.95439083
      264     0.04615011     0.95384989
      265     0.04541714     0.95458286
      266     0.04345408     0.95654592
      267     0.04040088     0.95959912
      268     0.03648225     0.96351775
      269     0.03198975     0.96801025
      270     0.02725852     0.97274148
      271     0.02264227     0.97735773
      272     0.01848638     0.98151362
      273     0.01510130     0.98489870
      274     0.01274017     0.98725983
      275     0.01158056     0.98841944
      276     0.01171212     0.98828788
      277     0.01313082     0.98686918
      278     0.01574009     0.98425991
      279     0.01935865     0.98064135
      280     0.02373433     0.97626567
      281     0.02842639     0.97157361
      282     0.03308155     0.96691845
      283     0.03750610     0.96249390
      284     0.04139888     0.95860112
      285     0.04449775     0.95550225
      286     0.04659834     0.95340166
      287     0.04756736     0.95243264
      288     0.04735103     0.95264897
      289     0.04597767     0.95402233
      290     0.04355456     0.95644544
      291     0.04025924     0.95974076
      292     0.03632584     0.96367416
      293     0.03202771     0.96797229
      294     0.02765744     0.97234256
      295     0.02350588     0.97649412
      296     0.01984157     0.98015843
      297     0.01689220     0.98310780
      298     0.01482935     0.98517065
      299     0.01375766     0.98624234
      300     0.01370883     0.98629117
      301     0.01474857     0.98525143
      302     0.01693907     0.98306093
      303     0.02002233     0.97997767
      304     0.02374324     0.97625676
      305     0.02781012     0.97218988
      306     0.03191754     0.96808246
      307     0.03576972     0.96423028
      308     0.03910254     0.96089746
      309     0.04170248     0.95829752
      310     0.04342109     0.95657891
      311     0.04418371     0.95581629
      312     0.04399204     0.95600796
      313     0.04292038     0.95707962
      314     0.04110597     0.95889403
      315     0.03873448     0.96126552
      316     0.03602205     0.96397795
      317     0.03319542     0.96680458
      318     0.03047212     0.96952788
      319     0.02804246     0.97195754
      320     0.02605488     0.97394512
      321     0.02442675     0.97557325
      322     0.02333308     0.97666692
      323     0.02297987     0.97702013
      324     0.02329990     0.97670010
      325     0.02417464     0.97582536
      326     0.02544974     0.97455026
      327     0.02695325     0.97304675
      328     0.02851437     0.97148563
      329     0.02998086     0.97001914
      330     0.03123334     0.96876666
      331     0.03219497     0.96780503
      332     0.03283571     0.96716429
      333     0.03317080     0.96682920
      334     0.03325398     0.96674602
      335     0.03316636     0.96683364
      336     0.03300240     0.96699760
      337     0.03285499     0.96714501
      338     0.03280122     0.96719878
      339     0.03289092     0.96710908
      340     0.03313909     0.96686091
      341     0.03352863     0.96647137
      342     0.03400181     0.96599819
      343     0.03446871     0.96553129
      344     0.03482900     0.96517100
      345     0.03498102     0.96501898
      346     0.03483671     0.96516329
      347     0.03433528     0.96566472
      348     0.03345412     0.96654588
      349     0.03221538     0.96778462
      350     0.03068748     0.96931252
      351     0.02898111     0.97101889
      352     0.02724018     0.97275982
      353     0.02562856     0.97437144
      354     0.02431400     0.97568600
      355     0.02345092     0.97654908
      356     0.02316397     0.97683603
      357     0.02353399     0.97646601
      358     0.02458788     0.97541212
      359     0.02629349     0.97370651
      360     0.02855994     0.97144006
      361     0.03110335     0.96889665
      362     0.03371919     0.96628081
      363     0.03634705     0.96365295
      364     0.03878522     0.96121478
      365     0.04083875     0.95916125
      366     0.04233569     0.95766431
      367     0.04314139     0.95685861
      368     0.04316986     0.95683014
      369     0.04239121     0.95760879
      370     0.04083452     0.95916548
      371     0.03858627     0.96141373
      372     0.03578429     0.96421571
      373     0.03260804     0.96739196
      374     0.02926596     0.97073404
      375     0.02598098     0.97401902
      376     0.02297528     0.97702472
      377     0.02045547     0.97954453
      378     0.01859919     0.98140081
      379     0.01754395     0.98245605
      380     0.01737892     0.98262108
      381     0.01807542     0.98192458
      382     0.01949973     0.98050027
      383     0.02162559     0.97837441
      384     0.02435113     0.97564887
      385     0.02754016     0.97245984
      386     0.03103025     0.96896975
      387     0.03464220     0.96535780
      388     0.03819007     0.96180993
      389     0.04149129     0.95850871
      390     0.04437625     0.95562375
      391     0.04669684     0.95330316
      392     0.04833373     0.95166627
      393     0.04920176     0.95079824
      394     0.04925340     0.95074660
      395     0.04848035     0.95151965
      396     0.04691309     0.95308691
      397     0.04461856     0.95538144
      398     0.04169622     0.95830378
      399     0.03827265     0.96172735
      400     0.03449512     0.96550488
      401     0.03061210     0.96938790
      402     0.02678414     0.97321586
      403     0.02308001     0.97691999
      404     0.01964850     0.98035150
      405     0.01662380     0.98337620
      406     0.01411981     0.98588019
      407     0.01222550     0.98777450
      408     0.01100259     0.98899741
      409     0.01048330     0.98951670
      410     0.01066938     0.98933062
      411     0.01153347     0.98846653
      412     0.01302139     0.98697861
      413     0.01505553     0.98494447
      414     0.01753924     0.98246076
      415     0.02036196     0.97963804
      416     0.02340477     0.97659523
      417     0.02654623     0.97345377
      418     0.02966810     0.97033190
      419     0.03266072     0.96733928
      420     0.03542781     0.96457219
      421     0.03808614     0.96191386
      422     0.04056851     0.95943149
      423     0.04263735     0.95736265
      424     0.04426460     0.95573540
      425     0.04544636     0.95455364
      426     0.04620234     0.95379766
      427     0.04657434     0.95342566
      428     0.04662392     0.95337608
      429     0.04642934     0.95357066
      430     0.04608200     0.95391800
      431     0.04568261     0.95431739
      432     0.04533725     0.95466275
      433     0.04515348     0.95484652
      434     0.04523668     0.95476332
      435     0.04568683     0.95431317
      436     0.04659570     0.95340430
      437     0.04804456     0.95195544
      438     0.05010254     0.94989746
      439     0.05282548     0.94717452
      440     0.05625525     0.94374475
      441     0.06083183     0.93916817
      442     0.06663759     0.93336241
      443     0.07331725     0.92668275
      444     0.08087941     0.91912059
      445     0.08932282     0.91067718
      446     0.09863614     0.90136386
      447     0.10879678     0.89120322
      448     0.11976880     0.88023120
      449     0.13149957     0.86850043
      450     0.14391540     0.85608460
      451     0.15691632     0.84308368
      452     0.17037085     0.82962915
      453     0.18411132     0.81588868
      454     0.19793205     0.80206795
      455     0.21159073     0.78840927
      456     0.22481962     0.77518038
      457     0.23733792     0.76266208
      458     0.24886909     0.75113091
      459     0.25915984     0.74084016
      460     0.26799813     0.73200187
      461     0.27587182     0.72412818
      462     0.28258045     0.71741955
      463     0.28741169     0.71258831
      464     0.29037070     0.70962930
      465     0.29153800     0.70846200
      466     0.29105617     0.70894383
      467     0.28911512     0.71088488
      468     0.28593796     0.71406204
      469     0.28176905     0.71823095
      470     0.27686355     0.72313645
      471     0.27147929     0.72852071
      472     0.26587149     0.73412851
      473     0.26028740     0.73971260
      474     0.25496233     0.74503767
      475     0.25011625     0.74988375
      476     0.24595072     0.75404928
      477     0.24264623     0.75735377
      478     0.24035970     0.75964030
      479     0.23922222     0.76077778
      480     0.23933704     0.76066296
      481     0.24098811     0.75901189
      482     0.24422162     0.75577838
      483     0.24882782     0.75117218
      484     0.25477176     0.74522824
      485     0.26198380     0.73801620
      486     0.27035963     0.72964037
      487     0.27976051     0.72023949
      488     0.29001424     0.70998576
      489     0.30091693     0.69908307
      490     0.31223536     0.68776464
      491     0.32371048     0.67628952
      492     0.33506220     0.66493780
      493     0.34599535     0.65400465
      494     0.35620747     0.64379253
      495     0.36539830     0.63460170
      496     0.37328048     0.62671952
      497     0.37959107     0.62040893
      498     0.38410338     0.61589662
      499     0.38663814     0.61336186
      500     0.38707266     0.61292734
      501     0.38548820     0.61451180
      502     0.38210705     0.61789295
      503     0.37685941     0.62314059
      504     0.36983268     0.63016732
      505     0.36116022     0.63883978
      506     0.35101476     0.64898524
      507     0.33960044     0.66039956
      508     0.32714431     0.67285569
      509     0.31388753     0.68611247
      510     0.30007717     0.69992283
      511     0.28596040     0.71403960
      512     0.27177502     0.72822498
      513     0.25774379     0.74225621
      514     0.24407391     0.75592609
      515     0.23095146     0.76904854
      516     0.21853963     0.78146037
      517     0.20697739     0.79302261
      518     0.19637843     0.80362157
      519     0.18683047     0.81316953
      520     0.17839489     0.82160511
      521     0.17143937     0.82856063
      522     0.16589364     0.83410636
      523     0.16138126     0.83861874
      524     0.15786990     0.84213010
      525     0.15530798     0.84469202
      526     0.15362673     0.84637327
      527     0.15274271     0.84725729
      528     0.15256033     0.84743967
      529     0.15297498     0.84702502
      530     0.15387622     0.84612378
      531     0.15515095     0.84484905
      532     0.15668676     0.84331324
      533     0.15837522     0.84162478
      534     0.16011497     0.83988503
      535     0.16181472     0.83818528
      536     0.16339578     0.83660422
      537     0.16479438     0.83520562
      538     0.16596329     0.83403671
      539     0.16687298     0.83312702
      540     0.16751220     0.83248780
      541     0.16788576     0.83211424
      542     0.16801830     0.83198170
      543     0.16795230     0.83204770
      544     0.16774172     0.83225828
      545     0.16745165     0.83254835
      546     0.16715510     0.83284490
      547     0.16692947     0.83307053
      548     0.16685267     0.83314733
      549     0.16699917     0.83300083
      550     0.16743608     0.83256392
      551     0.16821941     0.83178059
      552     0.16939063     0.83060937
      553     0.17097382     0.82902618
      554     0.17297341     0.82702659
      555     0.17537263     0.82462737
      556     0.17813292     0.82186708
      557     0.18119425     0.81880575
      558     0.18447626     0.81552374
      559     0.18788052     0.81211948
      560     0.19129359     0.80870641
      561     0.19430508     0.80569492
      562     0.19683666     0.80316334
      563     0.19906428     0.80093572
      564     0.20087455     0.79912545
      565     0.20216132     0.79783868
      566     0.20283067     0.79716933
      567     0.20280572     0.79719428
      568     0.20203094     0.79796906
      569     0.20047590     0.79952410
      570     0.19813805     0.80186195
      571     0.19504463     0.80495537
      572     0.19125331     0.80874669
      573     0.18685167     0.81314833
      574     0.18195531     0.81804469
      575     0.17670470     0.82329530
      576     0.17126079     0.82873921
      577     0.16579958     0.83420042
      578     0.16050552     0.83949448
      579     0.15556489     0.84443511
      580     0.15115767     0.84884233
      581     0.14753584     0.85246416
      582     0.14480545     0.85519455
      583     0.14298462     0.85701538
      584     0.14215397     0.85784603
      585     0.14235803     0.85764197
      586     0.14360239     0.85639761
      587     0.14585247     0.85414753
      588     0.14903407     0.85096593
      589     0.15303587     0.84696413
      590     0.15771357     0.84228643
      591     0.16289587     0.83710413
      592     0.16839172     0.83160828
      593     0.17399874     0.82600126
      594     0.17951234     0.82048766
      595     0.18473506     0.81526494
      596     0.18948571     0.81051429
      597     0.19360777     0.80639223
      598     0.19697668     0.80302332
      599     0.19950539     0.80049461
      600     0.20114814     0.79885186
      601     0.20196932     0.79803068
      602     0.20185983     0.79814017
      603     0.20080547     0.79919453
      604     0.19892951     0.80107049
      605     0.19638853     0.80361147
      606     0.19336282     0.80663718
      607     0.19004515     0.80995485
      608     0.18662901     0.81337099
      609     0.18329674     0.81670326
      610     0.18020849     0.81979151
      611     0.17749276     0.82250724
      612     0.17523897     0.82476103
      613     0.17349296     0.82650704
      614     0.17225548     0.82774452
      615     0.17148412     0.82851588
      616     0.17109844     0.82890156
      617     0.17098819     0.82901181
      618     0.17102383     0.82897617
      619     0.17106893     0.82893107
      620     0.17099321     0.82900679
      621     0.17070034     0.82929966
      622     0.17011602     0.82988398
      623     0.16918554     0.83081446
      624     0.16791179     0.83208821
      625     0.16634490     0.83365510
      626     0.16458036     0.83541964
      627     0.16275289     0.83724711
      628     0.16102645     0.83897355
      629     0.15958092     0.84041908
      630     0.15859663     0.84140337
      631     0.15823769     0.84176231
      632     0.15863573     0.84136427
      633     0.15987525     0.84012475
      634     0.16198211     0.83801789
      635     0.16491617     0.83508383
      636     0.16856906     0.83143094
      637     0.17276743     0.82723257
      638     0.17728198     0.82271802
      639     0.18184157     0.81815843
      640     0.18615136     0.81384864
      641     0.18976869     0.81023131
      642     0.19247742     0.80752258
      643     0.19421371     0.80578629
      644     0.19481354     0.80518646
      645     0.19418546     0.80581454
      646     0.19232122     0.80767878
      647     0.18930023     0.81069977
      648     0.18528739     0.81471261
      649     0.18052403     0.81947597
      650     0.17531286     0.82468714
      651     0.16999768     0.83000232
      652     0.16493866     0.83506134
      653     0.16048612     0.83951388
      654     0.15695412     0.84304588
      655     0.15459632     0.84540368
      656     0.15358574     0.84641426
      657     0.15400040     0.84599960
      658     0.15581594     0.84418406
      659     0.15890601     0.84109399
      660     0.16305042     0.83694958
      661     0.16787059     0.83212941
      662     0.17300128     0.82699872
      663     0.17814707     0.82185293
      664     0.18293379     0.81706621
      665     0.18701444     0.81298556
      666     0.19009419     0.80990581
      667     0.19195332     0.80804668
      668     0.19246434     0.80753566
      669     0.19160125     0.80839875
      670     0.18944144     0.81055856
      671     0.18615975     0.81384025
      672     0.18201471     0.81798529
      673     0.17732860     0.82267140
      674     0.17246256     0.82753744
      675     0.16778875     0.83221125
      676     0.16366183     0.83633817
      677     0.16039190     0.83960810
      678     0.15822092     0.84177908
      679     0.15730456     0.84269544
      680     0.15770084     0.84229916
      681     0.15968973     0.84031027
      682     0.16346659     0.83653341
      683     0.16848015     0.83151985
      684     0.17433074     0.82566926
      685     0.18055488     0.81944512
      686     0.18666129     0.81333871
      687     0.19216913     0.80783087
      688     0.19664537     0.80335463
      689     0.19973855     0.80026145
      690     0.20120614     0.79879386
      691     0.20093361     0.79906639
      692     0.19894343     0.80105657
      693     0.19539352     0.80460648
      694     0.19056502     0.80943498
      695     0.18484047     0.81515953
      696     0.17867391     0.82132609
      697     0.17255529     0.82744471
      698     0.16697182     0.83302818
      699     0.16236949     0.83763051
      700     0.15911757     0.84088243
      701     0.15743569     0.84256431
      702     0.15755933     0.84244067
      703     0.15954963     0.84045037
      704     0.16325541     0.83674459
      705     0.16838796     0.83161204
      706     0.17454374     0.82545626
      707     0.18123648     0.81876352
      708     0.18793620     0.81206380
      709     0.19411213     0.80588787
      710     0.19927580     0.80072420
      711     0.20302096     0.79697904
      712     0.20505673     0.79494327
      713     0.20523130     0.79476870
      714     0.20354392     0.79645608
      715     0.20014429     0.79985571
      716     0.19531905     0.80468095
      717     0.18946675     0.81053325
      718     0.18306324     0.81693676
      719     0.17662076     0.82337924
      720     0.17064398     0.82935602
      721     0.16547691     0.83452309
      722     0.16153587     0.83846413
      723     0.15920281     0.84079719
      724     0.15859943     0.84140057
      725     0.15969915     0.84030085
      726     0.16233429     0.83766571
      727     0.16621603     0.83378397
      728     0.17096505     0.82903495
      729     0.17614982     0.82385018
      730     0.18132858     0.81867142
      731     0.18609078     0.81390922
      732     0.19009393     0.80990607
      733     0.19309212     0.80690788
      734     0.19495360     0.80504640
      735     0.19566587     0.80433413
      736     0.19532810     0.80467190
      737     0.19413203     0.80586797
      738     0.19233382     0.80766618
      739     0.19022019     0.80977981
      740     0.18807267     0.81192733
      741     0.18585774     0.81414226
      742     0.18376068     0.81623932
      743     0.18218912     0.81781088
      744     0.18117865     0.81882135
      745     0.18066821     0.81933179
      746     0.18051268     0.81948732
      747     0.18050561     0.81949439
      748     0.18040924     0.81959076
      749     0.17998823     0.82001177
      750     0.17904334     0.82095666
      751     0.17744112     0.82255888
      752     0.17513649     0.82486351
      753     0.17218572     0.82781428
      754     0.16874851     0.83125149
      755     0.16507912     0.83492088
      756     0.16150735     0.83849265
      757     0.15841146     0.84158854
      758     0.15618558     0.84381442
      759     0.15520485     0.84479515
      760     0.15579129     0.84420871
      761     0.15823332     0.84176668
      762     0.16271545     0.83728455
      763     0.16920112     0.83079888
      764     0.17755751     0.82244249
      765     0.18752114     0.81247886
      766     0.19870967     0.80129033
      767     0.21064142     0.78935858
      768     0.22276134     0.77723866
      769     0.23447130     0.76552870
      770     0.24516303     0.75483697
      771     0.25425152     0.74574848
      772     0.26120703     0.73879297
      773     0.26558423     0.73441577
      774     0.26704700     0.73295300
      775     0.26538751     0.73461249
      776     0.26053873     0.73946127
      777     0.25257981     0.74742019
      778     0.24173390     0.75826610
      779     0.22835854     0.77164146
      780     0.21292882     0.78707118
      781     0.19746901     0.80253099
      782     0.18264099     0.81735901
      783     0.16753649     0.83246351
      784     0.15270466     0.84729534
      785     0.13867649     0.86132351
      786     0.12593979     0.87406021
      787     0.11491671     0.88508329
      788     0.10594409     0.89405591
      789     0.09926294     0.90073706
      790     0.09500930     0.90499070
      791     0.09320969     0.90679031
      792     0.09378563     0.90621437
      793     0.09656203     0.90343797
      794     0.10128021     0.89871979
      795     0.10761442     0.89238558
      796     0.11519097     0.88480903
      797     0.12360801     0.87639199
      798     0.13245786     0.86754214
      799     0.14134731     0.85865269
      800     0.14991409     0.85008591
      801     0.15909315     0.84090685
      802     0.16854116     0.83145884
      803     0.17670678     0.82329322
      804     0.18339700     0.81660300
      805     0.18850920     0.81149080
      806     0.19203001     0.80796999
      807     0.19402984     0.80597016
      808     0.19465294     0.80534706
      809     0.19410402     0.80589598
      810     0.19263202     0.80736798
      811     0.19051200     0.80948800
      812     0.18802611     0.81197389
      813     0.18544489     0.81455511
      814     0.18300978     0.81699022
      815     0.18091803     0.81908197
      816     0.17931096     0.82068904
      817     0.17826617     0.82173383
      818     0.17779425     0.82220575
      819     0.17784031     0.82215969
      820     0.17829011     0.82170989
      821     0.17900934     0.82099066
      822     0.17978483     0.82021517
      823     0.18036708     0.81963292
      824     0.18054129     0.81945871
      825     0.18011263     0.81988737
      826     0.17892353     0.82107647
      827     0.17686851     0.82313149
      828     0.17390559     0.82609441
      829     0.17006337     0.82993663
      830     0.16544316     0.83455684
      831     0.16021600     0.83978400
      832     0.15461456     0.84538544
      833     0.14892051     0.85107949
      834     0.14344808     0.85655192
      835     0.13852353     0.86147647
      836     0.13446744     0.86553256
      837     0.13157301     0.86842699
      838     0.13008411     0.86991589
      839     0.13017927     0.86982073
      840     0.13195819     0.86804181
      841     0.13551443     0.86448557
      842     0.14082521     0.85917479
      843     0.14764028     0.85235972
      844     0.15569100     0.84430900
      845     0.16463459     0.83536541
      846     0.17407106     0.82592894
      847     0.18356354     0.81643646
      848     0.19266080     0.80733920
      849     0.20092082     0.79907918
      850     0.20793394     0.79206606
      851     0.21334444     0.78665556
      852     0.21686940     0.78313060
      853     0.21831381     0.78168619
      854     0.21758115     0.78241885
      855     0.21467892     0.78532108
      856     0.20971905     0.79028095
      857     0.20291331     0.79708669
      858     0.19456285     0.80543715
      859     0.18504165     0.81495835
      860     0.17478156     0.82521844
      861     0.16528147     0.83471853
      862     0.15695136     0.84304864
      863     0.14912527     0.85087473
      864     0.14215463     0.85784537
      865     0.13634900     0.86365100
      866     0.13196136     0.86803864
      867     0.12917623     0.87082377
      868     0.12810135     0.87189865
      869     0.12876322     0.87123678
      870     0.13110680     0.86889320
      871     0.13499929     0.86500071
      872     0.14023706     0.85976294
      873     0.14655802     0.85344198
      874     0.15365597     0.84634403
      875     0.16119489     0.83880511
      876     0.16882674     0.83117326
      877     0.17620887     0.82379113
      878     0.18302079     0.81697921
      879     0.18897951     0.81102049
      880     0.19385249     0.80614751
      881     0.19724393     0.80275607
      882     0.19918476     0.80081524
      883     0.19990150     0.80009850
      884     0.19943520     0.80056480
      885     0.19788266     0.80211734
      886     0.19538863     0.80461137
      887     0.19213572     0.80786428
      888     0.18833266     0.81166734
      889     0.18420150     0.81579850
      890     0.17996464     0.82003536
      891     0.17583241     0.82416759
      892     0.17199180     0.82800820
      893     0.16859709     0.83140291
      894     0.16576286     0.83423714
      895     0.16355977     0.83644023
      896     0.16201314     0.83798686
      897     0.16110451     0.83889549
      898     0.16077602     0.83922398
      899     0.16093710     0.83906290
      900     0.16147317     0.83852683
      901     0.16227440     0.83772560
      902     0.16322013     0.83677987
      903     0.16416809     0.83583191
      904     0.16500830     0.83499170
      905     0.16565562     0.83434438
      906     0.16605618     0.83394382
      907     0.16619142     0.83380858
      908     0.16607939     0.83392061
      909     0.16577315     0.83422685
      910     0.16535646     0.83464354
      911     0.16493698     0.83506302
      912     0.16463738     0.83536262
      913     0.16458510     0.83541490
      914     0.16490129     0.83509871
      915     0.16568984     0.83431016
      916     0.16702725     0.83297275
      917     0.16895397     0.83104603
      918     0.17146809     0.82853191
      919     0.17452166     0.82547834
      920     0.17802008     0.82197992
      921     0.18157478     0.81842522
      922     0.18502744     0.81497256
      923     0.18844444     0.81155556
      924     0.19161754     0.80838246
      925     0.19432933     0.80567067
      926     0.19636656     0.80363344
      927     0.19753390     0.80246610
      928     0.19766715     0.80233285
      929     0.19664519     0.80335481
      930     0.19439983     0.80560017
      931     0.19092297     0.80907703
      932     0.18627059     0.81372941
      933     0.18056323     0.81943677
      934     0.17398300     0.82601700
      935     0.16676716     0.83323284
      936     0.15919856     0.84080144
      937     0.15159359     0.84840641
      938     0.14428802     0.85571198
      939     0.13762181     0.86237819
      940     0.13192318     0.86807682
      941     0.12750690     0.87249310
      942     0.12462246     0.87537754
      943     0.12345843     0.87654157
      944     0.12415506     0.87584494
      945     0.12678091     0.87321909
      946     0.13132824     0.86867176
      947     0.13771187     0.86228813
      948     0.14577115     0.85422885
      949     0.15527536     0.84472464
      950     0.16593196     0.83406804
      951     0.17739762     0.82260238
      952     0.18929148     0.81070852
      953     0.20121002     0.79878998
      954     0.21274305     0.78725695
      955     0.22349055     0.77650945
      956     0.23307802     0.76692198
      957     0.24117231     0.75882769
      958     0.24749568     0.75250432
      959     0.25183645     0.74816355
      960     0.25405793     0.74594207
      961     0.25410926     0.74589074
      962     0.25209277     0.74790723
      963     0.24811860     0.75188140
      964     0.24236082     0.75763918
      965     0.23505656     0.76494344
      966     0.22649492     0.77350508
      967     0.21700351     0.78299649
      968     0.20693350     0.79306650
      969     0.19664382     0.80335618
      970     0.18648537     0.81351463
      971     0.17678590     0.82321410
      972     0.16783647     0.83216353
      973     0.15987996     0.84012004
      974     0.15310236     0.84689764
      975     0.14762687     0.85237313
      976     0.14351130     0.85648870
      977     0.14074892     0.85925108
      978     0.13927229     0.86072771
      979     0.13896013     0.86103987
      980     0.13964665     0.86035335
      981     0.14148839     0.85851161
      982     0.14456989     0.85543011
      983     0.14832618     0.85167382
      984     0.15247493     0.84752507
      985     0.15674473     0.84325527
      986     0.16088939     0.83911061
      987     0.16470039     0.83529961
      988     0.16801686     0.83198314
      989     0.17073244     0.82926756
      990     0.17279895     0.82720105
      991     0.17422643     0.82577357
      992     0.17507963     0.82492037
      993     0.17547122     0.82452878
      994     0.17555217     0.82444783
      995     0.17549965     0.82450035
      996     0.17550349     0.82449651
      997     0.17575169     0.82424831
      998     0.17641612     0.82358388
      999     0.17763916     0.82236084
     1000     0.17952214     0.82047786
