#    Non-Adiabatic Coupling Matrix Eliments: off-diagonal
         0     0.00000000
         1     0.00000697
         2     0.00001332
         3     0.00001857
         4     0.00002254
         5     0.00002526
         6     0.00002690
         7     0.00002771
         8     0.00002792
         9     0.00002775
        10     0.00002735
        11     0.00002699
        12     0.00002645
        13     0.00002595
        14     0.00002550
        15     0.00002517
        16     0.00002491
        17     0.00002474
        18     0.00002463
        19     0.00002438
        20     0.00002432
        21     0.00000335
        22     0.00000203
        23     0.00000068
        24    -0.00000071
        25    -0.00000214
        26    -0.00000360
        27    -0.00000509
        28    -0.00000661
        29    -0.00000816
        30    -0.00000972
        31    -0.00001131
        32    -0.00001291
        33    -0.00001451
        34    -0.00001613
        35    -0.00001775
        36    -0.00001936
        37    -0.00002097
        38    -0.00002256
        39    -0.00002414
        40    -0.00002568
        41    -0.00001989
        42    -0.00002128
        43    -0.00002263
        44    -0.00002393
        45    -0.00002516
        46    -0.00002631
        47    -0.00002735
        48    -0.00002827
        49    -0.00002904
        50    -0.00002964
        51    -0.00003005
        52    -0.00003023
        53    -0.00003018
        54    -0.00002988
        55    -0.00002932
        56    -0.00002852
        57    -0.00002749
        58    -0.00002626
        59    -0.00002488
        60    -0.00002338
        61    -0.00001127
        62    -0.00001090
        63    -0.00001049
        64    -0.00001007
        65    -0.00000964
        66    -0.00000922
        67    -0.00000883
        68    -0.00000847
        69    -0.00000817
        70    -0.00000792
        71    -0.00000775
        72    -0.00000766
        73    -0.00000765
        74    -0.00000773
        75    -0.00000790
        76    -0.00000817
        77    -0.00000854
        78    -0.00000900
        79    -0.00000955
        80    -0.00001020
        81    -0.00000900
        82    -0.00000962
        83    -0.00001030
        84    -0.00001103
        85    -0.00001181
        86    -0.00001263
        87    -0.00001348
        88    -0.00001436
        89    -0.00001526
        90    -0.00001617
        91    -0.00001709
        92    -0.00001801
        93    -0.00001893
        94    -0.00001983
        95    -0.00002072
        96    -0.00002158
        97    -0.00002241
        98    -0.00002321
        99    -0.00002397
       100    -0.00002468
       101    -0.00001633
       102    -0.00001644
       103    -0.00001649
       104    -0.00001650
       105    -0.00001646
       106    -0.00001636
       107    -0.00001622
       108    -0.00001602
       109    -0.00001578
       110    -0.00001548
       111    -0.00001513
       112    -0.00001473
       113    -0.00001428
       114    -0.00001379
       115    -0.00001325
       116    -0.00001267
       117    -0.00001204
       118    -0.00001137
       119    -0.00001067
       120    -0.00000993
       121    -0.00000735
       122    -0.00000654
       123    -0.00000572
       124    -0.00000488
       125    -0.00000403
       126    -0.00000317
       127    -0.00000231
       128    -0.00000145
       129    -0.00000059
       130     0.00000026
       131     0.00000109
       132     0.00000190
       133     0.00000270
       134     0.00000346
       135     0.00000419
       136     0.00000489
       137     0.00000554
       138     0.00000615
       139     0.00000664
       140     0.00000713
       141     0.00000484
       142     0.00000499
       143     0.00000507
       144     0.00000507
       145     0.00000499
       146     0.00000482
       147     0.00000456
       148     0.00000420
       149     0.00000372
       150     0.00000313
       151     0.00000240
       152     0.00000154
       153     0.00000052
       154    -0.00000067
       155    -0.00000205
       156    -0.00000363
       157    -0.00000542
       158    -0.00000746
       159    -0.00000976
       160    -0.00001234
       161    -0.00001053
       162    -0.00001300
       163    -0.00001570
       164    -0.00001865
       165    -0.00002185
       166    -0.00002535
       167    -0.00002911
       168    -0.00003317
       169    -0.00003753
       170    -0.00004219
       171    -0.00004712
       172    -0.00005227
       173    -0.00005757
       174    -0.00006283
       175    -0.00006782
       176    -0.00007214
       177    -0.00007525
       178    -0.00007636
       179    -0.00007461
       180    -0.00006937
       181    -0.00004479
       182    -0.00004340
       183    -0.00004198
       184    -0.00004125
       185    -0.00004191
       186    -0.00004441
       187    -0.00004885
       188    -0.00005509
       189    -0.00006289
       190    -0.00007203
       191    -0.00008234
       192    -0.00009376
       193    -0.00010629
       194    -0.00011994
       195    -0.00013495
       196    -0.00015146
       197    -0.00016971
       198    -0.00019003
       199    -0.00021278
       200    -0.00023847
       201    -0.00019948
       202    -0.00022715
       203    -0.00025798
       204    -0.00029262
       205    -0.00033186
       206    -0.00037676
       207    -0.00042868
       208    -0.00048941
       209    -0.00056139
       210    -0.00064809
       211    -0.00075441
       212    -0.00088772
       213    -0.00105956
       214    -0.00128862
       215    -0.00160768
       216    -0.00207873
       217    -0.00283246
       218    -0.00419676
       219    -0.00727136
       220    -0.01978642
       221    -0.00644085
       222    -0.00480787
       223    -0.00409343
       224    -0.00368913
       225    -0.00343065
       226    -0.00325431
       227    -0.00312948
       228    -0.00303966
       229    -0.00297507
       230    -0.00292956
       231    -0.00289897
       232    -0.00288049
       233    -0.00287206
       234    -0.00287216
       235    -0.00287959
       236    -0.00289340
       237    -0.00291295
       238    -0.00293755
       239    -0.00296666
       240    -0.00299985
       241    -0.00247552
       242    -0.00251629
       243    -0.00255861
       244    -0.00260229
       245    -0.00264714
       246    -0.00269294
       247    -0.00273948
       248    -0.00278658
       249    -0.00283401
       250    -0.00288155
       251    -0.00292901
       252    -0.00297613
       253    -0.00302273
       254    -0.00306858
       255    -0.00311350
       256    -0.00315728
       257    -0.00319976
       258    -0.00324078
       259    -0.00328019
       260    -0.00331788
       261    -0.00265646
       262    -0.00268714
       263    -0.00271630
       264    -0.00274393
       265    -0.00276997
       266    -0.00279441
       267    -0.00281724
       268    -0.00283844
       269    -0.00285800
       270    -0.00287638
       271    -0.00289265
       272    -0.00290723
       273    -0.00292012
       274    -0.00293128
       275    -0.00294067
       276    -0.00294827
       277    -0.00295403
       278    -0.00295791
       279    -0.00295986
       280    -0.00295982
       281    -0.00279691
       282    -0.00279243
       283    -0.00278658
       284    -0.00277830
       285    -0.00276789
       286    -0.00275532
       287    -0.00274053
       288    -0.00272347
       289    -0.00270415
       290    -0.00268241
       291    -0.00265827
       292    -0.00263167
       293    -0.00260259
       294    -0.00257101
       295    -0.00253690
       296    -0.00250027
       297    -0.00246111
       298    -0.00241943
       299    -0.00237491
       300    -0.00232834
       301    -0.00269058
       302    -0.00263764
       303    -0.00258180
       304    -0.00252313
       305    -0.00246171
       306    -0.00239765
       307    -0.00233104
       308    -0.00226202
       309    -0.00219070
       310    -0.00211722
       311    -0.00204171
       312    -0.00196431
       313    -0.00188517
       314    -0.00180443
       315    -0.00172226
       316    -0.00163877
       317    -0.00155411
       318    -0.00146845
       319    -0.00138190
       320    -0.00129462
       321    -0.00154220
       322    -0.00145065
       323    -0.00135857
       324    -0.00126608
       325    -0.00117332
       326    -0.00108039
       327    -0.00098742
       328    -0.00089453
       329    -0.00080181
       330    -0.00070939
       331    -0.00061736
       332    -0.00052583
       333    -0.00043490
       334    -0.00034466
       335    -0.00025522
       336    -0.00016666
       337    -0.00007907
       338     0.00000745
       339     0.00009283
       340     0.00017698
       341     0.00026579
       342     0.00034763
       343     0.00042798
       344     0.00050677
       345     0.00058397
       346     0.00065950
       347     0.00073332
       348     0.00080539
       349     0.00087568
       350     0.00094415
       351     0.00101079
       352     0.00107558
       353     0.00113850
       354     0.00119957
       355     0.00125879
       356     0.00131617
       357     0.00137174
       358     0.00142551
       359     0.00147752
       360     0.00152783
       361     0.00141883
       362     0.00146499
       363     0.00150976
       364     0.00155319
       365     0.00159536
       366     0.00163633
       367     0.00167617
       368     0.00171497
       369     0.00175280
       370     0.00178974
       371     0.00182589
       372     0.00186133
       373     0.00189614
       374     0.00193042
       375     0.00196426
       376     0.00199774
       377     0.00203093
       378     0.00206393
       379     0.00209681
       380     0.00212962
       381     0.00188011
       382     0.00190917
       383     0.00193815
       384     0.00196709
       385     0.00199599
       386     0.00202485
       387     0.00205367
       388     0.00208242
       389     0.00211107
       390     0.00213954
       391     0.00216769
       392     0.00219558
       393     0.00222303
       394     0.00224987
       395     0.00227595
       396     0.00230108
       397     0.00232506
       398     0.00234763
       399     0.00236853
       400     0.00238748
       401     0.00229615
       402     0.00230686
       403     0.00231484
       404     0.00231958
       405     0.00232073
       406     0.00231793
       407     0.00231163
       408     0.00229973
       409     0.00228273
       410     0.00226025
       411     0.00223197
       412     0.00219752
       413     0.00215661
       414     0.00210896
       415     0.00205430
       416     0.00199242
       417     0.00192314
       418     0.00184632
       419     0.00176185
       420     0.00166965
       421     0.00182530
       422     0.00172584
       423     0.00161757
       424     0.00150046
       425     0.00137452
       426     0.00123975
       427     0.00109616
       428     0.00094378
       429     0.00078261
       430     0.00061265
       431     0.00043387
       432     0.00024621
       433     0.00004954
       434    -0.00015624
       435    -0.00037134
       436    -0.00059601
       437    -0.00083044
       438    -0.00107496
       439    -0.00132980
       440    -0.00159515
       441    -0.00220873
       442    -0.00252078
       443    -0.00284774
       444    -0.00318937
       445    -0.00354488
       446    -0.00391266
       447    -0.00429005
       448    -0.00467299
       449    -0.00505588
       450    -0.00543128
       451    -0.00578997
       452    -0.00612106
       453    -0.00641216
       454    -0.00665078
       455    -0.00682405
       456    -0.00692571
       457    -0.00694727
       458    -0.00688981
       459    -0.00675209
       460    -0.00654278
       461    -0.00738659
       462    -0.00701143
       463    -0.00658442
       464    -0.00612366
       465    -0.00564505
       466    -0.00516170
       467    -0.00468317
       468    -0.00421613
       469    -0.00376426
       470    -0.00333093
       471    -0.00291613
       472    -0.00251952
       473    -0.00214005
       474    -0.00177623
       475    -0.00142630
       476    -0.00108838
       477    -0.00076056
       478    -0.00044094
       479    -0.00012772
       480     0.00018083
       481     0.00058334
       482     0.00088495
       483     0.00118421
       484     0.00148197
       485     0.00177877
       486     0.00207483
       487     0.00236988
       488     0.00266331
       489     0.00295397
       490     0.00324018
       491     0.00351970
       492     0.00378976
       493     0.00404688
       494     0.00428734
       495     0.00450704
       496     0.00470184
       497     0.00486759
       498     0.00500075
       499     0.00509851
       500     0.00515891
       501     0.00444883
       502     0.00446456
       503     0.00445251
       504     0.00441404
       505     0.00435108
       506     0.00426614
       507     0.00416192
       508     0.00404139
       509     0.00390757
       510     0.00376336
       511     0.00361066
       512     0.00345364
       513     0.00329369
       514     0.00313256
       515     0.00297221
       516     0.00281355
       517     0.00265783
       518     0.00250552
       519     0.00235752
       520     0.00221412
       521     0.00187571
       522     0.00175165
       523     0.00163175
       524     0.00151603
       525     0.00140443
       526     0.00129689
       527     0.00119315
       528     0.00109340
       529     0.00099733
       530     0.00090477
       531     0.00081556
       532     0.00072954
       533     0.00064654
       534     0.00056639
       535     0.00048891
       536     0.00041397
       537     0.00034140
       538     0.00027104
       539     0.00020275
       540     0.00013640
       541     0.00007066
       542     0.00000785
       543    -0.00005342
       544    -0.00011326
       545    -0.00017178
       546    -0.00022907
       547    -0.00028522
       548    -0.00034033
       549    -0.00039448
       550    -0.00044773
       551    -0.00050017
       552    -0.00055186
       553    -0.00060284
       554    -0.00065316
       555    -0.00070288
       556    -0.00075202
       557    -0.00080061
       558    -0.00084867
       559    -0.00089620
       560    -0.00094321
       561    -0.00081972
       562    -0.00086415
       563    -0.00090812
       564    -0.00095161
       565    -0.00099458
       566    -0.00103698
       567    -0.00107875
       568    -0.00111981
       569    -0.00116006
       570    -0.00119940
       571    -0.00123771
       572    -0.00127487
       573    -0.00131073
       574    -0.00134514
       575    -0.00137794
       576    -0.00140896
       577    -0.00143797
       578    -0.00146491
       579    -0.00148923
       580    -0.00151118
       581    -0.00145638
       582    -0.00147280
       583    -0.00148630
       584    -0.00149673
       585    -0.00150392
       586    -0.00150773
       587    -0.00150804
       588    -0.00150474
       589    -0.00149772
       590    -0.00148693
       591    -0.00147230
       592    -0.00145381
       593    -0.00143145
       594    -0.00140523
       595    -0.00137520
       596    -0.00134142
       597    -0.00130395
       598    -0.00126290
       599    -0.00121839
       600    -0.00117058
       601    -0.00136706
       602    -0.00130798
       603    -0.00124561
       604    -0.00118019
       605    -0.00111193
       606    -0.00104110
       607    -0.00096796
       608    -0.00089275
       609    -0.00081576
       610    -0.00073722
       611    -0.00065741
       612    -0.00057658
       613    -0.00049498
       614    -0.00041289
       615    -0.00033053
       616    -0.00024816
       617    -0.00016601
       618    -0.00008431
       619    -0.00000329
       620     0.00007684
       621     0.00014492
       622     0.00022188
       623     0.00029752
       624     0.00037164
       625     0.00044406
       626     0.00051463
       627     0.00058317
       628     0.00064956
       629     0.00071366
       630     0.00077535
       631     0.00083452
       632     0.00089109
       633     0.00094497
       634     0.00099611
       635     0.00104445
       636     0.00108995
       637     0.00113258
       638     0.00117238
       639     0.00120931
       640     0.00124341
       641     0.00117419
       642     0.00120448
       643     0.00123225
       644     0.00125754
       645     0.00128039
       646     0.00130086
       647     0.00131902
       648     0.00133494
       649     0.00134879
       650     0.00136050
       651     0.00137021
       652     0.00137802
       653     0.00138404
       654     0.00138835
       655     0.00139106
       656     0.00139228
       657     0.00139211
       658     0.00139066
       659     0.00138804
       660     0.00138436
       661     0.00133563
       662     0.00133084
       663     0.00132520
       664     0.00131903
       665     0.00131254
       666     0.00130537
       667     0.00129789
       668     0.00129012
       669     0.00128221
       670     0.00127409
       671     0.00126588
       672     0.00125767
       673     0.00124950
       674     0.00124144
       675     0.00123354
       676     0.00122585
       677     0.00121841
       678     0.00121126
       679     0.00120448
       680     0.00119807
       681     0.00160065
       682     0.00159472
       683     0.00158938
       684     0.00158462
       685     0.00158046
       686     0.00157690
       687     0.00157396
       688     0.00157161
       689     0.00156987
       690     0.00156871
       691     0.00156811
       692     0.00156804
       693     0.00156849
       694     0.00156942
       695     0.00157079
       696     0.00157254
       697     0.00157462
       698     0.00157699
       699     0.00157956
       700     0.00158226
       701     0.00168875
       702     0.00169258
       703     0.00169624
       704     0.00169961
       705     0.00170258
       706     0.00170501
       707     0.00170678
       708     0.00170773
       709     0.00170772
       710     0.00170660
       711     0.00170421
       712     0.00170038
       713     0.00169497
       714     0.00168780
       715     0.00167872
       716     0.00166754
       717     0.00165415
       718     0.00163835
       719     0.00162000
       720     0.00159896
       721     0.00164735
       722     0.00162111
       723     0.00159161
       724     0.00155873
       725     0.00152239
       726     0.00148247
       727     0.00143892
       728     0.00139166
       729     0.00134066
       730     0.00128588
       731     0.00122731
       732     0.00116494
       733     0.00109881
       734     0.00102892
       735     0.00095533
       736     0.00087810
       737     0.00079728
       738     0.00071296
       739     0.00062522
       740     0.00053416
       741     0.00057818
       742     0.00047987
       743     0.00037774
       744     0.00027189
       745     0.00016245
       746     0.00004956
       747    -0.00006668
       748    -0.00018612
       749    -0.00030866
       750    -0.00043416
       751    -0.00056252
       752    -0.00069362
       753    -0.00082735
       754    -0.00096361
       755    -0.00110229
       756    -0.00124329
       757    -0.00138651
       758    -0.00153184
       759    -0.00167917
       760    -0.00182837
       761    -0.00204958
       762    -0.00220324
       763    -0.00235837
       764    -0.00251471
       765    -0.00267200
       766    -0.00282983
       767    -0.00298776
       768    -0.00314523
       769    -0.00330157
       770    -0.00345601
       771    -0.00360767
       772    -0.00375543
       773    -0.00389810
       774    -0.00403437
       775    -0.00416278
       776    -0.00428180
       777    -0.00438985
       778    -0.00448523
       779    -0.00456641
       780    -0.00463180
       781    -0.00387732
       782    -0.00390559
       783    -0.00391958
       784    -0.00391892
       785    -0.00390340
       786    -0.00387304
       787    -0.00382810
       788    -0.00377012
       789    -0.00369757
       790    -0.00361225
       791    -0.00351507
       792    -0.00340705
       793    -0.00328927
       794    -0.00316288
       795    -0.00302900
       796    -0.00288875
       797    -0.00274275
       798    -0.00259306
       799    -0.00244006
       800    -0.00228456
       801    -0.00281970
       802    -0.00264234
       803    -0.00246462
       804    -0.00228734
       805    -0.00211108
       806    -0.00193640
       807    -0.00176375
       808    -0.00159341
       809    -0.00142570
       810    -0.00126078
       811    -0.00109883
       812    -0.00093994
       813    -0.00078418
       814    -0.00063161
       815    -0.00048227
       816    -0.00033618
       817    -0.00019333
       818    -0.00005376
       819     0.00008253
       820     0.00021554
       821     0.00036945
       822     0.00049411
       823     0.00061507
       824     0.00073233
       825     0.00084585
       826     0.00095563
       827     0.00106164
       828     0.00116386
       829     0.00126226
       830     0.00135683
       831     0.00144757
       832     0.00153447
       833     0.00161753
       834     0.00169678
       835     0.00177315
       836     0.00184490
       837     0.00191294
       838     0.00197737
       839     0.00203824
       840     0.00209565
       841     0.00224124
       842     0.00229126
       843     0.00233798
       844     0.00238154
       845     0.00242207
       846     0.00245972
       847     0.00249461
       848     0.00252688
       849     0.00255666
       850     0.00258406
       851     0.00260918
       852     0.00263211
       853     0.00265294
       854     0.00267172
       855     0.00268849
       856     0.00270313
       857     0.00271537
       858     0.00272564
       859     0.00273457
       860     0.00274054
       861     0.00220389
       862     0.00220452
       863     0.00220322
       864     0.00219992
       865     0.00219457
       866     0.00218707
       867     0.00217737
       868     0.00216539
       869     0.00215107
       870     0.00213434
       871     0.00211516
       872     0.00209294
       873     0.00206882
       874     0.00204214
       875     0.00201296
       876     0.00198124
       877     0.00194701
       878     0.00191028
       879     0.00187114
       880     0.00182962
       881     0.00155049
       882     0.00150445
       883     0.00145664
       884     0.00140715
       885     0.00135608
       886     0.00130349
       887     0.00124949
       888     0.00119416
       889     0.00113759
       890     0.00107986
       891     0.00102104
       892     0.00096122
       893     0.00090047
       894     0.00083885
       895     0.00077644
       896     0.00071327
       897     0.00064940
       898     0.00058489
       899     0.00051976
       900     0.00045406
       901     0.00040659
       902     0.00034033
       903     0.00027355
       904     0.00020627
       905     0.00013851
       906     0.00007027
       907     0.00000157
       908    -0.00006758
       909    -0.00013718
       910    -0.00020722
       911    -0.00027769
       912    -0.00034860
       913    -0.00041993
       914    -0.00049168
       915    -0.00056384
       916    -0.00063640
       917    -0.00070936
       918    -0.00078270
       919    -0.00085639
       920    -0.00093044
       921    -0.00087760
       922    -0.00095382
       923    -0.00103029
       924    -0.00110698
       925    -0.00118381
       926    -0.00126077
       927    -0.00133781
       928    -0.00141485
       929    -0.00149186
       930    -0.00156879
       931    -0.00164556
       932    -0.00172212
       933    -0.00179841
       934    -0.00187435
       935    -0.00194988
       936    -0.00202489
       937    -0.00209932
       938    -0.00217305
       939    -0.00224598
       940    -0.00231799
       941    -0.00237320
       942    -0.00244284
       943    -0.00251110
       944    -0.00257775
       945    -0.00264258
       946    -0.00270531
       947    -0.00276566
       948    -0.00282331
       949    -0.00287789
       950    -0.00292901
       951    -0.00297628
       952    -0.00301925
       953    -0.00305744
       954    -0.00309039
       955    -0.00311777
       956    -0.00313865
       957    -0.00315303
       958    -0.00316025
       959    -0.00315993
       960    -0.00315170
       961    -0.00298809
       962    -0.00296359
       963    -0.00293108
       964    -0.00289050
       965    -0.00284187
       966    -0.00278531
       967    -0.00272099
       968    -0.00264916
       969    -0.00257015
       970    -0.00248431
       971    -0.00239209
       972    -0.00229393
       973    -0.00219034
       974    -0.00208177
       975    -0.00196877
       976    -0.00185187
       977    -0.00173153
       978    -0.00160830
       979    -0.00148263
       980    -0.00135499
       981    -0.00177789
       982    -0.00163929
       983    -0.00149938
       984    -0.00135861
       985    -0.00121745
       986    -0.00107629
       987    -0.00093549
       988    -0.00079539
       989    -0.00065628
       990    -0.00051844
       991    -0.00038215
       992    -0.00024762
       993    -0.00011510
       994     0.00001519
       995     0.00014305
       996     0.00026826
       997     0.00039061
       998     0.00050989
       999     0.00062590
      1000     0.00073842
