#    Step        Prob(0)        Prob(1)        
        0    -0.00000000     0.00000000
        1     0.00000000     0.00000000
        2     0.00000001     0.00000000
        3     0.00000001     0.00000000
        4     0.00000000     0.00000000
        5     0.00000000     0.00000000
        6     0.00000000     0.00000000
        7     0.00000001     0.00000000
        8     0.00000001     0.00000000
        9     0.00000000     0.00000000
       10     0.00000000     0.00000000
       11     0.00000000     0.00000000
       12     0.00000000     0.00000000
       13     0.00000001     0.00000000
       14     0.00000000     0.00000000
       15     0.00000000     0.00000000
       16     0.00000000     0.00000000
       17     0.00000000     0.00000000
       18     0.00000001     0.00000000
       19     0.00000000     0.00000000
       20     0.00000000     0.00000000
       21     0.00000000     0.00000000
       22     0.00000000     0.00000000
       23     0.00000000     0.00000000
       24     0.00000000     0.00000000
       25     0.00000000     0.00000000
       26     0.00000000     0.00000000
       27     0.00000001     0.00000000
       28     0.00000001     0.00000000
       29     0.00000000     0.00000000
       30     0.00000000     0.00000000
       31     0.00000000     0.00000000
       32     0.00000001     0.00000000
       33     0.00000002     0.00000000
       34     0.00000001     0.00000000
       35     0.00000000     0.00000000
       36     0.00000000     0.00000000
       37     0.00000000     0.00000000
       38     0.00000002     0.00000000
       39     0.00000002     0.00000000
       40     0.00000000     0.00000000
       41     0.00000000     0.00000000
       42     0.00000000     0.00000000
       43     0.00000000     0.00000000
       44     0.00000003     0.00000000
       45     0.00000003     0.00000000
       46     0.00000000     0.00000000
       47     0.00000000     0.00000000
       48     0.00000000     0.00000000
       49     0.00000001     0.00000000
       50     0.00000004     0.00000000
       51     0.00000003     0.00000000
       52     0.00000000     0.00000000
       53     0.00000000     0.00000000
       54     0.00000000     0.00000000
       55     0.00000001     0.00000000
       56     0.00000004     0.00000000
       57     0.00000002     0.00000000
       58     0.00000000     0.00000000
       59     0.00000000     0.00000000
       60     0.00000000     0.00000000
       61     0.00000000     0.00000000
       62     0.00000001     0.00000000
       63     0.00000001     0.00000000
       64     0.00000000     0.00000000
       65     0.00000000     0.00000000
       66     0.00000000     0.00000000
       67     0.00000000     0.00000000
       68     0.00000001     0.00000000
       69     0.00000001     0.00000000
       70     0.00000000     0.00000000
       71     0.00000000     0.00000000
       72     0.00000000     0.00000000
       73     0.00000000     0.00000000
       74     0.00000000     0.00000000
       75     0.00000001     0.00000000
       76     0.00000000     0.00000000
       77     0.00000000     0.00000000
       78     0.00000000     0.00000000
       79     0.00000000     0.00000000
       80     0.00000000     0.00000000
       81     0.00000001     0.00000000
       82     0.00000001     0.00000000
       83     0.00000000     0.00000000
       84     0.00000000     0.00000000
       85     0.00000000     0.00000000
       86     0.00000000     0.00000000
       87     0.00000001     0.00000000
       88     0.00000001     0.00000000
       89     0.00000001     0.00000000
       90     0.00000000     0.00000000
       91     0.00000000     0.00000000
       92     0.00000000     0.00000000
       93     0.00000000     0.00000000
       94     0.00000001     0.00000000
       95     0.00000002     0.00000000
       96     0.00000001     0.00000000
       97     0.00000000     0.00000000
       98     0.00000000     0.00000000
       99     0.00000000     0.00000000
      100     0.00000000     0.00000000
      101     0.00000000     0.00000000
      102     0.00000000     0.00000000
      103     0.00000000     0.00000000
      104     0.00000000     0.00000000
      105     0.00000000     0.00000000
      106     0.00000000     0.00000000
      107     0.00000000     0.00000000
      108     0.00000000     0.00000000
      109     0.00000000     0.00000000
      110     0.00000000     0.00000000
      111     0.00000000     0.00000000
      112     0.00000000     0.00000000
      113     0.00000000     0.00000000
      114     0.00000000     0.00000000
      115     0.00000000     0.00000000
      116     0.00000000     0.00000000
      117     0.00000000     0.00000000
      118     0.00000000     0.00000000
      119     0.00000000     0.00000000
      120     0.00000000     0.00000000
      121     0.00000000     0.00000000
      122     0.00000000     0.00000000
      123     0.00000000     0.00000000
      124     0.00000000     0.00000000
      125     0.00000000     0.00000000
      126     0.00000000     0.00000000
      127     0.00000000     0.00000000
      128     0.00000000     0.00000000
      129     0.00000000     0.00000000
      130     0.00000000     0.00000000
      131     0.00000000     0.00000000
      132     0.00000000     0.00000000
      133     0.00000000     0.00000000
      134     0.00000000     0.00000000
      135     0.00000000     0.00000000
      136     0.00000000     0.00000000
      137     0.00000000     0.00000000
      138     0.00000000     0.00000000
      139     0.00000000     0.00000000
      140     0.00000000     0.00000000
      141     0.00000000     0.00000000
      142     0.00000000     0.00000000
      143     0.00000000     0.00000000
      144     0.00000000     0.00000000
      145     0.00000000     0.00000000
      146     0.00000000     0.00000000
      147     0.00000000     0.00000000
      148     0.00000000     0.00000000
      149     0.00000000     0.00000000
      150     0.00000000     0.00000000
      151     0.00000000     0.00000000
      152     0.00000000     0.00000000
      153     0.00000000     0.00000000
      154     0.00000000     0.00000000
      155     0.00000000     0.00000000
      156     0.00000000     0.00000000
      157     0.00000000     0.00000000
      158     0.00000000     0.00000000
      159     0.00000001     0.00000000
      160     0.00000001     0.00000000
      161     0.00000001     0.00000000
      162     0.00000000     0.00000000
      163     0.00000000     0.00000000
      164     0.00000000     0.00000000
      165     0.00000000     0.00000000
      166     0.00000001     0.00000000
      167     0.00000002     0.00000000
      168     0.00000004     0.00000000
      169     0.00000005     0.00000000
      170     0.00000005     0.00000000
      171     0.00000004     0.00000000
      172     0.00000002     0.00000000
      173     0.00000001     0.00000000
      174     0.00000001     0.00000000
      175     0.00000002     0.00000000
      176     0.00000005     0.00000000
      177     0.00000007     0.00000000
      178     0.00000008     0.00000000
      179     0.00000006     0.00000000
      180     0.00000000     0.00000000
      181     0.00000000     0.00000000
      182     0.00000000     0.00000000
      183     0.00000000     0.00000000
      184     0.00000000     0.00000000
      185     0.00000000     0.00000000
      186     0.00000004     0.00000000
      187     0.00000015     0.00000000
      188     0.00000024     0.00000000
      189     0.00000029     0.00000000
      190     0.00000028     0.00000000
      191     0.00000019     0.00000000
      192     0.00000006     0.00000000
      193     0.00000000     0.00000000
      194     0.00000000     0.00000000
      195     0.00000000     0.00000000
      196     0.00000022     0.00000000
      197     0.00000061     0.00000000
      198     0.00000108     0.00000000
      199     0.00000155     0.00000000
      200     0.00000192     0.00000000
      201     0.00000124     0.00000000
      202     0.00000053     0.00000000
      203     0.00000000     0.00000000
      204     0.00000000     0.00000000
      205     0.00000000     0.00000000
      206     0.00000140     0.00000000
      207     0.00000391     0.00000000
      208     0.00000741     0.00000000
      209     0.00001167     0.00000000
      210     0.00001645     0.00000000
      211     0.00002173     0.00000000
      212     0.00002810     0.00000000
      213     0.00003733     0.00000000
      214     0.00005358     0.00000000
      215     0.00008616     0.00000000
      216     0.00015738     0.00000000
      217     0.00032817     0.00000000
      218     0.00080457     0.00000000
      219     0.00258124     0.00000000
      220     0.01752785     0.00000000
      221     0.00831964     0.00000000
      222     0.00547014     0.00000000
      223     0.00315560     0.00000000
      224     0.00100567     0.00000000
      225     0.00000000     0.00000000
      226     0.00000000     0.00000000
      227     0.00000000     0.00000000
      228     0.00000000     0.00000000
      229     0.00000000     0.00000000
      230     0.00000000     0.00000000
      231     0.00000000     0.00000000
      232     0.00000000     0.00000000
      233     0.00000000     0.00000000
      234     0.00070897     0.00000000
      235     0.00216090     0.00000000
      236     0.00338622     0.00000000
      237     0.00425990     0.00000000
      238     0.00469055     0.00000000
      239     0.00462997     0.00000000
      240     0.00407932     0.00000000
      241     0.00248226     0.00000000
      242     0.00133206     0.00000000
      243     0.00001578     0.00000000
      244     0.00000000     0.00000000
      245     0.00000000     0.00000000
      246     0.00000000     0.00000000
      247     0.00000000     0.00000000
      248     0.00000000     0.00000000
      249     0.00000000     0.00000000
      250     0.00000000     0.00000000
      251     0.00000000     0.00000000
      252     0.00000000     0.00000000
      253     0.00000000     0.00000000
      254     0.00137793     0.00000000
      255     0.00276611     0.00000000
      256     0.00396465     0.00000000
      257     0.00486957     0.00000000
      258     0.00539909     0.00000000
      259     0.00550066     0.00000000
      260     0.00515653     0.00000000
      261     0.00342505     0.00000000
      262     0.00243092     0.00000000
      263     0.00122324     0.00000000
      264     0.00000000     0.00000000
      265     0.00000000     0.00000000
      266     0.00000000     0.00000000
      267     0.00000000     0.00000000
      268     0.00000000     0.00000000
      269     0.00000000     0.00000000
      270     0.00000000     0.00000000
      271     0.00000000     0.00000000
      272     0.00000000     0.00000000
      273     0.00000000     0.00000000
      274     0.00000000     0.00000000
      275     0.00000000     0.00000000
      276     0.00079299     0.00000000
      277     0.00206473     0.00000000
      278     0.00320115     0.00000000
      279     0.00412426     0.00000000
      280     0.00476954     0.00000000
      281     0.00480126     0.00000000
      282     0.00474951     0.00000000
      283     0.00437059     0.00000000
      284     0.00368812     0.00000000
      285     0.00275081     0.00000000
      286     0.00162648     0.00000000
      287     0.00039739     0.00000000
      288     0.00000000     0.00000000
      289     0.00000000     0.00000000
      290     0.00000000     0.00000000
      291     0.00000000     0.00000000
      292     0.00000000     0.00000000
      293     0.00000000     0.00000000
      294     0.00000000     0.00000000
      295     0.00000000     0.00000000
      296     0.00000000     0.00000000
      297     0.00000000     0.00000000
      298     0.00000000     0.00000000
      299     0.00000000     0.00000000
      300     0.00046112     0.00000000
      301     0.00169764     0.00000000
      302     0.00272161     0.00000000
      303     0.00351916     0.00000000
      304     0.00404073     0.00000000
      305     0.00425677     0.00000000
      306     0.00416029     0.00000000
      307     0.00376796     0.00000000
      308     0.00311915     0.00000000
      309     0.00227302     0.00000000
      310     0.00130336     0.00000000
      311     0.00029183     0.00000000
      312     0.00000000     0.00000000
      313     0.00000000     0.00000000
      314     0.00000000     0.00000000
      315     0.00000000     0.00000000
      316     0.00000000     0.00000000
      317     0.00000000     0.00000000
      318     0.00000000     0.00000000
      319     0.00000000     0.00000000
      320     0.00000000     0.00000000
      321     0.00000000     0.00000000
      322     0.00000000     0.00000000
      323     0.00000000     0.00000000
      324     0.00063551     0.00000000
      325     0.00113007     0.00000000
      326     0.00145553     0.00000000
      327     0.00160297     0.00000000
      328     0.00158192     0.00000000
      329     0.00141855     0.00000000
      330     0.00115193     0.00000000
      331     0.00082890     0.00000000
      332     0.00049816     0.00000000
      333     0.00020422     0.00000000
      334     0.00000000     0.00000000
      335     0.00000000     0.00000000
      336     0.00000000     0.00000000
      337     0.00000000     0.00000000
      338     0.00001298     0.00000000
      339     0.00017551     0.00000000
      340     0.00033433     0.00000000
      341     0.00046176     0.00000000
      342     0.00050321     0.00000000
      343     0.00044645     0.00000000
      344     0.00028236     0.00000000
      345     0.00001729     0.00000000
      346     0.00000000     0.00000000
      347     0.00000000     0.00000000
      348     0.00000000     0.00000000
      349     0.00000000     0.00000000
      350     0.00000000     0.00000000
      351     0.00000000     0.00000000
      352     0.00000000     0.00000000
      353     0.00000000     0.00000000
      354     0.00000000     0.00000000
      355     0.00000000     0.00000000
      356     0.00003306     0.00000000
      357     0.00072956     0.00000000
      358     0.00142530     0.00000000
      359     0.00206022     0.00000000
      360     0.00257675     0.00000000
      361     0.00262616     0.00000000
      362     0.00274807     0.00000000
      363     0.00266363     0.00000000
      364     0.00236899     0.00000000
      365     0.00187804     0.00000000
      366     0.00122181     0.00000000
      367     0.00044619     0.00000000
      368     0.00000000     0.00000000
      369     0.00000000     0.00000000
      370     0.00000000     0.00000000
      371     0.00000000     0.00000000
      372     0.00000000     0.00000000
      373     0.00000000     0.00000000
      374     0.00000000     0.00000000
      375     0.00000000     0.00000000
      376     0.00000000     0.00000000
      377     0.00000000     0.00000000
      378     0.00000000     0.00000000
      379     0.00000000     0.00000000
      380     0.00030186     0.00000000
      381     0.00106886     0.00000000
      382     0.00182442     0.00000000
      383     0.00249985     0.00000000
      384     0.00305691     0.00000000
      385     0.00346376     0.00000000
      386     0.00369650     0.00000000
      387     0.00374055     0.00000000
      388     0.00359137     0.00000000
      389     0.00325491     0.00000000
      390     0.00274723     0.00000000
      391     0.00209371     0.00000000
      392     0.00132780     0.00000000
      393     0.00048855     0.00000000
      394     0.00000000     0.00000000
      395     0.00000000     0.00000000
      396     0.00000000     0.00000000
      397     0.00000000     0.00000000
      398     0.00000000     0.00000000
      399     0.00000000     0.00000000
      400     0.00000000     0.00000000
      401     0.00000000     0.00000000
      402     0.00000000     0.00000000
      403     0.00000000     0.00000000
      404     0.00000000     0.00000000
      405     0.00000000     0.00000000
      406     0.00000000     0.00000000
      407     0.00000000     0.00000000
      408     0.00000000     0.00000000
      409     0.00000000     0.00000000
      410     0.00053782     0.00000000
      411     0.00120125     0.00000000
      412     0.00179958     0.00000000
      413     0.00231177     0.00000000
      414     0.00272100     0.00000000
      415     0.00301524     0.00000000
      416     0.00318787     0.00000000
      417     0.00323781     0.00000000
      418     0.00316965     0.00000000
      419     0.00299338     0.00000000
      420     0.00272393     0.00000000
      421     0.00278078     0.00000000
      422     0.00237979     0.00000000
      423     0.00193401     0.00000000
      424     0.00146885     0.00000000
      425     0.00101009     0.00000000
      426     0.00058253     0.00000000
      427     0.00020889     0.00000000
      428     0.00000000     0.00000000
      429     0.00000000     0.00000000
      430     0.00000000     0.00000000
      431     0.00000000     0.00000000
      432     0.00000000     0.00000000
      433     0.00000000     0.00000000
      434     0.00026121     0.00000000
      435     0.00069538     0.00000000
      436     0.00122165     0.00000000
      437     0.00182911     0.00000000
      438     0.00250598     0.00000000
      439     0.00323970     0.00000000
      440     0.00401752     0.00000000
      441     0.00571911     0.00000000
      442     0.00668273     0.00000000
      443     0.00768037     0.00000000
      444     0.00870499     0.00000000
      445     0.00974945     0.00000000
      446     0.01080561     0.00000000
      447     0.01186314     0.00000000
      448     0.01290772     0.00000000
      449     0.01391953     0.00000000
      450     0.01487094     0.00000000
      451     0.01572538     0.00000000
      452     0.01643640     0.00000000
      453     0.01694776     0.00000000
      454     0.01719845     0.00000000
      455     0.01712495     0.00000000
      456     0.01668469     0.00000000
      457     0.01584003     0.00000000
      458     0.01459319     0.00000000
      459     0.01296323     0.00000000
      460     0.01101377     0.00000000
      461     0.01054274     0.00000000
      462     0.00805579     0.00000000
      463     0.00545783     0.00000000
      464     0.00288110     0.00000000
      465     0.00044394     0.00000000
      466     0.00000000     0.00000000
      467     0.00000000     0.00000000
      468     0.00000000     0.00000000
      469     0.00000000     0.00000000
      470     0.00000000     0.00000000
      471     0.00000000     0.00000000
      472     0.00000000     0.00000000
      473     0.00000000     0.00000000
      474     0.00000000     0.00000000
      475     0.00000000     0.00000000
      476     0.00000000     0.00000000
      477     0.00000000     0.00000000
      478     0.00000000     0.00000000
      479     0.00000000     0.00000000
      480     0.00101127     0.00000000
      481     0.00335360     0.00000000
      482     0.00519164     0.00000000
      483     0.00703486     0.00000000
      484     0.00884683     0.00000000
      485     0.01058853     0.00000000
      486     0.01221799     0.00000000
      487     0.01368894     0.00000000
      488     0.01495198     0.00000000
      489     0.01595398     0.00000000
      490     0.01663928     0.00000000
      491     0.01695157     0.00000000
      492     0.01683732     0.00000000
      493     0.01624893     0.00000000
      494     0.01515208     0.00000000
      495     0.01353091     0.00000000
      496     0.01139473     0.00000000
      497     0.00878240     0.00000000
      498     0.00576571     0.00000000
      499     0.00244706     0.00000000
      500     0.00000000     0.00000000
      501     0.00000000     0.00000000
      502     0.00000000     0.00000000
      503     0.00000000     0.00000000
      504     0.00000000     0.00000000
      505     0.00000000     0.00000000
      506     0.00000000     0.00000000
      507     0.00000000     0.00000000
      508     0.00000000     0.00000000
      509     0.00000000     0.00000000
      510     0.00000000     0.00000000
      511     0.00000000     0.00000000
      512     0.00000000     0.00000000
      513     0.00000000     0.00000000
      514     0.00000000     0.00000000
      515     0.00000000     0.00000000
      516     0.00000000     0.00000000
      517     0.00000000     0.00000000
      518     0.00000000     0.00000000
      519     0.00000000     0.00000000
      520     0.00000000     0.00000000
      521     0.00000000     0.00000000
      522     0.00000000     0.00000000
      523     0.00000000     0.00000000
      524     0.00000000     0.00000000
      525     0.00000000     0.00000000
      526     0.00000000     0.00000000
      527     0.00000000     0.00000000
      528     0.00015827     0.00000000
      529     0.00079865     0.00000000
      530     0.00130778     0.00000000
      531     0.00168469     0.00000000
      532     0.00193184     0.00000000
      533     0.00205508     0.00000000
      534     0.00206374     0.00000000
      535     0.00197046     0.00000000
      536     0.00179106     0.00000000
      537     0.00154389     0.00000000
      538     0.00124938     0.00000000
      539     0.00092923     0.00000000
      540     0.00060571     0.00000000
      541     0.00029560     0.00000000
      542     0.00002996     0.00000000
      543     0.00000000     0.00000000
      544     0.00000000     0.00000000
      545     0.00000000     0.00000000
      546     0.00000000     0.00000000
      547     0.00000000     0.00000000
      548     0.00002752     0.00000000
      549     0.00033779     0.00000000
      550     0.00072305     0.00000000
      551     0.00116839     0.00000000
      552     0.00165532     0.00000000
      553     0.00216224     0.00000000
      554     0.00266519     0.00000000
      555     0.00313861     0.00000000
      556     0.00355624     0.00000000
      557     0.00389205     0.00000000
      558     0.00412139     0.00000000
      559     0.00422207     0.00000000
      560     0.00417559     0.00000000
      561     0.00328300     0.00000000
      562     0.00298689     0.00000000
      563     0.00254390     0.00000000
      564     0.00195893     0.00000000
      565     0.00124398     0.00000000
      566     0.00041821     0.00000000
      567     0.00000000     0.00000000
      568     0.00000000     0.00000000
      569     0.00000000     0.00000000
      570     0.00000000     0.00000000
      571     0.00000000     0.00000000
      572     0.00000000     0.00000000
      573     0.00000000     0.00000000
      574     0.00000000     0.00000000
      575     0.00000000     0.00000000
      576     0.00000000     0.00000000
      577     0.00000000     0.00000000
      578     0.00000000     0.00000000
      579     0.00000000     0.00000000
      580     0.00000000     0.00000000
      581     0.00000000     0.00000000
      582     0.00000000     0.00000000
      583     0.00000000     0.00000000
      584     0.00000000     0.00000000
      585     0.00084739     0.00000000
      586     0.00205124     0.00000000
      587     0.00319846     0.00000000
      588     0.00424684     0.00000000
      589     0.00515629     0.00000000
      590     0.00589055     0.00000000
      591     0.00641895     0.00000000
      592     0.00671818     0.00000000
      593     0.00677406     0.00000000
      594     0.00658295     0.00000000
      595     0.00615288     0.00000000
      596     0.00550393     0.00000000
      597     0.00466787     0.00000000
      598     0.00368686     0.00000000
      599     0.00261123     0.00000000
      600     0.00149648     0.00000000
      601     0.00049388     0.00000000
      602     0.00000000     0.00000000
      603     0.00000000     0.00000000
      604     0.00000000     0.00000000
      605     0.00000000     0.00000000
      606     0.00000000     0.00000000
      607     0.00000000     0.00000000
      608     0.00000000     0.00000000
      609     0.00000000     0.00000000
      610     0.00000000     0.00000000
      611     0.00000000     0.00000000
      612     0.00000000     0.00000000
      613     0.00000000     0.00000000
      614     0.00000000     0.00000000
      615     0.00000000     0.00000000
      616     0.00000000     0.00000000
      617     0.00000000     0.00000000
      618     0.00007599     0.00000000
      619     0.00000617     0.00000000
      620     0.00000000     0.00000000
      621     0.00000000     0.00000000
      622     0.00000000     0.00000000
      623     0.00000000     0.00000000
      624     0.00000000     0.00000000
      625     0.00000000     0.00000000
      626     0.00000000     0.00000000
      627     0.00000000     0.00000000
      628     0.00000000     0.00000000
      629     0.00000000     0.00000000
      630     0.00000000     0.00000000
      631     0.00000130     0.00000000
      632     0.00096209     0.00000000
      633     0.00199331     0.00000000
      634     0.00302315     0.00000000
      635     0.00397315     0.00000000
      636     0.00476343     0.00000000
      637     0.00531849     0.00000000
      638     0.00557403     0.00000000
      639     0.00548261     0.00000000
      640     0.00502024     0.00000000
      641     0.00385774     0.00000000
      642     0.00279322     0.00000000
      643     0.00147681     0.00000000
      644     0.00000000     0.00000000
      645     0.00000000     0.00000000
      646     0.00000000     0.00000000
      647     0.00000000     0.00000000
      648     0.00000000     0.00000000
      649     0.00000000     0.00000000
      650     0.00000000     0.00000000
      651     0.00000000     0.00000000
      652     0.00000000     0.00000000
      653     0.00000000     0.00000000
      654     0.00000000     0.00000000
      655     0.00000000     0.00000000
      656     0.00000000     0.00000000
      657     0.00133321     0.00000000
      658     0.00294042     0.00000000
      659     0.00435305     0.00000000
      660     0.00546974     0.00000000
      661     0.00600571     0.00000000
      662     0.00628994     0.00000000
      663     0.00611716     0.00000000
      664     0.00549284     0.00000000
      665     0.00445763     0.00000000
      666     0.00308534     0.00000000
      667     0.00148269     0.00000000
      668     0.00000000     0.00000000
      669     0.00000000     0.00000000
      670     0.00000000     0.00000000
      671     0.00000000     0.00000000
      672     0.00000000     0.00000000
      673     0.00000000     0.00000000
      674     0.00000000     0.00000000
      675     0.00000000     0.00000000
      676     0.00000000     0.00000000
      677     0.00000000     0.00000000
      678     0.00000000     0.00000000
      679     0.00000000     0.00000000
      680     0.00124240     0.00000000
      681     0.00362674     0.00000000
      682     0.00532520     0.00000000
      683     0.00662038     0.00000000
      684     0.00740973     0.00000000
      685     0.00762389     0.00000000
      686     0.00723474     0.00000000
      687     0.00626157     0.00000000
      688     0.00477357     0.00000000
      689     0.00288724     0.00000000
      690     0.00075778     0.00000000
      691     0.00000000     0.00000000
      692     0.00000000     0.00000000
      693     0.00000000     0.00000000
      694     0.00000000     0.00000000
      695     0.00000000     0.00000000
      696     0.00000000     0.00000000
      697     0.00000000     0.00000000
      698     0.00000000     0.00000000
      699     0.00000000     0.00000000
      700     0.00000000     0.00000000
      701     0.00000000     0.00000000
      702     0.00127006     0.00000000
      703     0.00343306     0.00000000
      704     0.00535153     0.00000000
      705     0.00687781     0.00000000
      706     0.00788722     0.00000000
      707     0.00828853     0.00000000
      708     0.00803445     0.00000000
      709     0.00712991     0.00000000
      710     0.00563708     0.00000000
      711     0.00367409     0.00000000
      712     0.00140659     0.00000000
      713     0.00000000     0.00000000
      714     0.00000000     0.00000000
      715     0.00000000     0.00000000
      716     0.00000000     0.00000000
      717     0.00000000     0.00000000
      718     0.00000000     0.00000000
      719     0.00000000     0.00000000
      720     0.00000000     0.00000000
      721     0.00000000     0.00000000
      722     0.00000000     0.00000000
      723     0.00000000     0.00000000
      724     0.00031479     0.00000000
      725     0.00226908     0.00000000
      726     0.00395858     0.00000000
      727     0.00525945     0.00000000
      728     0.00608203     0.00000000
      729     0.00637901     0.00000000
      730     0.00615091     0.00000000
      731     0.00544733     0.00000000
      732     0.00436281     0.00000000
      733     0.00302698     0.00000000
      734     0.00158944     0.00000000
      735     0.00020172     0.00000000
      736     0.00000000     0.00000000
      737     0.00000000     0.00000000
      738     0.00000000     0.00000000
      739     0.00000000     0.00000000
      740     0.00000000     0.00000000
      741     0.00000000     0.00000000
      742     0.00000000     0.00000000
      743     0.00000000     0.00000000
      744     0.00000000     0.00000000
      745     0.00000000     0.00000000
      746     0.00000000     0.00000000
      747     0.00000000     0.00000000
      748     0.00000000     0.00000000
      749     0.00000000     0.00000000
      750     0.00000000     0.00000000
      751     0.00000000     0.00000000
      752     0.00000000     0.00000000
      753     0.00000000     0.00000000
      754     0.00000000     0.00000000
      755     0.00000000     0.00000000
      756     0.00000000     0.00000000
      757     0.00000000     0.00000000
      758     0.00000000     0.00000000
      759     0.00000000     0.00000000
      760     0.00172672     0.00000000
      761     0.00412160     0.00000000
      762     0.00656235     0.00000000
      763     0.00897212     0.00000000
      764     0.01120332     0.00000000
      765     0.01310643     0.00000000
      766     0.01453591     0.00000000
      767     0.01535827     0.00000000
      768     0.01546111     0.00000000
      769     0.01476361     0.00000000
      770     0.01322765     0.00000000
      771     0.01086818     0.00000000
      772     0.00775979     0.00000000
      773     0.00403895     0.00000000
      774     0.00000000     0.00000000
      775     0.00000000     0.00000000
      776     0.00000000     0.00000000
      777     0.00000000     0.00000000
      778     0.00000000     0.00000000
      779     0.00000000     0.00000000
      780     0.00000000     0.00000000
      781     0.00000000     0.00000000
      782     0.00000000     0.00000000
      783     0.00000000     0.00000000
      784     0.00000000     0.00000000
      785     0.00000000     0.00000000
      786     0.00000000     0.00000000
      787     0.00000000     0.00000000
      788     0.00000000     0.00000000
      789     0.00000000     0.00000000
      790     0.00000000     0.00000000
      791     0.00000000     0.00000000
      792     0.00189053     0.00000000
      793     0.00420330     0.00000000
      794     0.00621578     0.00000000
      795     0.00786865     0.00000000
      796     0.00911661     0.00000000
      797     0.00992887     0.00000000
      798     0.01029826     0.00000000
      799     0.01023199     0.00000000
      800     0.00975945     0.00000000
      801     0.01189571     0.00000000
      802     0.01063970     0.00000000
      803     0.00905200     0.00000000
      804     0.00723794     0.00000000
      805     0.00531269     0.00000000
      806     0.00339342     0.00000000
      807     0.00159030     0.00000000
      808     0.00000000     0.00000000
      809     0.00000000     0.00000000
      810     0.00000000     0.00000000
      811     0.00000000     0.00000000
      812     0.00000000     0.00000000
      813     0.00000000     0.00000000
      814     0.00000000     0.00000000
      815     0.00000000     0.00000000
      816     0.00000000     0.00000000
      817     0.00000000     0.00000000
      818     0.00000000     0.00000000
      819     0.00033131     0.00000000
      820     0.00073200     0.00000000
      821     0.00097426     0.00000000
      822     0.00087279     0.00000000
      823     0.00050410     0.00000000
      824     0.00000000     0.00000000
      825     0.00000000     0.00000000
      826     0.00000000     0.00000000
      827     0.00000000     0.00000000
      828     0.00000000     0.00000000
      829     0.00000000     0.00000000
      830     0.00000000     0.00000000
      831     0.00000000     0.00000000
      832     0.00000000     0.00000000
      833     0.00000000     0.00000000
      834     0.00000000     0.00000000
      835     0.00000000     0.00000000
      836     0.00000000     0.00000000
      837     0.00000000     0.00000000
      838     0.00000000     0.00000000
      839     0.00106650     0.00000000
      840     0.00303289     0.00000000
      841     0.00519486     0.00000000
      842     0.00710164     0.00000000
      843     0.00878173     0.00000000
      844     0.01013917     0.00000000
      845     0.01108667     0.00000000
      846     0.01155083     0.00000000
      847     0.01147783     0.00000000
      848     0.01083943     0.00000000
      849     0.00963814     0.00000000
      850     0.00791104     0.00000000
      851     0.00573098     0.00000000
      852     0.00320434     0.00000000
      853     0.00046491     0.00000000
      854     0.00000000     0.00000000
      855     0.00000000     0.00000000
      856     0.00000000     0.00000000
      857     0.00000000     0.00000000
      858     0.00000000     0.00000000
      859     0.00000000     0.00000000
      860     0.00000000     0.00000000
      861     0.00000000     0.00000000
      862     0.00000000     0.00000000
      863     0.00000000     0.00000000
      864     0.00000000     0.00000000
      865     0.00000000     0.00000000
      866     0.00000000     0.00000000
      867     0.00000000     0.00000000
      868     0.00000000     0.00000000
      869     0.00174317     0.00000000
      870     0.00362141     0.00000000
      871     0.00532381     0.00000000
      872     0.00677801     0.00000000
      873     0.00792589     0.00000000
      874     0.00871603     0.00000000
      875     0.00911334     0.00000000
      876     0.00909989     0.00000000
      877     0.00867763     0.00000000
      878     0.00786964     0.00000000
      879     0.00672045     0.00000000
      880     0.00529404     0.00000000
      881     0.00317880     0.00000000
      882     0.00165707     0.00000000
      883     0.00014189     0.00000000
      884     0.00000000     0.00000000
      885     0.00000000     0.00000000
      886     0.00000000     0.00000000
      887     0.00000000     0.00000000
      888     0.00000000     0.00000000
      889     0.00000000     0.00000000
      890     0.00000000     0.00000000
      891     0.00000000     0.00000000
      892     0.00000000     0.00000000
      893     0.00000000     0.00000000
      894     0.00000000     0.00000000
      895     0.00000000     0.00000000
      896     0.00000000     0.00000000
      897     0.00000000     0.00000000
      898     0.00000000     0.00000000
      899     0.00044003     0.00000000
      900     0.00081263     0.00000000
      901     0.00107848     0.00000000
      902     0.00115557     0.00000000
      903     0.00108961     0.00000000
      904     0.00090500     0.00000000
      905     0.00063547     0.00000000
      906     0.00032145     0.00000000
      907     0.00000684     0.00000000
      908     0.00000000     0.00000000
      909     0.00000000     0.00000000
      910     0.00000000     0.00000000
      911     0.00000000     0.00000000
      912     0.00000000     0.00000000
      913     0.00013506     0.00000000
      914     0.00064302     0.00000000
      915     0.00126203     0.00000000
      916     0.00195517     0.00000000
      917     0.00267665     0.00000000
      918     0.00337424     0.00000000
      919     0.00399219     0.00000000
      920     0.00447457     0.00000000
      921     0.00416135     0.00000000
      922     0.00425546     0.00000000
      923     0.00410435     0.00000000
      924     0.00368485     0.00000000
      925     0.00299005     0.00000000
      926     0.00203161     0.00000000
      927     0.00084046     0.00000000
      928     0.00000000     0.00000000
      929     0.00000000     0.00000000
      930     0.00000000     0.00000000
      931     0.00000000     0.00000000
      932     0.00000000     0.00000000
      933     0.00000000     0.00000000
      934     0.00000000     0.00000000
      935     0.00000000     0.00000000
      936     0.00000000     0.00000000
      937     0.00000000     0.00000000
      938     0.00000000     0.00000000
      939     0.00000000     0.00000000
      940     0.00000000     0.00000000
      941     0.00000000     0.00000000
      942     0.00000000     0.00000000
      943     0.00000000     0.00000000
      944     0.00189094     0.00000000
      945     0.00411648     0.00000000
      946     0.00631596     0.00000000
      947     0.00841354     0.00000000
      948     0.01033269     0.00000000
      949     0.01199778     0.00000000
      950     0.01333607     0.00000000
      951     0.01428037     0.00000000
      952     0.01477244     0.00000000
      953     0.01476680     0.00000000
      954     0.01423542     0.00000000
      955     0.01317288     0.00000000
      956     0.01159655     0.00000000
      957     0.00955601     0.00000000
      958     0.00712608     0.00000000
      959     0.00440815     0.00000000
      960     0.00152352     0.00000000
      961     0.00000000     0.00000000
      962     0.00000000     0.00000000
      963     0.00000000     0.00000000
      964     0.00000000     0.00000000
      965     0.00000000     0.00000000
      966     0.00000000     0.00000000
      967     0.00000000     0.00000000
      968     0.00000000     0.00000000
      969     0.00000000     0.00000000
      970     0.00000000     0.00000000
      971     0.00000000     0.00000000
      972     0.00000000     0.00000000
      973     0.00000000     0.00000000
      974     0.00000000     0.00000000
      975     0.00000000     0.00000000
      976     0.00000000     0.00000000
      977     0.00000000     0.00000000
      978     0.00000000     0.00000000
      979     0.00025319     0.00000000
      980     0.00130386     0.00000000
      981     0.00308739     0.00000000
      982     0.00405213     0.00000000
      983     0.00469587     0.00000000
      984     0.00501806     0.00000000
      985     0.00503462     0.00000000
      986     0.00477740     0.00000000
      987     0.00429299     0.00000000
      988     0.00364024     0.00000000
      989     0.00288658     0.00000000
      990     0.00210365     0.00000000
      991     0.00136214     0.00000000
      992     0.00072690     0.00000000
      993     0.00025244     0.00000000
      994     0.00000000     0.00000000
      995     0.00000000     0.00000000
      996     0.00011601     0.00000000
      997     0.00052169     0.00000000
      998     0.00112142     0.00000000
      999     0.00187359     0.00000000
     1000     0.00272466     0.00000000
