#     Density Matrix: coherence Re-Im; see the manual for detail orders
        0     0.00000000     0.00000000
        1     0.00000026    -0.00000000
        2     0.00000104    -0.00000003
        3     0.00000233    -0.00000009
        4     0.00000414    -0.00000022
        5     0.00000647    -0.00000044
        6     0.00000930    -0.00000076
        7     0.00001263    -0.00000120
        8     0.00001647    -0.00000179
        9     0.00002079    -0.00000254
       10     0.00002561    -0.00000348
       11     0.00003090    -0.00000462
       12     0.00003666    -0.00000599
       13     0.00004288    -0.00000760
       14     0.00004955    -0.00000947
       15     0.00005666    -0.00001162
       16     0.00006419    -0.00001407
       17     0.00007215    -0.00001683
       18     0.00008051    -0.00001992
       19     0.00008926    -0.00002336
       20     0.00009838    -0.00002716
       21     0.00010787    -0.00003133
       22     0.00011770    -0.00003590
       23     0.00012787    -0.00004087
       24     0.00013835    -0.00004625
       25     0.00014913    -0.00005207
       26     0.00016019    -0.00005833
       27     0.00017152    -0.00006503
       28     0.00018309    -0.00007220
       29     0.00019489    -0.00007984
       30     0.00020690    -0.00008796
       31     0.00021910    -0.00009657
       32     0.00023148    -0.00010567
       33     0.00024401    -0.00011528
       34     0.00025667    -0.00012539
       35     0.00026944    -0.00013601
       36     0.00028231    -0.00014714
       37     0.00029526    -0.00015879
       38     0.00030826    -0.00017097
       39     0.00032129    -0.00018366
       40     0.00033434    -0.00019687
       41     0.00034739    -0.00021061
       42     0.00036041    -0.00022487
       43     0.00037339    -0.00023965
       44     0.00038630    -0.00025494
       45     0.00039913    -0.00027075
       46     0.00041186    -0.00028706
       47     0.00042447    -0.00030388
       48     0.00043694    -0.00032120
       49     0.00044925    -0.00033900
       50     0.00046139    -0.00035730
       51     0.00047334    -0.00037606
       52     0.00048507    -0.00039530
       53     0.00049658    -0.00041499
       54     0.00050784    -0.00043514
       55     0.00051885    -0.00045572
       56     0.00052958    -0.00047673
       57     0.00054003    -0.00049815
       58     0.00055017    -0.00051997
       59     0.00056000    -0.00054219
       60     0.00056949    -0.00056478
       61     0.00057865    -0.00058773
       62     0.00058745    -0.00061103
       63     0.00059588    -0.00063466
       64     0.00060394    -0.00065861
       65     0.00061162    -0.00068287
       66     0.00061890    -0.00070740
       67     0.00062578    -0.00073221
       68     0.00063225    -0.00075727
       69     0.00063831    -0.00078257
       70     0.00064394    -0.00080808
       71     0.00064914    -0.00083380
       72     0.00065391    -0.00085970
       73     0.00065825    -0.00088576
       74     0.00066214    -0.00091198
       75     0.00066559    -0.00093832
       76     0.00066860    -0.00096477
       77     0.00067117    -0.00099133
       78     0.00067329    -0.00101795
       79     0.00067496    -0.00104464
       80     0.00067620    -0.00107136
       81     0.00067699    -0.00109811
       82     0.00067735    -0.00112487
       83     0.00067728    -0.00115161
       84     0.00067678    -0.00117832
       85     0.00067585    -0.00120499
       86     0.00067451    -0.00123159
       87     0.00067276    -0.00125812
       88     0.00067061    -0.00128454
       89     0.00066806    -0.00131086
       90     0.00066513    -0.00133705
       91     0.00066182    -0.00136310
       92     0.00065814    -0.00138900
       93     0.00065411    -0.00141472
       94     0.00064973    -0.00144026
       95     0.00064502    -0.00146560
       96     0.00063999    -0.00149073
       97     0.00063465    -0.00151564
       98     0.00062902    -0.00154031
       99     0.00062311    -0.00156474
      100     0.00061693    -0.00158892
      101     0.00061050    -0.00161283
      102     0.00060383    -0.00163646
      103     0.00059695    -0.00165981
      104     0.00058986    -0.00168287
      105     0.00058258    -0.00170563
      106     0.00057512    -0.00172809
      107     0.00056752    -0.00175023
      108     0.00055977    -0.00177206
      109     0.00055191    -0.00179357
      110     0.00054394    -0.00181475
      111     0.00053588    -0.00183560
      112     0.00052776    -0.00185612
      113     0.00051958    -0.00187631
      114     0.00051137    -0.00189616
      115     0.00050315    -0.00191568
      116     0.00049494    -0.00193487
      117     0.00048674    -0.00195372
      118     0.00047859    -0.00197224
      119     0.00047049    -0.00199043
      120     0.00046247    -0.00200829
      121     0.00045454    -0.00202583
      122     0.00044672    -0.00204305
      123     0.00043903    -0.00205996
      124     0.00043149    -0.00207655
      125     0.00042411    -0.00209285
      126     0.00041691    -0.00210886
      127     0.00040990    -0.00212457
      128     0.00040311    -0.00214001
      129     0.00039655    -0.00215518
      130     0.00039023    -0.00217009
      131     0.00038418    -0.00218474
      132     0.00037839    -0.00219916
      133     0.00037290    -0.00221335
      134     0.00036771    -0.00222732
      135     0.00036285    -0.00224108
      136     0.00035831    -0.00225466
      137     0.00035411    -0.00226805
      138     0.00035028    -0.00228128
      139     0.00034681    -0.00229435
      140     0.00034372    -0.00230729
      141     0.00034103    -0.00232010
      142     0.00033874    -0.00233280
      143     0.00033686    -0.00234541
      144     0.00033540    -0.00235795
      145     0.00033438    -0.00237042
      146     0.00033380    -0.00238284
      147     0.00033366    -0.00239524
      148     0.00033398    -0.00240762
      149     0.00033476    -0.00242001
      150     0.00033601    -0.00243243
      151     0.00033773    -0.00244488
      152     0.00033994    -0.00245738
      153     0.00034263    -0.00246996
      154     0.00034580    -0.00248263
      155     0.00034947    -0.00249541
      156     0.00035364    -0.00250832
      157     0.00035830    -0.00252137
      158     0.00036346    -0.00253459
      159     0.00036912    -0.00254798
      160     0.00037528    -0.00256157
      161     0.00038195    -0.00257538
      162     0.00038911    -0.00258942
      163     0.00039678    -0.00260370
      164     0.00040495    -0.00261826
      165     0.00041361    -0.00263310
      166     0.00042277    -0.00264824
      167     0.00043243    -0.00266370
      168     0.00044257    -0.00267949
      169     0.00045320    -0.00269564
      170     0.00046432    -0.00271215
      171     0.00047591    -0.00272905
      172     0.00048797    -0.00274634
      173     0.00050050    -0.00276405
      174     0.00051349    -0.00278219
      175     0.00052694    -0.00280077
      176     0.00054084    -0.00281981
      177     0.00055518    -0.00283933
      178     0.00056996    -0.00285933
      179     0.00058517    -0.00287983
      180     0.00060080    -0.00290085
      181     0.00061684    -0.00292239
      182     0.00063329    -0.00294447
      183     0.00065014    -0.00296710
      184     0.00066737    -0.00299029
      185     0.00068499    -0.00301406
      186     0.00070297    -0.00303842
      187     0.00072132    -0.00306337
      188     0.00074002    -0.00308892
      189     0.00075907    -0.00311509
      190     0.00077845    -0.00314189
      191     0.00079816    -0.00316932
      192     0.00081818    -0.00319739
      193     0.00083851    -0.00322611
      194     0.00085914    -0.00325549
      195     0.00088006    -0.00328553
      196     0.00090125    -0.00331625
      197     0.00092272    -0.00334765
      198     0.00094444    -0.00337973
      199     0.00096642    -0.00341250
      200     0.00098863    -0.00344597
      201     0.00101108    -0.00348014
      202     0.00103376    -0.00351501
      203     0.00105664    -0.00355060
      204     0.00107974    -0.00358690
      205     0.00110303    -0.00362392
      206     0.00112651    -0.00366165
      207     0.00115018    -0.00370011
      208     0.00117402    -0.00373930
      209     0.00119802    -0.00377922
      210     0.00122219    -0.00381986
      211     0.00124651    -0.00386124
      212     0.00127097    -0.00390335
      213     0.00129558    -0.00394620
      214     0.00132032    -0.00398978
      215     0.00134518    -0.00403410
      216     0.00137017    -0.00407915
      217     0.00139528    -0.00412494
      218     0.00142050    -0.00417147
      219     0.00144583    -0.00421873
      220     0.00147127    -0.00426673
      221     0.00149680    -0.00431546
      222     0.00152244    -0.00436493
      223     0.00154817    -0.00441513
      224     0.00157399    -0.00446607
      225     0.00159991    -0.00451773
      226     0.00162592    -0.00457013
      227     0.00165201    -0.00462325
      228     0.00167820    -0.00467710
      229     0.00170447    -0.00473168
      230     0.00173084    -0.00478698
      231     0.00175730    -0.00484301
      232     0.00178384    -0.00489975
      233     0.00181049    -0.00495722
      234     0.00183722    -0.00501541
      235     0.00186406    -0.00507431
      236     0.00189100    -0.00513393
      237     0.00191805    -0.00519426
      238     0.00194521    -0.00525531
      239     0.00197248    -0.00531707
      240     0.00199988    -0.00537954
      241     0.00202740    -0.00544272
      242     0.00205506    -0.00550661
      243     0.00208285    -0.00557121
      244     0.00211080    -0.00563652
      245     0.00213890    -0.00570254
      246     0.00216717    -0.00576926
      247     0.00219560    -0.00583669
      248     0.00222423    -0.00590484
      249     0.00225304    -0.00597369
      250     0.00228206    -0.00604325
      251     0.00231129    -0.00611353
      252     0.00234075    -0.00618452
      253     0.00237044    -0.00625622
      254     0.00240039    -0.00632864
      255     0.00243060    -0.00640177
      256     0.00246109    -0.00647563
      257     0.00249187    -0.00655021
      258     0.00252295    -0.00662552
      259     0.00255436    -0.00670157
      260     0.00258610    -0.00677834
      261     0.00261819    -0.00685586
      262     0.00265066    -0.00693412
      263     0.00268351    -0.00701313
      264     0.00271676    -0.00709289
      265     0.00275044    -0.00717341
      266     0.00278456    -0.00725470
      267     0.00281914    -0.00733676
      268     0.00285419    -0.00741960
      269     0.00288975    -0.00750323
      270     0.00292583    -0.00758766
      271     0.00296245    -0.00767289
      272     0.00299963    -0.00775893
      273     0.00303740    -0.00784579
      274     0.00307578    -0.00793349
      275     0.00311478    -0.00802203
      276     0.00315445    -0.00811142
      277     0.00319479    -0.00820167
      278     0.00323584    -0.00829280
      279     0.00327761    -0.00838481
      280     0.00332014    -0.00847773
      281     0.00336345    -0.00857156
      282     0.00340757    -0.00866632
      283     0.00345253    -0.00876201
      284     0.00349835    -0.00885866
      285     0.00354506    -0.00895629
      286     0.00359269    -0.00905490
      287     0.00364127    -0.00915451
      288     0.00369084    -0.00925514
      289     0.00374141    -0.00935681
      290     0.00379303    -0.00945953
      291     0.00384572    -0.00956332
      292     0.00389952    -0.00966821
      293     0.00395446    -0.00977420
      294     0.00401057    -0.00988133
      295     0.00406789    -0.00998960
      296     0.00412646    -0.01009905
      297     0.00418630    -0.01020969
      298     0.00424746    -0.01032155
      299     0.00430998    -0.01043465
      300     0.00437388    -0.01054900
      301     0.00443921    -0.01066464
      302     0.00450601    -0.01078160
      303     0.00457432    -0.01089988
      304     0.00464418    -0.01101953
      305     0.00471563    -0.01114056
      306     0.00478871    -0.01126300
      307     0.00486347    -0.01138688
      308     0.00493995    -0.01151223
      309     0.00501820    -0.01163907
      310     0.00509826    -0.01176744
      311     0.00518017    -0.01189737
      312     0.00526399    -0.01202887
      313     0.00534977    -0.01216199
      314     0.00543756    -0.01229676
      315     0.00552740    -0.01243320
      316     0.00561934    -0.01257136
      317     0.00571345    -0.01271125
      318     0.00580978    -0.01285292
      319     0.00590837    -0.01299641
      320     0.00600930    -0.01314174
      321     0.00611261    -0.01328895
      322     0.00621837    -0.01343807
      323     0.00632663    -0.01358915
      324     0.00643746    -0.01374222
      325     0.00655092    -0.01389732
      326     0.00666708    -0.01405449
      327     0.00678600    -0.01421377
      328     0.00690775    -0.01437519
      329     0.00703241    -0.01453880
      330     0.00716003    -0.01470463
      331     0.00729070    -0.01487274
      332     0.00742450    -0.01504316
      333     0.00756148    -0.01521594
      334     0.00770175    -0.01539111
      335     0.00784537    -0.01556873
      336     0.00799243    -0.01574884
      337     0.00814301    -0.01593149
      338     0.00829720    -0.01611672
      339     0.00845510    -0.01630458
      340     0.00861678    -0.01649512
      341     0.00878235    -0.01668838
      342     0.00895190    -0.01688442
      343     0.00912553    -0.01708329
      344     0.00930335    -0.01728503
      345     0.00948545    -0.01748971
      346     0.00967194    -0.01769737
      347     0.00986294    -0.01790806
      348     0.01005855    -0.01812185
      349     0.01025890    -0.01833878
      350     0.01046410    -0.01855891
      351     0.01067427    -0.01878230
      352     0.01088954    -0.01900900
      353     0.01111004    -0.01923908
      354     0.01133591    -0.01947260
      355     0.01156728    -0.01970961
      356     0.01180428    -0.01995017
      357     0.01204708    -0.02019435
      358     0.01229581    -0.02044221
      359     0.01255063    -0.02069381
      360     0.01281169    -0.02094922
      361     0.01307917    -0.02120850
      362     0.01335322    -0.02147172
      363     0.01363402    -0.02173896
      364     0.01392175    -0.02201026
      365     0.01421659    -0.02228572
      366     0.01451873    -0.02256539
      367     0.01482835    -0.02284935
      368     0.01514567    -0.02313767
      369     0.01547089    -0.02343043
      370     0.01580421    -0.02372769
      371     0.01614586    -0.02402954
      372     0.01649606    -0.02433605
      373     0.01685505    -0.02464731
      374     0.01722306    -0.02496338
      375     0.01760034    -0.02528435
      376     0.01798715    -0.02561031
      377     0.01838374    -0.02594133
      378     0.01879039    -0.02627750
      379     0.01920738    -0.02661890
      380     0.01963499    -0.02696562
      381     0.02007352    -0.02731775
      382     0.02052328    -0.02767537
      383     0.02098458    -0.02803859
      384     0.02145776    -0.02840748
      385     0.02194315    -0.02878214
      386     0.02244109    -0.02916266
      387     0.02295194    -0.02954915
      388     0.02347609    -0.02994169
      389     0.02401390    -0.03034038
      390     0.02456579    -0.03074534
      391     0.02513214    -0.03115664
      392     0.02571340    -0.03157440
      393     0.02630999    -0.03199873
      394     0.02692237    -0.03242972
      395     0.02755100    -0.03286748
      396     0.02819637    -0.03331212
      397     0.02885898    -0.03376376
      398     0.02953933    -0.03422249
      399     0.03023797    -0.03468844
      400     0.03095545    -0.03516172
      401     0.03169233    -0.03564244
      402     0.03244921    -0.03613072
      403     0.03322670    -0.03662668
      404     0.03402544    -0.03713043
      405     0.03484606    -0.03764211
      406     0.03568926    -0.03816184
      407     0.03655574    -0.03868973
      408     0.03744622    -0.03922593
      409     0.03836145    -0.03977054
      410     0.03930222    -0.04032371
      411     0.04026932    -0.04088557
      412     0.04126361    -0.04145625
      413     0.04228593    -0.04203588
      414     0.04333720    -0.04262460
      415     0.04441834    -0.04322256
      416     0.04553031    -0.04382988
      417     0.04667413    -0.04444671
      418     0.04785081    -0.04507320
      419     0.04906145    -0.04570948
      420     0.05030714    -0.04635571
      421     0.05158906    -0.04701203
      422     0.05290840    -0.04767860
      423     0.05426641    -0.04835556
      424     0.05566437    -0.04904307
      425     0.05710362    -0.04974128
      426     0.05858556    -0.05045036
      427     0.06011163    -0.05117045
      428     0.06168333    -0.05190172
      429     0.06330220    -0.05264432
      430     0.06496987    -0.05339843
      431     0.06668800    -0.05416421
      432     0.06845834    -0.05494182
      433     0.07028269    -0.05573143
      434     0.07216291    -0.05653320
      435     0.07410095    -0.05734732
      436     0.07609883    -0.05817396
      437     0.07815864    -0.05901327
      438     0.08028255    -0.05986545
      439     0.08247281    -0.06073067
      440     0.08473176    -0.06160910
      441     0.08706181    -0.06250093
      442     0.08946548    -0.06340634
      443     0.09194537    -0.06432550
      444     0.09450417    -0.06525860
      445     0.09714468    -0.06620582
      446     0.09986978    -0.06716735
      447     0.10268246    -0.06814338
      448     0.10558581    -0.06913409
      449     0.10858302    -0.07013967
      450     0.11167738    -0.07116031
      451     0.11487228    -0.07219619
      452     0.11817122    -0.07324752
      453     0.12157779    -0.07431447
      454     0.12509570    -0.07539724
      455     0.12872871    -0.07649603
      456     0.13248071    -0.07761102
      457     0.13635566    -0.07874240
      458     0.14035757    -0.07989038
      459     0.14449055    -0.08105514
      460     0.14875874    -0.08223687
      461     0.15316631    -0.08343577
      462     0.15771747    -0.08465203
      463     0.16241639    -0.08588585
      464     0.16726724    -0.08713740
      465     0.17227410    -0.08840689
      466     0.17744098    -0.08969450
      467     0.18277171    -0.09100042
      468     0.18826997    -0.09232485
      469     0.19393918    -0.09366795
      470     0.19978244    -0.09502993
      471     0.20580249    -0.09641097
      472     0.21200159    -0.09781124
      473     0.21838147    -0.09923093
      474     0.22494320    -0.10067021
      475     0.23168708    -0.10212925
      476     0.23861252    -0.10360824
      477     0.24571793    -0.10510734
      478     0.25300052    -0.10662672
      479     0.26045622    -0.10816653
      480     0.26807945    -0.10972695
      481     0.27586298    -0.11130812
      482     0.28379775    -0.11291021
      483     0.29187273    -0.11453335
      484     0.30007468    -0.11617768
      485     0.30838809    -0.11784336
      486     0.31679494    -0.11953051
      487     0.32527468    -0.12123925
      488     0.33380408    -0.12296972
      489     0.34235724    -0.12472203
      490     0.35090561    -0.12649628
      491     0.35941807    -0.12829259
      492     0.36786107    -0.13011104
      493     0.37619891    -0.13195172
      494     0.38439407    -0.13381472
      495     0.39240758    -0.13570011
      496     0.40019957    -0.13760796
      497     0.40772986    -0.13953831
      498     0.41495857    -0.14149122
      499     0.42184681    -0.14346672
      500     0.42835747    -0.14546484
      501     0.43445587    -0.14748559
      502     0.44011047    -0.14952899
      503     0.44529352    -0.15159501
      504     0.44998159    -0.15368366
      505     0.45415601    -0.15579490
      506     0.45780315    -0.15792868
      507     0.46091463    -0.16008495
      508     0.46348728    -0.16226364
      509     0.46552307    -0.16446467
      510     0.46702880    -0.16668795
      511     0.46801575    -0.16893335
      512     0.46849924    -0.17120076
      513     0.46849804    -0.17349003
      514     0.46803385    -0.17580100
      515     0.46713064    -0.17813349
      516     0.46581415    -0.18048731
      517     0.46411123    -0.18286225
      518     0.46204939    -0.18525808
      519     0.45965626    -0.18767454
      520     0.45695924    -0.19011138
      521     0.45398508    -0.19256830
      522     0.45070210    -0.19504587
      523     0.44711746    -0.19754434
      524     0.44331032    -0.20006326
      525     0.43930565    -0.20260226
      526     0.43512663    -0.20516094
      527     0.43079464    -0.20773890
      528     0.42632922    -0.21033567
      529     0.42174812    -0.21295080
      530     0.41706734    -0.21558377
      531     0.41230119    -0.21823407
      532     0.40746240    -0.22090113
      533     0.40256221    -0.22358438
      534     0.39761045    -0.22628318
      535     0.39261567    -0.22899690
      536     0.38758523    -0.23172484
      537     0.38252540    -0.23446631
      538     0.37744146    -0.23722054
      539     0.37233782    -0.23998676
      540     0.36721804    -0.24276415
      541     0.36208500    -0.24555186
      542     0.35694089    -0.24834899
      543     0.35178736    -0.25115462
      544     0.34662552    -0.25396777
      545     0.34145605    -0.25678744
      546     0.33627920    -0.25961258
      547     0.33109491    -0.26244210
      548     0.32590278    -0.26527488
      549     0.32070216    -0.26810974
      550     0.31549217    -0.27094545
      551     0.31027173    -0.27378077
      552     0.30503959    -0.27661438
      553     0.29979437    -0.27944493
      554     0.29453454    -0.28227103
      555     0.28925852    -0.28509122
      556     0.28396462    -0.28790402
      557     0.27865108    -0.29070789
      558     0.27331612    -0.29350123
      559     0.26795791    -0.29628241
      560     0.26257460    -0.29904973
      561     0.25716433    -0.30180145
      562     0.25172525    -0.30453579
      563     0.24625549    -0.30725089
      564     0.24075323    -0.30994487
      565     0.23521665    -0.31261577
      566     0.22964397    -0.31526159
      567     0.22403343    -0.31788028
      568     0.21838333    -0.32046974
      569     0.21269201    -0.32302780
      570     0.20695784    -0.32555224
      571     0.20117928    -0.32804080
      572     0.19535482    -0.33049116
      573     0.18948303    -0.33290094
      574     0.18356252    -0.33526771
      575     0.17759200    -0.33758898
      576     0.17157024    -0.33986223
      577     0.16549607    -0.34208487
      578     0.15936842    -0.34425424
      579     0.15318629    -0.34636766
      580     0.14694876    -0.34842239
      581     0.14065502    -0.35041563
      582     0.13430432    -0.35234453
      583     0.12789601    -0.35420620
      584     0.12142954    -0.35599771
      585     0.11490447    -0.35771605
      586     0.10832043    -0.35935819
      587     0.10167717    -0.36092106
      588     0.09497454    -0.36240154
      589     0.08821252    -0.36379646
      590     0.08139116    -0.36510262
      591     0.07451066    -0.36631677
      592     0.06757131    -0.36743564
      593     0.06057354    -0.36845593
      594     0.05351787    -0.36937428
      595     0.04640499    -0.37018732
      596     0.03923566    -0.37089166
      597     0.03201082    -0.37148388
      598     0.02473152    -0.37196052
      599     0.01739893    -0.37231813
      600     0.01001437    -0.37255323
      601     0.00257931    -0.37266233
      602    -0.00490465    -0.37264193
      603    -0.01243577    -0.37248853
      604    -0.02001217    -0.37219863
      605    -0.02763179    -0.37176872
      606    -0.03529245    -0.37119531
      607    -0.04299180    -0.37047492
      608    -0.05072735    -0.36960408
      609    -0.05849643    -0.36857935
      610    -0.06629624    -0.36739732
      611    -0.07412379    -0.36605458
      612    -0.08197594    -0.36454779
      613    -0.08984938    -0.36287364
      614    -0.09774065    -0.36102886
      615    -0.10564610    -0.35901025
      616    -0.11356193    -0.35681465
      617    -0.12148415    -0.35443898
      618    -0.12940862    -0.35188022
      619    -0.13733101    -0.34913544
      620    -0.14524684    -0.34620179
      621    -0.15315143    -0.34307650
      622    -0.16103994    -0.33975691
      623    -0.16890738    -0.33624049
      624    -0.17674854    -0.33252477
      625    -0.18455809    -0.32860746
      626    -0.19233049    -0.32448635
      627    -0.20006005    -0.32015939
      628    -0.20774092    -0.31562468
      629    -0.21536705    -0.31088047
      630    -0.22293227    -0.30592516
      631    -0.23043022    -0.30075733
      632    -0.23785438    -0.29537574
      633    -0.24519810    -0.28977934
      634    -0.25245454    -0.28396725
      635    -0.25961675    -0.27793883
      636    -0.26667762    -0.27169363
      637    -0.27362989    -0.26523143
      638    -0.28046618    -0.25855225
      639    -0.28717898    -0.25165633
      640    -0.29376065    -0.24454418
      641    -0.30020344    -0.23721656
      642    -0.30649949    -0.22967448
      643    -0.31264084    -0.22191926
      644    -0.31861944    -0.21395247
      645    -0.32442713    -0.20577599
      646    -0.33005571    -0.19739200
      647    -0.33549688    -0.18880299
      648    -0.34074230    -0.18001177
      649    -0.34578359    -0.17102146
      650    -0.35061230    -0.16183555
      651    -0.35521999    -0.15245782
      652    -0.35959820    -0.14289244
      653    -0.36373845    -0.13314392
      654    -0.36763230    -0.12321714
      655    -0.37127130    -0.11311732
      656    -0.37464708    -0.10285010
      657    -0.37775130    -0.09242146
      658    -0.38057570    -0.08183778
      659    -0.38311209    -0.07110584
      660    -0.38535239    -0.06023279
      661    -0.38728865    -0.04922620
      662    -0.38891304    -0.03809402
      663    -0.39021789    -0.02684462
      664    -0.39119570    -0.01548676
      665    -0.39183914    -0.00402960
      666    -0.39214113     0.00751727
      667    -0.39209477     0.01914389
      668    -0.39169343     0.03083986
      669    -0.39093076     0.04259442
      670    -0.38980068     0.05439637
      671    -0.38829741     0.06623415
      672    -0.38641552     0.07809579
      673    -0.38414992     0.08996895
      674    -0.38149589     0.10184091
      675    -0.37844911     0.11369857
      676    -0.37500565     0.12552848
      677    -0.37116207     0.13731685
      678    -0.36691532     0.14904953
      679    -0.36226289     0.16071206
      680    -0.35720273     0.17228965
      681    -0.35173334     0.18376722
      682    -0.34585376     0.19512942
      683    -0.33953413     0.20635222
      684    -0.33278119     0.21741086
      685    -0.32563217     0.22828982
      686    -0.31809009     0.23897391
      687    -0.31015855     0.24944786
      688    -0.30184177     0.25969636
      689    -0.29314458     0.26970409
      690    -0.28407243     0.27945573
      691    -0.27463140     0.28893598
      692    -0.26482822     0.29812962
      693    -0.25467028     0.30702150
      694    -0.24416558     0.31559657
      695    -0.23332282     0.32383993
      696    -0.22215134     0.33173684
      697    -0.21066115     0.33927275
      698    -0.19886291     0.34643333
      699    -0.18676797     0.35320452
      700    -0.17438832     0.35957251
      701    -0.16173661     0.36552384
      702    -0.14882617     0.37104537
      703    -0.13567095     0.37612434
      704    -0.12228556     0.38074839
      705    -0.10868525     0.38490561
      706    -0.09488589     0.38858455
      707    -0.08090396     0.39177428
      708    -0.06675656     0.39446437
      709    -0.05246135     0.39664500
      710    -0.03803659     0.39830689
      711    -0.02350108     0.39944145
      712    -0.00887416     0.40004070
      713     0.00582432     0.40009738
      714     0.02057400     0.39960493
      715     0.03535408     0.39855757
      716     0.05014329     0.39695026
      717     0.06491996     0.39477880
      718     0.07966203     0.39203981
      719     0.09434707     0.38873078
      720     0.10895234     0.38485008
      721     0.12345482     0.38039701
      722     0.13783120     0.37537178
      723     0.15205800     0.36977559
      724     0.16611151     0.36361059
      725     0.17996793     0.35687996
      726     0.19360332     0.34958788
      727     0.20699371     0.34173956
      728     0.22011510     0.33334128
      729     0.23294356     0.32440036
      730     0.24545520     0.31492521
      731     0.25762628     0.30492533
      732     0.26943324     0.29441128
      733     0.28085274     0.28339474
      734     0.29186173     0.27188849
      735     0.30243748     0.25990639
      736     0.31255766     0.24746342
      737     0.32220034     0.23457563
      738     0.33134414     0.22126018
      739     0.33996816     0.20753528
      740     0.34805214     0.19342023
      741     0.35557647     0.17893536
      742     0.36252224     0.16410205
      743     0.36887129     0.14894267
      744     0.37460631     0.13348060
      745     0.37971082     0.11774018
      746     0.38416930     0.10174668
      747     0.38796720     0.08552628
      748     0.39109098     0.06910601
      749     0.39352819     0.05251375
      750     0.39526753     0.03577817
      751     0.39629886     0.01892868
      752     0.39661326     0.00199540
      753     0.39620309    -0.01499090
      754     0.39506205    -0.03199887
      755     0.39318515    -0.04899657
      756     0.39056885    -0.06595162
      757     0.38721101    -0.08283118
      758     0.38311097    -0.09960204
      759     0.37826959    -0.11623071
      760     0.37268924    -0.13268345
      761     0.36637387    -0.14892638
      762     0.35932901    -0.16492549
      763     0.35156179    -0.18064678
      764     0.34308098    -0.19605629
      765     0.33389697    -0.21112022
      766     0.32402180    -0.22580497
      767     0.31346919    -0.24007723
      768     0.30225448    -0.25390407
      769     0.29039470    -0.26725304
      770     0.27790851    -0.28009221
      771     0.26481622    -0.29239030
      772     0.25113976    -0.30411674
      773     0.23690267    -0.31524175
      774     0.22213010    -0.32573648
      775     0.20684871    -0.33557299
      776     0.19108674    -0.34472447
      777     0.17487387    -0.35316519
      778     0.15824127    -0.36087071
      779     0.14122148    -0.36781785
      780     0.12384840    -0.37398485
      781     0.10615723    -0.37935143
      782     0.08818440    -0.38389884
      783     0.06996751    -0.38760998
      784     0.05154525    -0.39046944
      785     0.03295734    -0.39246358
      786     0.01424446    -0.39358060
      787    -0.00455187    -0.39381061
      788    -0.02338934    -0.39314569
      789    -0.04222497    -0.39157992
      790    -0.06101517    -0.38910949
      791    -0.07971589    -0.38573267
      792    -0.09828267    -0.38144995
      793    -0.11667078    -0.37626398
      794    -0.13483533    -0.37017968
      795    -0.15273135    -0.36320422
      796    -0.17031395    -0.35534710
      797    -0.18753840    -0.34662009
      798    -0.20436029    -0.33703729
      799    -0.22073559    -0.32661516
      800    -0.23662084    -0.31537244
      801    -0.25197324    -0.30333023
      802    -0.26675079    -0.29051190
      803    -0.28091238    -0.27694314
      804    -0.29441798    -0.26265186
      805    -0.30722870    -0.24766821
      806    -0.31930698    -0.23202452
      807    -0.33061664    -0.21575524
      808    -0.34112307    -0.19889689
      809    -0.35079333    -0.18148801
      810    -0.35959626    -0.16356908
      811    -0.36750260    -0.14518242
      812    -0.37448511    -0.12637215
      813    -0.38051867    -0.10718405
      814    -0.38558040    -0.08766550
      815    -0.38964976    -0.06786534
      816    -0.39270865    -0.04783380
      817    -0.39474146    -0.02762234
      818    -0.39573525    -0.00728354
      819    -0.39567973     0.01312903
      820    -0.39456739     0.03356094
      821    -0.39239356     0.05395704
      822    -0.38915647     0.07426165
      823    -0.38485729     0.09441864
      824    -0.37950019     0.11437165
      825    -0.37309238     0.13406421
      826    -0.36564411     0.15343994
      827    -0.35716873     0.17244268
      828    -0.34768268     0.19101667
      829    -0.33720546     0.20910675
      830    -0.32575970     0.22665851
      831    -0.31337107     0.24361844
      832    -0.30006826     0.25993417
      833    -0.28588298     0.27555458
      834    -0.27084989     0.29043002
      835    -0.25500654     0.30451246
      836    -0.23839329     0.31775568
      837    -0.22105324     0.33011541
      838    -0.20303215     0.34154952
      839    -0.18437834     0.35201821
      840    -0.16514255     0.36148408
      841    -0.14537786     0.36991241
      842    -0.12513953     0.37727118
      843    -0.10448487     0.38353130
      844    -0.08347309     0.38866674
      845    -0.06216515     0.39265459
      846    -0.04062359     0.39547526
      847    -0.01891233     0.39711254
      848     0.00290347     0.39755375
      849     0.02475764     0.39678977
      850     0.04658318     0.39481518
      851     0.06831245     0.39162830
      852     0.08987741     0.38723126
      853     0.11120983     0.38163004
      854     0.13224147     0.37483452
      855     0.15290438     0.36685852
      856     0.17313104     0.35771975
      857     0.19285466     0.34743988
      858     0.21200937     0.33604449
      859     0.23053048     0.32356301
      860     0.24835469     0.31002876
      861     0.26542034     0.29547881
      862     0.28166761     0.27995395
      863     0.29703881     0.26349860
      864     0.31147852     0.24616070
      865     0.32493389     0.22799161
      866     0.33735480     0.20904596
      867     0.34869410     0.18938155
      868     0.35890782     0.16905915
      869     0.36795531     0.14814234
      870     0.37579950     0.12669736
      871     0.38240702     0.10479288
      872     0.38774842     0.08249981
      873     0.39179825     0.05989108
      874     0.39453529     0.03704142
      875     0.39594262     0.01402708
      876     0.39600776    -0.00907434
      877     0.39472277    -0.03218423
      878     0.39208434    -0.05522320
      879     0.38809385    -0.07811133
      880     0.38275746    -0.10076849
      881     0.37608611    -0.12311462
      882     0.36809557    -0.14506999
      883     0.35880643    -0.16655551
      884     0.34824409    -0.18749304
      885     0.33643876    -0.20780568
      886     0.32342536    -0.22741803
      887     0.30924348    -0.24625655
      888     0.29393729    -0.26424980
      889     0.27755544    -0.28132876
      890     0.26015093    -0.29742711
      891     0.24178098    -0.31248149
      892     0.22250683    -0.32643182
      893     0.20239361    -0.33922151
      894     0.18151014    -0.35079775
      895     0.15992866    -0.36111176
      896     0.13772467    -0.37011900
      897     0.11497664    -0.37777940
      898     0.09176577    -0.38405758
      899     0.06817569    -0.38892301
      900     0.04429220    -0.39235024
      901     0.02020294    -0.39431900
      902    -0.00400290    -0.39481436
      903    -0.02823494    -0.39382689
      904    -0.05240191    -0.39135271
      905    -0.07641202    -0.38739357
      906    -0.10017330    -0.38195696
      907    -0.12359394    -0.37505612
      908    -0.14658271    -0.36671003
      909    -0.16904926    -0.35694344
      910    -0.19090450    -0.34578684
      911    -0.21206103    -0.33327636
      912    -0.23243340    -0.31945374
      913    -0.25193857    -0.30436623
      914    -0.27049622    -0.28806641
      915    -0.28802911    -0.27061210
      916    -0.30446342    -0.25206615
      917    -0.31972910    -0.23249628
      918    -0.33376019    -0.21197481
      919    -0.34649515    -0.19057846
      920    -0.35787711    -0.16838807
      921    -0.36785421    -0.14548833
      922    -0.37637984    -0.12196745
      923    -0.38341289    -0.09791685
      924    -0.38891798    -0.07343085
      925    -0.39286568    -0.04860626
      926    -0.39523268    -0.02354203
      927    -0.39600198     0.00166112
      928    -0.39516300     0.02690113
      929    -0.39271169     0.05207499
      930    -0.38865066     0.07707918
      931    -0.38298918     0.10181007
      932    -0.37574328     0.12616440
      933    -0.36693569     0.15003966
      934    -0.35659586     0.17333460
      935    -0.34475988     0.19594961
      936    -0.33147040     0.21778721
      937    -0.31677654     0.23875246
      938    -0.30073370     0.25875339
      939    -0.28340343     0.27770146
      940    -0.26485323     0.29551194
      941    -0.24515628     0.31210433
      942    -0.22439121     0.32740276
      943    -0.20264182     0.34133634
      944    -0.17999674     0.35383955
      945    -0.15654913     0.36485256
      946    -0.13239628     0.37432156
      947    -0.10763924     0.38219905
      948    -0.08238244     0.38844412
      949    -0.05673321     0.39302268
      950    -0.03080137     0.39590771
      951    -0.00469877     0.39707940
      952     0.02146121     0.39652537
      953     0.04756413     0.39424075
      954     0.07349501     0.39022829
      955     0.09913883     0.38449843
      956     0.12438103     0.37706932
      957     0.14910805     0.36796682
      958     0.17320788     0.35722444
      959     0.19657051     0.34488329
      960     0.21908852     0.33099193
      961     0.24065755     0.31560625
      962     0.26117682     0.29878928
      963     0.28054963     0.28061096
      964     0.29868383     0.26114788
      965     0.31549231     0.24048300
      966     0.33089340     0.21870533
      967     0.34481136     0.19590957
      968     0.35717674     0.17219570
      969     0.36792678     0.14766863
      970     0.37700576     0.12243768
      971     0.38436532     0.09661617
      972     0.38996478     0.07032086
      973     0.39377135     0.04367152
      974     0.39576039     0.01679033
      975     0.39591562    -0.01019865
      976     0.39422922    -0.03717008
      977     0.39070198    -0.06399787
      978     0.38534336    -0.09055580
      979     0.37817153    -0.11671814
      980     0.36921335    -0.14236021
      981     0.35850432    -0.16735902
      982     0.34608851    -0.19159388
      983     0.33201837    -0.21494695
      984     0.31635461    -0.23730389
      985     0.29916594    -0.25855441
      986     0.28052883    -0.27859285
      987     0.26052719    -0.29731874
      988     0.23925201    -0.31463732
      989     0.21680103    -0.33046003
      990     0.19327827    -0.34470504
      991     0.16879360    -0.35729771
      992     0.14346224    -0.36817096
      993     0.11740424    -0.37726571
      994     0.09074393    -0.38453124
      995     0.06360934    -0.38992548
      996     0.03613161    -0.39341533
      997     0.00844433    -0.39497686
      998    -0.01931707    -0.39459552
      999    -0.04701597    -0.39226633
     1000    -0.07451528    -0.38799390
     1001    -0.10167811    -0.38179257
     1002    -0.12836840    -0.37368636
     1003    -0.15445171    -0.36370895
     1004    -0.17979582    -0.35190359
     1005    -0.20427146    -0.33832297
     1006    -0.22775301    -0.32302899
     1007    -0.25011911    -0.30609257
     1008    -0.27125336    -0.28759332
     1009    -0.29104493    -0.26761922
     1010    -0.30938916    -0.24626624
     1011    -0.32618819    -0.22363792
     1012    -0.34135146    -0.19984487
     1013    -0.35479626    -0.17500428
     1014    -0.36644825    -0.14923937
     1015    -0.37624183    -0.12267878
     1016    -0.38412062    -0.09545598
     1017    -0.39003779    -0.06770855
     1018    -0.39395639    -0.03957760
     1019    -0.39584961    -0.01120695
     1020    -0.39570100     0.01725752
     1021    -0.39350464     0.04566864
     1022    -0.38926523     0.07387874
     1023    -0.38299819     0.10174036
     1024    -0.37472961     0.12910710
     1025    -0.36449624     0.15583436
     1026    -0.35234533     0.18178009
     1027    -0.33833449     0.20680565
     1028    -0.32253145     0.23077646
     1029    -0.30501378     0.25356284
     1030    -0.28586855     0.27504068
     1031    -0.26519191     0.29509217
     1032    -0.24308870     0.31360646
     1033    -0.21967189     0.33048032
     1034    -0.19506207     0.34561874
     1035    -0.16938684     0.35893552
     1036    -0.14278018     0.37035378
     1037    -0.11538178     0.37980642
     1038    -0.08733629     0.38723662
     1039    -0.05879263     0.39259816
     1040    -0.02990314     0.39585578
     1041    -0.00082286     0.39698544
     1042     0.02829140     0.39597452
     1043     0.05728181     0.39282200
     1044     0.08599042     0.38753852
     1045     0.11426005     0.38014641
     1046     0.14193510     0.37067966
     1047     0.16886248     0.35918381
     1048     0.19489243     0.34571576
     1049     0.21987938     0.33034357
     1050     0.24368280     0.31314613
     1051     0.26616802     0.29421280
     1052     0.28720697     0.27364301
     1053     0.30667901     0.25154575
     1054     0.32447161     0.22803902
     1055     0.34048103     0.20324926
     1056     0.35461301     0.17731069
     1057     0.36678329     0.15036458
     1058     0.37691821     0.12255855
     1059     0.38495518     0.09404575
     1060     0.39084311     0.06498401
     1061     0.39454276     0.03553505
     1062     0.39602705     0.00586352
     1063     0.39528132    -0.02386388
     1064     0.39230344    -0.05347935
     1065     0.38710396    -0.08281493
     1066     0.37970611    -0.11170347
     1067     0.37014575    -0.13997957
     1068     0.35847124    -0.16748055
     1069     0.34474326    -0.19404742
     1070     0.32903454    -0.21952579
     1071     0.31142949    -0.24376681
     1072     0.29202383    -0.26662803
     1073     0.27092409    -0.28797433
     1074     0.24824706    -0.30767869
     1075     0.22411916    -0.32562299
     1076     0.19867581    -0.34169878
     1077     0.17206068    -0.35580795
     1078     0.14442489    -0.36786336
     1079     0.11592616    -0.37778947
     1080     0.08672799    -0.38552276
     1081     0.05699868    -0.39101229
     1082     0.02691040    -0.39422000
     1083    -0.00336182    -0.39512102
     1084    -0.03364109    -0.39370395
     1085    -0.06374969    -0.38997095
     1086    -0.09351011    -0.38393784
     1087    -0.12274614    -0.37563411
     1088    -0.15128389    -0.36510279
     1089    -0.17895282    -0.35240029
     1090    -0.20558683    -0.33759615
     1091    -0.23102524    -0.32077273
     1092    -0.25511380    -0.30202474
     1093    -0.27770564    -0.28145879
     1094    -0.29866218    -0.25919281
     1095    -0.31785407    -0.23535541
     1096    -0.33516195    -0.21008518
     1097    -0.35047729    -0.18352989
     1098    -0.36370307    -0.15584569
     1099    -0.37475445    -0.12719617
     1100    -0.38355934    -0.09775146
     1101    -0.39005896    -0.06768719
     1102    -0.39420822    -0.03718350
     1103    -0.39597610    -0.00642396
     1104    -0.39534591     0.02440558
     1105    -0.39231549     0.05511802
     1106    -0.38689731     0.08552624
     1107    -0.37911847     0.11544417
     1108    -0.36902060     0.14468798
     1109    -0.35665971     0.17307723
     1110    -0.34210595     0.20043595
     1111    -0.32544320     0.22659381
     1112    -0.30676867     0.25138716
     1113    -0.28619239     0.27466010
     1114    -0.26383654     0.29626549
     1115    -0.23983485     0.31606592
     1116    -0.21433174     0.33393457
     1117    -0.18748154     0.34975613
     1118    -0.15944759     0.36342754
     1119    -0.13040121     0.37485870
     1120    -0.10052076     0.38397313
     1121    -0.06999048     0.39070850
     1122    -0.03899941     0.39501712
     1123    -0.00774025     0.39686631
     1124     0.02359190     0.39623867
     1125     0.05480069     0.39313231
     1126     0.08568977     0.38756094
     1127     0.11606407     0.37955384
     1128     0.14573098     0.36915577
     1129     0.17450164     0.35642681
     1130     0.20219210     0.34144199
     1131     0.22862457     0.32429098
     1132     0.25362858     0.30507750
     1133     0.27704206     0.28391882
     1134     0.29871247     0.26094504
     1135     0.31849781     0.23629834
     1136     0.33626756     0.21013212
     1137     0.35190364     0.18261009
     1138     0.36530116     0.15390526
     1139     0.37636922     0.12419889
     1140     0.38503155     0.09367936
     1141     0.39122708     0.06254098
     1142     0.39491039     0.03098279
     1143     0.39605214    -0.00079272
     1144     0.39463931    -0.03258092
     1145     0.39067535    -0.06417631
     1146     0.38418027    -0.09537392
     1147     0.37519062    -0.12597057
     1148     0.36375927    -0.15576626
     1149     0.34995520    -0.18456547
     1150     0.33386312    -0.21217847
     1151     0.31558299    -0.23842258
     1152     0.29522945    -0.26312340
     1153     0.27293112    -0.28611604
     1154     0.24882985    -0.30724618
     1155     0.22307987    -0.32637121
     1156     0.19584676    -0.34336117
     1157     0.16730650    -0.35809973
     1158     0.13764432    -0.37048497
     1159     0.10705350    -0.38043017
     1160     0.07573417    -0.38786444
     1161     0.04389199    -0.39273327
     1162     0.01173680    -0.39499898
     1163    -0.02051871    -0.39464105
     1164    -0.05266047    -0.39165634
     1165    -0.08447439    -0.38605920
     1166    -0.11574784    -0.37788147
     1167    -0.14627105    -0.36717231
     1168    -0.17583855    -0.35399801
     1169    -0.20425054    -0.33844160
     1170    -0.23131429    -0.32060237
     1171    -0.25684548    -0.30059528
     1172    -0.28066945    -0.27855028
     1173    -0.30262243    -0.25461148
     1174    -0.32255273    -0.22893625
     1175    -0.34032180    -0.20169424
     1176    -0.35580521    -0.17306625
     1177    -0.36889363    -0.14324311
     1178    -0.37949356    -0.11242436
     1179    -0.38752810    -0.08081700
     1180    -0.39293754    -0.04863408
     1181    -0.39567982    -0.01609326
     1182    -0.39573094     0.01658460
     1183    -0.39308518     0.04917699
     1184    -0.38775525     0.08146123
     1185    -0.37977224     0.11321604
     1186    -0.36918555     0.14422299
     1187    -0.35606260     0.17426812
     1188    -0.34048846     0.20314333
     1189    -0.32256534     0.23064790
     1190    -0.30241197     0.25658991
     1191    -0.28016283     0.28078757
     1192    -0.25596733     0.30307056
     1193    -0.22998883     0.32328126
     1194    -0.20240354     0.34127586
     1195    -0.17339939     0.35692548
     1196    -0.14317476     0.37011708
     1197    -0.11193716     0.38075436
     1198    -0.07990179     0.38875848
     1199    -0.04729012     0.39406870
     1200    -0.01432831     0.39664288
     1201     0.01875427     0.39645787
     1202     0.05172672     0.39350972
     1203     0.08435817     0.38781385
     1204     0.11641942     0.37940497
     1205     0.14768454     0.36833697
     1206     0.17793252     0.35468258
     1207     0.20694879     0.33853296
     1208     0.23452680     0.31999714
     1209     0.26046952     0.29920135
     1210     0.28459086     0.27628812
     1211     0.30671703     0.25141545
     1212     0.32668783     0.22475567
     1213     0.34435787     0.19649431
     1214     0.35959764     0.16682885
     1215     0.37229449     0.13596733
     1216     0.38235354     0.10412695
     1217     0.38969843     0.07153255
     1218     0.39427189     0.03841499
     1219     0.39603629     0.00500961
     1220     0.39497398    -0.02844552
     1221     0.39108749    -0.06171125
     1222     0.38439957    -0.09454906
     1223     0.37495318    -0.12672282
     1224     0.36281118    -0.15800043
     1225     0.34805606    -0.18815558
     1226     0.33078931    -0.21696935
     1227     0.31113086    -0.24423187
     1228     0.28921826    -0.26974382
     1229     0.26520574    -0.29331797
     1230     0.23926316    -0.31478055
     1231     0.21157487    -0.33397258
     1232     0.18233842    -0.35075108
     1233     0.15176316    -0.36499017
     1234     0.12006877    -0.37658208
     1235     0.08748372    -0.38543797
     1236     0.05424361    -0.39148870
     1237     0.02058952    -0.39468536
     1238    -0.01323379    -0.39499975
     1239    -0.04697961    -0.39242467
     1240    -0.08040110    -0.38697403
     1241    -0.11325309    -0.37868284
     1242    -0.14529390    -0.36760705
     1243    -0.17628712    -0.35382322
     1244    -0.20600339    -0.33742801
     1245    -0.23422207    -0.31853759
     1246    -0.26073298    -0.29728682
     1247    -0.28533792    -0.27382835
     1248    -0.30785221    -0.24833156
     1249    -0.32810612    -0.22098134
     1250    -0.34594617    -0.19197684
     1251    -0.36123636    -0.16152999
     1252    -0.37385918    -0.12986400
     1253    -0.38371665    -0.09721175
     1254    -0.39073103    -0.06381409
     1255    -0.39484555    -0.02991805
     1256    -0.39602486     0.00422492
     1257    -0.39425543     0.03836089
     1258    -0.38954566     0.07223527
     1259    -0.38192598     0.10559474
     1260    -0.37144864     0.13818916
     1261    -0.35818745     0.16977343
     1262    -0.34223727     0.20010939
     1263    -0.32371339     0.22896761
     1264    -0.30275075     0.25612913
     1265    -0.27950296     0.28138718
     1266    -0.25414127     0.30454877
     1267    -0.22685328     0.32543622
     1268    -0.19784164     0.34388849
     1269    -0.16732253     0.35976256
     1270    -0.13552409     0.37293449
     1271    -0.10268473     0.38330047
     1272    -0.06905138     0.39077767
     1273    -0.03487761     0.39530497
     1274    -0.00042176     0.39684345
     1275     0.03405503     0.39537683
     1276     0.06829078     0.39091162
     1277     0.10202469     0.38347718
     1278     0.13499911     0.37312559
     1279     0.16696151     0.35993129
     1280     0.19766649     0.34399064
     1281     0.22687761     0.32542122
     1282     0.25436926     0.30436104
     1283     0.27992846     0.28096751
     1284     0.30335648     0.25541634
     1285     0.32447048     0.22790024
     1286     0.34310491     0.19862750
     1287     0.35911291     0.16782041
     1288     0.37236744     0.13571366
     1289     0.38276237     0.10255250
     1290     0.39021339     0.06859093
     1291     0.39465867     0.03408976
     1292     0.39605949    -0.00068540
     1293     0.39440055    -0.03546617
     1294     0.38969024    -0.06998348
     1295     0.38196060    -0.10396963
     1296     0.37126716    -0.13716041
     1297     0.35768861    -0.16929714
     1298     0.34132627    -0.20012871
     1299     0.32230332    -0.22941357
     1300     0.30076400    -0.25692163
     1301     0.27687247    -0.28243609
     1302     0.25081165    -0.30575520
     1303     0.22278183    -0.32669389
     1304     0.19299917    -0.34508523
     1305     0.16169405    -0.36078185
     1306     0.12910932    -0.37365712
     1307     0.09549841    -0.38360624
     1308     0.06112342    -0.39054713
     1309     0.02625305    -0.39442113
     1310    -0.00883950    -0.39519355
     1311    -0.04387862    -0.39285402
     1312    -0.07858851    -0.38741668
     1313    -0.11269530    -0.37892009
     1314    -0.14592929    -0.36742704
     1315    -0.17802703    -0.35302413
     1316    -0.20873344    -0.33582115
     1317    -0.23780390    -0.31595030
     1318    -0.26500615    -0.29356519
     1319    -0.29012225    -0.26883972
     1320    -0.31295029    -0.24196674
     1321    -0.33330608    -0.21315656
     1322    -0.35102465    -0.18263539
     1323    -0.36596167    -0.15064352
     1324    -0.37799461    -0.11743352
     1325    -0.38702379    -0.08326818
     1326    -0.39297329    -0.04841852
     1327    -0.39579159    -0.01316161
     1328    -0.39545207     0.02222162
     1329    -0.39195331     0.05744860
     1330    -0.38531915     0.09223742
     1331    -0.37559861     0.12630904
     1332    -0.36286555     0.15938959
     1333    -0.34721816     0.19121253
     1334    -0.32877824     0.22152086
     1335    -0.30769029     0.25006921
     1336    -0.28412044     0.27662581
     1337    -0.25825514     0.30097447
     1338    -0.23029972     0.32291630
     1339    -0.20047683     0.34227141
     1340    -0.16902463     0.35888039
     1341    -0.13619498     0.37260570
     1342    -0.10225136     0.38333280
     1343    -0.06746686     0.39097120
     1344    -0.03212192     0.39545519
     1345     0.00349790     0.39674453
     1346     0.03910418     0.39482477
     1347     0.07440805     0.38970752
     1348     0.10912249     0.38143037
     1349     0.14296468     0.37005667
     1350     0.17565833     0.35567513
     1351     0.20693592     0.33839911
     1352     0.23654096     0.31836580
     1353     0.26423004     0.29573517
     1354     0.28977494     0.27068871
     1355     0.31296449     0.24342802
     1356     0.33360634     0.21417320
     1357     0.35152862     0.18316112
     1358     0.36658139     0.15064352
     1359     0.37863792     0.11688495
     1360     0.38759583     0.08216070
     1361     0.39337796     0.04675451
     1362     0.39593309     0.01095628
     1363     0.39523644    -0.02494028
     1364     0.39128993    -0.06064009
     1365     0.38412225    -0.09584913
     1366     0.37378871    -0.13027683
     1367     0.36037082    -0.16363850
     1368     0.34397570    -0.19565774
     1369     0.32473529    -0.22606866
     1370     0.30280529    -0.25461818
     1371     0.27836394    -0.28106814
     1372     0.25161064    -0.30519730
     1373     0.22276429    -0.32680324
     1374     0.19206158    -0.34570407
     1375     0.15975504    -0.36174002
     1376     0.12611099    -0.37477478
     1377     0.09140737    -0.38469677
     1378     0.05593145    -0.39142005
     1379     0.01997744    -0.39488516
     1380    -0.01615589    -0.39505967
     1381    -0.05216775    -0.39193851
     1382    -0.08775781    -0.38554409
     1383    -0.12262870    -0.37592619
     1384    -0.15648854    -0.36316159
     1385    -0.18905333    -0.34735354
     1386    -0.22004943    -0.32863090
     1387    -0.24921581    -0.30714719
     1388    -0.27630632    -0.28307932
     1389    -0.30109177    -0.25662619
     1390    -0.32336187    -0.22800705
     1391    -0.34292711    -0.19745974
     1392    -0.35962035    -0.16523871
     1393    -0.37329829    -0.13161293
     1394    -0.38384277    -0.09686366
     1395    -0.39116177    -0.06128210
     1396    -0.39519032    -0.02516699
     1397    -0.39589104     0.01117792
     1398    -0.39325457     0.04744643
     1399    -0.38729973     0.08333244
     1400    -0.37807336     0.11853257
     1401    -0.36565007     0.15274869
     1402    -0.35013162     0.18569052
     1403    -0.33164616     0.21707806
     1404    -0.31034718     0.24664400
     1405    -0.28641226     0.27413602
     1406    -0.26004167     0.29931895
     1407    -0.23145665     0.32197687
     1408    -0.20089764     0.34191489
     1409    -0.16862225     0.35896095
     1410    -0.13490312     0.37296729
     1411    -0.10002559     0.38381176
     1412    -0.06428539     0.39139895
     1413    -0.02798602     0.39566105
     1414     0.00856370     0.39655848
     1415     0.04505236     0.39408030
     1416     0.08116853     0.38824439
     1417     0.11660349     0.37909731
     1418     0.15105383     0.36671405
     1419     0.18422410     0.35119735
     1420     0.21582932     0.33267695
     1421     0.24559745     0.31130854
     1422     0.27327179     0.28727244
     1423     0.29861318     0.26077214
     1424     0.32140211     0.23203257
     1425     0.34144064     0.20129828
     1426     0.35855414     0.16883129
     1427     0.37259288     0.13490895
     1428     0.38343332     0.09982154
     1429     0.39097929     0.06386983
     1430     0.39516281     0.02736246
     1431     0.39594480    -0.00938663
     1432     0.39331543    -0.04606099
     1433     0.38729432    -0.08234429
     1434     0.37793036    -0.11792313
     1435     0.36530141    -0.15248972
     1436     0.34951367    -0.18574457
     1437     0.33070081    -0.21739907
     1438     0.30902286    -0.24717805
     1439     0.28466491    -0.27482218
     1440     0.25783553    -0.30009021
     1441     0.22876502    -0.32276118
     1442     0.19770346    -0.34263632
     1443     0.16491855    -0.35954082
     1444     0.13069336    -0.37332544
     1445     0.09532387    -0.38386781
     1446     0.05911641    -0.39107359
     1447     0.02238508    -0.39487731
     1448    -0.01455107    -0.39524303
     1449    -0.05137072    -0.39216469
     1450    -0.08775314    -0.38566623
     1451    -0.12338094    -0.37580145
     1452    -0.15794290    -0.36265357
     1453    -0.19113665    -0.34633458
     1454    -0.22267137    -0.32698432
     1455    -0.25227032    -0.30476930
     1456    -0.27967331    -0.27988130
     1457    -0.30463900    -0.25253575
     1458    -0.32694708    -0.22296984
     1459    -0.34640017    -0.19144057
     1460    -0.36282566    -0.15822244
     1461    -0.37607725    -0.12360513
     1462    -0.38603628    -0.08789099
     1463    -0.39261279    -0.05139237
     1464    -0.39574645    -0.01442892
     1465    -0.39540705     0.02267519
     1466    -0.39159487     0.05959416
     1467    -0.38434072     0.09600339
     1468    -0.37370575     0.13158232
     1469    -0.35978092     0.16601734
     1470    -0.34268627     0.19900445
     1471    -0.32256994     0.23025208
     1472    -0.29960689     0.25948359
     1473    -0.27399738     0.28643977
     1474    -0.24596529     0.31088119
     1475    -0.21575616     0.33259029
     1476    -0.18363506     0.35137339
     1477    -0.14988428     0.36706243
     1478    -0.11480087     0.37951649
     1479    -0.07869401     0.38862309
     1480    -0.04188233     0.39429924
     1481    -0.00469108     0.39649222
     1482     0.03255075     0.39518009
     1483     0.06951331     0.39037197
     1484     0.10586885     0.38210795
     1485     0.14129462     0.37045886
     1486     0.17547573     0.35552562
     1487     0.20810798     0.33743844
     1488     0.23890057     0.31635570
     1489     0.26757871     0.29246258
     1490     0.29388611     0.26596945
     1491     0.31758725     0.23711006
     1492     0.33846956     0.20613947
     1493     0.35634530     0.17333183
     1494     0.37105332     0.13897795
     1495     0.38246049     0.10338277
     1496     0.39046298     0.06686261
     1497     0.39498720     0.02974238
     1498     0.39599052    -0.00764726
     1499     0.39346168    -0.04497293
     1500     0.38742096    -0.08190142
     1501     0.37792004    -0.11810273
     1502     0.36504156    -0.15325300
     1503     0.34889848    -0.18703743
     1504     0.32963306    -0.21915308
     1505     0.30741567    -0.24931165
     1506     0.28244325    -0.27724205
     1507     0.25493768    -0.30269285
     1508     0.22514371    -0.32543460
     1509     0.19332689    -0.34526189
     1510     0.15977117    -0.36199521
     1511     0.12477640    -0.37548267
     1512     0.08865562    -0.38560131
     1513     0.05173234    -0.39225833
     1514     0.01433756    -0.39539190
     1515    -0.02319314    -0.39497181
     1516    -0.06052261    -0.39099975
     1517    -0.09731521    -0.38350937
     1518    -0.13323978    -0.37256598
     1519    -0.16797265    -0.35826605
     1520    -0.20120058    -0.34073634
     1521    -0.23262357    -0.32013285
     1522    -0.26195761    -0.29663938
     1523    -0.28893725    -0.27046599
     1524    -0.31331801    -0.24184709
     1525    -0.33487862    -0.21103936
     1526    -0.35342306    -0.17831946
     1527    -0.36878236    -0.14398158
     1528    -0.38081615    -0.10833479
     1529    -0.38941396    -0.07170025
     1530    -0.39449629    -0.03440835
     1531    -0.39601533     0.00320429
     1532    -0.39395546     0.04079786
     1533    -0.38833342     0.07803240
     1534    -0.37919818     0.11457093
     1535    -0.36663059     0.15008243
     1536    -0.35074261     0.18424495
     1537    -0.33167640     0.21674845
     1538    -0.30960303     0.24729766
     1539    -0.28472097     0.27561478
     1540    -0.25725434     0.30144201
     1541    -0.22745088     0.32454394
     1542    -0.19557972     0.34470966
     1543    -0.16192900     0.36175477
     1544    -0.12680326     0.37552303
     1545    -0.09052067     0.38588783
     1546    -0.05341015     0.39275340
     1547    -0.01580842     0.39605569
     1548     0.02194304     0.39576297
     1549     0.05950117     0.39187621
     1550     0.09652437     0.38442905
     1551     0.13267566     0.37348756
     1552     0.16762571     0.35914966
     1553     0.20105592     0.34154429
     1554     0.23266125     0.32083022
     1555     0.26215308     0.29719466
     1556     0.28926183     0.27085161
     1557     0.31373944     0.24203988
     1558     0.33536168     0.21102097
     1559     0.35393018     0.17807671
     1560     0.36927429     0.14350669
     1561     0.38125267     0.10762555
     1562     0.38975461     0.07076012
     1563     0.39470105     0.03324644
     1564     0.39604537    -0.00457327
     1565     0.39377380    -0.04235379
     1566     0.38790564    -0.07975001
     1567     0.37849304    -0.11642010
     1568     0.36562063    -0.15202864
     1569     0.34940471    -0.18624971
     1570     0.32999227    -0.21876984
     1571     0.30755961    -0.24929095
     1572     0.28231082    -0.27753304
     1573     0.25447590    -0.30323683
     1574     0.22430864    -0.32616609
     1575     0.19208441    -0.34610986
     1576     0.15809755    -0.36288441
     1577     0.12265875    -0.37633494
     1578     0.08609220    -0.38633704
     1579     0.04873263    -0.39279780
     1580     0.01092222    -0.39565678
     1581    -0.02699248    -0.39488652
     1582    -0.06466379    -0.39049283
     1583    -0.10174605    -0.38251481
     1584    -0.13789881    -0.37102444
     1585    -0.17278997    -0.35612604
     1586    -0.20609882    -0.33795524
     1587    -0.23751901    -0.31667782
     1588    -0.26676138    -0.29248820
     1589    -0.29355662    -0.26560766
     1590    -0.31765776    -0.23628233
     1591    -0.33884249    -0.20478094
     1592    -0.35691518    -0.17139237
     1593    -0.37170872    -0.13642302
     1594    -0.38308610    -0.10019396
     1595    -0.39094166    -0.06303805
     1596    -0.39520208    -0.02529682
     1597    -0.39582711     0.01268266
     1598    -0.39280996     0.05055092
     1599    -0.38617735     0.08795938
     1600    -0.37598932     0.12456350
     1601    -0.36233869     0.16002602
     1602    -0.34535020     0.19402001
     1603    -0.32517945     0.22623196
     1604    -0.30201139     0.25636460
     1605    -0.27605871     0.28413972
     1606    -0.24755984     0.30930073
     1607    -0.21677683     0.33161501
     1608    -0.18399286     0.35087612
     1609    -0.14950973     0.36690568
     1610    -0.11364500     0.37955505
     1611    -0.07672912     0.38870673
     1612    -0.03910240     0.39427542
     1613    -0.00111180     0.39620891
     1614     0.03689219     0.39448847
     1615     0.07455885     0.38912914
     1616     0.11154041     0.38017955
     1617     0.14749534     0.36772150
     1618     0.18209144     0.35186923
     1619     0.21500894     0.33276839
     1620     0.24594349     0.31059468
     1621     0.27460895     0.28555227
     1622     0.30074004     0.25787188
     1623     0.32409482     0.22780873
     1624     0.34445696     0.19564012
     1625     0.36163769     0.16166292
     1626     0.37547763     0.12619081
     1627     0.38584824     0.08955139
     1628     0.39265300     0.05208317
     1629     0.39582837     0.01413241
     1630     0.39534438    -0.02395007
     1631     0.39120486    -0.06181211
     1632     0.38344751    -0.09910351
     1633     0.37214350    -0.13547925
     1634     0.35739685    -0.17060269
     1635     0.33934346    -0.20414869
     1636     0.31814988    -0.23580664
     1637     0.29401177    -0.26528332
     1638     0.26715211    -0.29230565
     1639     0.23781912    -0.31662319
     1640     0.20628399    -0.33801051
     1641     0.17283835    -0.35626925
     1642     0.13779159    -0.37122999
     1643     0.10146803    -0.38275383
     1644     0.06420383    -0.39073367
     1645     0.02634396    -0.39509521
     1646    -0.01176101    -0.39579767
     1647    -0.04975820    -0.39283417
     1648    -0.08729565    -0.38623178
     1649    -0.12402561    -0.37605132
     1650    -0.15960775    -0.36238676
     1651    -0.19371231    -0.34536438
     1652    -0.22602319    -0.32514160
     1653    -0.25624087    -0.30190553
     1654    -0.28408516    -0.27587124
     1655    -0.30929787    -0.24727977
     1656    -0.33164515    -0.21639589
     1657    -0.35091968    -0.18350567
     1658    -0.36694263    -0.14891380
     1659    -0.37956528    -0.11294080
     1660    -0.38867041    -0.07592001
     1661    -0.39417342    -0.03819454
     1662    -0.39602311    -0.00011405
     1663    -0.39420214     0.03796847
     1664    -0.38872720     0.07569997
     1665    -0.37964890     0.11273065
     1666    -0.36705123     0.14871716
     1667    -0.35105086     0.18332583
     1668    -0.33179599     0.21623574
     1669    -0.30946505     0.24714171
     1670    -0.28426498     0.27575713
     1671    -0.25642936     0.30181663
     1672    -0.22621619     0.32507852
     1673    -0.19390557     0.34532708
     1674    -0.15979703     0.36237449
     1675    -0.12420681     0.37606267
     1676    -0.08746486     0.38626465
     1677    -0.04991184     0.39288582
     1678    -0.01189593     0.39586478
     1679     0.02623041     0.39517390
     1680     0.06411369     0.39081961
     1681     0.10140268     0.38284229
     1682     0.13775169     0.37131595
     1683     0.17282373     0.35634749
     1684     0.20629368     0.33807575
     1685     0.23785130     0.31667019
     1686     0.26720409     0.29232933
     1687     0.29408003     0.26527889
     1688     0.31823005     0.23576971
     1689     0.33943042     0.20407542
     1690     0.35748475     0.17048988
     1691     0.37222585     0.13532449
     1692     0.38351726     0.09890524
     1693     0.39125453     0.06156973
     1694     0.39536615     0.02366403
     1695     0.39581426    -0.01446055
     1696     0.39259496    -0.05245072
     1697     0.38573834    -0.08995444
     1698     0.37530820    -0.12662426
     1699     0.36140148    -0.16212049
     1700     0.34414731    -0.19611436
     1701     0.32370584    -0.22829109
     1702     0.30026674    -0.25835275
     1703     0.27404741    -0.28602109
     1704     0.24529099    -0.31104008
     1705     0.21426410    -0.33317826
     1706     0.18125434    -0.35223093
     1707     0.14656763    -0.36802198
     1708     0.11052537    -0.38040557
     1709     0.07346147    -0.38926746
     1710     0.03571921    -0.39452603
     1711    -0.00235189    -0.39613306
     1712    -0.04039935    -0.39407417
     1713    -0.07807099    -0.38836890
     1714    -0.11501817    -0.37907058
     1715    -0.15089905    -0.36626578
     1716    -0.18538173    -0.35007351
     1717    -0.21814734    -0.33064412
     1718    -0.24889298    -0.30815787
     1719    -0.27733452    -0.28282328
     1720    -0.30320922    -0.25487517
     1721    -0.32627817    -0.22457248
     1722    -0.34632847    -0.19219587
     1723    -0.36317521    -0.15804511
     1724    -0.37666318    -0.12243628
     1725    -0.38666825    -0.08569887
     1726    -0.39309855    -0.04817271
     1727    -0.39589529    -0.01020483
     1728    -0.39503331     0.02785379
     1729    -0.39052125     0.06565141
     1730    -0.38240150     0.10283883
     1731    -0.37074978     0.13907260
     1732    -0.35567442     0.17401820
     1733    -0.33731535     0.20735311
     1734    -0.31584278     0.23876980
     1735    -0.29145564     0.26797859
     1736    -0.26437967     0.29471027
     1737    -0.23486539     0.31871860
     1738    -0.20318574     0.33978260
     1739    -0.16963353     0.35770851
     1740    -0.13451875     0.37233165
     1741    -0.09816570     0.38351786
     1742    -0.06090998     0.39116475
     1743    -0.02309537     0.39520263
     1744     0.01492933     0.39559512
     1745     0.05281351     0.39233947
     1746     0.09020801     0.38546658
     1747     0.12676834     0.37504070
     1748     0.16215782     0.36115877
     1749     0.19605074     0.34394957
     1750     0.22813530     0.32357247
     1751     0.25811651     0.30021595
     1752     0.28571889     0.27409588
     1753     0.31068897     0.24545344
     1754     0.33279767     0.21455295
     1755     0.35184234     0.18167939
     1756     0.36764862     0.14713577
     1757     0.38007207     0.11124032
     1758     0.38899941     0.07432354
     1759     0.39434959     0.03672518
     1760     0.39607451    -0.00120891
     1761     0.39415941    -0.03912998
     1762     0.38862302    -0.07668958
     1763     0.37951734    -0.11354275
     1764     0.36692714    -0.14935121
     1765     0.35096915    -0.18378645
     1766     0.33179100    -0.21653275
     1767     0.30956978    -0.24729009
     1768     0.28451045    -0.27577686
     1769     0.25684390    -0.30173246
     1770     0.22682481    -0.32491964
     1771     0.19472931    -0.34512671
     1772     0.16085242    -0.36216944
     1773     0.12550533    -0.37589271
     1774     0.08901250    -0.38617194
     1775     0.05170875    -0.39291419
     1776     0.01393609    -0.39605899
     1777    -0.02395936    -0.39557887
     1778    -0.06163057    -0.39147957
     1779    -0.09873278    -0.38380000
     1780    -0.13492664    -0.37261179
     1781    -0.16988136    -0.35801866
     1782    -0.20327765    -0.34015542
     1783    -0.23481073    -0.31918670
     1784    -0.26419303    -0.29530544
     1785    -0.29115684    -0.26873109
     1786    -0.31545673    -0.23970756
     1787    -0.33687179    -0.20850099
     1788    -0.35520761    -0.17539727
     1789    -0.37029803    -0.14069945
     1790    -0.38200664    -0.10472492
     1791    -0.39022800    -0.06780251
     1792    -0.39488858    -0.03026945
     1793    -0.39594738     0.00753167
     1794    -0.39339626     0.04525606
     1795    -0.38726005     0.08255988
     1796    -0.37759620     0.11910337
     1797    -0.36449429     0.15455396
     1798    -0.34807515     0.18858925
     1799    -0.32848974     0.22090000
     1800    -0.30591772     0.25119287
     1801    -0.28056584     0.27919314
     1802    -0.25266594     0.30464713
     1803    -0.22247289     0.32732455
     1804    -0.19026223     0.34702051
     1805    -0.15632759     0.36355738
     1806    -0.12097809     0.37678641
     1807    -0.08453541     0.38658899
     1808    -0.04733095     0.39287774
     1809    -0.00970273     0.39559726
     1810     0.02800764     0.39472458
     1811     0.06545808     0.39026934
     1812     0.10230917     0.38227369
     1813     0.13822717     0.37081183
     1814     0.17288710     0.35598933
     1815     0.20597564     0.33794211
     1816     0.23719398     0.31683521
     1817     0.26626048     0.29286123
     1818     0.29291324     0.26623854
     1819     0.31691241     0.23720932
     1820     0.33804238     0.20603729
     1821     0.35611364     0.17300534
     1822     0.37096452     0.13841290
     1823     0.38246259     0.10257326
     1824     0.39050582     0.06581067
     1825     0.39502349     0.02845745
     1826     0.39597673    -0.00914906
     1827     0.39335890    -0.04666954
     1828     0.38719557    -0.08376576
     1829     0.37754427    -0.12010362
     1830     0.36449388    -0.15535616
     1831     0.34816386    -0.18920652
     1832     0.32870309    -0.22135077
     1833     0.30628848    -0.25150060
     1834     0.28112336    -0.27938595
     1835     0.25343564    -0.30475739
     1836     0.22347565    -0.32738832
     1837     0.19151394    -0.34707701
     1838     0.15783876    -0.36364837
     1839     0.12275349    -0.37695548
     1840     0.08657386    -0.38688085
     1841     0.04962509    -0.39333751
     1842     0.01223901    -0.39626965
     1843    -0.02524899    -0.39565314
     1844    -0.06250293    -0.39149571
     1845    -0.09918927    -0.38383677
     1846    -0.13497992    -0.37274708
     1847    -0.16955513    -0.35832804
     1848    -0.20260634    -0.34071073
     1849    -0.23383898    -0.32005473
     1850    -0.26297504    -0.29654659
     1851    -0.28975553    -0.27039818
     1852    -0.31394281    -0.24184474
     1853    -0.33532262    -0.21114270
     1854    -0.35370601    -0.17856745
     1855    -0.36893097    -0.14441074
     1856    -0.38086385    -0.10897815
     1857    -0.38940046    -0.07258629
     1858    -0.39446702    -0.03555994
     1859    -0.39602073     0.00177077
     1860    -0.39405012     0.03907343
     1861    -0.38857509     0.07601620
     1862    -0.37964668     0.11227085
     1863    -0.36734661     0.14751562
     1864    -0.35178644     0.18143810
     1865    -0.33310657     0.21373798
     1866    -0.31147494     0.24412969
     1867    -0.28708550     0.27234496
     1868    -0.26015644     0.29813510
     1869    -0.23092819     0.32127323
     1870    -0.19966130     0.34155624
     1871    -0.16663406     0.35880656
     1872    -0.13214001     0.37287366
     1873    -0.09648534     0.38363537
     1874    -0.05998612     0.39099892
     1875    -0.02296550     0.39490168
     1876     0.01424912     0.39531167
     1877     0.05132905     0.39222783
     1878     0.08794720     0.38567991
     1879     0.12378094     0.37572822
     1880     0.15851496     0.36246299
     1881     0.19184403     0.34600357
     1882     0.22347571     0.32649729
     1883     0.25313283     0.30411813
     1884     0.28055599     0.27906514
     1885     0.30550574     0.25156064
     1886     0.32776470     0.22184822
     1887     0.34713943     0.19019056
     1888     0.36346203     0.15686710
     1889     0.37659167     0.12217153
     1890     0.38641566     0.08640920
     1891     0.39285050     0.04989443
     1892     0.39584248     0.01294772
     1893     0.39536812    -0.02410709
     1894     0.39143434    -0.06094562
     1895     0.38407832    -0.09724581
     1896     0.37336711    -0.13269076
     1897     0.35939702    -0.16697145
     1898     0.34229271    -0.19978948
     1899     0.32220601    -0.23085958
     1900     0.29931460    -0.25991218
     1901     0.27382038    -0.28669563
     1902     0.24594766    -0.31097844
     1903     0.21594116    -0.33255121
     1904     0.18406385    -0.35122843
     1905     0.15059461    -0.36685008
     1906     0.11582580    -0.37928291
     1907     0.08006064    -0.38842160
     1908     0.04361059    -0.39418959
     1909     0.00679262    -0.39653971
     1910    -0.03007356    -0.39545451
     1911    -0.06666828    -0.39094639
     1912    -0.10267469    -0.38305736
     1913    -0.13778149    -0.37185871
     1914    -0.17168561    -0.35745026
     1915    -0.20409484    -0.33995947
     1916    -0.23473033    -0.31954026
     1917    -0.26332896    -0.29637166
     1918    -0.28964560    -0.27065617
     1919    -0.31345520    -0.24261798
     1920    -0.33455465    -0.21250100
     1921    -0.35276453    -0.18056669
     1922    -0.36793059    -0.14709179
     1923    -0.37992502    -0.11236588
     1924    -0.38864753    -0.07668888
     1925    -0.39402609    -0.04036843
     1926    -0.39601757    -0.00371724
     1927    -0.39460797     0.03294962
     1928    -0.38981255     0.06931744
     1929    -0.38167558     0.10507455
     1930    -0.37026992     0.13991500
     1931    -0.35569634     0.17354118
     1932    -0.33808258     0.20566634
     1933    -0.31758221     0.23601704
     1934    -0.29437324     0.26433544
     1935    -0.26865657     0.29038148
     1936    -0.24065420     0.31393491
     1937    -0.21060728     0.33479711
     1938    -0.17877404     0.35279272
     1939    -0.14542752     0.36777114
     1940    -0.11085319     0.37960770
     1941    -0.07534656     0.38820470
     1942    -0.03921055     0.39349216
     1943    -0.00275298     0.39542838
     1944     0.03371615     0.39400020
     1945     0.06988722     0.38922305
     1946     0.10545365     0.38114078
     1947     0.14011451     0.36982520
     1948     0.17357704     0.35537540
     1949     0.20555913     0.33791686
     1950     0.23579168     0.31760032
     1951     0.26402081     0.29460044
     1952     0.29001006     0.26911428
     1953     0.31354225     0.24135957
     1954     0.33442133     0.21157280
     1955     0.35247398     0.18000724
     1956     0.36755099     0.14693067
     1957     0.37952849     0.11262319
     1958     0.38830891     0.07737475
     1959     0.39382176     0.04148272
     1960     0.39602413     0.00524936
     1961     0.39490102    -0.03102072
     1962     0.39046536    -0.06702315
     1963     0.38275784    -0.10245633
     1964     0.37184654    -0.13702399
     1965     0.35782624    -0.17043760
     1966     0.34081759    -0.20241883
     1967     0.32096600    -0.23270183
     1968     0.29844042    -0.26103542
     1969     0.27343181    -0.28718516
     1970     0.24615153    -0.31093525
     1971     0.21682949    -0.33209033
     1972     0.18571221    -0.35047699
     1973     0.15306072    -0.36594524
     1974     0.11914834    -0.37836961
     1975     0.08425835    -0.38765021
     1976     0.04868167    -0.39371345
     1977     0.01271435    -0.39651261
     1978    -0.02334484    -0.39602812
     1979    -0.05919695    -0.39226771
     1980    -0.09454529    -0.38526622
     1981    -0.12909791    -0.37508527
     1982    -0.16256998    -0.36181265
     1983    -0.19468615    -0.34556158
     1984    -0.22518281    -0.32646964
     1985    -0.25381020    -0.30469762
     1986    -0.28033446    -0.28042811
     1987    -0.30453952    -0.25386391
     1988    -0.32622884    -0.22522637
     1989    -0.34522693    -0.19475343
     1990    -0.36138080    -0.16269771
     1991    -0.37456112    -0.12932429
     1992    -0.38466322    -0.09490860
     1993    -0.39160790    -0.05973406
     1994    -0.39534200    -0.02408975
     1995    -0.39583875     0.01173196
     1996    -0.39309795     0.04743784
     1997    -0.38714585     0.08273618
     1998    -0.37803491     0.11733918
     1999    -0.36584328     0.15096530
     2000    -0.35067407     0.18334153
