#     Density Matrix: population Re; see the manual for detail orders
        0     0.00000000     1.00000000
        1     0.00000162     0.99999838
        2     0.00000367     0.99999633
        3     0.00000289     0.99999711
        4     0.00000069     0.99999931
        5     0.00000030     0.99999970
        6     0.00000171     0.99999829
        7     0.00000238     0.99999762
        8     0.00000147     0.99999853
        9     0.00000063     0.99999937
       10     0.00000084     0.99999916
       11     0.00000128     0.99999872
       12     0.00000129     0.99999871
       13     0.00000127     0.99999873
       14     0.00000134     0.99999866
       15     0.00000099     0.99999901
       16     0.00000058     0.99999942
       17     0.00000117     0.99999883
       18     0.00000230     0.99999770
       19     0.00000208     0.99999792
       20     0.00000054     0.99999946
       21     0.00000037     0.99999963
       22     0.00000260     0.99999740
       23     0.00000405     0.99999595
       24     0.00000223     0.99999777
       25     0.00000005     0.99999995
       26     0.00000167     0.99999833
       27     0.00000523     0.99999477
       28     0.00000518     0.99999482
       29     0.00000154     0.99999846
       30     0.00000049     0.99999951
       31     0.00000434     0.99999566
       32     0.00000721     0.99999279
       33     0.00000448     0.99999552
       34     0.00000063     0.99999937
       35     0.00000219     0.99999781
       36     0.00000689     0.99999311
       37     0.00000719     0.99999281
       38     0.00000262     0.99999738
       39     0.00000067     0.99999933
       40     0.00000465     0.99999535
       41     0.00000828     0.99999172
       42     0.00000579     0.99999421
       43     0.00000121     0.99999879
       44     0.00000193     0.99999807
       45     0.00000698     0.99999302
       46     0.00000859     0.99999141
       47     0.00000433     0.99999567
       48     0.00000082     0.99999918
       49     0.00000345     0.99999655
       50     0.00000826     0.99999174
       51     0.00000807     0.99999193
       52     0.00000323     0.99999677
       53     0.00000069     0.99999931
       54     0.00000369     0.99999631
       55     0.00000746     0.99999254
       56     0.00000656     0.99999344
       57     0.00000229     0.99999771
       58     0.00000020     0.99999980
       59     0.00000226     0.99999774
       60     0.00000489     0.99999511
       61     0.00000444     0.99999556
       62     0.00000170     0.99999830
       63     0.00000006     0.99999994
       64     0.00000084     0.99999916
       65     0.00000231     0.99999769
       66     0.00000251     0.99999749
       67     0.00000149     0.99999851
       68     0.00000066     0.99999934
       69     0.00000070     0.99999930
       70     0.00000112     0.99999888
       71     0.00000128     0.99999872
       72     0.00000124     0.99999876
       73     0.00000132     0.99999868
       74     0.00000140     0.99999860
       75     0.00000110     0.99999890
       76     0.00000061     0.99999939
       77     0.00000068     0.99999932
       78     0.00000161     0.99999839
       79     0.00000253     0.99999747
       80     0.00000224     0.99999776
       81     0.00000084     0.99999916
       82     0.00000007     0.99999993
       83     0.00000134     0.99999866
       84     0.00000377     0.99999623
       85     0.00000472     0.99999528
       86     0.00000294     0.99999706
       87     0.00000049     0.99999951
       88     0.00000078     0.99999922
       89     0.00000433     0.99999567
       90     0.00000764     0.99999236
       91     0.00000698     0.99999302
       92     0.00000313     0.99999687
       93     0.00000094     0.99999906
       94     0.00000372     0.99999628
       95     0.00000896     0.99999104
       96     0.00001088     0.99998912
       97     0.00000730     0.99999270
       98     0.00000262     0.99999738
       99     0.00000284     0.99999716
      100     0.00000831     0.99999169
      101     0.00001286     0.99998714
      102     0.00001114     0.99998886
      103     0.00000524     0.99999476
      104     0.00000237     0.99999763
      105     0.00000601     0.99999399
      106     0.00001152     0.99998848
      107     0.00001186     0.99998814
      108     0.00000646     0.99999354
      109     0.00000177     0.99999823
      110     0.00000298     0.99999702
      111     0.00000760     0.99999240
      112     0.00000907     0.99999093
      113     0.00000530     0.99999470
      114     0.00000099     0.99999901
      115     0.00000111     0.99999889
      116     0.00000457     0.99999543
      117     0.00000617     0.99999383
      118     0.00000367     0.99999633
      119     0.00000047     0.99999953
      120     0.00000059     0.99999941
      121     0.00000325     0.99999675
      122     0.00000434     0.99999566
      123     0.00000235     0.99999765
      124     0.00000019     0.99999981
      125     0.00000070     0.99999930
      126     0.00000270     0.99999730
      127     0.00000306     0.99999694
      128     0.00000136     0.99999864
      129     0.00000020     0.99999980
      130     0.00000105     0.99999895
      131     0.00000231     0.99999769
      132     0.00000205     0.99999795
      133     0.00000083     0.99999917
      134     0.00000050     0.99999950
      135     0.00000127     0.99999873
      136     0.00000175     0.99999825
      137     0.00000136     0.99999864
      138     0.00000092     0.99999908
      139     0.00000094     0.99999906
      140     0.00000099     0.99999901
      141     0.00000099     0.99999901
      142     0.00000144     0.99999856
      143     0.00000192     0.99999808
      144     0.00000133     0.99999867
      145     0.00000026     0.99999974
      146     0.00000090     0.99999910
      147     0.00000313     0.99999687
      148     0.00000375     0.99999625
      149     0.00000148     0.99999852
      150     0.00000005     0.99999995
      151     0.00000260     0.99999740
      152     0.00000596     0.99999404
      153     0.00000499     0.99999501
      154     0.00000118     0.99999882
      155     0.00000099     0.99999901
      156     0.00000551     0.99999449
      157     0.00000809     0.99999191
      158     0.00000474     0.99999526
      159     0.00000088     0.99999912
      160     0.00000308     0.99999692
      161     0.00000853     0.99999147
      162     0.00000905     0.99999095
      163     0.00000394     0.99999606
      164     0.00000142     0.99999858
      165     0.00000603     0.99999397
      166     0.00001136     0.99998864
      167     0.00000964     0.99999036
      168     0.00000366     0.99999634
      169     0.00000286     0.99999714
      170     0.00000914     0.99999086
      171     0.00001382     0.99998618
      172     0.00001037     0.99998963
      173     0.00000401     0.99999599
      174     0.00000424     0.99999576
      175     0.00001110     0.99998890
      176     0.00001521     0.99998479
      177     0.00001099     0.99998901
      178     0.00000430     0.99999570
      179     0.00000407     0.99999593
      180     0.00001012     0.99998988
      181     0.00001394     0.99998606
      182     0.00001034     0.99998966
      183     0.00000382     0.99999618
      184     0.00000209     0.99999791
      185     0.00000612     0.99999388
      186     0.00000978     0.99999022
      187     0.00000811     0.99999189
      188     0.00000312     0.99999688
      189     0.00000042     0.99999958
      190     0.00000213     0.99999787
      191     0.00000508     0.99999492
      192     0.00000530     0.99999470
      193     0.00000267     0.99999733
      194     0.00000029     0.99999971
      195     0.00000040     0.99999960
      196     0.00000213     0.99999787
      197     0.00000311     0.99999689
      198     0.00000229     0.99999771
      199     0.00000081     0.99999919
      200     0.00000030     0.99999970
      201     0.00000107     0.99999893
      202     0.00000203     0.99999797
      203     0.00000206     0.99999794
      204     0.00000122     0.99999878
      205     0.00000051     0.99999949
      206     0.00000071     0.99999929
      207     0.00000152     0.99999848
      208     0.00000197     0.99999803
      209     0.00000156     0.99999844
      210     0.00000080     0.99999920
      211     0.00000056     0.99999944
      212     0.00000107     0.99999893
      213     0.00000167     0.99999833
      214     0.00000168     0.99999832
      215     0.00000117     0.99999883
      216     0.00000077     0.99999923
      217     0.00000085     0.99999915
      218     0.00000117     0.99999883
      219     0.00000132     0.99999868
      220     0.00000124     0.99999876
      221     0.00000117     0.99999883
      222     0.00000118     0.99999882
      223     0.00000107     0.99999893
      224     0.00000083     0.99999917
      225     0.00000082     0.99999918
      226     0.00000134     0.99999866
      227     0.00000202     0.99999798
      228     0.00000198     0.99999802
      229     0.00000098     0.99999902
      230     0.00000015     0.99999985
      231     0.00000088     0.99999912
      232     0.00000290     0.99999710
      233     0.00000410     0.99999590
      234     0.00000296     0.99999704
      235     0.00000070     0.99999930
      236     0.00000016     0.99999984
      237     0.00000231     0.99999769
      238     0.00000481     0.99999519
      239     0.00000470     0.99999530
      240     0.00000210     0.99999790
      241     0.00000009     0.99999991
      242     0.00000093     0.99999907
      243     0.00000336     0.99999664
      244     0.00000431     0.99999569
      245     0.00000268     0.99999732
      246     0.00000051     0.99999949
      247     0.00000021     0.99999979
      248     0.00000169     0.99999831
      249     0.00000283     0.99999717
      250     0.00000233     0.99999767
      251     0.00000101     0.99999899
      252     0.00000043     0.99999957
      253     0.00000087     0.99999913
      254     0.00000144     0.99999856
      255     0.00000147     0.99999853
      256     0.00000123     0.99999877
      257     0.00000113     0.99999887
      258     0.00000111     0.99999889
      259     0.00000100     0.99999900
      260     0.00000092     0.99999908
      261     0.00000105     0.99999895
      262     0.00000126     0.99999874
      263     0.00000129     0.99999871
      264     0.00000119     0.99999881
      265     0.00000115     0.99999885
      266     0.00000113     0.99999887
      267     0.00000095     0.99999905
      268     0.00000080     0.99999920
      269     0.00000105     0.99999895
      270     0.00000161     0.99999839
      271     0.00000178     0.99999822
      272     0.00000122     0.99999878
      273     0.00000057     0.99999943
      274     0.00000069     0.99999931
      275     0.00000146     0.99999854
      276     0.00000189     0.99999811
      277     0.00000151     0.99999849
      278     0.00000087     0.99999913
      279     0.00000074     0.99999926
      280     0.00000101     0.99999899
      281     0.00000116     0.99999884
      282     0.00000119     0.99999881
      283     0.00000144     0.99999856
      284     0.00000168     0.99999832
      285     0.00000126     0.99999874
      286     0.00000041     0.99999959
      287     0.00000051     0.99999949
      288     0.00000224     0.99999776
      289     0.00000393     0.99999607
      290     0.00000337     0.99999663
      291     0.00000101     0.99999899
      292     0.00000026     0.99999974
      293     0.00000330     0.99999670
      294     0.00000767     0.99999233
      295     0.00000867     0.99999133
      296     0.00000524     0.99999476
      297     0.00000204     0.99999796
      298     0.00000434     0.99999566
      299     0.00001142     0.99998858
      300     0.00001680     0.99998320
      301     0.00001536     0.99998464
      302     0.00000951     0.99999049
      303     0.00000706     0.99999294
      304     0.00001290     0.99998710
      305     0.00002350     0.99997650
      306     0.00003019     0.99996981
      307     0.00002794     0.99997206
      308     0.00002057     0.99997943
      309     0.00001727     0.99998273
      310     0.00002386     0.99997614
      311     0.00003731     0.99996269
      312     0.00004836     0.99995164
      313     0.00004970     0.99995030
      314     0.00004205     0.99995795
      315     0.00003330     0.99996670
      316     0.00003184     0.99996816
      317     0.00004010     0.99995990
      318     0.00005306     0.99994694
      319     0.00006244     0.99993756
      320     0.00006257     0.99993743
      321     0.00005388     0.99994612
      322     0.00004188     0.99995812
      323     0.00003318     0.99996682
      324     0.00003150     0.99996850
      325     0.00003599     0.99996401
      326     0.00004248     0.99995752
      327     0.00004620     0.99995380
      328     0.00004437     0.99995563
      329     0.00003717     0.99996283
      330     0.00002707     0.99997293
      331     0.00001729     0.99998271
      332     0.00001021     0.99998979
      333     0.00000671     0.99999329
      334     0.00000627     0.99999373
      335     0.00000770     0.99999230
      336     0.00000976     0.99999024
      337     0.00001162     0.99998838
      338     0.00001290     0.99998710
      339     0.00001376     0.99998624
      340     0.00001500     0.99998500
      341     0.00001840     0.99998160
      342     0.00002697     0.99997303
      343     0.00004496     0.99995504
      344     0.00007758     0.99992242
      345     0.00013036     0.99986964
      346     0.00020856     0.99979144
      347     0.00031672     0.99968328
      348     0.00045859     0.99954141
      349     0.00063742     0.99936258
      350     0.00085651     0.99914349
      351     0.00111997     0.99888003
      352     0.00143330     0.99856670
      353     0.00180389     0.99819611
      354     0.00224132     0.99775868
      355     0.00275720     0.99724280
      356     0.00336481     0.99663519
      357     0.00407812     0.99592188
      358     0.00491017     0.99508983
      359     0.00587028     0.99412972
      360     0.00695964     0.99304036
      361     0.00816444     0.99183556
      362     0.00944457     0.99055543
      363     0.01071610     0.98928390
      364     0.01182532     0.98817468
      365     0.01252022     0.98747978
      366     0.01247943     0.98752057
      367     0.01181503     0.98818497
      368     0.01513772     0.98486228
      369     0.06233886     0.93766114
      370     0.27868597     0.72131403
      371     0.55464491     0.44535509
      372     0.68303598     0.31696402
      373     0.73081383     0.26918617
      374     0.74171634     0.25828366
      375     0.73655487     0.26344513
      376     0.72335033     0.27664967
      377     0.70616194     0.29383806
      378     0.68770544     0.31229456
      379     0.67022822     0.32977178
      380     0.65580574     0.34419426
      381     0.64638833     0.35361167
      382     0.64369822     0.35630178
      383     0.64900825     0.35099175
      384     0.66283067     0.33716933
      385     0.68457212     0.31542788
      386     0.71229792     0.28770208
      387     0.74282186     0.25717814
      388     0.77229064     0.22770936
      389     0.79720660     0.20279340
      390     0.81556315     0.18443685
      391     0.82764887     0.17235113
      392     0.83609470     0.16390530
      393     0.84486688     0.15513312
      394     0.85737313     0.14262687
      395     0.87461398     0.12538602
      396     0.89462272     0.10537728
      397     0.91365413     0.08634587
      398     0.92834442     0.07165558
      399     0.93757606     0.06242394
      400     0.94304557     0.05695443
      401     0.94798895     0.05201105
      402     0.95468893     0.04531107
      403     0.96285379     0.03714621
      404     0.97032856     0.02967144
      405     0.97539211     0.02460789
      406     0.97752539     0.02247461
      407     0.97886684     0.02113316
      408     1.00000000     0.00000000
      409     0.99996335     0.00003665
      410     0.99989986     0.00010014
      411     0.99988914     0.00011086
      412     0.99994392     0.00005608
      413     0.99999518     0.00000482
      414     0.99998276     0.00001724
      415     0.99993139     0.00006861
      416     0.99991213     0.00008787
      417     0.99994718     0.00005282
      418     0.99998784     0.00001216
      419     0.99998600     0.00001400
      420     0.99995398     0.00004602
      421     0.99993825     0.00006175
      422     0.99995562     0.00004438
      423     0.99997924     0.00002076
      424     0.99998104     0.00001896
      425     0.99996572     0.00003428
      426     0.99995640     0.00004360
      427     0.99996205     0.00003795
      428     0.99997140     0.00002860
      429     0.99997324     0.00002676
      430     0.99996952     0.00003048
      431     0.99996730     0.00003270
      432     0.99996744     0.00003256
      433     0.99996684     0.00003316
      434     0.99996614     0.00003386
      435     0.99996845     0.00003155
      436     0.99997218     0.00002782
      437     0.99997159     0.00002841
      438     0.99996584     0.00003416
      439     0.99996208     0.00003792
      440     0.99996602     0.00003398
      441     0.99997307     0.00002693
      442     0.99997378     0.00002622
      443     0.99996695     0.00003305
      444     0.99996169     0.00003831
      445     0.99996482     0.00003518
      446     0.99997163     0.00002837
      447     0.99997310     0.00002690
      448     0.99996837     0.00003163
      449     0.99996468     0.00003532
      450     0.99996615     0.00003385
      451     0.99996925     0.00003075
      452     0.99996985     0.00003015
      453     0.99996886     0.00003114
      454     0.99996854     0.00003146
      455     0.99996828     0.00003172
      456     0.99996723     0.00003277
      457     0.99996712     0.00003288
      458     0.99996894     0.00003106
      459     0.99997018     0.00002982
      460     0.99996881     0.00003119
      461     0.99996694     0.00003306
      462     0.99996724     0.00003276
      463     0.99996867     0.00003133
      464     0.99996901     0.00003099
      465     0.99996871     0.00003129
      466     0.99996880     0.00003120
      467     0.99996827     0.00003173
      468     0.99996697     0.00003303
      469     0.99996733     0.00003267
      470     0.99996974     0.00003026
      471     0.99997037     0.00002963
      472     0.99996766     0.00003234
      473     0.99996585     0.00003415
      474     0.99996793     0.00003207
      475     0.99997038     0.00002962
      476     0.99996940     0.00003060
      477     0.99996714     0.00003286
      478     0.99996720     0.00003280
      479     0.99996864     0.00003136
      480     0.99996897     0.00003103
      481     0.99996859     0.00003141
      482     0.99996858     0.00003142
      483     0.99996809     0.00003191
      484     0.99996720     0.00003280
      485     0.99996804     0.00003196
      486     0.99997011     0.00002989
      487     0.99996961     0.00003039
      488     0.99996641     0.00003359
      489     0.99996578     0.00003422
      490     0.99996954     0.00003046
      491     0.99997175     0.00002825
      492     0.99996828     0.00003172
      493     0.99996443     0.00003557
      494     0.99996653     0.00003347
      495     0.99997128     0.00002872
      496     0.99997125     0.00002875
      497     0.99996693     0.00003307
      498     0.99996516     0.00003484
      499     0.99996775     0.00003225
      500     0.99996992     0.00003008
      501     0.99996948     0.00003052
      502     0.99996908     0.00003092
      503     0.99996907     0.00003093
      504     0.99996662     0.00003338
      505     0.99996379     0.00003621
      506     0.99996703     0.00003297
      507     0.99997466     0.00002534
      508     0.99997466     0.00002534
      509     0.99996294     0.00003706
      510     0.99995445     0.00004555
      511     0.99996371     0.00003629
      512     0.99997993     0.00002007
      513     0.99997851     0.00002149
      514     0.99995791     0.00004209
      515     0.99994640     0.00005360
      516     0.99996244     0.00003756
      517     0.99998438     0.00001562
      518     0.99997870     0.00002130
      519     0.99995047     0.00004953
      520     0.99994006     0.00005994
      521     0.99996464     0.00003536
      522     0.99998910     0.00001090
      523     0.99997503     0.00002497
      524     0.99993984     0.00006016
      525     0.99993484     0.00006516
      526     0.99996903     0.00003097
      527     0.99999252     0.00000748
      528     0.99996907     0.00003093
      529     0.99993111     0.00006889
      530     0.99993325     0.00006675
      531     0.99997237     0.00002763
      532     0.99999287     0.00000713
      533     0.99996732     0.00003268
      534     0.99993332     0.00006668
      535     0.99993734     0.00006266
      536     0.99997140     0.00002860
      537     0.99998962     0.00001038
      538     0.99997242     0.00002758
      539     0.99994731     0.00005269
      540     0.99994667     0.00005333
      541     0.99996722     0.00003278
      542     0.99998145     0.00001855
      543     0.99997565     0.00002435
      544     0.99996232     0.00003768
      545     0.99995857     0.00004143
      546     0.99996525     0.00003475
      547     0.99997146     0.00002854
      548     0.99997157     0.00002843
      549     0.99996970     0.00003030
      550     0.99996956     0.00003044
      551     0.99996836     0.00003164
      552     0.99996398     0.00003602
      553     0.99996192     0.00003808
      554     0.99996796     0.00003204
      555     0.99997653     0.00002347
      556     0.99997546     0.00002454
      557     0.99996358     0.00003642
      558     0.99995512     0.00004488
      559     0.99996137     0.00003863
      560     0.99997467     0.00002533
      561     0.99997833     0.00002167
      562     0.99996895     0.00003105
      563     0.99995964     0.00004036
      564     0.99996119     0.00003881
      565     0.99996917     0.00003083
      566     0.99997303     0.00002697
      567     0.99997073     0.00002927
      568     0.99996799     0.00003201
      569     0.99996765     0.00003235
      570     0.99996724     0.00003276
      571     0.99996589     0.00003411
      572     0.99996665     0.00003335
      573     0.99997027     0.00002973
      574     0.99997233     0.00002767
      575     0.99996962     0.00003038
      576     0.99996546     0.00003454
      577     0.99996495     0.00003505
      578     0.99996778     0.00003222
      579     0.99996974     0.00003026
      580     0.99996952     0.00003048
      581     0.99996945     0.00003055
      582     0.99996990     0.00003010
      583     0.99996824     0.00003176
      584     0.99996452     0.00003548
      585     0.99996384     0.00003616
      586     0.99996919     0.00003081
      587     0.99997505     0.00002495
      588     0.99997297     0.00002703
      589     0.99996362     0.00003638
      590     0.99995796     0.00004204
      591     0.99996378     0.00003622
      592     0.99997475     0.00002525
      593     0.99997744     0.00002256
      594     0.99996835     0.00003165
      595     0.99995850     0.00004150
      596     0.99995953     0.00004047
      597     0.99996951     0.00003049
      598     0.99997624     0.00002376
      599     0.99997281     0.00002719
      600     0.99996494     0.00003506
      601     0.99996210     0.00003790
      602     0.99996592     0.00003408
      603     0.99997038     0.00002962
      604     0.99997097     0.00002903
      605     0.99996928     0.00003072
      606     0.99996849     0.00003151
      607     0.99996835     0.00003165
      608     0.99996714     0.00003286
      609     0.99996588     0.00003412
      610     0.99996712     0.00003288
      611     0.99997033     0.00002967
      612     0.99997164     0.00002836
      613     0.99996918     0.00003082
      614     0.99996591     0.00003409
      615     0.99996562     0.00003438
      616     0.99996797     0.00003203
      617     0.99996968     0.00003032
      618     0.99996945     0.00003055
      619     0.99996894     0.00003106
      620     0.99996905     0.00003095
      621     0.99996826     0.00003174
      622     0.99996605     0.00003395
      623     0.99996537     0.00003463
      624     0.99996882     0.00003118
      625     0.99997320     0.00002680
      626     0.99997203     0.00002797
      627     0.99996474     0.00003526
      628     0.99995985     0.00004015
      629     0.99996488     0.00003512
      630     0.99997479     0.00002521
      631     0.99997656     0.00002344
      632     0.99996661     0.00003339
      633     0.99995721     0.00004279
      634     0.99996088     0.00003912
      635     0.99997301     0.00002699
      636     0.99997763     0.00002237
      637     0.99996910     0.00003090
      638     0.99995942     0.00004058
      639     0.99996125     0.00003875
      640     0.99997098     0.00002902
      641     0.99997520     0.00002480
      642     0.99996968     0.00003032
      643     0.99996344     0.00003656
      644     0.99996443     0.00003557
      645     0.99996941     0.00003059
      646     0.99997116     0.00002884
      647     0.99996921     0.00003079
      648     0.99996781     0.00003219
      649     0.99996782     0.00003218
      650     0.99996711     0.00003289
      651     0.99996670     0.00003330
      652     0.99996920     0.00003080
      653     0.99997207     0.00002793
      654     0.99996973     0.00003027
      655     0.99996380     0.00003620
      656     0.99996311     0.00003689
      657     0.99997020     0.00002980
      658     0.99997522     0.00002478
      659     0.99996981     0.00003019
      660     0.99996088     0.00003912
      661     0.99996153     0.00003847
      662     0.99997139     0.00002861
      663     0.99997636     0.00002364
      664     0.99996916     0.00003084
      665     0.99996000     0.00004000
      666     0.99996180     0.00003820
      667     0.99997180     0.00002820
      668     0.99997596     0.00002404
      669     0.99996890     0.00003110
      670     0.99996081     0.00003919
      671     0.99996260     0.00003740
      672     0.99997111     0.00002889
      673     0.99997464     0.00002536
      674     0.99996944     0.00003056
      675     0.99996356     0.00003644
      676     0.99996434     0.00003566
      677     0.99996910     0.00003090
      678     0.99997114     0.00002886
      679     0.99996961     0.00003039
      680     0.99996834     0.00003166
      681     0.99996820     0.00003180
      682     0.99996683     0.00003317
      683     0.99996517     0.00003483
      684     0.99996750     0.00003250
      685     0.99997293     0.00002707
      686     0.99997354     0.00002646
      687     0.99996569     0.00003431
      688     0.99995841     0.00004159
      689     0.99996289     0.00003711
      690     0.99997518     0.00002482
      691     0.99997855     0.00002145
      692     0.99996627     0.00003373
      693     0.99995334     0.00004666
      694     0.99995775     0.00004225
      695     0.99997489     0.00002511
      696     0.99998182     0.00001818
      697     0.99996804     0.00003196
      698     0.99995109     0.00004891
      699     0.99995387     0.00004613
      700     0.99997322     0.00002678
      701     0.99998331     0.00001669
      702     0.99997032     0.00002968
      703     0.99995148     0.00004852
      704     0.99995196     0.00004804
      705     0.99997090     0.00002910
      706     0.99998290     0.00001710
      707     0.99997255     0.00002745
      708     0.99995459     0.00004541
      709     0.99995307     0.00004693
      710     0.99996910     0.00003090
      711     0.99998067     0.00001933
      712     0.99997307     0.00002693
      713     0.99995790     0.00004210
      714     0.99995616     0.00004384
      715     0.99996952     0.00003048
      716     0.99997881     0.00002119
      717     0.99997136     0.00002864
      718     0.99995878     0.00004122
      719     0.99995956     0.00004044
      720     0.99997165     0.00002835
      721     0.99997652     0.00002348
      722     0.99996814     0.00003186
      723     0.99996098     0.00003902
      724     0.99996522     0.00003478
      725     0.99997193     0.00002807
      726     0.99997120     0.00002880
      727     0.99996763     0.00003237
      728     0.99996725     0.00003275
      729     0.99996691     0.00003309
      730     0.99996636     0.00003364
      731     0.99997046     0.00002954
      732     0.99997320     0.00002680
      733     0.99996596     0.00003404
      734     0.99996051     0.00003949
      735     0.99996900     0.00003100
      736     0.99997549     0.00002451
      737     0.99996796     0.00003204
      738     0.99996313     0.00003687
      739     0.99996704     0.00003296
      740     0.99996823     0.00003177
      741     0.99997081     0.00002919
      742     0.99997318     0.00002682
      743     0.99996581     0.00003419
      744     0.99996294     0.00003706
      745     0.99996865     0.00003135
      746     0.99996989     0.00003011
      747     0.99997006     0.00002994
      748     0.99996996     0.00003004
      749     0.99996351     0.00003649
      750     0.99996344     0.00003656
      751     0.99997529     0.00002471
      752     0.99997387     0.00002613
      753     0.99995527     0.00004473
      754     0.99995718     0.00004282
      755     0.99998124     0.00001876
      756     0.99997642     0.00002358
      757     0.99994440     0.00005560
      758     0.99994889     0.00005111
      759     0.99998372     0.00001628
      760     0.99997897     0.00002103
      761     0.99994629     0.00005371
      762     0.99995092     0.00004908
      763     0.99997830     0.00002170
      764     0.99997707     0.00002293
      765     0.99996000     0.00004000
      766     0.99996118     0.00003882
      767     0.99997165     0.00002835
      768     0.99997174     0.00002826
      769     0.99996658     0.00003342
      770     0.99996643     0.00003357
      771     0.99996913     0.00003087
      772     0.99996934     0.00003066
      773     0.99996747     0.00003253
      774     0.99996717     0.00003283
      775     0.99996926     0.00003074
      776     0.99996986     0.00003014
      777     0.99996721     0.00003279
      778     0.99996604     0.00003396
      779     0.99996896     0.00003104
      780     0.99997067     0.00002933
      781     0.99996815     0.00003185
      782     0.99996635     0.00003365
      783     0.99996778     0.00003222
      784     0.99996882     0.00003118
      785     0.99996882     0.00003118
      786     0.99996956     0.00003044
      787     0.99996850     0.00003150
      788     0.99996546     0.00003454
      789     0.99996662     0.00003338
      790     0.99997139     0.00002861
      791     0.99997086     0.00002914
      792     0.99996549     0.00003451
      793     0.99996519     0.00003481
      794     0.99997008     0.00002992
      795     0.99997090     0.00002910
      796     0.99996634     0.00003366
      797     0.99996516     0.00003484
      798     0.99997129     0.00002871
      799     0.99997304     0.00002696
      800     0.99996231     0.00003769
      801     0.99995928     0.00004072
      802     0.99997486     0.00002514
      803     0.99997685     0.00002315
      804     0.99995697     0.00004303
      805     0.99995737     0.00004263
      806     0.99997804     0.00002196
      807     0.99997358     0.00002642
      808     0.99995521     0.00004479
      809     0.99996399     0.00003601
      810     0.99997843     0.00002157
      811     0.99996712     0.00003288
      812     0.99995820     0.00004180
      813     0.99997074     0.00002926
      814     0.99997470     0.00002530
      815     0.99996320     0.00003680
      816     0.99996369     0.00003631
      817     0.99997319     0.00002681
      818     0.99996994     0.00003006
      819     0.99996322     0.00003678
      820     0.99996813     0.00003187
      821     0.99997237     0.00002763
      822     0.99996667     0.00003333
      823     0.99996451     0.00003549
      824     0.99997130     0.00002870
      825     0.99997135     0.00002865
      826     0.99996177     0.00003823
      827     0.99996478     0.00003522
      828     0.99997865     0.00002135
      829     0.99996828     0.00003172
      830     0.99994835     0.00005165
      831     0.99996483     0.00003517
      832     0.99998343     0.00001657
      833     0.99996742     0.00003258
      834     0.99995715     0.00004285
      835     0.99996772     0.00003228
      836     0.99997237     0.00002763
      837     0.99996933     0.00003067
      838     0.99996870     0.00003130
      839     0.99996680     0.00003320
      840     0.99996514     0.00003486
      841     0.99997046     0.00002954
      842     0.99997399     0.00002601
      843     0.99996585     0.00003415
      844     0.99995937     0.00004063
      845     0.99996888     0.00003112
      846     0.99997881     0.00002119
      847     0.99996865     0.00003135
      848     0.99995314     0.00004686
      849     0.99996029     0.00003971
      850     0.99998040     0.00001960
      851     0.99997859     0.00002141
      852     0.99995450     0.00004550
      853     0.99994620     0.00005380
      854     0.99996809     0.00003191
      855     0.99998618     0.00001382
      856     0.99997222     0.00002778
      857     0.99994774     0.00005226
      858     0.99994906     0.00005094
      859     0.99997254     0.00002746
      860     0.99998403     0.00001597
      861     0.99997056     0.00002944
      862     0.99995439     0.00004561
      863     0.99995658     0.00004342
      864     0.99997024     0.00002976
      865     0.99997662     0.00002338
      866     0.99997175     0.00002825
      867     0.99996594     0.00003406
      868     0.99996552     0.00003448
      869     0.99996693     0.00003307
      870     0.99996671     0.00003329
      871     0.99996756     0.00003244
      872     0.99997153     0.00002847
      873     0.99997396     0.00002604
      874     0.99996958     0.00003042
      875     0.99996173     0.00003827
      876     0.99995998     0.00004002
      877     0.99996773     0.00003227
      878     0.99997649     0.00002351
      879     0.99997557     0.00002443
      880     0.99996543     0.00003457
      881     0.99995764     0.00004236
      882     0.99996129     0.00003871
      883     0.99997213     0.00002787
      884     0.99997764     0.00002236
      885     0.99997174     0.00002826
      886     0.99996162     0.00003838
      887     0.99995900     0.00004100
      888     0.99996647     0.00003353
      889     0.99997498     0.00002502
      890     0.99997485     0.00002515
      891     0.99996687     0.00003313
      892     0.99996078     0.00003922
      893     0.99996355     0.00003645
      894     0.99997152     0.00002848
      895     0.99997503     0.00002497
      896     0.99996992     0.00003008
      897     0.99996242     0.00003758
      898     0.99996189     0.00003811
      899     0.99996937     0.00003063
      900     0.99997561     0.00002439
      901     0.99997227     0.00002773
      902     0.99996312     0.00003688
      903     0.99995998     0.00004002
      904     0.99996714     0.00003286
      905     0.99997518     0.00002482
      906     0.99997364     0.00002636
      907     0.99996520     0.00003480
      908     0.99996143     0.00003857
      909     0.99996647     0.00003353
      910     0.99997250     0.00002750
      911     0.99997201     0.00002799
      912     0.99996752     0.00003248
      913     0.99996573     0.00003427
      914     0.99996752     0.00003248
      915     0.99996902     0.00003098
      916     0.99996900     0.00003100
      917     0.99996928     0.00003072
      918     0.99996959     0.00003041
      919     0.99996798     0.00003202
      920     0.99996597     0.00003403
      921     0.99996729     0.00003271
      922     0.99997094     0.00002906
      923     0.99997133     0.00002867
      924     0.99996714     0.00003286
      925     0.99996438     0.00003562
      926     0.99996749     0.00003251
      927     0.99997205     0.00002795
      928     0.99997122     0.00002878
      929     0.99996612     0.00003388
      930     0.99996424     0.00003576
      931     0.99996835     0.00003165
      932     0.99997256     0.00002744
      933     0.99997072     0.00002928
      934     0.99996519     0.00003481
      935     0.99996374     0.00003626
      936     0.99996886     0.00003114
      937     0.99997384     0.00002616
      938     0.99997137     0.00002863
      939     0.99996389     0.00003611
      940     0.99996123     0.00003877
      941     0.99996768     0.00003232
      942     0.99997544     0.00002456
      943     0.99997418     0.00002582
      944     0.99996473     0.00003527
      945     0.99995858     0.00004142
      946     0.99996344     0.00003656
      947     0.99997355     0.00002645
      948     0.99997695     0.00002305
      949     0.99996992     0.00003008
      950     0.99996089     0.00003911
      951     0.99995994     0.00004006
      952     0.99996754     0.00003246
      953     0.99997497     0.00002503
      954     0.99997452     0.00002548
      955     0.99996741     0.00003259
      956     0.99996154     0.00003846
      957     0.99996278     0.00003722
      958     0.99996925     0.00003075
      959     0.99997403     0.00002597
      960     0.99997258     0.00002742
      961     0.99996703     0.00003297
      962     0.99996333     0.00003667
      963     0.99996488     0.00003512
      964     0.99996956     0.00003044
      965     0.99997242     0.00002758
      966     0.99997094     0.00002906
      967     0.99996711     0.00003289
      968     0.99996500     0.00003500
      969     0.99996652     0.00003348
      970     0.99996983     0.00003017
      971     0.99997144     0.00002856
      972     0.99996981     0.00003019
      973     0.99996674     0.00003326
      974     0.99996549     0.00003451
      975     0.99996741     0.00003259
      976     0.99997053     0.00002947
      977     0.99997148     0.00002852
      978     0.99996905     0.00003095
      979     0.99996569     0.00003431
      980     0.99996507     0.00003493
      981     0.99996806     0.00003194
      982     0.99997152     0.00002848
      983     0.99997169     0.00002831
      984     0.99996852     0.00003148
      985     0.99996565     0.00003435
      986     0.99996590     0.00003410
      987     0.99996815     0.00003185
      988     0.99996952     0.00003048
      989     0.99996942     0.00003058
      990     0.99996954     0.00003046
      991     0.99997019     0.00002981
      992     0.99996922     0.00003078
      993     0.99996593     0.00003407
      994     0.99996378     0.00003622
      995     0.99996659     0.00003341
      996     0.99997246     0.00002754
      997     0.99997457     0.00002543
      998     0.99996943     0.00003057
      999     0.99996218     0.00003782
     1000     0.99996123     0.00003877
     1001     0.99996794     0.00003206
     1002     0.99997461     0.00002539
     1003     0.99997376     0.00002624
     1004     0.99996702     0.00003298
     1005     0.99996254     0.00003746
     1006     0.99996473     0.00003527
     1007     0.99996977     0.00003023
     1008     0.99997176     0.00002824
     1009     0.99997002     0.00002998
     1010     0.99996810     0.00003190
     1011     0.99996784     0.00003216
     1012     0.99996784     0.00003216
     1013     0.99996725     0.00003275
     1014     0.99996745     0.00003255
     1015     0.99996908     0.00003092
     1016     0.99997027     0.00002973
     1017     0.99996959     0.00003041
     1018     0.99996838     0.00003162
     1019     0.99996811     0.00003189
     1020     0.99996775     0.00003225
     1021     0.99996635     0.00003365
     1022     0.99996625     0.00003375
     1023     0.99996985     0.00003015
     1024     0.99997392     0.00002608
     1025     0.99997198     0.00002802
     1026     0.99996385     0.00003615
     1027     0.99995865     0.00004135
     1028     0.99996418     0.00003582
     1029     0.99997541     0.00002459
     1030     0.99997863     0.00002137
     1031     0.99996824     0.00003176
     1032     0.99995529     0.00004471
     1033     0.99995537     0.00004463
     1034     0.99996931     0.00003069
     1035     0.99998103     0.00001897
     1036     0.99997653     0.00002347
     1037     0.99996105     0.00003895
     1038     0.99995274     0.00004726
     1039     0.99996057     0.00003943
     1040     0.99997439     0.00002561
     1041     0.99997861     0.00002139
     1042     0.99997071     0.00002929
     1043     0.99996182     0.00003818
     1044     0.99996149     0.00003851
     1045     0.99996745     0.00003255
     1046     0.99997158     0.00002842
     1047     0.99997098     0.00002902
     1048     0.99996923     0.00003077
     1049     0.99996895     0.00003105
     1050     0.99996813     0.00003187
     1051     0.99996535     0.00003465
     1052     0.99996438     0.00003562
     1053     0.99996903     0.00003097
     1054     0.99997513     0.00002487
     1055     0.99997354     0.00002646
     1056     0.99996355     0.00003645
     1057     0.99995703     0.00004297
     1058     0.99996355     0.00003645
     1059     0.99997565     0.00002435
     1060     0.99997768     0.00002232
     1061     0.99996746     0.00003254
     1062     0.99995894     0.00004106
     1063     0.99996219     0.00003781
     1064     0.99997095     0.00002905
     1065     0.99997388     0.00002612
     1066     0.99996986     0.00003014
     1067     0.99996607     0.00003393
     1068     0.99996643     0.00003357
     1069     0.99996840     0.00003160
     1070     0.99996908     0.00003092
     1071     0.99996880     0.00003120
     1072     0.99996871     0.00003129
     1073     0.99996869     0.00003131
     1074     0.99996850     0.00003150
     1075     0.99996841     0.00003159
     1076     0.99996833     0.00003167
     1077     0.99996793     0.00003207
     1078     0.99996783     0.00003217
     1079     0.99996891     0.00003109
     1080     0.99997016     0.00002984
     1081     0.99996939     0.00003061
     1082     0.99996692     0.00003308
     1083     0.99996597     0.00003403
     1084     0.99996813     0.00003187
     1085     0.99997057     0.00002943
     1086     0.99997028     0.00002972
     1087     0.99996858     0.00003142
     1088     0.99996806     0.00003194
     1089     0.99996760     0.00003240
     1090     0.99996550     0.00003450
     1091     0.99996529     0.00003471
     1092     0.99997087     0.00002913
     1093     0.99997656     0.00002344
     1094     0.99997183     0.00002817
     1095     0.99995861     0.00004139
     1096     0.99995360     0.00004640
     1097     0.99996609     0.00003391
     1098     0.99998159     0.00001841
     1099     0.99997881     0.00002119
     1100     0.99995928     0.00004072
     1101     0.99994734     0.00005266
     1102     0.99995850     0.00004150
     1103     0.99997873     0.00002127
     1104     0.99998256     0.00001744
     1105     0.99996569     0.00003431
     1106     0.99994971     0.00005029
     1107     0.99995452     0.00004548
     1108     0.99997381     0.00002619
     1109     0.99998333     0.00001667
     1110     0.99997089     0.00002911
     1111     0.99995170     0.00004830
     1112     0.99995015     0.00004985
     1113     0.99996903     0.00003097
     1114     0.99998454     0.00001546
     1115     0.99997593     0.00002407
     1116     0.99995343     0.00004657
     1117     0.99994616     0.00005384
     1118     0.99996364     0.00003636
     1119     0.99998263     0.00001737
     1120     0.99997894     0.00002106
     1121     0.99995985     0.00004015
     1122     0.99995190     0.00004810
     1123     0.99996326     0.00003674
     1124     0.99997592     0.00002408
     1125     0.99997508     0.00002492
     1126     0.99996776     0.00003224
     1127     0.99996557     0.00003443
     1128     0.99996630     0.00003370
     1129     0.99996465     0.00003535
     1130     0.99996617     0.00003383
     1131     0.99997444     0.00002556
     1132     0.99997689     0.00002311
     1133     0.99996383     0.00003617
     1134     0.99995171     0.00004829
     1135     0.99996184     0.00003816
     1136     0.99998164     0.00001836
     1137     0.99997861     0.00002139
     1138     0.99995394     0.00004606
     1139     0.99994582     0.00005418
     1140     0.99996851     0.00003149
     1141     0.99998613     0.00001387
     1142     0.99996987     0.00003013
     1143     0.99994597     0.00005403
     1144     0.99995311     0.00004689
     1145     0.99997903     0.00002097
     1146     0.99998180     0.00001820
     1147     0.99995876     0.00004124
     1148     0.99994858     0.00005142
     1149     0.99996650     0.00003350
     1150     0.99998206     0.00001794
     1151     0.99997182     0.00002818
     1152     0.99995545     0.00004455
     1153     0.99995922     0.00004078
     1154     0.99997418     0.00002582
     1155     0.99997617     0.00002383
     1156     0.99996582     0.00003418
     1157     0.99996164     0.00003836
     1158     0.99996757     0.00003243
     1159     0.99997188     0.00002812
     1160     0.99996991     0.00003009
     1161     0.99996765     0.00003235
     1162     0.99996776     0.00003224
     1163     0.99996765     0.00003235
     1164     0.99996762     0.00003238
     1165     0.99996962     0.00003038
     1166     0.99997082     0.00002918
     1167     0.99996791     0.00003209
     1168     0.99996480     0.00003520
     1169     0.99996732     0.00003268
     1170     0.99997230     0.00002770
     1171     0.99997126     0.00002874
     1172     0.99996482     0.00003518
     1173     0.99996324     0.00003676
     1174     0.99996993     0.00003007
     1175     0.99997457     0.00002543
     1176     0.99996902     0.00003098
     1177     0.99996130     0.00003870
     1178     0.99996390     0.00003610
     1179     0.99997347     0.00002653
     1180     0.99997499     0.00002501
     1181     0.99996531     0.00003469
     1182     0.99995900     0.00004100
     1183     0.99996623     0.00003377
     1184     0.99997644     0.00002356
     1185     0.99997380     0.00002620
     1186     0.99996154     0.00003846
     1187     0.99995787     0.00004213
     1188     0.99996878     0.00003122
     1189     0.99997848     0.00002152
     1190     0.99997232     0.00002768
     1191     0.99995864     0.00004136
     1192     0.99995707     0.00004293
     1193     0.99997022     0.00002978
     1194     0.99997966     0.00002034
     1195     0.99997196     0.00002804
     1196     0.99995750     0.00004250
     1197     0.99995601     0.00004399
     1198     0.99996944     0.00003056
     1199     0.99997976     0.00002024
     1200     0.99997363     0.00002637
     1201     0.99995964     0.00004036
     1202     0.99995590     0.00004410
     1203     0.99996629     0.00003371
     1204     0.99997699     0.00002301
     1205     0.99997548     0.00002452
     1206     0.99996547     0.00003453
     1207     0.99995989     0.00004011
     1208     0.99996407     0.00003593
     1209     0.99997122     0.00002878
     1210     0.99997313     0.00002687
     1211     0.99996996     0.00003004
     1212     0.99996728     0.00003272
     1213     0.99996718     0.00003282
     1214     0.99996688     0.00003312
     1215     0.99996546     0.00003454
     1216     0.99996670     0.00003330
     1217     0.99997225     0.00002775
     1218     0.99997586     0.00002414
     1219     0.99997012     0.00002988
     1220     0.99995879     0.00004121
     1221     0.99995550     0.00004450
     1222     0.99996648     0.00003352
     1223     0.99997973     0.00002027
     1224     0.99997851     0.00002149
     1225     0.99996350     0.00003650
     1226     0.99995294     0.00004706
     1227     0.99995903     0.00004097
     1228     0.99997278     0.00002722
     1229     0.99997768     0.00002232
     1230     0.99997125     0.00002875
     1231     0.99996450     0.00003550
     1232     0.99996445     0.00003555
     1233     0.99996736     0.00003264
     1234     0.99996845     0.00003155
     1235     0.99996855     0.00003145
     1236     0.99996938     0.00003062
     1237     0.99996978     0.00003022
     1238     0.99996927     0.00003073
     1239     0.99996935     0.00003065
     1240     0.99996905     0.00003095
     1241     0.99996570     0.00003430
     1242     0.99996225     0.00003775
     1243     0.99996612     0.00003388
     1244     0.99997599     0.00002401
     1245     0.99997802     0.00002198
     1246     0.99996465     0.00003535
     1247     0.99995064     0.00004936
     1248     0.99995623     0.00004377
     1249     0.99997632     0.00002368
     1250     0.99998372     0.00001628
