#    Non-Adiabatic Coupling Matrix Eliments: off-diagonal
         0    -0.00014374
         1    -0.00013380
         2    -0.00012343
         3    -0.00011262
         4    -0.00010140
         5    -0.00008982
         6    -0.00007801
         7    -0.00006606
         8    -0.00005408
         9    -0.00004214
        10    -0.00003030
        11    -0.00001854
        12    -0.00000685
        13     0.00000486
        14     0.00001666
        15     0.00002862
        16     0.00004081
        17     0.00005331
        18     0.00006615
        19     0.00007932
        20     0.00009279
        21     0.00010646
        22     0.00012024
        23     0.00013394
        24     0.00014739
        25     0.00016039
        26     0.00017278
        27     0.00018436
        28     0.00019502
        29     0.00020463
        30     0.00021314
        31     0.00022051
        32     0.00022677
        33     0.00023201
        34     0.00023630
        35     0.00023980
        36     0.00024265
        37     0.00024500
        38     0.00024701
        39     0.00024879
        40     0.00025045
        41     0.00025206
        42     0.00025366
        43     0.00025524
        44     0.00025675
        45     0.00025813
        46     0.00025921
        47     0.00025982
        48     0.00025974
        49     0.00025872
        50     0.00025654
        51     0.00025298
        52     0.00024790
        53     0.00024122
        54     0.00023294
        55     0.00022311
        56     0.00021180
        57     0.00019914
        58     0.00018529
        59     0.00017045
        60     0.00015487
        61     0.00013883
        62     0.00012266
        63     0.00010672
        64     0.00009135
        65     0.00007683
        66     0.00006331
        67     0.00005082
        68     0.00003932
        69     0.00002868
        70     0.00001874
        71     0.00000937
        72     0.00000044
        73    -0.00000820
        74    -0.00001670
        75    -0.00002520
        76    -0.00003381
        77    -0.00004268
        78    -0.00005191
        79    -0.00006162
        80    -0.00007189
        81    -0.00008275
        82    -0.00009423
        83    -0.00010628
        84    -0.00011886
        85    -0.00013187
        86    -0.00014518
        87    -0.00015862
        88    -0.00017202
        89    -0.00018518
        90    -0.00019793
        91    -0.00021015
        92    -0.00022175
        93    -0.00023270
        94    -0.00024302
        95    -0.00025276
        96    -0.00026196
        97    -0.00027061
        98    -0.00027864
        99    -0.00028592
       100    -0.00029230
       101    -0.00029754
       102    -0.00030142
       103    -0.00030370
       104    -0.00030417
       105    -0.00030263
       106    -0.00029897
       107    -0.00029320
       108    -0.00028542
       109    -0.00027588
       110    -0.00026493
       111    -0.00025299
       112    -0.00024048
       113    -0.00022780
       114    -0.00021526
       115    -0.00020312
       116    -0.00019153
       117    -0.00018057
       118    -0.00017026
       119    -0.00016056
       120    -0.00015140
       121    -0.00014271
       122    -0.00013441
       123    -0.00012642
       124    -0.00011868
       125    -0.00011117
       126    -0.00010386
       127    -0.00009674
       128    -0.00008981
       129    -0.00008309
       130    -0.00007655
       131    -0.00007014
       132    -0.00006378
       133    -0.00005736
       134    -0.00005074
       135    -0.00004376
       136    -0.00003620
       137    -0.00002789
       138    -0.00001865
       139    -0.00000832
       140     0.00000321
       141     0.00001601
       142     0.00003007
       143     0.00004534
       144     0.00006163
       145     0.00007869
       146     0.00009621
       147     0.00011383
       148     0.00013121
       149     0.00014801
       150     0.00016398
       151     0.00017890
       152     0.00019269
       153     0.00020530
       154     0.00021677
       155     0.00022718
       156     0.00023667
       157     0.00024542
       158     0.00025357
       159     0.00026132
       160     0.00026882
       161     0.00027620
       162     0.00028357
       163     0.00029098
       164     0.00029844
       165     0.00030594
       166     0.00031340
       167     0.00032075
       168     0.00032786
       169     0.00033462
       170     0.00034089
       171     0.00034652
       172     0.00035135
       173     0.00035519
       174     0.00035784
       175     0.00035908
       176     0.00035872
       177     0.00035655
       178     0.00035242
       179     0.00034624
       180     0.00033799
       181     0.00032774
       182     0.00031568
       183     0.00030199
       184     0.00028693
       185     0.00027078
       186     0.00025379
       187     0.00023623
       188     0.00021837
       189     0.00020046
       190     0.00018277
       191     0.00016558
       192     0.00014910
       193     0.00013354
       194     0.00011910
       195     0.00010591
       196     0.00009409
       197     0.00008370
       198     0.00007473
       199     0.00006713
       200     0.00006082
       201     0.00005570
       202     0.00005162
       203     0.00004843
       204     0.00004596
       205     0.00004406
       206     0.00004256
       207     0.00004130
       208     0.00004016
       209     0.00003899
       210     0.00003768
       211     0.00003615
       212     0.00003431
       213     0.00003211
       214     0.00002951
       215     0.00002649
       216     0.00002304
       217     0.00001921
       218     0.00001506
       219     0.00001062
       220     0.00000590
       221     0.00000087
       222    -0.00000453
       223    -0.00001043
       224    -0.00001702
       225    -0.00002447
       226    -0.00003292
       227    -0.00004240
       228    -0.00005287
       229    -0.00006411
       230    -0.00007584
       231    -0.00008766
       232    -0.00009914
       233    -0.00010983
       234    -0.00011931
       235    -0.00012725
       236    -0.00013337
       237    -0.00013756
       238    -0.00013979
       239    -0.00014013
       240    -0.00013873
       241    -0.00013577
       242    -0.00013148
       243    -0.00012605
       244    -0.00011965
       245    -0.00011245
       246    -0.00010454
       247    -0.00009601
       248    -0.00008694
       249    -0.00007738
       250    -0.00006743
       251    -0.00005721
       252    -0.00004688
       253    -0.00003667
       254    -0.00002680
       255    -0.00001755
       256    -0.00000921
       257    -0.00000203
       258     0.00000375
       259     0.00000796
       260     0.00001049
       261     0.00001130
       262     0.00001044
       263     0.00000800
       264     0.00000421
       265    -0.00000070
       266    -0.00000641
       267    -0.00001257
       268    -0.00001883
       269    -0.00002480
       270    -0.00003014
       271    -0.00003457
       272    -0.00003786
       273    -0.00003988
       274    -0.00004053
       275    -0.00003976
       276    -0.00003755
       277    -0.00003388
       278    -0.00002875
       279    -0.00002218
       280    -0.00001420
       281    -0.00000488
       282     0.00000572
       283     0.00001753
       284     0.00003047
       285     0.00004450
       286     0.00005956
       287     0.00007560
       288     0.00009260
       289     0.00011053
       290     0.00012934
       291     0.00014892
       292     0.00016919
       293     0.00018999
       294     0.00021118
       295     0.00023257
       296     0.00025400
       297     0.00027535
       298     0.00029652
       299     0.00031749
       300     0.00033829
       301     0.00035896
       302     0.00037957
       303     0.00040018
       304     0.00042078
       305     0.00044132
       306     0.00046167
       307     0.00048164
       308     0.00050096
       309     0.00051930
       310     0.00053630
       311     0.00055158
       312     0.00056478
       313     0.00057551
       314     0.00058353
       315     0.00058859
       316     0.00059052
       317     0.00058921
       318     0.00058461
       319     0.00057678
       320     0.00056579
       321     0.00055175
       322     0.00053480
       323     0.00051513
       324     0.00049287
       325     0.00046818
       326     0.00044122
       327     0.00041223
       328     0.00038150
       329     0.00034947
       330     0.00031679
       331     0.00028429
       332     0.00025307
       333     0.00022451
       334     0.00020022
       335     0.00018198
       336     0.00017161
       337     0.00017075
       338     0.00018083
       339     0.00020275
       340     0.00023726
       341     0.00028414
       342     0.00034268
       343     0.00041192
       344     0.00049057
       345     0.00057703
       346     0.00066964
       347     0.00076674
       348     0.00086654
       349     0.00096745
       350     0.00106817
       351     0.00116755
       352     0.00126441
       353     0.00135802
       354     0.00144734
       355     0.00153106
       356     0.00160753
       357     0.00167418
       358     0.00172739
       359     0.00176163
       360     0.00176909
       361     0.00173754
       362     0.00164720
       363     0.00146437
       364     0.00112675
       365     0.00050888
       366    -0.00067158
       367    -0.00314445
       368    -0.00910195
       369    -0.02470013
       370    -0.03936608
       371    -0.01887515
       372    -0.00817303
       373    -0.00248424
       374    -0.00000859
       375     0.00121143
       376     0.00185890
       377     0.00220750
       378     0.00238422
       379     0.00245515
       380     0.00245875
       381     0.00241871
       382     0.00235076
       383     0.00226608
       384     0.00217129
       385     0.00207153
       386     0.00197005
       387     0.00186889
       388     0.00176899
       389     0.00167080
       390     0.00157451
       391     0.00148025
       392     0.00138835
       393     0.00129924
       394     0.00121363
       395     0.00113242
       396     0.00105642
       397     0.00098650
       398     0.00092332
       399     0.00086747
       400     0.00081925
       401     0.00077872
       402     0.00074561
       403     0.00071941
       404     0.00069918
       405     0.00068375
       406     0.00067170
       407     0.00066139
       408     0.00065126
       409     0.00063981
       410     0.00062583
       411     0.00060837
       412     0.00058696
       413     0.00056137
       414     0.00053182
       415     0.00049887
       416     0.00046325
       417     0.00042587
       418     0.00038772
       419     0.00034966
       420     0.00031243
       421     0.00027653
       422     0.00024233
       423     0.00020993
       424     0.00017939
       425     0.00015069
       426     0.00012381
       427     0.00009876
       428     0.00007557
       429     0.00005425
       430     0.00003479
       431     0.00001720
       432     0.00000143
       433    -0.00001256
       434    -0.00002489
       435    -0.00003567
       436    -0.00004496
       437    -0.00005283
       438    -0.00005936
       439    -0.00006456
       440    -0.00006845
       441    -0.00007098
       442    -0.00007218
       443    -0.00007199
       444    -0.00007038
       445    -0.00006734
       446    -0.00006292
       447    -0.00005720
       448    -0.00005032
       449    -0.00004246
       450    -0.00003390
       451    -0.00002495
       452    -0.00001599
       453    -0.00000735
       454     0.00000059
       455     0.00000752
       456     0.00001314
       457     0.00001734
       458     0.00002000
       459     0.00002111
       460     0.00002070
       461     0.00001889
       462     0.00001582
       463     0.00001166
       464     0.00000662
       465     0.00000095
       466    -0.00000503
       467    -0.00001096
       468    -0.00001658
       469    -0.00002147
       470    -0.00002538
       471    -0.00002816
       472    -0.00002970
       473    -0.00003001
       474    -0.00002914
       475    -0.00002721
       476    -0.00002435
       477    -0.00002071
       478    -0.00001649
       479    -0.00001186
       480    -0.00000693
       481    -0.00000183
       482     0.00000337
       483     0.00000862
       484     0.00001386
       485     0.00001902
       486     0.00002401
       487     0.00002876
       488     0.00003322
       489     0.00003728
       490     0.00004084
       491     0.00004379
       492     0.00004600
       493     0.00004735
       494     0.00004769
       495     0.00004689
       496     0.00004479
       497     0.00004126
       498     0.00003613
       499     0.00002928
       500     0.00002060
       501     0.00001001
       502    -0.00000247
       503    -0.00001678
       504    -0.00003275
       505    -0.00005009
       506    -0.00006844
       507    -0.00008737
       508    -0.00010646
       509    -0.00012528
       510    -0.00014350
       511    -0.00016088
       512    -0.00017731
       513    -0.00019278
       514    -0.00020741
       515    -0.00022138
       516    -0.00023491
       517    -0.00024824
       518    -0.00026157
       519    -0.00027506
       520    -0.00028877
       521    -0.00030268
       522    -0.00031663
       523    -0.00033042
       524    -0.00034370
       525    -0.00035604
       526    -0.00036699
       527    -0.00037605
       528    -0.00038274
       529    -0.00038659
       530    -0.00038725
       531    -0.00038441
       532    -0.00037795
       533    -0.00036784
       534    -0.00035421
       535    -0.00033735
       536    -0.00031762
       537    -0.00029550
       538    -0.00027153
       539    -0.00024626
       540    -0.00022028
       541    -0.00019412
       542    -0.00016826
       543    -0.00014305
       544    -0.00011874
       545    -0.00009546
       546    -0.00007314
       547    -0.00005160
       548    -0.00003057
       549    -0.00000985
       550     0.00001067
       551     0.00003090
       552     0.00005056
       553     0.00006917
       554     0.00008614
       555     0.00010086
       556     0.00011279
       557     0.00012146
       558     0.00012654
       559     0.00012788
       560     0.00012547
       561     0.00011950
       562     0.00011032
       563     0.00009838
       564     0.00008426
       565     0.00006858
       566     0.00005199
       567     0.00003517
       568     0.00001874
       569     0.00000331
       570    -0.00001055
       571    -0.00002235
       572    -0.00003167
       573    -0.00003821
       574    -0.00004177
       575    -0.00004228
       576    -0.00003986
       577    -0.00003471
       578    -0.00002719
       579    -0.00001772
       580    -0.00000682
       581     0.00000506
       582     0.00001745
       583     0.00002997
       584     0.00004229
       585     0.00005417
       586     0.00006537
       587     0.00007573
       588     0.00008501
       589     0.00009303
       590     0.00009956
       591     0.00010444
       592     0.00010756
       593     0.00010884
       594     0.00010829
       595     0.00010594
       596     0.00010186
       597     0.00009615
       598     0.00008897
       599     0.00008045
       600     0.00007079
       601     0.00006021
       602     0.00004895
       603     0.00003729
       604     0.00002554
       605     0.00001400
       606     0.00000303
       607    -0.00000702
       608    -0.00001586
       609    -0.00002317
       610    -0.00002874
       611    -0.00003241
       612    -0.00003412
       613    -0.00003388
       614    -0.00003180
       615    -0.00002806
       616    -0.00002288
       617    -0.00001651
       618    -0.00000918
       619    -0.00000111
       620     0.00000752
       621     0.00001653
       622     0.00002585
       623     0.00003543
       624     0.00004520
       625     0.00005514
       626     0.00006512
       627     0.00007500
       628     0.00008451
       629     0.00009331
       630     0.00010105
       631     0.00010740
       632     0.00011210
       633     0.00011499
       634     0.00011602
       635     0.00011523
       636     0.00011276
       637     0.00010877
       638     0.00010346
       639     0.00009701
       640     0.00008959
       641     0.00008135
       642     0.00007242
       643     0.00006290
       644     0.00005290
       645     0.00004250
       646     0.00003181
       647     0.00002088
       648     0.00000984
       649    -0.00000122
       650    -0.00001219
       651    -0.00002298
       652    -0.00003346
       653    -0.00004353
       654    -0.00005308
       655    -0.00006198
       656    -0.00007012
       657    -0.00007740
       658    -0.00008372
       659    -0.00008898
       660    -0.00009314
       661    -0.00009615
       662    -0.00009811
       663    -0.00009908
       664    -0.00009917
       665    -0.00009853
       666    -0.00009731
       667    -0.00009561
       668    -0.00009346
       669    -0.00009084
       670    -0.00008771
       671    -0.00008391
       672    -0.00007930
       673    -0.00007376
       674    -0.00006721
       675    -0.00005957
       676    -0.00005085
       677    -0.00004109
       678    -0.00003038
       679    -0.00001881
       680    -0.00000649
       681     0.00000645
       682     0.00001986
       683     0.00003359
       684     0.00004748
       685     0.00006137
       686     0.00007508
       687     0.00008847
       688     0.00010137
       689     0.00011365
       690     0.00012515
       691     0.00013578
       692     0.00014548
       693     0.00015421
       694     0.00016200
       695     0.00016885
       696     0.00017481
       697     0.00017993
       698     0.00018421
       699     0.00018763
       700     0.00019021
       701     0.00019186
       702     0.00019258
       703     0.00019228
       704     0.00019093
       705     0.00018851
       706     0.00018507
       707     0.00018067
       708     0.00017544
       709     0.00016962
       710     0.00016348
       711     0.00015736
       712     0.00015156
       713     0.00014629
       714     0.00014165
       715     0.00013756
       716     0.00013381
       717     0.00013007
       718     0.00012596
       719     0.00012108
       720     0.00011509
       721     0.00010767
       722     0.00009861
       723     0.00008778
       724     0.00007508
       725     0.00006059
       726     0.00004433
       727     0.00002652
       728     0.00000729
       729    -0.00001287
       730    -0.00003360
       731    -0.00005410
       732    -0.00007334
       733    -0.00008987
       734    -0.00010176
       735    -0.00010708
       736    -0.00010378
       737    -0.00009043
       738    -0.00006655
       739    -0.00003263
       740     0.00000785
       741     0.00004757
       742     0.00007584
       743     0.00008450
       744     0.00007255
       745     0.00004688
       746     0.00001528
       747    -0.00001709
       748    -0.00004813
       749    -0.00007771
       750    -0.00010658
       751    -0.00013565
       752    -0.00016584
       753    -0.00019769
       754    -0.00023137
       755    -0.00026599
       756    -0.00029961
       757    -0.00032885
       758    -0.00034907
       759    -0.00035589
       760    -0.00034671
       761    -0.00032206
       762    -0.00028557
       763    -0.00024223
       764    -0.00019722
       765    -0.00015455
       766    -0.00011686
       767    -0.00008556
       768    -0.00006097
       769    -0.00004283
       770    -0.00003036
       771    -0.00002274
       772    -0.00001900
       773    -0.00001824
       774    -0.00001965
       775    -0.00002240
       776    -0.00002578
       777    -0.00002906
       778    -0.00003160
       779    -0.00003281
       780    -0.00003221
       781    -0.00002944
       782    -0.00002432
       783    -0.00001689
       784    -0.00000743
       785     0.00000353
       786     0.00001520
       787     0.00002670
       788     0.00003700
       789     0.00004527
       790     0.00005072
       791     0.00005312
       792     0.00005264
       793     0.00005005
       794     0.00004682
       795     0.00004503
       796     0.00004717
       797     0.00005550
       798     0.00007119
       799     0.00009374
       800     0.00012079
       801     0.00014863
       802     0.00017352
       803     0.00019267
       804     0.00020478
       805     0.00020990
       806     0.00020903
       807     0.00020359
       808     0.00019499
       809     0.00018441
       810     0.00017273
       811     0.00016055
       812     0.00014831
       813     0.00013629
       814     0.00012470
       815     0.00011366
       816     0.00010329
       817     0.00009370
       818     0.00008503
       819     0.00007748
       820     0.00007135
       821     0.00006709
       822     0.00006537
       823     0.00006707
       824     0.00007345
       825     0.00008616
       826     0.00010701
       827     0.00013746
       828     0.00017699
       829     0.00022036
       830     0.00025572
       831     0.00026798
       832     0.00024868
       833     0.00020447
       834     0.00015058
       835     0.00009928
       836     0.00005578
       837     0.00002064
       838    -0.00000763
       839    -0.00003085
       840    -0.00005070
       841    -0.00006837
       842    -0.00008475
       843    -0.00010060
       844    -0.00011634
       845    -0.00013232
       846    -0.00014862
       847    -0.00016517
       848    -0.00018175
       849    -0.00019795
       850    -0.00021324
       851    -0.00022701
       852    -0.00023859
       853    -0.00024736
       854    -0.00025278
       855    -0.00025449
       856    -0.00025226
       857    -0.00024607
       858    -0.00023606
       859    -0.00022250
       860    -0.00020580
       861    -0.00018645
       862    -0.00016503
       863    -0.00014215
       864    -0.00011841
       865    -0.00009441
       866    -0.00007068
       867    -0.00004766
       868    -0.00002574
       869    -0.00000521
       870     0.00001371
       871     0.00003085
       872     0.00004613
       873     0.00005948
       874     0.00007090
       875     0.00008042
       876     0.00008812
       877     0.00009410
       878     0.00009849
       879     0.00010144
       880     0.00010315
       881     0.00010378
       882     0.00010351
       883     0.00010251
       884     0.00010091
       885     0.00009880
       886     0.00009631
       887     0.00009351
       888     0.00009049
       889     0.00008735
       890     0.00008422
       891     0.00008123
       892     0.00007856
       893     0.00007640
       894     0.00007493
       895     0.00007428
       896     0.00007459
       897     0.00007583
       898     0.00007788
       899     0.00008051
       900     0.00008338
       901     0.00008607
       902     0.00008819
       903     0.00008934
       904     0.00008927
       905     0.00008773
       906     0.00008467
       907     0.00008006
       908     0.00007404
       909     0.00006678
       910     0.00005848
       911     0.00004942
       912     0.00003985
       913     0.00003010
       914     0.00002031
       915     0.00001077
       916     0.00000163
       917    -0.00000695
       918    -0.00001486
       919    -0.00002199
       920    -0.00002825
       921    -0.00003365
       922    -0.00003815
       923    -0.00004176
       924    -0.00004455
       925    -0.00004657
       926    -0.00004794
       927    -0.00004878
       928    -0.00004922
       929    -0.00004946
       930    -0.00004968
       931    -0.00005008
       932    -0.00005085
       933    -0.00005215
       934    -0.00005411
       935    -0.00005677
       936    -0.00006015
       937    -0.00006417
       938    -0.00006869
       939    -0.00007353
       940    -0.00007844
       941    -0.00008319
       942    -0.00008751
       943    -0.00009118
       944    -0.00009398
       945    -0.00009582
       946    -0.00009656
       947    -0.00009624
       948    -0.00009491
       949    -0.00009270
       950    -0.00008982
       951    -0.00008649
       952    -0.00008292
       953    -0.00007927
       954    -0.00007569
       955    -0.00007225
       956    -0.00006893
       957    -0.00006569
       958    -0.00006247
       959    -0.00005924
       960    -0.00005596
       961    -0.00005266
       962    -0.00004938
       963    -0.00004617
       964    -0.00004310
       965    -0.00004023
       966    -0.00003762
       967    -0.00003531
       968    -0.00003334
       969    -0.00003175
       970    -0.00003051
       971    -0.00002963
       972    -0.00002912
       973    -0.00002894
       974    -0.00002910
       975    -0.00002957
       976    -0.00003033
       977    -0.00003136
       978    -0.00003259
       979    -0.00003390
       980    -0.00003511
       981    -0.00003597
       982    -0.00003622
       983    -0.00003559
       984    -0.00003381
       985    -0.00003067
       986    -0.00002606
       987    -0.00001995
       988    -0.00001245
       989    -0.00000377
       990     0.00000575
       991     0.00001573
       992     0.00002577
       993     0.00003554
       994     0.00004470
       995     0.00005298
       996     0.00006020
       997     0.00006613
       998     0.00007068
       999     0.00007373
      1000     0.00007526
      1001     0.00007520
      1002     0.00007355
      1003     0.00007030
      1004     0.00006548
      1005     0.00005920
      1006     0.00005161
      1007     0.00004296
      1008     0.00003354
      1009     0.00002372
      1010     0.00001394
      1011     0.00000470
      1012    -0.00000351
      1013    -0.00001020
      1014    -0.00001492
      1015    -0.00001731
      1016    -0.00001714
      1017    -0.00001431
      1018    -0.00000890
      1019    -0.00000111
      1020     0.00000868
      1021     0.00001999
      1022     0.00003233
      1023     0.00004519
      1024     0.00005810
      1025     0.00007071
      1026     0.00008274
      1027     0.00009401
      1028     0.00010451
      1029     0.00011417
      1030     0.00012301
      1031     0.00013094
      1032     0.00013787
      1033     0.00014357
      1034     0.00014773
      1035     0.00014998
      1036     0.00015000
      1037     0.00014755
      1038     0.00014250
      1039     0.00013493
      1040     0.00012501
      1041     0.00011315
      1042     0.00009978
      1043     0.00008537
      1044     0.00007035
      1045     0.00005510
      1046     0.00003989
      1047     0.00002487
      1048     0.00001005
      1049    -0.00000459
      1050    -0.00001916
      1051    -0.00003374
      1052    -0.00004833
      1053    -0.00006283
      1054    -0.00007696
      1055    -0.00009023
      1056    -0.00010192
      1057    -0.00011119
      1058    -0.00011722
      1059    -0.00011935
      1060    -0.00011726
      1061    -0.00011109
      1062    -0.00010141
      1063    -0.00008913
      1064    -0.00007537
      1065    -0.00006125
      1066    -0.00004744
      1067    -0.00003480
      1068    -0.00002378
      1069    -0.00001465
      1070    -0.00000752
      1071    -0.00000243
      1072     0.00000074
      1073     0.00000211
      1074     0.00000190
      1075     0.00000035
      1076    -0.00000227
      1077    -0.00000571
      1078    -0.00000969
      1079    -0.00001394
      1080    -0.00001816
      1081    -0.00002200
      1082    -0.00002513
      1083    -0.00002709
      1084    -0.00002740
      1085    -0.00002549
      1086    -0.00002082
      1087    -0.00001305
      1088    -0.00000198
      1089     0.00001232
      1090     0.00002954
      1091     0.00004911
      1092     0.00007018
      1093     0.00009180
      1094     0.00011308
      1095     0.00013306
      1096     0.00015099
      1097     0.00016628
      1098     0.00017850
      1099     0.00018748
      1100     0.00019329
      1101     0.00019622
      1102     0.00019672
      1103     0.00019540
      1104     0.00019292
      1105     0.00019001
      1106     0.00018734
      1107     0.00018553
      1108     0.00018500
      1109     0.00018604
      1110     0.00018869
      1111     0.00019278
      1112     0.00019792
      1113     0.00020352
      1114     0.00020887
      1115     0.00021319
      1116     0.00021568
      1117     0.00021564
      1118     0.00021250
      1119     0.00020588
      1120     0.00019551
      1121     0.00018127
      1122     0.00016325
      1123     0.00014166
      1124     0.00011689
      1125     0.00008936
      1126     0.00005966
      1127     0.00002842
      1128    -0.00000361
      1129    -0.00003576
      1130    -0.00006732
      1131    -0.00009771
      1132    -0.00012641
      1133    -0.00015298
      1134    -0.00017708
      1135    -0.00019840
      1136    -0.00021674
      1137    -0.00023195
      1138    -0.00024393
      1139    -0.00025270
      1140    -0.00025836
      1141    -0.00026115
      1142    -0.00026130
      1143    -0.00025901
      1144    -0.00025459
      1145    -0.00024836
      1146    -0.00024061
      1147    -0.00023150
      1148    -0.00022113
      1149    -0.00020955
      1150    -0.00019683
      1151    -0.00018298
      1152    -0.00016803
      1153    -0.00015201
      1154    -0.00013502
      1155    -0.00011727
      1156    -0.00009909
      1157    -0.00008091
      1158    -0.00006317
      1159    -0.00004633
      1160    -0.00003076
      1161    -0.00001669
      1162    -0.00000423
      1163     0.00000666
      1164     0.00001607
      1165     0.00002429
      1166     0.00003152
      1167     0.00003804
      1168     0.00004399
      1169     0.00004953
      1170     0.00005477
      1171     0.00005982
      1172     0.00006472
      1173     0.00006951
      1174     0.00007418
      1175     0.00007873
      1176     0.00008313
      1177     0.00008737
      1178     0.00009143
      1179     0.00009529
      1180     0.00009898
      1181     0.00010255
      1182     0.00010602
      1183     0.00010947
      1184     0.00011289
      1185     0.00011630
      1186     0.00011966
      1187     0.00012296
      1188     0.00012618
      1189     0.00012924
      1190     0.00013207
      1191     0.00013463
      1192     0.00013691
      1193     0.00013889
      1194     0.00014051
      1195     0.00014167
      1196     0.00014226
      1197     0.00014215
      1198     0.00014126
      1199     0.00013944
      1200     0.00013655
      1201     0.00013251
      1202     0.00012723
      1203     0.00012076
      1204     0.00011312
      1205     0.00010442
      1206     0.00009477
      1207     0.00008431
      1208     0.00007308
      1209     0.00006116
      1210     0.00004855
      1211     0.00003515
      1212     0.00002090
      1213     0.00000570
      1214    -0.00001044
      1215    -0.00002748
      1216    -0.00004522
      1217    -0.00006334
      1218    -0.00008139
      1219    -0.00009882
      1220    -0.00011494
      1221    -0.00012907
      1222    -0.00014041
      1223    -0.00014828
      1224    -0.00015204
      1225    -0.00015123
      1226    -0.00014562
      1227    -0.00013526
      1228    -0.00012075
      1229    -0.00010237
      1230    -0.00008178
      1231    -0.00006020
      1232    -0.00003923
      1233    -0.00002044
      1234    -0.00000522
      1235     0.00000536
      1236     0.00001057
      1237     0.00001015
      1238     0.00000419
      1239    -0.00000691
      1240    -0.00002244
      1241    -0.00004157
      1242    -0.00006338
      1243    -0.00008683
      1244    -0.00011082
      1245    -0.00013424
      1246    -0.00015589
      1247    -0.00017469
      1248    -0.00018955
      1249    -0.00019956
      1250    -0.00020405
