#    Step        Prob(0)        Prob(1)        
        0     0.00000000     0.00000000
        1     0.00000262     0.00000000
        2     0.00000083     0.00000000
        3     0.00000000     0.00000000
        4     0.00000000     0.00000000
        5     0.00000087     0.00000000
        6     0.00000144     0.00000000
        7     0.00000000     0.00000000
        8     0.00000000     0.00000000
        9     0.00000000     0.00000000
       10     0.00000052     0.00000000
       11     0.00000022     0.00000000
       12     0.00000000     0.00000000
       13     0.00000010     0.00000000
       14     0.00000000     0.00000000
       15     0.00000000     0.00000000
       16     0.00000000     0.00000000
       17     0.00000114     0.00000000
       18     0.00000073     0.00000000
       19     0.00000000     0.00000000
       20     0.00000000     0.00000000
       21     0.00000125     0.00000000
       22     0.00000256     0.00000000
       23     0.00000000     0.00000000
       24     0.00000000     0.00000000
       25     0.00000000     0.00000000
       26     0.00000350     0.00000000
       27     0.00000248     0.00000000
       28     0.00000000     0.00000000
       29     0.00000000     0.00000000
       30     0.00000182     0.00000000
       31     0.00000469     0.00000000
       32     0.00000011     0.00000000
       33     0.00000000     0.00000000
       34     0.00000000     0.00000000
       35     0.00000435     0.00000000
       36     0.00000351     0.00000000
       37     0.00000000     0.00000000
       38     0.00000000     0.00000000
       39     0.00000138     0.00000000
       40     0.00000530     0.00000000
       41     0.00000079     0.00000000
       42     0.00000000     0.00000000
       43     0.00000000     0.00000000
       44     0.00000396     0.00000000
       45     0.00000458     0.00000000
       46     0.00000000     0.00000000
       47     0.00000000     0.00000000
       48     0.00000000     0.00000000
       49     0.00000507     0.00000000
       50     0.00000311     0.00000000
       51     0.00000000     0.00000000
       52     0.00000000     0.00000000
       53     0.00000044     0.00000000
       54     0.00000460     0.00000000
       55     0.00000189     0.00000000
       56     0.00000000     0.00000000
       57     0.00000000     0.00000000
       58     0.00000022     0.00000000
       59     0.00000319     0.00000000
       60     0.00000137     0.00000000
       61     0.00000000     0.00000000
       62     0.00000000     0.00000000
       63     0.00000000     0.00000000
       64     0.00000156     0.00000000
       65     0.00000102     0.00000000
       66     0.00000000     0.00000000
       67     0.00000000     0.00000000
       68     0.00000000     0.00000000
       69     0.00000037     0.00000000
       70     0.00000034     0.00000000
       71     0.00000000     0.00000000
       72     0.00000000     0.00000000
       73     0.00000014     0.00000000
       74     0.00000000     0.00000000
       75     0.00000000     0.00000000
       76     0.00000000     0.00000000
       77     0.00000054     0.00000000
       78     0.00000115     0.00000000
       79     0.00000045     0.00000000
       80     0.00000000     0.00000000
       81     0.00000000     0.00000000
       82     0.00000017     0.00000000
       83     0.00000222     0.00000000
       84     0.00000213     0.00000000
       85     0.00000000     0.00000000
       86     0.00000000     0.00000000
       87     0.00000000     0.00000000
       88     0.00000222     0.00000000
       89     0.00000422     0.00000000
       90     0.00000167     0.00000000
       91     0.00000000     0.00000000
       92     0.00000000     0.00000000
       93     0.00000018     0.00000000
       94     0.00000491     0.00000000
       95     0.00000447     0.00000000
       96     0.00000000     0.00000000
       97     0.00000000     0.00000000
       98     0.00000000     0.00000000
       99     0.00000347     0.00000000
      100     0.00000628     0.00000000
      101     0.00000180     0.00000000
      102     0.00000000     0.00000000
      103     0.00000000     0.00000000
      104     0.00000051     0.00000000
      105     0.00000589     0.00000000
      106     0.00000378     0.00000000
      107     0.00000000     0.00000000
      108     0.00000000     0.00000000
      109     0.00000000     0.00000000
      110     0.00000396     0.00000000
      111     0.00000402     0.00000000
      112     0.00000000     0.00000000
      113     0.00000000     0.00000000
      114     0.00000000     0.00000000
      115     0.00000253     0.00000000
      116     0.00000337     0.00000000
      117     0.00000000     0.00000000
      118     0.00000000     0.00000000
      119     0.00000000     0.00000000
      120     0.00000198     0.00000000
      121     0.00000253     0.00000000
      122     0.00000000     0.00000000
      123     0.00000000     0.00000000
      124     0.00000000     0.00000000
      125     0.00000179     0.00000000
      126     0.00000159     0.00000000
      127     0.00000000     0.00000000
      128     0.00000000     0.00000000
      129     0.00000000     0.00000000
      130     0.00000149     0.00000000
      131     0.00000065     0.00000000
      132     0.00000000     0.00000000
      133     0.00000000     0.00000000
      134     0.00000038     0.00000000
      135     0.00000087     0.00000000
      136     0.00000000     0.00000000
      137     0.00000000     0.00000000
      138     0.00000000     0.00000000
      139     0.00000013     0.00000000
      140     0.00000000     0.00000000
      141     0.00000017     0.00000000
      142     0.00000066     0.00000000
      143     0.00000006     0.00000000
      144     0.00000000     0.00000000
      145     0.00000000     0.00000000
      146     0.00000181     0.00000000
      147     0.00000202     0.00000000
      148     0.00000000     0.00000000
      149     0.00000000     0.00000000
      150     0.00000050     0.00000000
      151     0.00000398     0.00000000
      152     0.00000169     0.00000000
      153     0.00000000     0.00000000
      154     0.00000000     0.00000000
      155     0.00000283     0.00000000
      156     0.00000487     0.00000000
      157     0.00000000     0.00000000
      158     0.00000000     0.00000000
      159     0.00000000     0.00000000
      160     0.00000517     0.00000000
      161     0.00000409     0.00000000
      162     0.00000000     0.00000000
      163     0.00000000     0.00000000
      164     0.00000125     0.00000000
      165     0.00000669     0.00000000
      166     0.00000242     0.00000000
      167     0.00000000     0.00000000
      168     0.00000000     0.00000000
      169     0.00000354     0.00000000
      170     0.00000730     0.00000000
      171     0.00000077     0.00000000
      172     0.00000000     0.00000000
      173     0.00000000     0.00000000
      174     0.00000465     0.00000000
      175     0.00000724     0.00000000
      176     0.00000000     0.00000000
      177     0.00000000     0.00000000
      178     0.00000000     0.00000000
      179     0.00000393     0.00000000
      180     0.00000651     0.00000000
      181     0.00000015     0.00000000
      182     0.00000000     0.00000000
      183     0.00000000     0.00000000
      184     0.00000178     0.00000000
      185     0.00000509     0.00000000
      186     0.00000128     0.00000000
      187     0.00000000     0.00000000
      188     0.00000000     0.00000000
      189     0.00000000     0.00000000
      190     0.00000313     0.00000000
      191     0.00000200     0.00000000
      192     0.00000000     0.00000000
      193     0.00000000     0.00000000
      194     0.00000000     0.00000000
      195     0.00000130     0.00000000
      196     0.00000172     0.00000000
      197     0.00000005     0.00000000
      198     0.00000000     0.00000000
      199     0.00000000     0.00000000
      200     0.00000023     0.00000000
      201     0.00000111     0.00000000
      202     0.00000060     0.00000000
      203     0.00000000     0.00000000
      204     0.00000000     0.00000000
      205     0.00000000     0.00000000
      206     0.00000065     0.00000000
      207     0.00000079     0.00000000
      208     0.00000001     0.00000000
      209     0.00000000     0.00000000
      210     0.00000000     0.00000000
      211     0.00000019     0.00000000
      212     0.00000070     0.00000000
      213     0.00000037     0.00000000
      214     0.00000000     0.00000000
      215     0.00000000     0.00000000
      216     0.00000000     0.00000000
      217     0.00000028     0.00000000
      218     0.00000028     0.00000000
      219     0.00000001     0.00000000
      220     0.00000000     0.00000000
      221     0.00000000     0.00000000
      222     0.00000000     0.00000000
      223     0.00000000     0.00000000
      224     0.00000000     0.00000000
      225     0.00000025     0.00000000
      226     0.00000074     0.00000000
      227     0.00000046     0.00000000
      228     0.00000000     0.00000000
      229     0.00000000     0.00000000
      230     0.00000000     0.00000000
      231     0.00000162     0.00000000
      232     0.00000202     0.00000000
      233     0.00000009     0.00000000
      234     0.00000000     0.00000000
      235     0.00000000     0.00000000
      236     0.00000095     0.00000000
      237     0.00000292     0.00000000
      238     0.00000152     0.00000000
      239     0.00000000     0.00000000
      240     0.00000000     0.00000000
      241     0.00000000     0.00000000
      242     0.00000213     0.00000000
      243     0.00000215     0.00000000
      244     0.00000000     0.00000000
      245     0.00000000     0.00000000
      246     0.00000000     0.00000000
      247     0.00000085     0.00000000
      248     0.00000169     0.00000000
      249     0.00000035     0.00000000
      250     0.00000000     0.00000000
      251     0.00000000     0.00000000
      252     0.00000003     0.00000000
      253     0.00000068     0.00000000
      254     0.00000032     0.00000000
      255     0.00000000     0.00000000
      256     0.00000000     0.00000000
      257     0.00000000     0.00000000
      258     0.00000000     0.00000000
      259     0.00000000     0.00000000
      260     0.00000001     0.00000000
      261     0.00000022     0.00000000
      262     0.00000015     0.00000000
      263     0.00000000     0.00000000
      264     0.00000000     0.00000000
      265     0.00000001     0.00000000
      266     0.00000000     0.00000000
      267     0.00000000     0.00000000
      268     0.00000000     0.00000000
      269     0.00000049     0.00000000
      270     0.00000049     0.00000000
      271     0.00000000     0.00000000
      272     0.00000000     0.00000000
      273     0.00000000     0.00000000
      274     0.00000057     0.00000000
      275     0.00000077     0.00000000
      276     0.00000001     0.00000000
      277     0.00000000     0.00000000
      278     0.00000000     0.00000000
      279     0.00000016     0.00000000
      280     0.00000028     0.00000000
      281     0.00000003     0.00000000
      282     0.00000010     0.00000000
      283     0.00000036     0.00000000
      284     0.00000000     0.00000000
      285     0.00000000     0.00000000
      286     0.00000000     0.00000000
      287     0.00000099     0.00000000
      288     0.00000214     0.00000000
      289     0.00000080     0.00000000
      290     0.00000000     0.00000000
      291     0.00000000     0.00000000
      292     0.00000113     0.00000000
      293     0.00000449     0.00000000
      294     0.00000336     0.00000000
      295     0.00000000     0.00000000
      296     0.00000000     0.00000000
      297     0.00000000     0.00000000
      298     0.00000545     0.00000000
      299     0.00000750     0.00000000
      300     0.00000229     0.00000000
      301     0.00000000     0.00000000
      302     0.00000000     0.00000000
      303     0.00000153     0.00000000
      304     0.00000949     0.00000000
      305     0.00001008     0.00000000
      306     0.00000236     0.00000000
      307     0.00000000     0.00000000
      308     0.00000000     0.00000000
      309     0.00000136     0.00000000
      310     0.00001127     0.00000000
      311     0.00001392     0.00000000
      312     0.00000685     0.00000000
      313     0.00000000     0.00000000
      314     0.00000000     0.00000000
      315     0.00000000     0.00000000
      316     0.00000368     0.00000000
      317     0.00001193     0.00000000
      318     0.00001252     0.00000000
      319     0.00000524     0.00000000
      320     0.00000000     0.00000000
      321     0.00000000     0.00000000
      322     0.00000000     0.00000000
      323     0.00000000     0.00000000
      324     0.00000191     0.00000000
      325     0.00000634     0.00000000
      326     0.00000580     0.00000000
      327     0.00000117     0.00000000
      328     0.00000000     0.00000000
      329     0.00000000     0.00000000
      330     0.00000000     0.00000000
      331     0.00000000     0.00000000
      332     0.00000000     0.00000000
      333     0.00000000     0.00000000
      334     0.00000072     0.00000000
      335     0.00000192     0.00000000
      336     0.00000205     0.00000000
      337     0.00000158     0.00000000
      338     0.00000099     0.00000000
      339     0.00000084     0.00000000
      340     0.00000192     0.00000000
      341     0.00000536     0.00000000
      342     0.00001245     0.00000000
      343     0.00002435     0.00000000
      344     0.00004173     0.00000000
      345     0.00006462     0.00000000
      346     0.00009246     0.00000000
      347     0.00012445     0.00000000
      348     0.00015988     0.00000000
      349     0.00019850     0.00000000
      350     0.00024073     0.00000000
      351     0.00028771     0.00000000
      352     0.00034111     0.00000000
      353     0.00040307     0.00000000
      354     0.00047578     0.00000000
      355     0.00056120     0.00000000
      356     0.00066070     0.00000000
      357     0.00077438     0.00000000
      358     0.00090026     0.00000000
      359     0.00103285     0.00000000
      360     0.00116130     0.00000000
      361     0.00126592     0.00000000
      362     0.00131299     0.00000000
      363     0.00124731     0.00000000
      364     0.00098415     0.00000000
      365     0.00041983     0.00000000
      366     0.00000000     0.00000000
      367     0.00000000     0.00000000
      368     0.01082785     0.00000000
      369     0.11445269     0.00000000
      370     0.47473786     0.00000000
      371     0.41241536     0.00000000
      372     0.00000000     0.00000000
      373     0.00000000     0.00000000
      374     0.00000000     0.00000000
      375     0.00000000     0.01432013
      376     0.00000000     0.02233269
      377     0.00000000     0.02661907
      378     0.00000000     0.02797610
      379     0.00000000     0.02654657
      380     0.00000000     0.02233127
      381     0.00000000     0.01549273
      382     0.00000000     0.00659916
      383     0.00000000     0.00000000
      384     0.00000000     0.00000000
      385     0.00000000     0.00000000
      386     0.00000000     0.00000000
      387     0.00000000     0.00000000
      388     0.00000000     0.00000000
      389     0.00000000     0.00000000
      390     0.00000000     0.00046404
      391     0.00000000     0.00801197
      392     0.00000000     0.01168476
      393     0.00000000     0.01029262
      394     0.00000000     0.00480820
      395     0.00000000     0.00000000
      396     0.00000000     0.00000000
      397     0.00000000     0.00000000
      398     0.00000000     0.00000000
      399     0.00000000     0.00185256
      400     0.00000000     0.00391818
      401     0.00000000     0.00264033
      402     0.00000000     0.00000000
      403     0.00000000     0.00000000
      404     0.00000000     0.00000000
      405     0.00000000     0.00033086
      406     0.00000000     0.00193714
      407     0.00000000     0.00131698
      408     0.00000000     0.00000000
      409     0.00000000     0.00006423
      410     0.00000000     0.00004750
      411     0.00000000     0.00000000
      412     0.00000000     0.00000000
      413     0.00000000     0.00000000
      414     0.00000000     0.00004313
      415     0.00000000     0.00004582
      416     0.00000000     0.00000000
      417     0.00000000     0.00000000
      418     0.00000000     0.00000000
      419     0.00000000     0.00002405
      420     0.00000000     0.00003089
      421     0.00000000     0.00000000
      422     0.00000000     0.00000000
      423     0.00000000     0.00000000
      424     0.00000000     0.00001026
      425     0.00000000     0.00001583
      426     0.00000000     0.00000120
      427     0.00000000     0.00000000
      428     0.00000000     0.00000000
      429     0.00000000     0.00000220
      430     0.00000000     0.00000379
      431     0.00000000     0.00000055
      432     0.00000000     0.00000000
      433     0.00000000     0.00000122
      434     0.00000000     0.00000000
      435     0.00000000     0.00000000
      436     0.00000000     0.00000000
      437     0.00000000     0.00000384
      438     0.00000000     0.00000629
      439     0.00000000     0.00000010
      440     0.00000000     0.00000000
      441     0.00000000     0.00000000
      442     0.00000000     0.00000398
      443     0.00000000     0.00000791
      444     0.00000000     0.00000129
      445     0.00000000     0.00000000
      446     0.00000000     0.00000000
      447     0.00000000     0.00000246
      448     0.00000000     0.00000555
      449     0.00000000     0.00000107
      450     0.00000000     0.00000000
      451     0.00000000     0.00000000
      452     0.00000000     0.00000069
      453     0.00000000     0.00000081
      454     0.00000000     0.00000000
      455     0.00000000     0.00000076
      456     0.00000000     0.00000100
      457     0.00000000     0.00000000
      458     0.00000000     0.00000000
      459     0.00000000     0.00000007
      460     0.00000000     0.00000225
      461     0.00000000     0.00000097
      462     0.00000000     0.00000000
      463     0.00000000     0.00000000
      464     0.00000000     0.00000026
      465     0.00000000     0.00000010
      466     0.00000000     0.00000000
      467     0.00000000     0.00000117
      468     0.00000000     0.00000093
      469     0.00000000     0.00000000
      470     0.00000000     0.00000000
      471     0.00000000     0.00000135
      472     0.00000000     0.00000322
      473     0.00000000     0.00000000
      474     0.00000000     0.00000000
      475     0.00000000     0.00000000
      476     0.00000000     0.00000241
      477     0.00000000     0.00000138
      478     0.00000000     0.00000000
      479     0.00000000     0.00000000
      480     0.00000000     0.00000032
      481     0.00000000     0.00000020
      482     0.00000000     0.00000004
      483     0.00000000     0.00000097
      484     0.00000000     0.00000034
      485     0.00000000     0.00000000
      486     0.00000000     0.00000000
      487     0.00000000     0.00000245
      488     0.00000000     0.00000288
      489     0.00000000     0.00000000
      490     0.00000000     0.00000000
      491     0.00000000     0.00000074
      492     0.00000000     0.00000514
      493     0.00000000     0.00000127
      494     0.00000000     0.00000000
      495     0.00000000     0.00000000
      496     0.00000000     0.00000316
      497     0.00000000     0.00000412
      498     0.00000000     0.00000000
      499     0.00000000     0.00000000
      500     0.00000000     0.00000000
      501     0.00000000     0.00000094
      502     0.00000000     0.00000000
      503     0.00000000     0.00000089
      504     0.00000000     0.00000365
      505     0.00000000     0.00000064
      506     0.00000000     0.00000000
      507     0.00000000     0.00000000
      508     0.00000000     0.00000689
      509     0.00000000     0.00001367
      510     0.00000000     0.00000034
      511     0.00000000     0.00000000
      512     0.00000000     0.00000000
      513     0.00000000     0.00001398
      514     0.00000000     0.00002169
      515     0.00000000     0.00000000
      516     0.00000000     0.00000000
      517     0.00000000     0.00000000
      518     0.00000000     0.00002219
      519     0.00000000     0.00002629
      520     0.00000000     0.00000000
      521     0.00000000     0.00000000
      522     0.00000000     0.00000000
      523     0.00000000     0.00003273
      524     0.00000000     0.00002747
      525     0.00000000     0.00000000
      526     0.00000000     0.00000000
      527     0.00000000     0.00000000
      528     0.00000000     0.00004111
      529     0.00000000     0.00002404
      530     0.00000000     0.00000000
      531     0.00000000     0.00000000
      532     0.00000000     0.00000393
      533     0.00000000     0.00003973
      534     0.00000000     0.00001925
      535     0.00000000     0.00000000
      536     0.00000000     0.00000000
      537     0.00000000     0.00000079
      538     0.00000000     0.00002813
      539     0.00000000     0.00001588
      540     0.00000000     0.00000000
      541     0.00000000     0.00000000
      542     0.00000000     0.00000000
      543     0.00000000     0.00001304
      544     0.00000000     0.00001034
      545     0.00000000     0.00000000
      546     0.00000000     0.00000000
      547     0.00000000     0.00000000
      548     0.00000000     0.00000196
      549     0.00000000     0.00000104
      550     0.00000000     0.00000000
      551     0.00000000     0.00000306
      552     0.00000000     0.00000465
      553     0.00000000     0.00000000
      554     0.00000000     0.00000000
      555     0.00000000     0.00000000
      556     0.00000000     0.00000789
      557     0.00000000     0.00001316
      558     0.00000000     0.00000157
      559     0.00000000     0.00000000
      560     0.00000000     0.00000000
      561     0.00000000     0.00000408
      562     0.00000000     0.00001213
      563     0.00000000     0.00000447
      564     0.00000000     0.00000000
      565     0.00000000     0.00000000
      566     0.00000000     0.00000000
      567     0.00000000     0.00000356
      568     0.00000000     0.00000141
      569     0.00000000     0.00000000
      570     0.00000000     0.00000120
      571     0.00000000     0.00000088
      572     0.00000000     0.00000000
      573     0.00000000     0.00000000
      574     0.00000000     0.00000032
      575     0.00000000     0.00000447
      576     0.00000000     0.00000289
      577     0.00000000     0.00000000
      578     0.00000000     0.00000000
      579     0.00000000     0.00000000
      580     0.00000000     0.00000056
      581     0.00000000     0.00000000
      582     0.00000000     0.00000016
      583     0.00000000     0.00000322
      584     0.00000000     0.00000322
      585     0.00000000     0.00000000
      586     0.00000000     0.00000000
      587     0.00000000     0.00000000
      588     0.00000000     0.00000696
      589     0.00000000     0.00000966
      590     0.00000000     0.00000015
      591     0.00000000     0.00000000
      592     0.00000000     0.00000000
      593     0.00000000     0.00000404
      594     0.00000000     0.00001203
      595     0.00000000     0.00000547
      596     0.00000000     0.00000000
      597     0.00000000     0.00000000
      598     0.00000000     0.00000000
      599     0.00000000     0.00000741
      600     0.00000000     0.00000654
      601     0.00000000     0.00000000
      602     0.00000000     0.00000000
      603     0.00000000     0.00000000
      604     0.00000000     0.00000119
      605     0.00000000     0.00000154
      606     0.00000000     0.00000013
      607     0.00000000     0.00000054
      608     0.00000000     0.00000170
      609     0.00000000     0.00000031
      610     0.00000000     0.00000000
      611     0.00000000     0.00000000
      612     0.00000000     0.00000070
      613     0.00000000     0.00000367
      614     0.00000000     0.00000217
      615     0.00000000     0.00000000
      616     0.00000000     0.00000000
      617     0.00000000     0.00000000
      618     0.00000000     0.00000073
      619     0.00000000     0.00000011
      620     0.00000000     0.00000001
      621     0.00000000     0.00000171
      622     0.00000000     0.00000213
      623     0.00000000     0.00000000
      624     0.00000000     0.00000000
      625     0.00000000     0.00000000
      626     0.00000000     0.00000502
      627     0.00000000     0.00000794
      628     0.00000000     0.00000033
      629     0.00000000     0.00000000
      630     0.00000000     0.00000000
      631     0.00000000     0.00000501
      632     0.00000000     0.00001254
      633     0.00000000     0.00000382
      634     0.00000000     0.00000000
      635     0.00000000     0.00000000
      636     0.00000000     0.00000273
      637     0.00000000     0.00001199
      638     0.00000000     0.00000491
      639     0.00000000     0.00000000
      640     0.00000000     0.00000000
      641     0.00000000     0.00000133
      642     0.00000000     0.00000790
      643     0.00000000     0.00000305
      644     0.00000000     0.00000000
      645     0.00000000     0.00000000
      646     0.00000000     0.00000071
      647     0.00000000     0.00000230
      648     0.00000000     0.00000038
      649     0.00000000     0.00000011
      650     0.00000000     0.00000111
      651     0.00000000     0.00000000
      652     0.00000000     0.00000000
      653     0.00000000     0.00000000
      654     0.00000000     0.00000533
      655     0.00000000     0.00000478
      656     0.00000000     0.00000000
      657     0.00000000     0.00000000
      658     0.00000000     0.00000000
      659     0.00000000     0.00000956
      660     0.00000000     0.00000571
      661     0.00000000     0.00000000
      662     0.00000000     0.00000000
      663     0.00000000     0.00000147
      664     0.00000000     0.00001093
      665     0.00000000     0.00000486
      666     0.00000000     0.00000000
      667     0.00000000     0.00000000
      668     0.00000000     0.00000205
      669     0.00000000     0.00001005
      670     0.00000000     0.00000401
      671     0.00000000     0.00000000
      672     0.00000000     0.00000000
      673     0.00000000     0.00000143
      674     0.00000000     0.00000736
      675     0.00000000     0.00000299
      676     0.00000000     0.00000000
      677     0.00000000     0.00000000
      678     0.00000000     0.00000025
      679     0.00000000     0.00000200
      680     0.00000000     0.00000039
      681     0.00000000     0.00000044
      682     0.00000000     0.00000216
      683     0.00000000     0.00000025
      684     0.00000000     0.00000000
      685     0.00000000     0.00000000
      686     0.00000000     0.00000407
      687     0.00000000     0.00000993
      688     0.00000000     0.00000241
      689     0.00000000     0.00000000
      690     0.00000000     0.00000000
      691     0.00000000     0.00000527
      692     0.00000000     0.00001641
      693     0.00000000     0.00000592
      694     0.00000000     0.00000000
      695     0.00000000     0.00000000
      696     0.00000000     0.00000416
      697     0.00000000     0.00002002
      698     0.00000000     0.00000941
      699     0.00000000     0.00000000
      700     0.00000000     0.00000000
      701     0.00000000     0.00000183
      702     0.00000000     0.00002081
      703     0.00000000     0.00001198
      704     0.00000000     0.00000000
      705     0.00000000     0.00000000
      706     0.00000000     0.00000000
      707     0.00000000     0.00001866
      708     0.00000000     0.00001260
      709     0.00000000     0.00000000
      710     0.00000000     0.00000000
      711     0.00000000     0.00000000
      712     0.00000000     0.00001518
      713     0.00000000     0.00001105
      714     0.00000000     0.00000000
      715     0.00000000     0.00000000
      716     0.00000000     0.00000000
      717     0.00000000     0.00001363
      718     0.00000000     0.00000787
      719     0.00000000     0.00000000
      720     0.00000000     0.00000000
      721     0.00000000     0.00000293
      722     0.00000000     0.00001089
      723     0.00000000     0.00000142
      724     0.00000000     0.00000000
      725     0.00000000     0.00000000
      726     0.00000000     0.00000379
      727     0.00000000     0.00000211
      728     0.00000000     0.00000000
      729     0.00000000     0.00000128
      730     0.00000000     0.00000000
      731     0.00000000     0.00000000
      732     0.00000000     0.00000219
      733     0.00000000     0.00000994
      734     0.00000000     0.00000000
      735     0.00000000     0.00000000
      736     0.00000000     0.00000146
      737     0.00000000     0.00000986
      738     0.00000000     0.00000000
      739     0.00000000     0.00000000
      740     0.00000000     0.00000000
      741     0.00000000     0.00000000
      742     0.00000000     0.00000285
      743     0.00000000     0.00000870
      744     0.00000000     0.00000000
      745     0.00000000     0.00000000
      746     0.00000000     0.00000089
      747     0.00000000     0.00000000
      748     0.00000000     0.00000352
      749     0.00000000     0.00000662
      750     0.00000000     0.00000000
      751     0.00000000     0.00000000
      752     0.00000000     0.00001424
      753     0.00000000     0.00001478
      754     0.00000000     0.00000000
      755     0.00000000     0.00000000
      756     0.00000000     0.00002738
      757     0.00000000     0.00002285
      758     0.00000000     0.00000000
      759     0.00000000     0.00000000
      760     0.00000000     0.00003057
      761     0.00000000     0.00002078
      762     0.00000000     0.00000000
      763     0.00000000     0.00000000
      764     0.00000000     0.00001654
      765     0.00000000     0.00001041
      766     0.00000000     0.00000000
      767     0.00000000     0.00000000
      768     0.00000000     0.00000490
      769     0.00000000     0.00000329
      770     0.00000000     0.00000000
      771     0.00000000     0.00000000
      772     0.00000000     0.00000135
      773     0.00000000     0.00000163
      774     0.00000000     0.00000000
      775     0.00000000     0.00000000
      776     0.00000000     0.00000135
      777     0.00000000     0.00000297
      778     0.00000000     0.00000000
      779     0.00000000     0.00000000
      780     0.00000000     0.00000073
      781     0.00000000     0.00000325
      782     0.00000000     0.00000000
      783     0.00000000     0.00000000
      784     0.00000000     0.00000000
      785     0.00000000     0.00000000
      786     0.00000000     0.00000000
      787     0.00000000     0.00000279
      788     0.00000000     0.00000194
      789     0.00000000     0.00000000
      790     0.00000000     0.00000000
      791     0.00000000     0.00000442
      792     0.00000000     0.00000423
      793     0.00000000     0.00000000
      794     0.00000000     0.00000000
      795     0.00000000     0.00000280
      796     0.00000000     0.00000450
      797     0.00000000     0.00000000
      798     0.00000000     0.00000000
      799     0.00000000     0.00000539
      800     0.00000000     0.00001186
      801     0.00000000     0.00000000
      802     0.00000000     0.00000000
      803     0.00000000     0.00001375
      804     0.00000000     0.00001670
      805     0.00000000     0.00000000
      806     0.00000000     0.00000000
      807     0.00000000     0.00001988
      808     0.00000000     0.00000766
      809     0.00000000     0.00000000
      810     0.00000000     0.00000000
      811     0.00000000     0.00001775
      812     0.00000000     0.00000000
      813     0.00000000     0.00000000
      814     0.00000000     0.00000753
      815     0.00000000     0.00000920
      816     0.00000000     0.00000000
      817     0.00000000     0.00000000
      818     0.00000000     0.00000904
      819     0.00000000     0.00000106
      820     0.00000000     0.00000000
      821     0.00000000     0.00000152
      822     0.00000000     0.00000682
      823     0.00000000     0.00000000
      824     0.00000000     0.00000000
      825     0.00000000     0.00000712
      826     0.00000000     0.00000708
      827     0.00000000     0.00000000
      828     0.00000000     0.00000000
      829     0.00000000     0.00002463
      830     0.00000000     0.00000452
      831     0.00000000     0.00000000
      832     0.00000000     0.00000062
      833     0.00000000     0.00002178
      834     0.00000000     0.00000000
      835     0.00000000     0.00000000
      836     0.00000000     0.00000156
      837     0.00000000     0.00000214
      838     0.00000000     0.00000029
      839     0.00000000     0.00000331
      840     0.00000000     0.00000000
      841     0.00000000     0.00000000
      842     0.00000000     0.00000241
      843     0.00000000     0.00001115
      844     0.00000000     0.00000000
      845     0.00000000     0.00000000
      846     0.00000000     0.00000000
      847     0.00000000     0.00001835
      848     0.00000000     0.00000682
      849     0.00000000     0.00000000
      850     0.00000000     0.00000000
      851     0.00000000     0.00001762
      852     0.00000000     0.00002288
      853     0.00000000     0.00000000
      854     0.00000000     0.00000000
      855     0.00000000     0.00000000
      856     0.00000000     0.00002639
      857     0.00000000     0.00001539
      858     0.00000000     0.00000000
      859     0.00000000     0.00000000
      860     0.00000000     0.00000244
      861     0.00000000     0.00002000
      862     0.00000000     0.00000832
      863     0.00000000     0.00000000
      864     0.00000000     0.00000000
      865     0.00000000     0.00000032
      866     0.00000000     0.00000730
      867     0.00000000     0.00000316
      868     0.00000000     0.00000000
      869     0.00000000     0.00000000
      870     0.00000000     0.00000044
      871     0.00000000     0.00000000
      872     0.00000000     0.00000000
      873     0.00000000     0.00000062
      874     0.00000000     0.00000755
      875     0.00000000     0.00000633
      876     0.00000000     0.00000000
      877     0.00000000     0.00000000
      878     0.00000000     0.00000000
      879     0.00000000     0.00000685
      880     0.00000000     0.00001125
      881     0.00000000     0.00000260
      882     0.00000000     0.00000000
      883     0.00000000     0.00000000
      884     0.00000000     0.00000034
      885     0.00000000     0.00001009
      886     0.00000000     0.00000792
      887     0.00000000     0.00000000
      888     0.00000000     0.00000000
      889     0.00000000     0.00000000
      890     0.00000000     0.00000524
      891     0.00000000     0.00000886
      892     0.00000000     0.00000200
      893     0.00000000     0.00000000
      894     0.00000000     0.00000000
      895     0.00000000     0.00000102
      896     0.00000000     0.00000801
      897     0.00000000     0.00000519
      898     0.00000000     0.00000000
      899     0.00000000     0.00000000
      900     0.00000000     0.00000000
      901     0.00000000     0.00000800
      902     0.00000000     0.00000802
      903     0.00000000     0.00000000
      904     0.00000000     0.00000000
      905     0.00000000     0.00000000
      906     0.00000000     0.00000669
      907     0.00000000     0.00000793
      908     0.00000000     0.00000000
      909     0.00000000     0.00000000
      910     0.00000000     0.00000000
      911     0.00000000     0.00000368
      912     0.00000000     0.00000397
      913     0.00000000     0.00000000
      914     0.00000000     0.00000000
      915     0.00000000     0.00000000
      916     0.00000000     0.00000013
      917     0.00000000     0.00000000
      918     0.00000000     0.00000049
      919     0.00000000     0.00000247
      920     0.00000000     0.00000078
      921     0.00000000     0.00000000
      922     0.00000000     0.00000000
      923     0.00000000     0.00000243
      924     0.00000000     0.00000477
      925     0.00000000     0.00000000
      926     0.00000000     0.00000000
      927     0.00000000     0.00000000
      928     0.00000000     0.00000399
      929     0.00000000     0.00000471
      930     0.00000000     0.00000000
      931     0.00000000     0.00000000
      932     0.00000000     0.00000000
      933     0.00000000     0.00000485
      934     0.00000000     0.00000469
      935     0.00000000     0.00000000
      936     0.00000000     0.00000000
      937     0.00000000     0.00000000
      938     0.00000000     0.00000634
      939     0.00000000     0.00000671
      940     0.00000000     0.00000000
      941     0.00000000     0.00000000
      942     0.00000000     0.00000000
      943     0.00000000     0.00000673
      944     0.00000000     0.00000997
      945     0.00000000     0.00000086
      946     0.00000000     0.00000000
      947     0.00000000     0.00000000
      948     0.00000000     0.00000237
      949     0.00000000     0.00001007
      950     0.00000000     0.00000610
      951     0.00000000     0.00000000
      952     0.00000000     0.00000000
      953     0.00000000     0.00000000
      954     0.00000000     0.00000478
      955     0.00000000     0.00000795
      956     0.00000000     0.00000271
      957     0.00000000     0.00000000
      958     0.00000000     0.00000000
      959     0.00000000     0.00000000
      960     0.00000000     0.00000437
      961     0.00000000     0.00000560
      962     0.00000000     0.00000118
      963     0.00000000     0.00000000
      964     0.00000000     0.00000000
      965     0.00000000     0.00000000
      966     0.00000000     0.00000330
      967     0.00000000     0.00000358
      968     0.00000000     0.00000029
      969     0.00000000     0.00000000
      970     0.00000000     0.00000000
      971     0.00000000     0.00000004
      972     0.00000000     0.00000288
      973     0.00000000     0.00000264
      974     0.00000000     0.00000000
      975     0.00000000     0.00000000
      976     0.00000000     0.00000000
      977     0.00000000     0.00000086
      978     0.00000000     0.00000354
      979     0.00000000     0.00000249
      980     0.00000000     0.00000000
      981     0.00000000     0.00000000
      982     0.00000000     0.00000000
      983     0.00000000     0.00000191
      984     0.00000000     0.00000375
      985     0.00000000     0.00000148
      986     0.00000000     0.00000000
      987     0.00000000     0.00000000
      988     0.00000000     0.00000000
      989     0.00000000     0.00000029
      990     0.00000000     0.00000000
      991     0.00000000     0.00000000
      992     0.00000000     0.00000237
      993     0.00000000     0.00000357
      994     0.00000000     0.00000000
      995     0.00000000     0.00000000
      996     0.00000000     0.00000000
      997     0.00000000     0.00000164
      998     0.00000000     0.00000770
      999     0.00000000     0.00000521
     1000     0.00000000     0.00000000
     1001     0.00000000     0.00000000
     1002     0.00000000     0.00000000
     1003     0.00000000     0.00000492
     1004     0.00000000     0.00000701
     1005     0.00000000     0.00000114
     1006     0.00000000     0.00000000
     1007     0.00000000     0.00000000
     1008     0.00000000     0.00000030
     1009     0.00000000     0.00000246
     1010     0.00000000     0.00000105
     1011     0.00000000     0.00000000
     1012     0.00000000     0.00000039
     1013     0.00000000     0.00000051
     1014     0.00000000     0.00000000
     1015     0.00000000     0.00000000
     1016     0.00000000     0.00000000
     1017     0.00000000     0.00000135
     1018     0.00000000     0.00000081
     1019     0.00000000     0.00000000
     1020     0.00000000     0.00000096
     1021     0.00000000     0.00000137
     1022     0.00000000     0.00000000
     1023     0.00000000     0.00000000
     1024     0.00000000     0.00000000
     1025     0.00000000     0.00000594
     1026     0.00000000     0.00000860
     1027     0.00000000     0.00000026
     1028     0.00000000     0.00000000
     1029     0.00000000     0.00000000
     1030     0.00000000     0.00000410
     1031     0.00000000     0.00001461
     1032     0.00000000     0.00000831
     1033     0.00000000     0.00000000
     1034     0.00000000     0.00000000
     1035     0.00000000     0.00000000
     1036     0.00000000     0.00001261
     1037     0.00000000     0.00001490
     1038     0.00000000     0.00000004
     1039     0.00000000     0.00000000
     1040     0.00000000     0.00000000
     1041     0.00000000     0.00000294
     1042     0.00000000     0.00001071
     1043     0.00000000     0.00000528
     1044     0.00000000     0.00000000
     1045     0.00000000     0.00000000
     1046     0.00000000     0.00000000
     1047     0.00000000     0.00000197
     1048     0.00000000     0.00000101
     1049     0.00000000     0.00000000
     1050     0.00000000     0.00000199
     1051     0.00000000     0.00000284
     1052     0.00000000     0.00000000
     1053     0.00000000     0.00000000
     1054     0.00000000     0.00000000
     1055     0.00000000     0.00000694
     1056     0.00000000     0.00001078
     1057     0.00000000     0.00000035
     1058     0.00000000     0.00000000
     1059     0.00000000     0.00000000
     1060     0.00000000     0.00000553
     1061     0.00000000     0.00001220
     1062     0.00000000     0.00000295
     1063     0.00000000     0.00000000
     1064     0.00000000     0.00000000
     1065     0.00000000     0.00000143
     1066     0.00000000     0.00000516
     1067     0.00000000     0.00000170
     1068     0.00000000     0.00000000
     1069     0.00000000     0.00000000
     1070     0.00000000     0.00000005
     1071     0.00000000     0.00000026
     1072     0.00000000     0.00000000
     1073     0.00000000     0.00000013
     1074     0.00000000     0.00000021
     1075     0.00000000     0.00000000
     1076     0.00000000     0.00000023
     1077     0.00000000     0.00000045
     1078     0.00000000     0.00000000
     1079     0.00000000     0.00000000
     1080     0.00000000     0.00000000
     1081     0.00000000     0.00000202
     1082     0.00000000     0.00000231
     1083     0.00000000     0.00000000
     1084     0.00000000     0.00000000
     1085     0.00000000     0.00000000
     1086     0.00000000     0.00000157
     1087     0.00000000     0.00000132
     1088     0.00000000     0.00000000
     1089     0.00000000     0.00000133
     1090     0.00000000     0.00000215
     1091     0.00000000     0.00000000
     1092     0.00000000     0.00000000
     1093     0.00000000     0.00000000
     1094     0.00000000     0.00001097
     1095     0.00000000     0.00001225
     1096     0.00000000     0.00000000
     1097     0.00000000     0.00000000
     1098     0.00000000     0.00000000
     1099     0.00000000     0.00001407
     1100     0.00000000     0.00002033
     1101     0.00000000     0.00000057
     1102     0.00000000     0.00000000
     1103     0.00000000     0.00000000
     1104     0.00000000     0.00000851
     1105     0.00000000     0.00002107
     1106     0.00000000     0.00000706
     1107     0.00000000     0.00000000
     1108     0.00000000     0.00000000
     1109     0.00000000     0.00000177
     1110     0.00000000     0.00002020
     1111     0.00000000     0.00001346
     1112     0.00000000     0.00000000
     1113     0.00000000     0.00000000
     1114     0.00000000     0.00000000
     1115     0.00000000     0.00002002
     1116     0.00000000     0.00001936
     1117     0.00000000     0.00000000
     1118     0.00000000     0.00000000
     1119     0.00000000     0.00000000
     1120     0.00000000     0.00001548
     1121     0.00000000     0.00001753
     1122     0.00000000     0.00000000
     1123     0.00000000     0.00000000
     1124     0.00000000     0.00000000
     1125     0.00000000     0.00000662
     1126     0.00000000     0.00000570
     1127     0.00000000     0.00000000
     1128     0.00000000     0.00000041
     1129     0.00000000     0.00000166
     1130     0.00000000     0.00000000
     1131     0.00000000     0.00000000
     1132     0.00000000     0.00000567
     1133     0.00000000     0.00001731
     1134     0.00000000     0.00000251
     1135     0.00000000     0.00000000
     1136     0.00000000     0.00000000
     1137     0.00000000     0.00001857
     1138     0.00000000     0.00002311
     1139     0.00000000     0.00000000
     1140     0.00000000     0.00000000
     1141     0.00000000     0.00000000
     1142     0.00000000     0.00002829
     1143     0.00000000     0.00001168
     1144     0.00000000     0.00000000
     1145     0.00000000     0.00000000
     1146     0.00000000     0.00001483
     1147     0.00000000     0.00002337
     1148     0.00000000     0.00000000
     1149     0.00000000     0.00000000
     1150     0.00000000     0.00000000
     1151     0.00000000     0.00001924
     1152     0.00000000     0.00000822
     1153     0.00000000     0.00000000
     1154     0.00000000     0.00000000
     1155     0.00000000     0.00000693
     1156     0.00000000     0.00000996
     1157     0.00000000     0.00000000
     1158     0.00000000     0.00000000
     1159     0.00000000     0.00000000
     1160     0.00000000     0.00000324
     1161     0.00000000     0.00000080
     1162     0.00000000     0.00000000
     1163     0.00000000     0.00000054
     1164     0.00000000     0.00000000
     1165     0.00000000     0.00000000
     1166     0.00000000     0.00000080
     1167     0.00000000     0.00000426
     1168     0.00000000     0.00000074
     1169     0.00000000     0.00000000
     1170     0.00000000     0.00000000
     1171     0.00000000     0.00000504
     1172     0.00000000     0.00000577
     1173     0.00000000     0.00000000
     1174     0.00000000     0.00000000
     1175     0.00000000     0.00000036
     1176     0.00000000     0.00000916
     1177     0.00000000     0.00000375
     1178     0.00000000     0.00000000
     1179     0.00000000     0.00000000
     1180     0.00000000     0.00000543
     1181     0.00000000     0.00001103
     1182     0.00000000     0.00000000
     1183     0.00000000     0.00000000
     1184     0.00000000     0.00000000
     1185     0.00000000     0.00001001
     1186     0.00000000     0.00001090
     1187     0.00000000     0.00000000
     1188     0.00000000     0.00000000
     1189     0.00000000     0.00000000
     1190     0.00000000     0.00001323
     1191     0.00000000     0.00001026
     1192     0.00000000     0.00000000
     1193     0.00000000     0.00000000
     1194     0.00000000     0.00000000
     1195     0.00000000     0.00001459
     1196     0.00000000     0.00001048
     1197     0.00000000     0.00000000
     1198     0.00000000     0.00000000
     1199     0.00000000     0.00000000
     1200     0.00000000     0.00001316
     1201     0.00000000     0.00001133
     1202     0.00000000     0.00000000
     1203     0.00000000     0.00000000
     1204     0.00000000     0.00000000
     1205     0.00000000     0.00000773
     1206     0.00000000     0.00000981
     1207     0.00000000     0.00000040
     1208     0.00000000     0.00000000
     1209     0.00000000     0.00000000
     1210     0.00000000     0.00000141
     1211     0.00000000     0.00000381
     1212     0.00000000     0.00000119
     1213     0.00000000     0.00000000
     1214     0.00000000     0.00000117
     1215     0.00000000     0.00000087
     1216     0.00000000     0.00000000
     1217     0.00000000     0.00000000
     1218     0.00000000     0.00000046
     1219     0.00000000     0.00001040
     1220     0.00000000     0.00000966
     1221     0.00000000     0.00000000
     1222     0.00000000     0.00000000
     1223     0.00000000     0.00000000
     1224     0.00000000     0.00001027
     1225     0.00000000     0.00001630
     1226     0.00000000     0.00000253
     1227     0.00000000     0.00000000
     1228     0.00000000     0.00000000
     1229     0.00000000     0.00000198
     1230     0.00000000     0.00000868
     1231     0.00000000     0.00000352
     1232     0.00000000     0.00000000
     1233     0.00000000     0.00000000
     1234     0.00000000     0.00000000
     1235     0.00000000     0.00000000
     1236     0.00000000     0.00000000
     1237     0.00000000     0.00000025
     1238     0.00000000     0.00000046
     1239     0.00000000     0.00000000
     1240     0.00000000     0.00000159
     1241     0.00000000     0.00000456
     1242     0.00000000     0.00000079
     1243     0.00000000     0.00000000
     1244     0.00000000     0.00000000
     1245     0.00000000     0.00000620
     1246     0.00000000     0.00001778
     1247     0.00000000     0.00000623
     1248     0.00000000     0.00000000
     1249     0.00000000     0.00000000
     1250     0.00000000     0.00000574
