#    Non-Adiabatic Coupling Matrix Eliments: off-diagonal
         0    -0.00039598
         1     0.00032145
         2     0.00025060
         3     0.00018360
         4     0.00012041
         5     0.00006086
         6     0.00000467
         7    -0.00004853
         8    -0.00009920
         9    -0.00014784
        10    -0.00019504
        11    -0.00024141
        12    -0.00028766
        13    -0.00033449
        14    -0.00038268
        15    -0.00043315
        16    -0.00048681
        17    -0.00054471
        18    -0.00060785
        19    -0.00067707
        20    -0.00075304
        21    -0.00083620
        22    -0.00092582
        23    -0.00102066
        24    -0.00111826
        25    -0.00121514
        26    -0.00130695
        27    -0.00138898
        28    -0.00145732
        29    -0.00150889
        30    -0.00154245
        31    -0.00155804
        32    -0.00155735
        33    -0.00154280
        34    -0.00151718
        35    -0.00148314
        36    -0.00144302
        37    -0.00139863
        38    -0.00135129
        39    -0.00130179
        40    -0.00125051
        41    -0.00119746
        42    -0.00114239
        43    -0.00108460
        44    -0.00102389
        45    -0.00095938
        46    -0.00089049
        47    -0.00081682
        48    -0.00073829
        49    -0.00065516
        50    -0.00056814
        51    -0.00047839
        52    -0.00038752
        53    -0.00029748
        54    -0.00021053
        55    -0.00012903
        56    -0.00005540
        57     0.00000811
        58     0.00005957
        59     0.00009745
        60     0.00012097
        61     0.00013000
        62     0.00012522
        63     0.00010797
        64     0.00008023
        65     0.00004439
        66     0.00000326
        67    -0.00004022
        68    -0.00008316
        69    -0.00012295
        70    -0.00015740
        71    -0.00018477
        72    -0.00020389
        73    -0.00021411
        74    -0.00021538
        75    -0.00020809
        76    -0.00019293
        77    -0.00017083
        78    -0.00014275
        79    -0.00010968
        80    -0.00007252
        81    -0.00003210
        82     0.00001085
        83     0.00005570
        84     0.00010192
        85     0.00014904
        86     0.00019664
        87     0.00024434
        88     0.00029178
        89     0.00033859
        90     0.00038440
        91     0.00042858
        92     0.00047077
        93     0.00051017
        94     0.00054599
        95     0.00057724
        96     0.00060284
        97     0.00062170
        98     0.00063278
        99     0.00063528
       100     0.00062871
       101     0.00061302
       102     0.00058861
       103     0.00055624
       104     0.00051705
       105     0.00047239
       106     0.00042378
       107     0.00037280
       108     0.00032092
       109     0.00026950
       110     0.00021975
       111     0.00017272
       112     0.00012923
       113     0.00008996
       114     0.00005537
       115     0.00002577
       116     0.00000120
       117    -0.00001831
       118    -0.00003284
       119    -0.00004249
       120    -0.00004753
       121    -0.00004810
       122    -0.00004439
       123    -0.00003660
       124    -0.00002482
       125    -0.00000926
       126     0.00000992
       127     0.00003248
       128     0.00005818
       129     0.00008647
       130     0.00011688
       131     0.00014872
       132     0.00018109
       133     0.00021294
       134     0.00024313
       135     0.00027016
       136     0.00029276
       137     0.00030918
       138     0.00031932
       139     0.00032212
       140     0.00031739
       141     0.00030545
       142     0.00028710
       143     0.00026344
       144     0.00023576
       145     0.00020538
       146     0.00017348
       147     0.00014098
       148     0.00010847
       149     0.00007622
       150     0.00004424
       151     0.00001233
       152    -0.00001978
       153    -0.00005240
       154    -0.00008574
       155    -0.00011989
       156    -0.00015476
       157    -0.00019006
       158    -0.00022534
       159    -0.00025997
       160    -0.00029288
       161    -0.00032406
       162    -0.00035238
       163    -0.00037714
       164    -0.00039779
       165    -0.00041390
       166    -0.00042519
       167    -0.00043159
       168    -0.00043319
       169    -0.00043024
       170    -0.00042313
       171    -0.00041254
       172    -0.00039909
       173    -0.00038354
       174    -0.00036661
       175    -0.00034944
       176    -0.00033279
       177    -0.00031751
       178    -0.00030433
       179    -0.00029387
       180    -0.00028653
       181    -0.00028244
       182    -0.00028162
       183    -0.00028383
       184    -0.00028866
       185    -0.00029559
       186    -0.00030403
       187    -0.00031337
       188    -0.00032302
       189    -0.00033240
       190    -0.00034091
       191    -0.00034790
       192    -0.00035295
       193    -0.00035537
       194    -0.00035467
       195    -0.00035038
       196    -0.00034212
       197    -0.00032957
       198    -0.00031256
       199    -0.00029097
       200    -0.00026464
       201    -0.00023389
       202    -0.00019892
       203    -0.00016010
       204    -0.00011750
       205    -0.00007210
       206    -0.00002444
       207     0.00002459
       208     0.00007398
       209     0.00012233
       210     0.00016875
       211     0.00021159
       212     0.00024932
       213     0.00028040
       214     0.00030341
       215     0.00031709
       216     0.00032058
       217     0.00031302
       218     0.00029538
       219     0.00026801
       220     0.00023224
       221     0.00018989
       222     0.00014310
       223     0.00009425
       224     0.00004578
       225     0.00000009
       226    -0.00004059
       227    -0.00007434
       228    -0.00009955
       229    -0.00011499
       230    -0.00011985
       231    -0.00011374
       232    -0.00009685
       233    -0.00006978
       234    -0.00003352
       235     0.00001064
       236     0.00006122
       237     0.00011661
       238     0.00017524
       239     0.00023560
       240     0.00029637
       241     0.00035625
       242     0.00041457
       243     0.00047026
       244     0.00052275
       245     0.00057150
       246     0.00061608
       247     0.00065604
       248     0.00069096
       249     0.00072038
       250     0.00074379
       251     0.00076052
       252     0.00077007
       253     0.00077176
       254     0.00076474
       255     0.00074847
       256     0.00072248
       257     0.00068653
       258     0.00064074
       259     0.00058540
       260     0.00052139
       261     0.00044990
       262     0.00037249
       263     0.00029101
       264     0.00020749
       265     0.00012401
       266     0.00004259
       267    -0.00003512
       268    -0.00010712
       269    -0.00017233
       270    -0.00022983
       271    -0.00027894
       272    -0.00031915
       273    -0.00035052
       274    -0.00037279
       275    -0.00038590
       276    -0.00038986
       277    -0.00038477
       278    -0.00037079
       279    -0.00034834
       280    -0.00031772
       281    -0.00027974
       282    -0.00023525
       283    -0.00018530
       284    -0.00013109
       285    -0.00007395
       286    -0.00001513
       287     0.00004350
       288     0.00010052
       289     0.00015424
       290     0.00020296
       291     0.00024496
       292     0.00027859
       293     0.00030234
       294     0.00031492
       295     0.00031535
       296     0.00030300
       297     0.00027764
       298     0.00023942
       299     0.00018883
       300     0.00012666
       301     0.00005383
       302    -0.00002864
       303    -0.00011970
       304    -0.00021841
       305    -0.00032396
       306    -0.00043561
       307    -0.00055276
       308    -0.00067486
       309    -0.00080131
       310    -0.00093165
       311    -0.00106484
       312    -0.00120010
       313    -0.00133630
       314    -0.00147210
       315    -0.00160572
       316    -0.00173565
       317    -0.00185961
       318    -0.00197527
       319    -0.00208012
       320    -0.00217168
       321    -0.00224751
       322    -0.00230544
       323    -0.00234371
       324    -0.00236137
       325    -0.00235756
       326    -0.00233272
       327    -0.00228781
       328    -0.00222437
       329    -0.00214441
       330    -0.00205023
       331    -0.00194430
       332    -0.00182925
       333    -0.00170677
       334    -0.00157926
       335    -0.00144847
       336    -0.00131576
       337    -0.00118191
       338    -0.00104677
       339    -0.00090856
       340    -0.00076272
       341    -0.00059931
       342    -0.00039677
       343    -0.00010535
       344     0.00040602
       345     0.00157425
       346     0.00564065
       347     0.04506635
       348    -0.03990697
       349    -0.00515462
       350    -0.00133769
       351    -0.00022752
       352     0.00024701
       353     0.00049751
       354     0.00064836
       355     0.00074715
       356     0.00081530
       357     0.00086384
       358     0.00089915
       359     0.00092545
       360     0.00094578
       361     0.00096251
       362     0.00097668
       363     0.00099155
       364     0.00100743
       365     0.00102515
       366     0.00104523
       367     0.00106779
       368     0.00109269
       369     0.00111942
       370     0.00114726
       371     0.00117525
       372     0.00120235
       373     0.00122753
       374     0.00125100
       375     0.00127024
       376     0.00128632
       377     0.00129991
       378     0.00131244
       379     0.00132614
       380     0.00134418
       381     0.00137056
       382     0.00141031
       383     0.00146964
       384     0.00155619
       385     0.00167938
       386     0.00185091
       387     0.00208507
       388     0.00239902
       389     0.00281194
       390     0.00334270
       391     0.00400307
       392     0.00478731
       393     0.00564702
       394     0.00647257
       395     0.00709272
       396     0.00732927
       397     0.00709588
       398     0.00645724
       399     0.00558314
       400     0.00464941
       401     0.00377485
       402     0.00301447
       403     0.00238030
       404     0.00186000
       405     0.00144010
       406     0.00109897
       407     0.00081952
       408     0.00058761
       409     0.00039212
       410     0.00022513
       411     0.00007901
       412    -0.00004975
       413    -0.00016343
       414    -0.00026558
       415    -0.00035481
       416    -0.00043139
       417    -0.00049644
       418    -0.00054902
       419    -0.00058867
       420    -0.00061600
       421    -0.00063208
       422    -0.00063887
       423    -0.00063903
       424    -0.00063603
       425    -0.00063417
       426    -0.00063870
       427    -0.00065577
       428    -0.00069227
       429    -0.00075690
       430    -0.00085954
       431    -0.00101299
       432    -0.00123418
       433    -0.00154609
       434    -0.00198112
       435    -0.00258600
       436    -0.00342665
       437    -0.00459192
       438    -0.00618113
       439    -0.00821828
       440    -0.01045419
       441    -0.01298892
       442    -0.01179956
       443    -0.00938749
       444    -0.00693286
       445    -0.00496081
       446    -0.00350988
       447    -0.00246832
       448    -0.00172021
       449    -0.00117627
       450    -0.00077614
       451    -0.00047851
       452    -0.00025513
       453    -0.00008550
       454     0.00004306
       455     0.00014183
       456     0.00021894
       457     0.00028089
       458     0.00033311
       459     0.00038034
       460     0.00042643
       461     0.00047594
       462     0.00053211
       463     0.00059812
       464     0.00067684
       465     0.00077086
       466     0.00088256
       467     0.00101393
       468     0.00116644
       469     0.00134106
       470     0.00153819
       471     0.00175725
       472     0.00199661
       473     0.00225024
       474     0.00250479
       475     0.00273482
       476     0.00290078
       477     0.00295485
       478     0.00285634
       479     0.00259848
       480     0.00223173
       481     0.00183588
       482     0.00147201
       483     0.00116390
       484     0.00091456
       485     0.00071763
       486     0.00056532
       487     0.00045287
       488     0.00038738
       489     0.00043970
       490     0.00037445
       491    -0.00011520
       492    -0.00050568
       493    -0.00079050
       494    -0.00092430
       495    -0.00090233
       496    -0.00079644
       497    -0.00070556
       498    -0.00067180
       499    -0.00068948
       500    -0.00074383
       501    -0.00082519
       502    -0.00092872
       503    -0.00105204
       504    -0.00119371
       505    -0.00135091
       506    -0.00151850
       507    -0.00168668
       508    -0.00184066
       509    -0.00196216
       510    -0.00203411
       511    -0.00204709
       512    -0.00200126
       513    -0.00190559
       514    -0.00177237
       515    -0.00161505
       516    -0.00144430
       517    -0.00126829
       518    -0.00109282
       519    -0.00092189
       520    -0.00075819
       521    -0.00060355
       522    -0.00045914
       523    -0.00032586
       524    -0.00020363
       525    -0.00009287
       526     0.00000686
       527     0.00009605
       528     0.00017549
       529     0.00024616
       530     0.00030927
       531     0.00036574
       532     0.00041769
       533     0.00046623
       534     0.00051275
       535     0.00055845
       536     0.00060433
       537     0.00065133
       538     0.00069966
       539     0.00074981
       540     0.00080202
       541     0.00085661
       542     0.00091399
       543     0.00097475
       544     0.00103950
       545     0.00110872
       546     0.00118255
       547     0.00126054
       548     0.00134137
       549     0.00142214
       550     0.00149841
       551     0.00156400
       552     0.00161113
       553     0.00163093
       554     0.00161492
       555     0.00155802
       556     0.00146160
       557     0.00133413
       558     0.00118850
       559     0.00103770
       560     0.00089181
       561     0.00075723
       562     0.00063721
       563     0.00053284
       564     0.00044386
       565     0.00036938
       566     0.00030814
       567     0.00025880
       568     0.00021999
       569     0.00019037
       570     0.00016839
       571     0.00015310
       572     0.00014282
       573     0.00013582
       574     0.00013002
       575     0.00012280
       576     0.00011101
       577     0.00009096
       578     0.00005870
       579     0.00001006
       580    -0.00005813
       581    -0.00014764
       582    -0.00025793
       583    -0.00038532
       584    -0.00052424
       585    -0.00066721
       586    -0.00080612
       587    -0.00093464
       588    -0.00104896
       589    -0.00114795
       590    -0.00123199
       591    -0.00130088
       592    -0.00135307
       593    -0.00138506
       594    -0.00139281
       595    -0.00137327
       596    -0.00132676
       597    -0.00125541
       598    -0.00116424
       599    -0.00105911
       600    -0.00094580
       601    -0.00082925
       602    -0.00071315
       603    -0.00060072
       604    -0.00049369
       605    -0.00039326
       606    -0.00030010
       607    -0.00021439
       608    -0.00013628
       609    -0.00006550
       610    -0.00000164
       611     0.00005530
       612     0.00010570
       613     0.00014981
       614     0.00018781
       615     0.00021984
       616     0.00024607
       617     0.00026667
       618     0.00028184
       619     0.00029185
       620     0.00029704
       621     0.00029782
       622     0.00029467
       623     0.00028786
       624     0.00027877
       625     0.00026808
       626     0.00025694
       627     0.00024659
       628     0.00023851
       629     0.00023450
       630     0.00023623
       631     0.00024561
       632     0.00026418
       633     0.00029334
       634     0.00033418
       635     0.00038777
       636     0.00045506
       637     0.00053640
       638     0.00063135
       639     0.00073766
       640     0.00085029
       641     0.00096063
       642     0.00105586
       643     0.00112060
       644     0.00113998
       645     0.00110563
       646     0.00101922
       647     0.00089227
       648     0.00074025
       649     0.00057751
       650     0.00041477
       651     0.00025830
       652     0.00011106
       653    -0.00002622
       654    -0.00015400
       655    -0.00027321
       656    -0.00038492
       657    -0.00049018
       658    -0.00058976
       659    -0.00068415
       660    -0.00077345
       661    -0.00085678
       662    -0.00093336
       663    -0.00100185
       664    -0.00106065
       665    -0.00110821
       666    -0.00114333
       667    -0.00116549
       668    -0.00117475
       669    -0.00117174
       670    -0.00115766
       671    -0.00113340
       672    -0.00109989
       673    -0.00105775
       674    -0.00100754
       675    -0.00094979
       676    -0.00088512
       677    -0.00081388
       678    -0.00073663
       679    -0.00065391
       680    -0.00056642
       681    -0.00047489
       682    -0.00038005
       683    -0.00028257
       684    -0.00018296
       685    -0.00008156
       686     0.00002147
       687     0.00012614
       688     0.00023264
       689     0.00034127
       690     0.00045239
       691     0.00056638
       692     0.00068350
       693     0.00080381
       694     0.00092693
       695     0.00105182
       696     0.00117653
       697     0.00129783
       698     0.00141099
       699     0.00150964
       700     0.00158618
       701     0.00163267
       702     0.00164280
       703     0.00161404
       704     0.00154945
       705     0.00145695
       706     0.00134672
       707     0.00122826
       708     0.00110866
       709     0.00099256
       710     0.00088266
       711     0.00077987
       712     0.00068482
       713     0.00059764
       714     0.00051834
       715     0.00044673
       716     0.00038251
       717     0.00032515
       718     0.00027403
       719     0.00022843
       720     0.00018757
       721     0.00015069
       722     0.00011689
       723     0.00008560
       724     0.00005625
       725     0.00002846
       726     0.00000193
       727    -0.00002347
       728    -0.00004782
       729    -0.00007110
       730    -0.00009320
       731    -0.00011399
       732    -0.00013325
       733    -0.00015074
       734    -0.00016613
       735    -0.00017913
       736    -0.00018939
       737    -0.00019664
       738    -0.00020055
       739    -0.00020120
       740    -0.00019839
       741    -0.00019225
       742    -0.00018301
       743    -0.00017110
       744    -0.00015711
       745    -0.00014179
       746    -0.00012606
       747    -0.00011094
       748    -0.00009751
       749    -0.00008682
       750    -0.00007980
       751    -0.00007718
       752    -0.00007942
       753    -0.00008657
       754    -0.00009822
       755    -0.00011356
       756    -0.00013141
       757    -0.00015041
       758    -0.00016910
       759    -0.00018605
       760    -0.00019980
       761    -0.00020960
       762    -0.00021451
       763    -0.00021408
       764    -0.00020818
       765    -0.00019695
       766    -0.00018087
       767    -0.00016062
       768    -0.00013704
       769    -0.00011111
       770    -0.00008384
       771    -0.00005607
       772    -0.00002850
       773    -0.00000167
       774     0.00002418
       775     0.00004895
       776     0.00007269
       777     0.00009549
       778     0.00011739
       779     0.00013835
       780     0.00015848
       781     0.00017689
       782     0.00019348
       783     0.00020777
       784     0.00021930
       785     0.00022761
       786     0.00023235
       787     0.00023322
       788     0.00022981
       789     0.00022282
       790     0.00021217
       791     0.00019830
       792     0.00018189
       793     0.00016375
       794     0.00014481
       795     0.00012601
       796     0.00010825
       797     0.00009223
       798     0.00007844
       799     0.00006708
       800     0.00005809
       801     0.00005122
       802     0.00004606
       803     0.00004216
       804     0.00003903
       805     0.00003625
       806     0.00003296
       807     0.00002986
       808     0.00002634
       809     0.00002220
       810     0.00001755
       811     0.00001247
       812     0.00000721
       813     0.00000220
       814    -0.00000198
       815    -0.00000455
       816    -0.00000462
       817    -0.00000143
       818     0.00000542
       819     0.00001569
       820     0.00002835
       821     0.00004179
       822     0.00005430
       823     0.00006459
       824     0.00007217
       825     0.00007729
       826     0.00008061
       827     0.00008295
       828     0.00008494
       829     0.00008690
       830     0.00008884
       831     0.00009048
       832     0.00009133
       833     0.00009078
       834     0.00008819
       835     0.00008296
       836     0.00007456
       837     0.00006262
       838     0.00004684
       839     0.00002704
       840     0.00000306
       841    -0.00002522
       842    -0.00005793
       843    -0.00009516
       844    -0.00013699
       845    -0.00018336
       846    -0.00023396
       847    -0.00028819
       848    -0.00034505
       849    -0.00040307
       850    -0.00046028
       851    -0.00051427
       852    -0.00056217
       853    -0.00060071
       854    -0.00062686
       855    -0.00063767
       856    -0.00063082
       857    -0.00060520
       858    -0.00056093
       859    -0.00049933
       860    -0.00042213
       861    -0.00033151
       862    -0.00022977
       863    -0.00011932
       864    -0.00000289
       865     0.00011628
       866     0.00023492
       867     0.00034917
       868     0.00045530
       869     0.00054967
       870     0.00062927
       871     0.00069186
       872     0.00073625
       873     0.00076201
       874     0.00076987
       875     0.00076123
       876     0.00073795
       877     0.00070222
       878     0.00065631
       879     0.00060253
       880     0.00054311
       881     0.00048017
       882     0.00041573
       883     0.00035164
       884     0.00028951
       885     0.00023070
       886     0.00017626
       887     0.00012689
       888     0.00008296
       889     0.00004450
       890     0.00001124
       891    -0.00001726
       892    -0.00004168
       893    -0.00006271
       894    -0.00008101
       895    -0.00009714
       896    -0.00011148
       897    -0.00012427
       898    -0.00013561
       899    -0.00014550
       900    -0.00015396
       901    -0.00016103
       902    -0.00016687
       903    -0.00017169
       904    -0.00017595
       905    -0.00017999
       906    -0.00018424
       907    -0.00018927
       908    -0.00019541
       909    -0.00020334
       910    -0.00021323
       911    -0.00022533
       912    -0.00023976
       913    -0.00025653
       914    -0.00027550
       915    -0.00029638
       916    -0.00031894
       917    -0.00034218
       918    -0.00036551
       919    -0.00038800
       920    -0.00040850
       921    -0.00042567
       922    -0.00043797
       923    -0.00044372
       924    -0.00044117
       925    -0.00042867
       926    -0.00040481
       927    -0.00036868
       928    -0.00032000
       929    -0.00025929
       930    -0.00018797
       931    -0.00010837
       932    -0.00002369
       933     0.00006215
       934     0.00014490
       935     0.00022053
       936     0.00028573
       937     0.00033839
       938     0.00037754
       939     0.00040414
       940     0.00041944
       941     0.00042543
       942     0.00042420
       943     0.00041769
       944     0.00040751
       945     0.00039489
       946     0.00038074
       947     0.00036558
       948     0.00034968
       949     0.00033312
       950     0.00031585
       951     0.00029784
       952     0.00027937
       953     0.00025997
       954     0.00024012
       955     0.00022010
       956     0.00020032
       957     0.00018123
       958     0.00016323
       959     0.00014673
       960     0.00013205
       961     0.00011940
       962     0.00010889
       963     0.00010051
       964     0.00009402
       965     0.00008913
       966     0.00008517
       967     0.00008205
       968     0.00007880
       969     0.00007469
       970     0.00006886
       971     0.00006046
       972     0.00004864
       973     0.00003255
       974     0.00001053
       975    -0.00001780
       976    -0.00005279
       977    -0.00009525
       978    -0.00014580
       979    -0.00020388
       980    -0.00026819
       981    -0.00033494
       982    -0.00039644
       983    -0.00044262
       984    -0.00046580
       985    -0.00046636
       986    -0.00045155
       987    -0.00042943
       988    -0.00040555
       989    -0.00038197
       990    -0.00036082
       991    -0.00034240
       992    -0.00032542
       993    -0.00031103
       994    -0.00029673
       995    -0.00028150
       996    -0.00026392
       997    -0.00024272
       998    -0.00021702
       999    -0.00018643
      1000    -0.00015111
      1001    -0.00011171
      1002    -0.00006928
      1003    -0.00002527
      1004     0.00001898
      1005     0.00006219
      1006     0.00010324
      1007     0.00014123
      1008     0.00017553
      1009     0.00020569
      1010     0.00023148
      1011     0.00025277
      1012     0.00026950
      1013     0.00028164
      1014     0.00028917
      1015     0.00029210
      1016     0.00029043
      1017     0.00028422
      1018     0.00027365
      1019     0.00025900
      1020     0.00024079
      1021     0.00021983
      1022     0.00019721
      1023     0.00017437
      1024     0.00015302
      1025     0.00013508
      1026     0.00012249
      1027     0.00011694
      1028     0.00011961
      1029     0.00013088
      1030     0.00015009
      1031     0.00017555
      1032     0.00020461
      1033     0.00023404
      1034     0.00026046
      1035     0.00028081
      1036     0.00029276
      1037     0.00029492
      1038     0.00028719
      1039     0.00026938
      1040     0.00024310
      1041     0.00021008
      1042     0.00017228
      1043     0.00013177
      1044     0.00009046
      1045     0.00005000
      1046     0.00001165
      1047    -0.00002323
      1048    -0.00005532
      1049    -0.00008408
      1050    -0.00010971
      1051    -0.00013243
      1052    -0.00015253
      1053    -0.00017013
      1054    -0.00018525
      1055    -0.00019781
      1056    -0.00020772
      1057    -0.00021491
      1058    -0.00021946
      1059    -0.00022167
      1060    -0.00022203
      1061    -0.00022128
      1062    -0.00022030
      1063    -0.00022002
      1064    -0.00022138
      1065    -0.00022524
      1066    -0.00023225
      1067    -0.00024289
      1068    -0.00025743
      1069    -0.00027592
      1070    -0.00029817
      1071    -0.00032431
      1072    -0.00035388
      1073    -0.00038643
      1074    -0.00042129
      1075    -0.00045750
      1076    -0.00049378
      1077    -0.00052848
      1078    -0.00055972
      1079    -0.00058557
      1080    -0.00060434
      1081    -0.00061485
      1082    -0.00061655
      1083    -0.00060960
      1084    -0.00059461
      1085    -0.00057250
      1086    -0.00054412
      1087    -0.00051037
      1088    -0.00047203
      1089    -0.00042974
      1090    -0.00038413
      1091    -0.00033576
      1092    -0.00028523
      1093    -0.00023315
      1094    -0.00018017
      1095    -0.00012694
      1096    -0.00007311
      1097    -0.00001855
      1098     0.00003797
      1099     0.00009748
      1100     0.00016293
      1101     0.00023830
      1102     0.00032939
      1103     0.00044572
      1104     0.00060274
      1105     0.00083186
      1106     0.00120558
      1107     0.00193912
      1108     0.00388601
      1109     0.00262059
      1110     0.00076652
      1111     0.00025292
      1112     0.00002645
      1113    -0.00009837
      1114    -0.00017504
      1115    -0.00022364
      1116    -0.00025449
      1117    -0.00027252
      1118    -0.00028078
      1119    -0.00028115
      1120    -0.00027488
      1121    -0.00026374
      1122    -0.00024845
      1123    -0.00023000
      1124    -0.00020929
      1125    -0.00018713
      1126    -0.00016425
      1127    -0.00014129
      1128    -0.00011881
      1129    -0.00009709
      1130    -0.00007685
      1131    -0.00005811
      1132    -0.00004099
      1133    -0.00002565
      1134    -0.00001195
      1135     0.00000022
      1136     0.00001106
      1137     0.00002083
      1138     0.00002982
      1139     0.00003839
      1140     0.00004694
      1141     0.00005586
      1142     0.00006560
      1143     0.00007659
      1144     0.00008929
      1145     0.00010410
      1146     0.00012140
      1147     0.00014148
      1148     0.00016452
      1149     0.00019048
      1150     0.00021960
      1151     0.00024988
      1152     0.00028027
      1153     0.00030819
      1154     0.00032966
      1155     0.00033920
      1156     0.00033039
      1157     0.00029484
      1158     0.00022737
      1159     0.00012830
      1160     0.00000272
      1161    -0.00012672
      1162    -0.00023957
      1163    -0.00032136
      1164    -0.00036972
      1165    -0.00038950
      1166    -0.00038901
      1167    -0.00037535
      1168    -0.00035370
      1169    -0.00032751
      1170    -0.00029904
      1171    -0.00026973
      1172    -0.00024058
      1173    -0.00021226
      1174    -0.00018525
      1175    -0.00015987
      1176    -0.00013607
      1177    -0.00011451
      1178    -0.00009494
      1179    -0.00007733
      1180    -0.00006155
      1181    -0.00004745
      1182    -0.00003489
      1183    -0.00002345
      1184    -0.00001298
      1185    -0.00000329
      1186     0.00000575
      1187     0.00001413
      1188     0.00002173
      1189     0.00002839
      1190     0.00003388
      1191     0.00003804
      1192     0.00004085
      1193     0.00004245
      1194     0.00004314
      1195     0.00004338
      1196     0.00004365
      1197     0.00004438
      1198     0.00004592
      1199     0.00004848
      1200     0.00005216
      1201     0.00005697
      1202     0.00006286
      1203     0.00006970
      1204     0.00007720
      1205     0.00008501
      1206     0.00009266
      1207     0.00009967
      1208     0.00010558
      1209     0.00010985
      1210     0.00011278
      1211     0.00011420
      1212     0.00011435
      1213     0.00011361
      1214     0.00011239
      1215     0.00011107
      1216     0.00010994
      1217     0.00010919
      1218     0.00010892
      1219     0.00010922
      1220     0.00011018
      1221     0.00011204
      1222     0.00011497
      1223     0.00011945
      1224     0.00012601
      1225     0.00013515
      1226     0.00014725
      1227     0.00016237
      1228     0.00017995
      1229     0.00019869
      1230     0.00021651
      1231     0.00023082
      1232     0.00023915
      1233     0.00023983
      1234     0.00023242
      1235     0.00021772
      1236     0.00019739
      1237     0.00017340
      1238     0.00014730
      1239     0.00012111
      1240     0.00009572
      1241     0.00007207
      1242     0.00005043
      1243     0.00003144
      1244     0.00001529
      1245     0.00000207
      1246    -0.00000828
      1247    -0.00001593
      1248    -0.00002113
      1249    -0.00002427
      1250    -0.00002575
