#    Step        Prob(0)        Prob(1)        
        0     0.00000000     0.00000000
        1     0.00000103     0.00000000
        2     0.00001430     0.00000000
        3     0.00000300     0.00000000
        4     0.00000000     0.00000000
        5     0.00000000     0.00000000
        6     0.00000009     0.00000000
        7     0.00000000     0.00000000
        8     0.00000000     0.00000000
        9     0.00000982     0.00000000
       10     0.00000843     0.00000000
       11     0.00000000     0.00000000
       12     0.00000000     0.00000000
       13     0.00000671     0.00000000
       14     0.00002716     0.00000000
       15     0.00000931     0.00000000
       16     0.00000000     0.00000000
       17     0.00000000     0.00000000
       18     0.00002759     0.00000000
       19     0.00004687     0.00000000
       20     0.00000026     0.00000000
       21     0.00000000     0.00000000
       22     0.00000000     0.00000000
       23     0.00006654     0.00000000
       24     0.00007113     0.00000000
       25     0.00000000     0.00000000
       26     0.00000000     0.00000000
       27     0.00000000     0.00000000
       28     0.00009893     0.00000000
       29     0.00008570     0.00000000
       30     0.00000000     0.00000000
       31     0.00000000     0.00000000
       32     0.00000000     0.00000000
       33     0.00007490     0.00000000
       34     0.00009312     0.00000000
       35     0.00000741     0.00000000
       36     0.00000000     0.00000000
       37     0.00000000     0.00000000
       38     0.00000000     0.00000000
       39     0.00006638     0.00000000
       40     0.00007109     0.00000000
       41     0.00001163     0.00000000
       42     0.00000000     0.00000000
       43     0.00000000     0.00000000
       44     0.00000000     0.00000000
       45     0.00000480     0.00000000
       46     0.00003999     0.00000000
       47     0.00003787     0.00000000
       48     0.00000683     0.00000000
       49     0.00000000     0.00000000
       50     0.00000000     0.00000000
       51     0.00000000     0.00000000
       52     0.00000000     0.00000000
       53     0.00000000     0.00000000
       54     0.00000252     0.00000000
       55     0.00000384     0.00000000
       56     0.00000110     0.00000000
       57     0.00000009     0.00000000
       58     0.00000287     0.00000000
       59     0.00000716     0.00000000
       60     0.00000905     0.00000000
       61     0.00000646     0.00000000
       62     0.00000071     0.00000000
       63     0.00000000     0.00000000
       64     0.00000000     0.00000000
       65     0.00000000     0.00000000
       66     0.00000000     0.00000000
       67     0.00000155     0.00000000
       68     0.00000000     0.00000000
       69     0.00000000     0.00000000
       70     0.00000000     0.00000000
       71     0.00000000     0.00000000
       72     0.00000000     0.00000000
       73     0.00000662     0.00000000
       74     0.00001194     0.00000000
       75     0.00001187     0.00000000
       76     0.00000636     0.00000000
       77     0.00000000     0.00000000
       78     0.00000000     0.00000000
       79     0.00000000     0.00000000
       80     0.00000000     0.00000000
       81     0.00000000     0.00000000
       82     0.00000010     0.00000000
       83     0.00000000     0.00000000
       84     0.00000000     0.00000000
       85     0.00000000     0.00000000
       86     0.00000108     0.00000000
       87     0.00001237     0.00000000
       88     0.00002313     0.00000000
       89     0.00002579     0.00000000
       90     0.00001604     0.00000000
       91     0.00000000     0.00000000
       92     0.00000000     0.00000000
       93     0.00000000     0.00000000
       94     0.00000000     0.00000000
       95     0.00001352     0.00000000
       96     0.00003734     0.00000000
       97     0.00004264     0.00000000
       98     0.00002372     0.00000000
       99     0.00000000     0.00000000
      100     0.00000000     0.00000000
      101     0.00000000     0.00000000
      102     0.00000000     0.00000000
      103     0.00000260     0.00000000
      104     0.00002268     0.00000000
      105     0.00002229     0.00000000
      106     0.00000477     0.00000000
      107     0.00000000     0.00000000
      108     0.00000000     0.00000000
      109     0.00000000     0.00000000
      110     0.00000000     0.00000000
      111     0.00000436     0.00000000
      112     0.00000698     0.00000000
      113     0.00000344     0.00000000
      114     0.00000000     0.00000000
      115     0.00000000     0.00000000
      116     0.00000000     0.00000000
      117     0.00000068     0.00000000
      118     0.00000000     0.00000000
      119     0.00000000     0.00000000
      120     0.00000000     0.00000000
      121     0.00000000     0.00000000
      122     0.00000182     0.00000000
      123     0.00000232     0.00000000
      124     0.00000095     0.00000000
      125     0.00000000     0.00000000
      126     0.00000063     0.00000000
      127     0.00000220     0.00000000
      128     0.00000162     0.00000000
      129     0.00000000     0.00000000
      130     0.00000000     0.00000000
      131     0.00000000     0.00000000
      132     0.00000208     0.00000000
      133     0.00001295     0.00000000
      134     0.00001752     0.00000000
      135     0.00000990     0.00000000
      136     0.00000000     0.00000000
      137     0.00000000     0.00000000
      138     0.00000000     0.00000000
      139     0.00000000     0.00000000
      140     0.00001401     0.00000000
      141     0.00001864     0.00000000
      142     0.00000858     0.00000000
      143     0.00000000     0.00000000
      144     0.00000000     0.00000000
      145     0.00000000     0.00000000
      146     0.00000000     0.00000000
      147     0.00000548     0.00000000
      148     0.00000625     0.00000000
      149     0.00000189     0.00000000
      150     0.00000000     0.00000000
      151     0.00000000     0.00000000
      152     0.00000112     0.00000000
      153     0.00000004     0.00000000
      154     0.00000000     0.00000000
      155     0.00000000     0.00000000
      156     0.00000000     0.00000000
      157     0.00001028     0.00000000
      158     0.00001630     0.00000000
      159     0.00000896     0.00000000
      160     0.00000000     0.00000000
      161     0.00000000     0.00000000
      162     0.00000000     0.00000000
      163     0.00000919     0.00000000
      164     0.00002673     0.00000000
      165     0.00002364     0.00000000
      166     0.00000114     0.00000000
      167     0.00000000     0.00000000
      168     0.00000000     0.00000000
      169     0.00000000     0.00000000
      170     0.00001414     0.00000000
      171     0.00002629     0.00000000
      172     0.00001826     0.00000000
      173     0.00000000     0.00000000
      174     0.00000000     0.00000000
      175     0.00000000     0.00000000
      176     0.00000000     0.00000000
      177     0.00000421     0.00000000
      178     0.00001668     0.00000000
      179     0.00001824     0.00000000
      180     0.00000945     0.00000000
      181     0.00000000     0.00000000
      182     0.00000000     0.00000000
      183     0.00000000     0.00000000
      184     0.00000000     0.00000000
      185     0.00000156     0.00000000
      186     0.00001475     0.00000000
      187     0.00002237     0.00000000
      188     0.00002085     0.00000000
      189     0.00001069     0.00000000
      190     0.00000000     0.00000000
      191     0.00000000     0.00000000
      192     0.00000000     0.00000000
      193     0.00000000     0.00000000
      194     0.00000000     0.00000000
      195     0.00000727     0.00000000
      196     0.00001739     0.00000000
      197     0.00001988     0.00000000
      198     0.00001417     0.00000000
      199     0.00000315     0.00000000
      200     0.00000000     0.00000000
      201     0.00000000     0.00000000
      202     0.00000000     0.00000000
      203     0.00000000     0.00000000
      204     0.00000000     0.00000000
      205     0.00000000     0.00000000
      206     0.00000031     0.00000000
      207     0.00000000     0.00000000
      208     0.00000000     0.00000000
      209     0.00000000     0.00000000
      210     0.00000360     0.00000000
      211     0.00001193     0.00000000
      212     0.00002000     0.00000000
      213     0.00002341     0.00000000
      214     0.00001923     0.00000000
      215     0.00000783     0.00000000
      216     0.00000000     0.00000000
      217     0.00000000     0.00000000
      218     0.00000000     0.00000000
      219     0.00000000     0.00000000
      220     0.00000000     0.00000000
      221     0.00000000     0.00000000
      222     0.00000291     0.00000000
      223     0.00000360     0.00000000
      224     0.00000145     0.00000000
      225     0.00000000     0.00000000
      226     0.00000144     0.00000000
      227     0.00000492     0.00000000
      228     0.00000735     0.00000000
      229     0.00000597     0.00000000
      230     0.00000089     0.00000000
      231     0.00000000     0.00000000
      232     0.00000000     0.00000000
      233     0.00000000     0.00000000
      234     0.00000000     0.00000000
      235     0.00000000     0.00000000
      236     0.00000000     0.00000000
      237     0.00000000     0.00000000
      238     0.00000000     0.00000000
      239     0.00000985     0.00000000
      240     0.00002301     0.00000000
      241     0.00002618     0.00000000
      242     0.00001235     0.00000000
      243     0.00000000     0.00000000
      244     0.00000000     0.00000000
      245     0.00000000     0.00000000
      246     0.00001057     0.00000000
      247     0.00004195     0.00000000
      248     0.00004624     0.00000000
      249     0.00001553     0.00000000
      250     0.00000000     0.00000000
      251     0.00000000     0.00000000
      252     0.00000000     0.00000000
      253     0.00001752     0.00000000
      254     0.00004651     0.00000000
      255     0.00003314     0.00000000
      256     0.00000000     0.00000000
      257     0.00000000     0.00000000
      258     0.00000000     0.00000000
      259     0.00000000     0.00000000
      260     0.00001872     0.00000000
      261     0.00002138     0.00000000
      262     0.00000137     0.00000000
      263     0.00000000     0.00000000
      264     0.00000000     0.00000000
      265     0.00000000     0.00000000
      266     0.00000048     0.00000000
      267     0.00000000     0.00000000
      268     0.00000000     0.00000000
      269     0.00000458     0.00000000
      270     0.00001659     0.00000000
      271     0.00001865     0.00000000
      272     0.00000464     0.00000000
      273     0.00000000     0.00000000
      274     0.00000000     0.00000000
      275     0.00000000     0.00000000
      276     0.00001189     0.00000000
      277     0.00002435     0.00000000
      278     0.00001760     0.00000000
      279     0.00000000     0.00000000
      280     0.00000000     0.00000000
      281     0.00000000     0.00000000
      282     0.00000000     0.00000000
      283     0.00000067     0.00000000
      284     0.00000560     0.00000000
      285     0.00000326     0.00000000
      286     0.00000011     0.00000000
      287     0.00000195     0.00000000
      288     0.00000805     0.00000000
      289     0.00001206     0.00000000
      290     0.00000823     0.00000000
      291     0.00000000     0.00000000
      292     0.00000000     0.00000000
      293     0.00000000     0.00000000
      294     0.00000000     0.00000000
      295     0.00000588     0.00000000
      296     0.00001553     0.00000000
      297     0.00001484     0.00000000
      298     0.00000532     0.00000000
      299     0.00000000     0.00000000
      300     0.00000000     0.00000000
      301     0.00000000     0.00000000
      302     0.00000241     0.00000000
      303     0.00000585     0.00000000
      304     0.00000196     0.00000000
      305     0.00000000     0.00000000
      306     0.00000000     0.00000000
      307     0.00001177     0.00000000
      308     0.00004591     0.00000000
      309     0.00009008     0.00000000
      310     0.00013015     0.00000000
      311     0.00015247     0.00000000
      312     0.00015078     0.00000000
      313     0.00012962     0.00000000
      314     0.00010284     0.00000000
      315     0.00008809     0.00000000
      316     0.00010003     0.00000000
      317     0.00014483     0.00000000
      318     0.00021787     0.00000000
      319     0.00030523     0.00000000
      320     0.00038790     0.00000000
      321     0.00044710     0.00000000
      322     0.00046903     0.00000000
      323     0.00044776     0.00000000
      324     0.00038596     0.00000000
      325     0.00029318     0.00000000
      326     0.00018321     0.00000000
      327     0.00007075     0.00000000
      328     0.00000000     0.00000000
      329     0.00000000     0.00000000
      330     0.00000000     0.00000000
      331     0.00000000     0.00000000
      332     0.00000000     0.00000000
      333     0.00000000     0.00000000
      334     0.00000000     0.00000000
      335     0.00000000     0.00000000
      336     0.00000000     0.00000000
      337     0.00000000     0.00000000
      338     0.00000000     0.00000000
      339     0.00000000     0.00000000
      340     0.00000000     0.00000000
      341     0.00000000     0.00000000
      342     0.00000000     0.00000000
      343     0.00000000     0.00000000
      344     0.00012736     0.00000000
      345     0.00089206     0.00000000
      346     0.00741881     0.00000000
      347     0.29462612     0.00000000
      348     0.00000000     0.00000000
      349     0.00000000     0.00000000
      350     0.00085486     0.00000000
      351     0.00017989     0.00000000
      352     0.00000000     0.00000000
      353     0.00000000     0.00000000
      354     0.00000000     0.00000000
      355     0.00000000     0.00000000
      356     0.00000000     0.00000000
      357     0.00007192     0.00000000
      358     0.00029501     0.00000000
      359     0.00052879     0.00000000
      360     0.00075477     0.00000000
      361     0.00095409     0.00000000
      362     0.00110727     0.00000000
      363     0.00119931     0.00000000
      364     0.00121531     0.00000000
      365     0.00114525     0.00000000
      366     0.00098475     0.00000000
      367     0.00073663     0.00000000
      368     0.00041236     0.00000000
      369     0.00003282     0.00000000
      370     0.00000000     0.00000000
      371     0.00000000     0.00000000
      372     0.00000000     0.00000000
      373     0.00000000     0.00000000
      374     0.00000000     0.00000000
      375     0.00000000     0.00000000
      376     0.00000000     0.00000000
      377     0.00000000     0.00000000
      378     0.00000000     0.00000000
      379     0.00000000     0.00000000
      380     0.00035045     0.00000000
      381     0.00082946     0.00000000
      382     0.00127677     0.00000000
      383     0.00168082     0.00000000
      384     0.00204275     0.00000000
      385     0.00237587     0.00000000
      386     0.00270604     0.00000000
      387     0.00307484     0.00000000
      388     0.00354859     0.00000000
      389     0.00423474     0.00000000
      390     0.00530706     0.00000000
      391     0.00703080     0.00000000
      392     0.00976717     0.00000000
      393     0.01387300     0.00000000
      394     0.01942790     0.00000000
      395     0.02578737     0.00000000
      396     0.03134083     0.00000000
      397     0.03407219     0.00000000
      398     0.03279831     0.00000000
      399     0.02790700     0.00000000
      400     0.02090448     0.00000000
      401     0.01345134     0.00000000
      402     0.00674493     0.00000000
      403     0.00140598     0.00000000
      404     0.00000000     0.00000000
      405     0.00000000     0.00000000
      406     0.00000000     0.00000000
      407     0.00000000     0.00000000
      408     0.00000000     0.00000000
      409     0.00000000     0.00000000
      410     0.00000000     0.00000000
      411     0.00000000     0.00000000
      412     0.00048210     0.00000000
      413     0.00138232     0.00000000
      414     0.00176915     0.00000000
      415     0.00156357     0.00000000
      416     0.00079654     0.00000000
      417     0.00000000     0.00000000
      418     0.00000000     0.00000000
      419     0.00000000     0.00000000
      420     0.00000000     0.00000000
      421     0.00000000     0.00000000
      422     0.00000000     0.00000000
      423     0.00000000     0.00000000
      424     0.00000000     0.00000000
      425     0.00000000     0.00000000
      426     0.00000000     0.00000000
      427     0.00000000     0.00000000
      428     0.00000000     0.00000000
      429     0.00000000     0.00000000
      430     0.00000000     0.00000000
      431     0.00157513     0.00000000
      432     0.00401586     0.00000000
      433     0.00746576     0.00000000
      434     0.01246141     0.00000000
      435     0.01985116     0.00000000
      436     0.03103922     0.00000000
      437     0.04842316     0.00000000
      438     0.07604211     0.00000000
      439     0.11973793     0.00000000
      440     0.18479758     0.00000000
      441     0.00000000     0.00000000
      442     0.00000000     0.00000000
      443     0.00000000     0.00000000
      444     0.00000000     0.00000000
      445     0.00000000     0.00000000
      446     0.00000000     0.00000000
      447     0.00000000     0.00000000
      448     0.00000000     0.00000000
      449     0.00000000     0.00000000
      450     0.00000000     0.00000000
      451     0.00000000     0.00014228
      452     0.00000000     0.00043451
      453     0.00000000     0.00026263
      454     0.00000000     0.00000000
      455     0.00000000     0.00000000
      456     0.00000000     0.00000000
      457     0.00000000     0.00000000
      458     0.00000000     0.00000000
      459     0.00000000     0.00000000
      460     0.00000000     0.00015477
      461     0.00000000     0.00129162
      462     0.00000000     0.00239991
      463     0.00000000     0.00309394
      464     0.00000000     0.00292986
      465     0.00000000     0.00158067
      466     0.00000000     0.00000000
      467     0.00000000     0.00000000
      468     0.00000000     0.00000000
      469     0.00000000     0.00000000
      470     0.00000000     0.00000000
      471     0.00000000     0.00533502
      472     0.00000000     0.00883200
      473     0.00000000     0.00592648
      474     0.00000000     0.00000000
      475     0.00000000     0.00000000
      476     0.00000000     0.00000000
      477     0.00000000     0.00317822
      478     0.00000000     0.01029932
      479     0.00000000     0.00468292
      480     0.00000000     0.00000000
      481     0.00000000     0.00000000
      482     0.00000000     0.00000000
      483     0.00000000     0.00323833
      484     0.00000000     0.00147512
      485     0.00000000     0.00000000
      486     0.00000000     0.00005153
      487     0.00000000     0.00001003
      488     0.00000000     0.00000000
      489     0.00000000     0.00000000
      490     0.00000000     0.00002511
      491     0.00000000     0.00000000
      492     0.00000000     0.00006163
      493     0.00000000     0.00012039
      494     0.00000000     0.00000000
      495     0.00000000     0.00000000
      496     0.00000000     0.00000000
      497     0.00000000     0.00008387
      498     0.00000000     0.00005843
      499     0.00000000     0.00000000
      500     0.00000000     0.00000000
      501     0.00000000     0.00002429
      502     0.00000000     0.00014002
      503     0.00000000     0.00008246
      504     0.00000000     0.00000000
      505     0.00000000     0.00000000
      506     0.00000000     0.00006710
      507     0.00000000     0.00027106
      508     0.00000000     0.00018601
      509     0.00000000     0.00000000
      510     0.00000000     0.00000000
      511     0.00000000     0.00000000
      512     0.00000000     0.00020243
      513     0.00000000     0.00021682
      514     0.00000000     0.00000000
      515     0.00000000     0.00000000
      516     0.00000000     0.00000000
      517     0.00000000     0.00000000
      518     0.00000000     0.00006441
      519     0.00000000     0.00009410
      520     0.00000000     0.00002778
      521     0.00000000     0.00000000
      522     0.00000000     0.00000000
      523     0.00000000     0.00000000
      524     0.00000000     0.00000000
      525     0.00000000     0.00000487
      526     0.00000000     0.00000000
      527     0.00000000     0.00000000
      528     0.00000000     0.00000293
      529     0.00000000     0.00002822
      530     0.00000000     0.00004828
      531     0.00000000     0.00004259
      532     0.00000000     0.00000791
      533     0.00000000     0.00000000
      534     0.00000000     0.00000000
      535     0.00000000     0.00000000
      536     0.00000000     0.00000587
      537     0.00000000     0.00007057
      538     0.00000000     0.00010548
      539     0.00000000     0.00008240
      540     0.00000000     0.00000702
      541     0.00000000     0.00000000
      542     0.00000000     0.00000000
      543     0.00000000     0.00000000
      544     0.00000000     0.00004790
      545     0.00000000     0.00015127
      546     0.00000000     0.00016173
      547     0.00000000     0.00005288
      548     0.00000000     0.00000000
      549     0.00000000     0.00000000
      550     0.00000000     0.00000000
      551     0.00000000     0.00011080
      552     0.00000000     0.00022260
      553     0.00000000     0.00011708
      554     0.00000000     0.00000000
      555     0.00000000     0.00000000
      556     0.00000000     0.00000000
      557     0.00000000     0.00007019
      558     0.00000000     0.00012838
      559     0.00000000     0.00000981
      560     0.00000000     0.00000000
      561     0.00000000     0.00000000
      562     0.00000000     0.00000000
      563     0.00000000     0.00006267
      564     0.00000000     0.00003081
      565     0.00000000     0.00000000
      566     0.00000000     0.00000000
      567     0.00000000     0.00000000
      568     0.00000000     0.00002656
      569     0.00000000     0.00001633
      570     0.00000000     0.00000000
      571     0.00000000     0.00000000
      572     0.00000000     0.00000045
      573     0.00000000     0.00001798
      574     0.00000000     0.00000766
      575     0.00000000     0.00000000
      576     0.00000000     0.00000000
      577     0.00000000     0.00000563
      578     0.00000000     0.00000739
      579     0.00000000     0.00000000
      580     0.00000000     0.00000837
      581     0.00000000     0.00000519
      582     0.00000000     0.00000000
      583     0.00000000     0.00000000
      584     0.00000000     0.00006557
      585     0.00000000     0.00007088
      586     0.00000000     0.00000000
      587     0.00000000     0.00000000
      588     0.00000000     0.00007164
      589     0.00000000     0.00015879
      590     0.00000000     0.00000000
      591     0.00000000     0.00000000
      592     0.00000000     0.00000000
      593     0.00000000     0.00018789
      594     0.00000000     0.00007526
      595     0.00000000     0.00000000
      596     0.00000000     0.00000000
      597     0.00000000     0.00008830
      598     0.00000000     0.00013603
      599     0.00000000     0.00000000
      600     0.00000000     0.00000000
      601     0.00000000     0.00000000
      602     0.00000000     0.00006687
      603     0.00000000     0.00006010
      604     0.00000000     0.00000000
      605     0.00000000     0.00000000
      606     0.00000000     0.00000000
      607     0.00000000     0.00001836
      608     0.00000000     0.00001563
      609     0.00000000     0.00000000
      610     0.00000000     0.00000000
      611     0.00000000     0.00000576
      612     0.00000000     0.00000000
      613     0.00000000     0.00000000
      614     0.00000000     0.00000000
      615     0.00000000     0.00001919
      616     0.00000000     0.00003373
      617     0.00000000     0.00000931
      618     0.00000000     0.00000000
      619     0.00000000     0.00000000
      620     0.00000000     0.00000000
      621     0.00000000     0.00003583
      622     0.00000000     0.00003232
      623     0.00000000     0.00000000
      624     0.00000000     0.00000000
      625     0.00000000     0.00000000
      626     0.00000000     0.00001163
      627     0.00000000     0.00003299
      628     0.00000000     0.00001688
      629     0.00000000     0.00000000
      630     0.00000000     0.00000000
      631     0.00000000     0.00000000
      632     0.00000000     0.00002708
      633     0.00000000     0.00003841
      634     0.00000000     0.00000341
      635     0.00000000     0.00000000
      636     0.00000000     0.00000000
      637     0.00000000     0.00003132
      638     0.00000000     0.00009453
      639     0.00000000     0.00004988
      640     0.00000000     0.00000000
      641     0.00000000     0.00000000
      642     0.00000000     0.00002907
      643     0.00000000     0.00015618
      644     0.00000000     0.00007952
      645     0.00000000     0.00000000
      646     0.00000000     0.00000000
      647     0.00000000     0.00000000
      648     0.00000000     0.00008229
      649     0.00000000     0.00003012
      650     0.00000000     0.00000000
      651     0.00000000     0.00000000
      652     0.00000000     0.00000000
      653     0.00000000     0.00000000
      654     0.00000000     0.00000000
      655     0.00000000     0.00002927
      656     0.00000000     0.00005214
      657     0.00000000     0.00000000
      658     0.00000000     0.00000000
      659     0.00000000     0.00000000
      660     0.00000000     0.00008747
      661     0.00000000     0.00010832
      662     0.00000000     0.00000000
      663     0.00000000     0.00000000
      664     0.00000000     0.00000000
      665     0.00000000     0.00012351
      666     0.00000000     0.00013927
      667     0.00000000     0.00000000
      668     0.00000000     0.00000000
      669     0.00000000     0.00000000
      670     0.00000000     0.00009711
      671     0.00000000     0.00014626
      672     0.00000000     0.00001563
      673     0.00000000     0.00000000
      674     0.00000000     0.00000000
      675     0.00000000     0.00001042
      676     0.00000000     0.00010633
      677     0.00000000     0.00006926
      678     0.00000000     0.00000000
      679     0.00000000     0.00000000
      680     0.00000000     0.00000000
      681     0.00000000     0.00001855
      682     0.00000000     0.00004536
      683     0.00000000     0.00001678
      684     0.00000000     0.00000000
      685     0.00000000     0.00000000
      686     0.00000000     0.00000195
      687     0.00000000     0.00000000
      688     0.00000000     0.00000000
      689     0.00000000     0.00000000
      690     0.00000000     0.00004035
      691     0.00000000     0.00008824
      692     0.00000000     0.00005505
      693     0.00000000     0.00000000
      694     0.00000000     0.00000000
      695     0.00000000     0.00000000
      696     0.00000000     0.00013237
      697     0.00000000     0.00019110
      698     0.00000000     0.00004791
      699     0.00000000     0.00000000
      700     0.00000000     0.00000000
      701     0.00000000     0.00004063
      702     0.00000000     0.00021295
      703     0.00000000     0.00011673
      704     0.00000000     0.00000000
      705     0.00000000     0.00000000
      706     0.00000000     0.00000000
      707     0.00000000     0.00011739
      708     0.00000000     0.00010825
      709     0.00000000     0.00000000
      710     0.00000000     0.00000000
      711     0.00000000     0.00000000
      712     0.00000000     0.00004425
      713     0.00000000     0.00007295
      714     0.00000000     0.00000754
      715     0.00000000     0.00000000
      716     0.00000000     0.00000000
      717     0.00000000     0.00000640
      718     0.00000000     0.00003492
      719     0.00000000     0.00001578
      720     0.00000000     0.00000000
      721     0.00000000     0.00000000
      722     0.00000000     0.00000000
      723     0.00000000     0.00000967
      724     0.00000000     0.00000588
      725     0.00000000     0.00000000
      726     0.00000000     0.00000000
      727     0.00000000     0.00000143
      728     0.00000000     0.00000000
      729     0.00000000     0.00000000
      730     0.00000000     0.00000145
      731     0.00000000     0.00001542
      732     0.00000000     0.00001020
      733     0.00000000     0.00000000
      734     0.00000000     0.00000000
      735     0.00000000     0.00000099
      736     0.00000000     0.00002506
      737     0.00000000     0.00001521
      738     0.00000000     0.00000000
      739     0.00000000     0.00000000
      740     0.00000000     0.00000128
      741     0.00000000     0.00002525
      742     0.00000000     0.00001320
      743     0.00000000     0.00000000
      744     0.00000000     0.00000000
      745     0.00000000     0.00000074
      746     0.00000000     0.00001634
      747     0.00000000     0.00000849
      748     0.00000000     0.00000000
      749     0.00000000     0.00000000
      750     0.00000000     0.00000000
      751     0.00000000     0.00000944
      752     0.00000000     0.00000816
      753     0.00000000     0.00000000
      754     0.00000000     0.00000000
      755     0.00000000     0.00000000
      756     0.00000000     0.00001210
      757     0.00000000     0.00002014
      758     0.00000000     0.00000331
      759     0.00000000     0.00000000
      760     0.00000000     0.00000000
      761     0.00000000     0.00000534
      762     0.00000000     0.00002852
      763     0.00000000     0.00001815
      764     0.00000000     0.00000000
      765     0.00000000     0.00000000
      766     0.00000000     0.00000000
      767     0.00000000     0.00001480
      768     0.00000000     0.00001706
      769     0.00000000     0.00000056
      770     0.00000000     0.00000000
      771     0.00000000     0.00000000
      772     0.00000000     0.00000084
      773     0.00000000     0.00000022
      774     0.00000000     0.00000000
      775     0.00000000     0.00000372
      776     0.00000000     0.00001011
      777     0.00000000     0.00000412
      778     0.00000000     0.00000000
      779     0.00000000     0.00000000
      780     0.00000000     0.00000000
      781     0.00000000     0.00002203
      782     0.00000000     0.00002172
      783     0.00000000     0.00000000
      784     0.00000000     0.00000000
      785     0.00000000     0.00000000
      786     0.00000000     0.00001061
      787     0.00000000     0.00003156
      788     0.00000000     0.00001887
      789     0.00000000     0.00000000
      790     0.00000000     0.00000000
      791     0.00000000     0.00000000
      792     0.00000000     0.00001037
      793     0.00000000     0.00002179
      794     0.00000000     0.00001027
      795     0.00000000     0.00000000
      796     0.00000000     0.00000000
      797     0.00000000     0.00000000
      798     0.00000000     0.00000550
      799     0.00000000     0.00000903
      800     0.00000000     0.00000288
      801     0.00000000     0.00000000
      802     0.00000000     0.00000000
      803     0.00000000     0.00000000
      804     0.00000000     0.00000473
      805     0.00000000     0.00000367
      806     0.00000000     0.00000000
      807     0.00000000     0.00000000
      808     0.00000000     0.00000000
      809     0.00000000     0.00000270
      810     0.00000000     0.00000156
      811     0.00000000     0.00000000
      812     0.00000000     0.00000000
      813     0.00000000     0.00000008
      814     0.00000000     0.00000000
      815     0.00000000     0.00000001
      816     0.00000000     0.00000063
      817     0.00000000     0.00000004
      818     0.00000000     0.00000072
      819     0.00000000     0.00000071
      820     0.00000000     0.00000000
      821     0.00000000     0.00000000
      822     0.00000000     0.00000665
      823     0.00000000     0.00000448
      824     0.00000000     0.00000000
      825     0.00000000     0.00000000
      826     0.00000000     0.00000856
      827     0.00000000     0.00000781
      828     0.00000000     0.00000000
      829     0.00000000     0.00000000
      830     0.00000000     0.00000624
      831     0.00000000     0.00001135
      832     0.00000000     0.00000000
      833     0.00000000     0.00000000
      834     0.00000000     0.00000000
      835     0.00000000     0.00001105
      836     0.00000000     0.00000395
      837     0.00000000     0.00000000
      838     0.00000000     0.00000000
      839     0.00000000     0.00000179
      840     0.00000000     0.00000039
      841     0.00000000     0.00000029
      842     0.00000000     0.00000803
      843     0.00000000     0.00000576
      844     0.00000000     0.00000000
      845     0.00000000     0.00000000
      846     0.00000000     0.00001455
      847     0.00000000     0.00004054
      848     0.00000000     0.00000437
      849     0.00000000     0.00000000
      850     0.00000000     0.00000000
      851     0.00000000     0.00005564
      852     0.00000000     0.00006485
      853     0.00000000     0.00000000
      854     0.00000000     0.00000000
      855     0.00000000     0.00000000
      856     0.00000000     0.00008327
      857     0.00000000     0.00003278
      858     0.00000000     0.00000000
      859     0.00000000     0.00000000
      860     0.00000000     0.00002202
      861     0.00000000     0.00004077
      862     0.00000000     0.00000000
      863     0.00000000     0.00000000
      864     0.00000000     0.00000000
      865     0.00000000     0.00000000
      866     0.00000000     0.00000000
      867     0.00000000     0.00001015
      868     0.00000000     0.00006717
      869     0.00000000     0.00004740
      870     0.00000000     0.00000000
      871     0.00000000     0.00000000
      872     0.00000000     0.00000000
      873     0.00000000     0.00009419
      874     0.00000000     0.00008435
      875     0.00000000     0.00000000
      876     0.00000000     0.00000000
      877     0.00000000     0.00000000
      878     0.00000000     0.00003559
      879     0.00000000     0.00007729
      880     0.00000000     0.00002896
      881     0.00000000     0.00000000
      882     0.00000000     0.00000000
      883     0.00000000     0.00000000
      884     0.00000000     0.00002191
      885     0.00000000     0.00002882
      886     0.00000000     0.00000641
      887     0.00000000     0.00000000
      888     0.00000000     0.00000000
      889     0.00000000     0.00000000
      890     0.00000000     0.00000098
      891     0.00000000     0.00000000
      892     0.00000000     0.00000000
      893     0.00000000     0.00000633
      894     0.00000000     0.00001084
      895     0.00000000     0.00000283
      896     0.00000000     0.00000000
      897     0.00000000     0.00000000
      898     0.00000000     0.00000000
      899     0.00000000     0.00001758
      900     0.00000000     0.00001734
      901     0.00000000     0.00000000
      902     0.00000000     0.00000000
      903     0.00000000     0.00000000
      904     0.00000000     0.00001235
      905     0.00000000     0.00002438
      906     0.00000000     0.00000519
      907     0.00000000     0.00000000
      908     0.00000000     0.00000000
      909     0.00000000     0.00001008
      910     0.00000000     0.00002937
      911     0.00000000     0.00000728
      912     0.00000000     0.00000000
      913     0.00000000     0.00000000
      914     0.00000000     0.00002080
      915     0.00000000     0.00003886
      916     0.00000000     0.00000000
      917     0.00000000     0.00000000
      918     0.00000000     0.00000000
      919     0.00000000     0.00004956
      920     0.00000000     0.00002959
      921     0.00000000     0.00000000
      922     0.00000000     0.00000000
      923     0.00000000     0.00003901
      924     0.00000000     0.00004862
      925     0.00000000     0.00000000
      926     0.00000000     0.00000000
      927     0.00000000     0.00002203
      928     0.00000000     0.00003783
      929     0.00000000     0.00000000
      930     0.00000000     0.00000000
      931     0.00000000     0.00000533
      932     0.00000000     0.00000281
      933     0.00000000     0.00000374
      934     0.00000000     0.00001941
      935     0.00000000     0.00000000
      936     0.00000000     0.00000000
      937     0.00000000     0.00001331
      938     0.00000000     0.00005205
      939     0.00000000     0.00000000
      940     0.00000000     0.00000000
      941     0.00000000     0.00000000
      942     0.00000000     0.00005549
      943     0.00000000     0.00002696
      944     0.00000000     0.00000000
      945     0.00000000     0.00000000
      946     0.00000000     0.00001873
      947     0.00000000     0.00004948
      948     0.00000000     0.00000994
      949     0.00000000     0.00000000
      950     0.00000000     0.00000000
      951     0.00000000     0.00001150
      952     0.00000000     0.00003750
      953     0.00000000     0.00001607
      954     0.00000000     0.00000000
      955     0.00000000     0.00000000
      956     0.00000000     0.00000000
      957     0.00000000     0.00001956
      958     0.00000000     0.00001916
      959     0.00000000     0.00000000
      960     0.00000000     0.00000000
      961     0.00000000     0.00000000
      962     0.00000000     0.00000473
      963     0.00000000     0.00001360
      964     0.00000000     0.00000595
      965     0.00000000     0.00000000
      966     0.00000000     0.00000000
      967     0.00000000     0.00000000
      968     0.00000000     0.00000995
      969     0.00000000     0.00000662
      970     0.00000000     0.00000000
      971     0.00000000     0.00000000
      972     0.00000000     0.00000000
      973     0.00000000     0.00000427
      974     0.00000000     0.00000060
      975     0.00000000     0.00000201
      976     0.00000000     0.00000550
      977     0.00000000     0.00000000
      978     0.00000000     0.00000000
      979     0.00000000     0.00001080
      980     0.00000000     0.00003701
      981     0.00000000     0.00000000
      982     0.00000000     0.00000000
      983     0.00000000     0.00000851
      984     0.00000000     0.00006357
      985     0.00000000     0.00000000
      986     0.00000000     0.00000000
      987     0.00000000     0.00000943
      988     0.00000000     0.00005348
      989     0.00000000     0.00000000
      990     0.00000000     0.00000000
      991     0.00000000     0.00001769
      992     0.00000000     0.00003965
      993     0.00000000     0.00000000
      994     0.00000000     0.00000000
      995     0.00000000     0.00002277
      996     0.00000000     0.00002758
      997     0.00000000     0.00000000
      998     0.00000000     0.00000000
      999     0.00000000     0.00001762
     1000     0.00000000     0.00001409
     1001     0.00000000     0.00000000
     1002     0.00000000     0.00000000
     1003     0.00000000     0.00000223
     1004     0.00000000     0.00000000
     1005     0.00000000     0.00000514
     1006     0.00000000     0.00001266
     1007     0.00000000     0.00000000
     1008     0.00000000     0.00000000
     1009     0.00000000     0.00000456
     1010     0.00000000     0.00003238
     1011     0.00000000     0.00000808
     1012     0.00000000     0.00000000
     1013     0.00000000     0.00000000
     1014     0.00000000     0.00002481
     1015     0.00000000     0.00003716
     1016     0.00000000     0.00000000
     1017     0.00000000     0.00000000
     1018     0.00000000     0.00000000
     1019     0.00000000     0.00002248
     1020     0.00000000     0.00003055
     1021     0.00000000     0.00000033
     1022     0.00000000     0.00000000
     1023     0.00000000     0.00000000
     1024     0.00000000     0.00000646
     1025     0.00000000     0.00001813
     1026     0.00000000     0.00000825
     1027     0.00000000     0.00000000
     1028     0.00000000     0.00000000
     1029     0.00000000     0.00000000
     1030     0.00000000     0.00001511
     1031     0.00000000     0.00002392
     1032     0.00000000     0.00000633
     1033     0.00000000     0.00000000
     1034     0.00000000     0.00000000
     1035     0.00000000     0.00000000
     1036     0.00000000     0.00003316
     1037     0.00000000     0.00003662
     1038     0.00000000     0.00000276
     1039     0.00000000     0.00000000
     1040     0.00000000     0.00000000
     1041     0.00000000     0.00000000
     1042     0.00000000     0.00001771
     1043     0.00000000     0.00001561
     1044     0.00000000     0.00000099
     1045     0.00000000     0.00000000
     1046     0.00000000     0.00000000
     1047     0.00000000     0.00000070
     1048     0.00000000     0.00000000
     1049     0.00000000     0.00000000
     1050     0.00000000     0.00000000
     1051     0.00000000     0.00001420
     1052     0.00000000     0.00002025
     1053     0.00000000     0.00000460
     1054     0.00000000     0.00000000
     1055     0.00000000     0.00000000
     1056     0.00000000     0.00000000
     1057     0.00000000     0.00002432
     1058     0.00000000     0.00002686
     1059     0.00000000     0.00000017
     1060     0.00000000     0.00000000
     1061     0.00000000     0.00000000
     1062     0.00000000     0.00000475
     1063     0.00000000     0.00002885
     1064     0.00000000     0.00002060
     1065     0.00000000     0.00000000
     1066     0.00000000     0.00000000
     1067     0.00000000     0.00000000
     1068     0.00000000     0.00002212
     1069     0.00000000     0.00003765
     1070     0.00000000     0.00000856
     1071     0.00000000     0.00000000
     1072     0.00000000     0.00000000
     1073     0.00000000     0.00001042
     1074     0.00000000     0.00005831
     1075     0.00000000     0.00003910
     1076     0.00000000     0.00000000
     1077     0.00000000     0.00000000
     1078     0.00000000     0.00000000
     1079     0.00000000     0.00006938
     1080     0.00000000     0.00006759
     1081     0.00000000     0.00000000
     1082     0.00000000     0.00000000
     1083     0.00000000     0.00000000
     1084     0.00000000     0.00005757
     1085     0.00000000     0.00006765
     1086     0.00000000     0.00000000
     1087     0.00000000     0.00000000
     1088     0.00000000     0.00000000
     1089     0.00000000     0.00003857
     1090     0.00000000     0.00004486
     1091     0.00000000     0.00000000
     1092     0.00000000     0.00000000
     1093     0.00000000     0.00000000
     1094     0.00000000     0.00001765
     1095     0.00000000     0.00001372
     1096     0.00000000     0.00000000
     1097     0.00000000     0.00000000
     1098     0.00000000     0.00000137
     1099     0.00000000     0.00000000
     1100     0.00000000     0.00000000
     1101     0.00000000     0.00002066
     1102     0.00000000     0.00004562
     1103     0.00000000     0.00000000
     1104     0.00000000     0.00000000
     1105     0.00000000     0.00000000
     1106     0.00000000     0.00019664
     1107     0.00000000     0.00033535
     1108     0.00000000     0.00050996
     1109     0.00000000     0.00000000
     1110     0.00000000     0.00000000
     1111     0.00000000     0.00000000
     1112     0.00000000     0.00000542
     1113     0.00000000     0.00000000
     1114     0.00000000     0.00000598
     1115     0.00000000     0.00009295
     1116     0.00000000     0.00004699
     1117     0.00000000     0.00000000
     1118     0.00000000     0.00000000
     1119     0.00000000     0.00003395
     1120     0.00000000     0.00011484
     1121     0.00000000     0.00003176
     1122     0.00000000     0.00000000
     1123     0.00000000     0.00000000
     1124     0.00000000     0.00002869
     1125     0.00000000     0.00007781
     1126     0.00000000     0.00002088
     1127     0.00000000     0.00000000
     1128     0.00000000     0.00000000
     1129     0.00000000     0.00000875
     1130     0.00000000     0.00003169
     1131     0.00000000     0.00001142
     1132     0.00000000     0.00000000
     1133     0.00000000     0.00000000
     1134     0.00000000     0.00000000
     1135     0.00000000     0.00000000
     1136     0.00000000     0.00000000
     1137     0.00000000     0.00000296
     1138     0.00000000     0.00001250
     1139     0.00000000     0.00000733
     1140     0.00000000     0.00000000
     1141     0.00000000     0.00000000
     1142     0.00000000     0.00000000
     1143     0.00000000     0.00002696
     1144     0.00000000     0.00003181
     1145     0.00000000     0.00000000
     1146     0.00000000     0.00000000
     1147     0.00000000     0.00000000
     1148     0.00000000     0.00002754
     1149     0.00000000     0.00008051
     1150     0.00000000     0.00004234
     1151     0.00000000     0.00000000
     1152     0.00000000     0.00000000
     1153     0.00000000     0.00000000
     1154     0.00000000     0.00011375
     1155     0.00000000     0.00012269
     1156     0.00000000     0.00000000
     1157     0.00000000     0.00000000
     1158     0.00000000     0.00000000
     1159     0.00000000     0.00002003
     1160     0.00000000     0.00000108
     1161     0.00000000     0.00000000
     1162     0.00000000     0.00007345
     1163     0.00000000     0.00012897
     1164     0.00000000     0.00000895
     1165     0.00000000     0.00000000
     1166     0.00000000     0.00000000
     1167     0.00000000     0.00004456
     1168     0.00000000     0.00014612
     1169     0.00000000     0.00006774
     1170     0.00000000     0.00000000
     1171     0.00000000     0.00000000
     1172     0.00000000     0.00000000
     1173     0.00000000     0.00007259
     1174     0.00000000     0.00006517
     1175     0.00000000     0.00000000
     1176     0.00000000     0.00000000
     1177     0.00000000     0.00000000
     1178     0.00000000     0.00001927
     1179     0.00000000     0.00003205
     1180     0.00000000     0.00000690
     1181     0.00000000     0.00000000
     1182     0.00000000     0.00000000
     1183     0.00000000     0.00000146
     1184     0.00000000     0.00000530
     1185     0.00000000     0.00000075
     1186     0.00000000     0.00000143
     1187     0.00000000     0.00000572
     1188     0.00000000     0.00000064
     1189     0.00000000     0.00000000
     1190     0.00000000     0.00000000
     1191     0.00000000     0.00000762
     1192     0.00000000     0.00001690
     1193     0.00000000     0.00000260
     1194     0.00000000     0.00000000
     1195     0.00000000     0.00000000
     1196     0.00000000     0.00000892
     1197     0.00000000     0.00001819
     1198     0.00000000     0.00000129
     1199     0.00000000     0.00000000
     1200     0.00000000     0.00000000
     1201     0.00000000     0.00001543
     1202     0.00000000     0.00002383
     1203     0.00000000     0.00000000
     1204     0.00000000     0.00000000
     1205     0.00000000     0.00000000
     1206     0.00000000     0.00003441
     1207     0.00000000     0.00002724
     1208     0.00000000     0.00000000
     1209     0.00000000     0.00000000
     1210     0.00000000     0.00001093
     1211     0.00000000     0.00004793
     1212     0.00000000     0.00000850
     1213     0.00000000     0.00000000
     1214     0.00000000     0.00000000
     1215     0.00000000     0.00003249
     1216     0.00000000     0.00003911
     1217     0.00000000     0.00000000
     1218     0.00000000     0.00000000
     1219     0.00000000     0.00000000
     1220     0.00000000     0.00004370
     1221     0.00000000     0.00002550
     1222     0.00000000     0.00000000
     1223     0.00000000     0.00000000
     1224     0.00000000     0.00001292
     1225     0.00000000     0.00005689
     1226     0.00000000     0.00001840
     1227     0.00000000     0.00000000
     1228     0.00000000     0.00000000
     1229     0.00000000     0.00003207
     1230     0.00000000     0.00009122
     1231     0.00000000     0.00002532
     1232     0.00000000     0.00000000
     1233     0.00000000     0.00000000
     1234     0.00000000     0.00002307
     1235     0.00000000     0.00008995
     1236     0.00000000     0.00004199
     1237     0.00000000     0.00000000
     1238     0.00000000     0.00000000
     1239     0.00000000     0.00000000
     1240     0.00000000     0.00003093
     1241     0.00000000     0.00002706
     1242     0.00000000     0.00000005
     1243     0.00000000     0.00000000
     1244     0.00000000     0.00000000
     1245     0.00000000     0.00000016
     1246     0.00000000     0.00000000
     1247     0.00000000     0.00000000
     1248     0.00000000     0.00000363
     1249     0.00000000     0.00001019
     1250     0.00000000     0.00000453
