#     Density Matrix: population Re; see the manual for detail orders
        0     0.00000000     1.00000000
        1     0.00000000     1.00000000
        2     0.00000000     1.00000000
        3     0.00000000     1.00000000
        4     0.00000000     1.00000000
        5     0.00000000     1.00000000
        6     0.00000000     1.00000000
        7     0.00000000     1.00000000
        8     0.00000000     1.00000000
        9     0.00000000     1.00000000
       10     0.00000001     0.99999999
       11     0.00000001     0.99999999
       12     0.00000001     0.99999999
       13     0.00000001     0.99999999
       14     0.00000002     0.99999998
       15     0.00000002     0.99999998
       16     0.00000002     0.99999998
       17     0.00000002     0.99999998
       18     0.00000002     0.99999998
       19     0.00000001     0.99999999
       20     0.00000000     1.00000000
       21     0.00000001     0.99999999
       22     0.00000001     0.99999999
       23     0.00000000     1.00000000
       24     0.00000000     1.00000000
       25     0.00000001     0.99999999
       26     0.00000002     0.99999998
       27     0.00000001     0.99999999
       28     0.00000000     1.00000000
       29     0.00000001     0.99999999
       30     0.00000003     0.99999997
       31     0.00000003     0.99999997
       32     0.00000002     0.99999998
       33     0.00000001     0.99999999
       34     0.00000002     0.99999998
       35     0.00000004     0.99999996
       36     0.00000005     0.99999995
       37     0.00000003     0.99999997
       38     0.00000002     0.99999998
       39     0.00000003     0.99999997
       40     0.00000006     0.99999994
       41     0.00000006     0.99999994
       42     0.00000003     0.99999997
       43     0.00000000     1.00000000
       44     0.00000002     0.99999998
       45     0.00000007     0.99999993
       46     0.00000008     0.99999992
       47     0.00000004     0.99999996
       48     0.00000000     1.00000000
       49     0.00000001     0.99999999
       50     0.00000007     0.99999993
       51     0.00000010     0.99999990
       52     0.00000008     0.99999992
       53     0.00000002     0.99999998
       54     0.00000001     0.99999999
       55     0.00000006     0.99999994
       56     0.00000012     0.99999988
       57     0.00000014     0.99999986
       58     0.00000009     0.99999991
       59     0.00000003     0.99999997
       60     0.00000003     0.99999997
       61     0.00000008     0.99999992
       62     0.00000008     0.99999992
       63     0.00000004     0.99999996
       64     0.00000000     1.00000000
       65     0.00000001     0.99999999
       66     0.00000006     0.99999994
       67     0.00000012     0.99999988
       68     0.00000012     0.99999988
       69     0.00000007     0.99999993
       70     0.00000002     0.99999998
       71     0.00000002     0.99999998
       72     0.00000008     0.99999992
       73     0.00000016     0.99999984
       74     0.00000019     0.99999981
       75     0.00000014     0.99999986
       76     0.00000006     0.99999994
       77     0.00000003     0.99999997
       78     0.00000008     0.99999992
       79     0.00000019     0.99999981
       80     0.00000028     0.99999972
       81     0.00000028     0.99999972
       82     0.00000017     0.99999983
       83     0.00000005     0.99999995
       84     0.00000002     0.99999998
       85     0.00000012     0.99999988
       86     0.00000029     0.99999971
       87     0.00000041     0.99999959
       88     0.00000040     0.99999960
       89     0.00000027     0.99999973
       90     0.00000012     0.99999988
       91     0.00000007     0.99999993
       92     0.00000017     0.99999983
       93     0.00000039     0.99999961
       94     0.00000058     0.99999942
       95     0.00000063     0.99999937
       96     0.00000052     0.99999948
       97     0.00000032     0.99999968
       98     0.00000018     0.99999982
       99     0.00000021     0.99999979
      100     0.00000041     0.99999959
      101     0.00000064     0.99999936
      102     0.00000073     0.99999927
      103     0.00000063     0.99999937
      104     0.00000041     0.99999959
      105     0.00000020     0.99999980
      106     0.00000014     0.99999986
      107     0.00000027     0.99999973
      108     0.00000054     0.99999946
      109     0.00000081     0.99999919
      110     0.00000095     0.99999905
      111     0.00000089     0.99999911
      112     0.00000066     0.99999934
      113     0.00000040     0.99999960
      114     0.00000024     0.99999976
      115     0.00000027     0.99999973
      116     0.00000049     0.99999951
      117     0.00000079     0.99999921
      118     0.00000105     0.99999895
      119     0.00000115     0.99999885
      120     0.00000104     0.99999896
      121     0.00000078     0.99999922
      122     0.00000057     0.99999943
      123     0.00000055     0.99999945
      124     0.00000073     0.99999927
      125     0.00000104     0.99999896
      126     0.00000136     0.99999864
      127     0.00000155     0.99999845
      128     0.00000153     0.99999847
      129     0.00000133     0.99999867
      130     0.00000101     0.99999899
      131     0.00000071     0.99999929
      132     0.00000052     0.99999948
      133     0.00000050     0.99999950
      134     0.00000062     0.99999938
      135     0.00000082     0.99999918
      136     0.00000098     0.99999902
      137     0.00000104     0.99999896
      138     0.00000096     0.99999904
      139     0.00000076     0.99999924
      140     0.00000051     0.99999949
      141     0.00000029     0.99999971
      142     0.00000016     0.99999984
      143     0.00000012     0.99999988
      144     0.00000015     0.99999985
      145     0.00000025     0.99999975
      146     0.00000049     0.99999951
      147     0.00000105     0.99999895
      148     0.00000235     0.99999765
      149     0.00000504     0.99999496
      150     0.00001009     0.99998991
      151     0.00001901     0.99998099
      152     0.00003420     0.99996580
      153     0.00006002     0.99993998
      154     0.00010460     0.99989540
      155     0.00017258     0.99982742
      156     0.00019260     0.99980740
      157     0.00028380     0.99971620
      158     0.00048007     0.99951993
      159     0.00063355     0.99936645
      160     0.00070985     0.99929015
      161     0.00072785     0.99927215
      162     0.00072596     0.99927404
      163     0.00074130     0.99925870
      164     0.00078804     0.99921196
      165     0.00085514     0.99914486
      166     0.00091590     0.99908410
      167     0.00094175     0.99905825
      168     0.00091512     0.99908488
      169     0.00083700     0.99916300
      170     0.00072730     0.99927270
      171     0.00061827     0.99938173
      172     0.00054363     0.99945637
      173     0.00052731     0.99947269
      174     0.00057544     0.99942456
      175     0.00067422     0.99932578
      176     0.00079418     0.99920582
      177     0.00089941     0.99910059
      178     0.00095872     0.99904128
      179     0.00095518     0.99904482
      180     0.00089113     0.99910887
      181     0.00078847     0.99921153
      182     0.00067937     0.99932063
      183     0.00059539     0.99940461
      184     0.00056081     0.99943919
      185     0.00058410     0.99941590
      186     0.00065577     0.99934423
      187     0.00075182     0.99924818
      188     0.00084157     0.99915843
      189     0.00089746     0.99910254
      190     0.00090352     0.99909648
      191     0.00086001     0.99913999
      192     0.00078279     0.99921721
      193     0.00069772     0.99930228
      194     0.00063204     0.99936796
      195     0.00060553     0.99939447
      196     0.00062443     0.99937557
      197     0.00067989     0.99932011
      198     0.00075158     0.99924842
      199     0.00081491     0.99918509
      200     0.00084943     0.99915057
      201     0.00084574     0.99915426
      202     0.00080888     0.99919112
      203     0.00075368     0.99924632
      204     0.00070018     0.99929982
      205     0.00066632     0.99933368
      206     0.00066170     0.99933830
      207     0.00068488     0.99931512
      208     0.00072469     0.99927531
      209     0.00076521     0.99923479
      210     0.00079207     0.99920793
      211     0.00079769     0.99920231
      212     0.00078339     0.99921661
      213     0.00075778     0.99924222
      214     0.00073231     0.99926769
      215     0.00071618     0.99928382
      216     0.00071275     0.99928725
      217     0.00071916     0.99928084
      218     0.00072891     0.99927109
      219     0.00073599     0.99926401
      220     0.00073829     0.99926171
      221     0.00073843     0.99926157
      222     0.00074106     0.99925894
      223     0.00074916     0.99925084
      224     0.00076121     0.99923879
      225     0.00077082     0.99922918
      226     0.00076981     0.99923019
      227     0.00075327     0.99924673
      228     0.00072409     0.99927591
      229     0.00069387     0.99930613
      230     0.00067869     0.99932131
      231     0.00069098     0.99930902
      232     0.00073141     0.99926859
      233     0.00078549     0.99921451
      234     0.00082815     0.99917185
      235     0.00083558     0.99916442
      236     0.00079900     0.99920100
      237     0.00073231     0.99926769
      238     0.00066746     0.99933254
      239     0.00063728     0.99936272
      240     0.00065503     0.99934497
      241     0.00070214     0.99929786
      242     0.00074517     0.99925483
      243     0.00076549     0.99923451
      244     0.00076505     0.99923495
      245     0.00075944     0.99924056
      246     0.00075918     0.99924082
      247     0.00076262     0.99923738
      248     0.00076334     0.99923666
      249     0.00076060     0.99923940
      250     0.00075550     0.99924450
      251     0.00075339     0.99924661
      252     0.00075894     0.99924106
      253     0.00076929     0.99923071
      254     0.00077467     0.99922533
      255     0.00076768     0.99923232
      256     0.00075258     0.99924742
      257     0.00074342     0.99925658
      258     0.00075089     0.99924911
      259     0.00077011     0.99922989
      260     0.00078312     0.99921688
      261     0.00077583     0.99922417
      262     0.00075329     0.99924671
      263     0.00073686     0.99926314
      264     0.00074381     0.99925619
      265     0.00076901     0.99923099
      266     0.00078823     0.99921177
      267     0.00078158     0.99921842
      268     0.00075437     0.99924563
      269     0.00073324     0.99926676
      270     0.00073998     0.99926002
      271     0.00076879     0.99923121
      272     0.00079096     0.99920904
      273     0.00078364     0.99921636
      274     0.00075368     0.99924632
      275     0.00073142     0.99926858
      276     0.00073990     0.99926010
      277     0.00077069     0.99922931
      278     0.00079210     0.99920790
      279     0.00078190     0.99921810
      280     0.00075066     0.99924934
      281     0.00073093     0.99926907
      282     0.00074344     0.99925656
      283     0.00077495     0.99922505
      284     0.00079215     0.99920785
      285     0.00077700     0.99922300
      286     0.00074583     0.99925417
      287     0.00073197     0.99926803
      288     0.00075010     0.99924990
      289     0.00078058     0.99921942
      290     0.00079046     0.99920954
      291     0.00076889     0.99923111
      292     0.00073910     0.99926090
      293     0.00073382     0.99926618
      294     0.00075997     0.99924003
      295     0.00078992     0.99921008
      296     0.00078958     0.99921042
      297     0.00075528     0.99924472
      298     0.00072205     0.99927795
      299     0.00073236     0.99926764
      300     0.00079108     0.99920892
      301     0.00084126     0.99915874
      302     0.00079580     0.99920420
      303     0.00046182     0.99953818
      304     0.00030120     0.99969880
      305     0.00035882     0.99964118
      306     0.00042421     0.99957579
      307     0.00044538     0.99955462
      308     0.00043276     0.99956724
      309     0.00041698     0.99958302
      310     0.00041231     0.99958769
      311     0.00041176     0.99958824
      312     0.00040619     0.99959381
      313     0.00039946     0.99960054
      314     0.00040282     0.99959718
      315     0.00041822     0.99958178
      316     0.00043231     0.99956769
      317     0.00042956     0.99957044
      318     0.00041011     0.99958989
      319     0.00039191     0.99960809
      320     0.00039329     0.99960671
      321     0.00041013     0.99958987
      322     0.00042339     0.99957661
      323     0.00042333     0.99957667
      324     0.00041055     0.99958945
      325     0.00039778     0.99960222
      326     0.00039706     0.99960294
      327     0.00040827     0.99959173
      328     0.00042006     0.99957994
      329     0.00042136     0.99957864
      330     0.00041181     0.99958819
      331     0.00040122     0.99959878
      332     0.00039948     0.99960052
      333     0.00040732     0.99959268
      334     0.00041659     0.99958341
      335     0.00041865     0.99958135
      336     0.00041239     0.99958761
      337     0.00040437     0.99959563
      338     0.00040202     0.99959798
      339     0.00040685     0.99959315
      340     0.00041374     0.99958626
      341     0.00041634     0.99958366
      342     0.00041266     0.99958734
      343     0.00040653     0.99959347
      344     0.00040358     0.99959642
      345     0.00040619     0.99959381
      346     0.00041165     0.99958835
      347     0.00041499     0.99958501
      348     0.00041336     0.99958664
      349     0.00040837     0.99959163
      350     0.00040446     0.99959554
      351     0.00040508     0.99959492
      352     0.00040969     0.99959031
      353     0.00041435     0.99958565
      354     0.00041499     0.99958501
      355     0.00041088     0.99958912
      356     0.00040535     0.99959465
      357     0.00040307     0.99959693
      358     0.00040621     0.99959379
      359     0.00041250     0.99958750
      360     0.00041687     0.99958313
      361     0.00041575     0.99958425
      362     0.00041053     0.99958947
      363     0.00040519     0.99959481
      364     0.00040401     0.99959599
      365     0.00040819     0.99959181
      366     0.00041473     0.99958527
      367     0.00041868     0.99958132
      368     0.00041685     0.99958315
      369     0.00041038     0.99958962
      370     0.00040392     0.99959608
      371     0.00040227     0.99959773
      372     0.00040679     0.99959321
      373     0.00041440     0.99958560
      374     0.00041974     0.99958026
      375     0.00041903     0.99958097
      376     0.00041271     0.99958729
      377     0.00040507     0.99959493
      378     0.00040124     0.99959876
      379     0.00040372     0.99959628
      380     0.00041078     0.99958922
      381     0.00041737     0.99958263
      382     0.00041956     0.99958044
      383     0.00041661     0.99958339
      384     0.00041058     0.99958942
      385     0.00040530     0.99959470
      386     0.00040386     0.99959614
      387     0.00040683     0.99959317
      388     0.00041212     0.99958788
      389     0.00041650     0.99958350
      390     0.00041759     0.99958241
      391     0.00041517     0.99958483
      392     0.00041099     0.99958901
      393     0.00040754     0.99959246
      394     0.00040652     0.99959348
      395     0.00040807     0.99959193
      396     0.00041093     0.99958907
      397     0.00041340     0.99958660
      398     0.00041435     0.99958565
      399     0.00041366     0.99958634
      400     0.00041208     0.99958792
      401     0.00041069     0.99958931
      402     0.00041005     0.99958995
      403     0.00041016     0.99958984
      404     0.00041073     0.99958927
      405     0.00041136     0.99958864
      406     0.00041175     0.99958825
      407     0.00041181     0.99958819
      408     0.00041162     0.99958838
      409     0.00041132     0.99958868
      410     0.00041102     0.99958898
      411     0.00041086     0.99958914
      412     0.00041095     0.99958905
      413     0.00041134     0.99958866
      414     0.00041195     0.99958805
      415     0.00041253     0.99958747
      416     0.00041271     0.99958729
      417     0.00041217     0.99958783
      418     0.00041089     0.99958911
      419     0.00040926     0.99959074
      420     0.00040803     0.99959197
      421     0.00040804     0.99959196
      422     0.00040980     0.99959020
      423     0.00041293     0.99958707
      424     0.00041627     0.99958373
      425     0.00041835     0.99958165
      426     0.00041799     0.99958201
      427     0.00041488     0.99958512
      428     0.00040990     0.99959010
      429     0.00040485     0.99959515
      430     0.00040183     0.99959817
      431     0.00040235     0.99959765
      432     0.00040663     0.99959337
      433     0.00041338     0.99958662
      434     0.00042022     0.99957978
      435     0.00042458     0.99957542
      436     0.00042467     0.99957533
      437     0.00042031     0.99957969
      438     0.00041298     0.99958702
      439     0.00040528     0.99959472
      440     0.00039992     0.99960008
      441     0.00039855     0.99960145
      442     0.00040126     0.99959874
      443     0.00040640     0.99959360
      444     0.00041157     0.99958843
      445     0.00041484     0.99958516
      446     0.00041582     0.99958418
      447     0.00041589     0.99958411
      448     0.00041749     0.99958251
      449     0.00042260     0.99957740
      450     0.00043105     0.99956895
      451     0.00043956     0.99956044
      452     0.00044225     0.99955775
      453     0.00043280     0.99956720
      454     0.00040787     0.99959213
      455     0.00037041     0.99962959
      456     0.00033126     0.99966874
      457     0.00030760     0.99969240
      458     0.00031756     0.99968244
      459     0.00037199     0.99962801
      460     0.00046622     0.99953378
      461     0.00058975     0.99941025
      462     0.00070453     0.99929547
      463     0.00075408     0.99924592
      464     0.00071817     0.99928183
      465     0.00063344     0.99936656
      466     0.00057914     0.99942086
      467     0.00060688     0.99939312
      468     0.00068692     0.99931308
      469     0.00074147     0.99925853
      470     0.00071838     0.99928162
      471     0.00062220     0.99937780
      472     0.00049480     0.99950520
      473     0.00038264     0.99961736
      474     0.00031521     0.99968479
      475     0.00029894     0.99970106
      476     0.00032211     0.99967789
      477     0.00036435     0.99963565
      478     0.00040601     0.99959399
      479     0.00043409     0.99956591
      480     0.00044418     0.99955582
      481     0.00043954     0.99956046
      482     0.00042757     0.99957243
      483     0.00041318     0.99958682
      484     0.00040130     0.99959870
      485     0.00039523     0.99960477
      486     0.00039611     0.99960389
      487     0.00040300     0.99959700
      488     0.00041324     0.99958676
      489     0.00042322     0.99957678
      490     0.00042936     0.99957064
      491     0.00042924     0.99957076
      492     0.00042248     0.99957752
      493     0.00041113     0.99958887
      494     0.00039929     0.99960071
      495     0.00039170     0.99960830
      496     0.00039196     0.99960804
      497     0.00040080     0.99959920
      498     0.00041543     0.99958457
      499     0.00043025     0.99956975
      500     0.00043895     0.99956105
      501     0.00043714     0.99956286
      502     0.00042409     0.99957591
      503     0.00040467     0.99959533
      504     0.00038699     0.99961301
      505     0.00037892     0.99962108
      506     0.00038449     0.99961551
      507     0.00040179     0.99959821
      508     0.00042347     0.99957653
      509     0.00043988     0.99956012
      510     0.00044347     0.99955653
      511     0.00043246     0.99956754
      512     0.00041186     0.99958814
      513     0.00039122     0.99960878
      514     0.00038012     0.99961988
      515     0.00038353     0.99961647
      516     0.00039942     0.99960058
      517     0.00041976     0.99958024
      518     0.00043465     0.99956535
      519     0.00043730     0.99956270
      520     0.00042730     0.99957270
      521     0.00041038     0.99958962
      522     0.00039537     0.99960463
      523     0.00038945     0.99961055
      524     0.00039420     0.99960580
      525     0.00040555     0.99959445
      526     0.00041662     0.99958338
      527     0.00042201     0.99957799
      528     0.00042067     0.99957933
      529     0.00041566     0.99958434
      530     0.00041128     0.99958872
      531     0.00040969     0.99959031
      532     0.00040954     0.99959046
      533     0.00040770     0.99959230
      534     0.00040278     0.99959722
      535     0.00039754     0.99960246
      536     0.00039778     0.99960222
      537     0.00040770     0.99959230
      538     0.00042501     0.99957499
      539     0.00043987     0.99956013
      540     0.00043994     0.99956006
      541     0.00041714     0.99958286
      542     0.00037770     0.99962230
      543     0.00034722     0.99965278
      544     0.00035168     0.99964832
      545     0.00039951     0.99960049
      546     0.00046918     0.99953082
      547     0.00051610     0.99948390
      548     0.00049997     0.99950003
      549     0.00041774     0.99958226
      550     0.00031694     0.99968306
      551     0.00027065     0.99972935
      552     0.00032254     0.99967746
      553     0.00044309     0.99955691
      554     0.00054483     0.99945517
      555     0.00055715     0.99944285
      556     0.00048990     0.99951010
      557     0.00041419     0.99958581
      558     0.00038328     0.99961672
      559     0.00038623     0.99961377
      560     0.00038026     0.99961974
      561     0.00035436     0.99964564
      562     0.00035047     0.99964953
      563     0.00040679     0.99959321
      564     0.00049618     0.99950382
      565     0.00054453     0.99945547
      566     0.00050946     0.99949054
      567     0.00042392     0.99957608
      568     0.00035869     0.99964131
      569     0.00035577     0.99964423
      570     0.00040082     0.99959918
      571     0.00044826     0.99955174
      572     0.00046382     0.99953618
      573     0.00044645     0.99955355
      574     0.00041889     0.99958111
      575     0.00040365     0.99959635
      576     0.00040684     0.99959316
      577     0.00041939     0.99958061
      578     0.00042899     0.99957101
      579     0.00043005     0.99956995
      580     0.00042514     0.99957486
      581     0.00041973     0.99958027
      582     0.00041788     0.99958212
      583     0.00041966     0.99958034
      584     0.00042245     0.99957755
      585     0.00042395     0.99957605
      586     0.00042326     0.99957674
      587     0.00042093     0.99957907
      588     0.00041877     0.99958123
      589     0.00041900     0.99958100
      590     0.00042229     0.99957771
      591     0.00042636     0.99957364
      592     0.00042722     0.99957278
      593     0.00042284     0.99957716
      594     0.00041607     0.99958393
      595     0.00041311     0.99958689
      596     0.00041786     0.99958214
      597     0.00042740     0.99957260
      598     0.00043347     0.99956653
      599     0.00042967     0.99957033
      600     0.00041807     0.99958193
      601     0.00040939     0.99959061
      602     0.00041049     0.99958951
      603     0.00041995     0.99958005
      604     0.00042990     0.99957010
      605     0.00043154     0.99956846
      606     0.00042304     0.99957696
      607     0.00041141     0.99958859
      608     0.00040662     0.99959338
      609     0.00041292     0.99958708
      610     0.00042508     0.99957492
      611     0.00043290     0.99956710
      612     0.00042986     0.99957014
      613     0.00041862     0.99958138
      614     0.00040853     0.99959147
      615     0.00040775     0.99959225
      616     0.00041659     0.99958341
      617     0.00042761     0.99957239
      618     0.00043203     0.99956797
      619     0.00042677     0.99957323
      620     0.00041647     0.99958353
      621     0.00040923     0.99959077
      622     0.00041047     0.99958953
      623     0.00041875     0.99958125
      624     0.00042736     0.99957264
      625     0.00042997     0.99957003
      626     0.00042527     0.99957473
      627     0.00041740     0.99958260
      628     0.00041225     0.99958775
      629     0.00041306     0.99958694
      630     0.00041847     0.99958153
      631     0.00042415     0.99957585
      632     0.00042627     0.99957373
      633     0.00042409     0.99957591
      634     0.00041985     0.99958015
      635     0.00041670     0.99958330
      636     0.00041630     0.99958370
      637     0.00041803     0.99958197
      638     0.00042003     0.99957997
      639     0.00042094     0.99957906
      640     0.00042094     0.99957906
      641     0.00042102     0.99957898
      642     0.00042162     0.99957838
      643     0.00042225     0.99957775
      644     0.00042181     0.99957819
      645     0.00041963     0.99958037
      646     0.00041643     0.99958357
      647     0.00041438     0.99958562
      648     0.00041582     0.99958418
      649     0.00042140     0.99957860
      650     0.00042882     0.99957118
      651     0.00043344     0.99956656
      652     0.00043087     0.99956913
      653     0.00042015     0.99957985
      654     0.00040564     0.99959436
      655     0.00039571     0.99960429
      656     0.00039838     0.99960162
      657     0.00041596     0.99958404
      658     0.00044199     0.99955801
      659     0.00046312     0.99953688
      660     0.00046577     0.99953423
      661     0.00044533     0.99955467
      662     0.00041016     0.99958984
      663     0.00037659     0.99962341
      664     0.00036249     0.99963751
      665     0.00037660     0.99962340
      666     0.00041305     0.99958695
      667     0.00045420     0.99954580
      668     0.00048063     0.99951937
      669     0.00048200     0.99951800
      670     0.00046212     0.99953788
      671     0.00043504     0.99956496
      672     0.00041513     0.99958487
      673     0.00040803     0.99959197
      674     0.00040824     0.99959176
      675     0.00040484     0.99959516
      676     0.00039098     0.99960902
      677     0.00037081     0.99962919
      678     0.00035909     0.99964091
      679     0.00037312     0.99962688
      680     0.00042162     0.99957838
      681     0.00048954     0.99951046
      682     0.00055196     0.99944804
      683     0.00058632     0.99941368
      684     0.00057016     0.99942984
      685     0.00049798     0.99950202
      686     0.00038694     0.99961306
      687     0.00027379     0.99972621
      688     0.00020352     0.99979648
      689     0.00021347     0.99978653
      690     0.00031880     0.99968120
      691     0.00050449     0.99949551
      692     0.00072707     0.99927293
      693     0.00092594     0.99907406
      694     0.00104102     0.99895898
      695     0.00103119     0.99896881
      696     0.00088833     0.99911167
      697     0.00064258     0.99935742
      698     0.00035744     0.99964256
      699     0.00011598     0.99988402
      700     0.00000180     0.99999820
      701     0.00004377     0.99995623
      702     0.00015630     0.99984370
      703     0.00032681     0.99967319
      704     0.00053085     0.99946915
      705     0.00073554     0.99926446
      706     0.00090615     0.99909385
      707     0.00101328     0.99898672
      708     0.00103926     0.99896074
      709     0.00098247     0.99901753
      710     0.00085871     0.99914129
      711     0.00069952     0.99930048
      712     0.00054751     0.99945249
      713     0.00044973     0.99955027
      714     0.00045012     0.99954988
      715     0.00058228     0.99941772
      716     0.00086372     0.99913628
      717     0.00129245     0.99870755
      718     0.00184649     0.99815351
      719     0.00248617     0.99751383
      720     0.00315901     0.99684099
      721     0.00362741     0.99637259
      722     0.00377274     0.99622726
      723     0.00369043     0.99630957
      724     0.00338964     0.99661036
      725     0.00290698     0.99709302
      726     0.00230161     0.99769839
      727     0.00164748     0.99835252
      728     0.00102381     0.99897619
      729     0.00050506     0.99949494
      730     0.00015180     0.99984820
      731     0.00000362     0.99999638
      732     0.00007493     0.99992507
      733     0.00035401     0.99964599
      734     0.00080542     0.99919458
      735     0.00137514     0.99862486
      736     0.00199774     0.99800226
      737     0.00260453     0.99739547
      738     0.00313163     0.99686837
      739     0.00352689     0.99647311
      740     0.00375504     0.99624496
      741     0.00379106     0.99620894
      742     0.00367404     0.99632596
      743     0.00343934     0.99656066
      744     0.00312588     0.99687412
      745     0.00277638     0.99722362
      746     0.00243143     0.99756857
      747     0.00212466     0.99787534
      748     0.00187906     0.99812094
      749     0.00170525     0.99829475
      750     0.00160142     0.99839858
      751     0.00155505     0.99844495
      752     0.00154580     0.99845420
      753     0.00154937     0.99845063
      754     0.00154149     0.99845851
      755     0.00150185     0.99849815
      756     0.00141722     0.99858278
      757     0.00128378     0.99871622
      758     0.00110818     0.99889182
      759     0.00090768     0.99909232
      760     0.00070918     0.99929082
      761     0.00057154     0.99942846
      762     0.00050113     0.99949887
      763     0.00050339     0.99949661
      764     0.00061965     0.99938035
      765     0.00089162     0.99910838
      766     0.00135890     0.99864110
      767     0.00205717     0.99794283
      768     0.00301692     0.99698308
      769     0.00426297     0.99573703
      770     0.00581482     0.99418518
      771     0.00768765     0.99231235
      772     0.00989419     0.99010581
      773     0.01244705     0.98755295
      774     0.01536159     0.98463841
      775     0.01865917     0.98134083
      776     0.02237051     0.97762949
      777     0.02653906     0.97346094
      778     0.03122421     0.96877579
      779     0.03650390     0.96349610
      780     0.04247656     0.95752344
      781     0.04740235     0.95259765
      782     0.05071429     0.94928571
      783     0.05382393     0.94617607
      784     0.05669807     0.94330193
      785     0.05931436     0.94068564
      786     0.06166223     0.93833777
      787     0.06374369     0.93625631
      788     0.06557410     0.93442590
      789     0.06718321     0.93281679
      790     0.06861689     0.93138311
      791     0.06993989     0.93006011
      792     0.07124047     0.92875953
      793     0.07263774     0.92736226
      794     0.07429317     0.92570683
      795     0.07642819     0.92357181
      796     0.07935045     0.92064955
      797     0.08349186     0.91650814
      798     0.08946103     0.91053897
      799     0.09810856     0.90189144
      800     0.11059167     0.88940833
      801     0.12338179     0.87661821
      802     0.13412994     0.86587006
      803     0.14632091     0.85367909
      804     0.16033322     0.83966678
      805     0.17667468     0.82332532
      806     0.19602301     0.80397699
      807     0.21927400     0.78072600
      808     0.24758678     0.75241322
      809     0.28239617     0.71760383
      810     0.32531345     0.67468655
      811     0.37780495     0.62219505
      812     0.44042109     0.55957891
      813     0.51158329     0.48841671
      814     0.58659193     0.41340807
      815     0.66139134     0.33860866
      816     0.72101726     0.27898274
      817     0.75573472     0.24426528
      818     0.77260488     0.22739512
      819     0.77948666     0.22051334
      820     0.78128383     0.21871617
      821     0.78077032     0.21922968
      822     0.77961296     0.22038704
      823     0.77794384     0.22205616
      824     0.77589917     0.22410083
      825     0.77357661     0.22642339
      826     0.77104599     0.22895401
      827     0.76835746     0.23164254
      828     0.76554749     0.23445251
      829     0.76264328     0.23735672
      830     0.75966598     0.24033402
      831     0.75663308     0.24336692
      832     0.75356011     0.24643989
      833     0.75046206     0.24953794
      834     0.74735445     0.25264555
      835     0.74425413     0.25574587
      836     0.74118277     0.25881723
      837     0.73816189     0.26183811
      838     0.73521332     0.26478668
      839     0.73236570     0.26763430
      840     0.72965166     0.27034834
      841     0.72753673     0.27246327
      842     0.72594859     0.27405141
      843     0.72442545     0.27557455
      844     0.72302972     0.27697028
      845     0.72182592     0.27817408
      846     0.72087863     0.27912137
      847     0.72024993     0.27975007
      848     0.71999639     0.28000361
      849     0.72016566     0.27983434
      850     0.72079251     0.27920749
      851     0.72189470     0.27810530
      852     0.72346864     0.27653136
      853     0.72548525     0.27451475
      854     0.72788637     0.27211363
      855     0.73058224     0.26941776
      856     0.73345066     0.26654934
      857     0.73633860     0.26366140
      858     0.73906674     0.26093326
      859     0.74143788     0.25856212
      860     0.74324930     0.25675070
      861     0.74418660     0.25581340
      862     0.74430470     0.25569530
      863     0.74366144     0.25633856
      864     0.74219971     0.25780029
      865     0.73993865     0.26006135
      866     0.73698659     0.26301341
      867     0.73354624     0.26645376
      868     0.72990922     0.27009078
      869     0.72643806     0.27356194
      870     0.72353471     0.27646529
      871     0.72159641     0.27840359
      872     0.72096213     0.27903787
      873     0.72185501     0.27814499
      874     0.72432872     0.27567128
      875     0.72822755     0.27177245
      876     0.73317038     0.26682962
      877     0.73856773     0.26143227
      878     0.74367766     0.25632234
      879     0.74770061     0.25229939
      880     0.74990554     0.25009446
      881     0.74981878     0.25018122
      882     0.74759460     0.25240540
      883     0.74341797     0.25658203
      884     0.73784435     0.26215565
      885     0.73177959     0.26822041
      886     0.72634756     0.27365244
      887     0.72268288     0.27731712
      888     0.72168110     0.27831890
      889     0.72375772     0.27624228
      890     0.72867896     0.27132104
      891     0.73552423     0.26447577
      892     0.74281932     0.25718068
      893     0.74884083     0.25115917
      894     0.75204130     0.24795870
      895     0.75149503     0.24850497
      896     0.74723244     0.25276756
      897     0.74033489     0.25966511
      898     0.73271259     0.26728741
      899     0.72658218     0.27341782
      900     0.72377479     0.27622521
      901     0.72473847     0.27526153
      902     0.72797278     0.27202722
      903     0.73265062     0.26734938
      904     0.73722575     0.26277425
      905     0.74010305     0.25989695
      906     0.74024849     0.25975151
      907     0.73762033     0.26237967
      908     0.73322183     0.26677817
      909     0.72872408     0.27127592
      910     0.72579765     0.27420235
      911     0.72543510     0.27456490
      912     0.72756530     0.27243470
      913     0.73113426     0.26886574
      914     0.73460977     0.26539023
      915     0.73666648     0.26333352
      916     0.73672701     0.26327299
      917     0.73511753     0.26488247
      918     0.73279699     0.26720301
      919     0.73083109     0.26916891
      920     0.72989343     0.27010657
      921     0.72997111     0.27002889
      922     0.73044711     0.26955289
      923     0.73109378     0.26890622
      924     0.73163088     0.26836912
      925     0.73186188     0.26813812
      926     0.73175654     0.26824346
      927     0.73144106     0.26855894
      928     0.73110839     0.26889161
      929     0.73090370     0.26909630
      930     0.73085075     0.26914925
      931     0.73085879     0.26914121
      932     0.73080208     0.26919792
      933     0.73062193     0.26937807
      934     0.73038756     0.26961244
      935     0.73027498     0.26972502
      936     0.73046898     0.26953102
      937     0.73103866     0.26896134
      938     0.73185630     0.26814370
      939     0.73261182     0.26738818
      940     0.73292954     0.26707046
      941     0.73268553     0.26731447
      942     0.73219427     0.26780573
      943     0.73154583     0.26845417
      944     0.73097191     0.26902809
      945     0.73070216     0.26929784
      946     0.73087611     0.26912389
      947     0.73148019     0.26851981
      948     0.73233663     0.26766337
      949     0.73315357     0.26684643
      950     0.73362301     0.26637699
      951     0.73353383     0.26646617
      952     0.73285884     0.26714116
      953     0.73178133     0.26821867
      954     0.73064686     0.26935314
      955     0.72985254     0.27014746
      956     0.72970984     0.27029016
      957     0.73032823     0.26967177
      958     0.73156233     0.26843767
      959     0.73304431     0.26695569
      960     0.73429480     0.26570520
      961     0.73478400     0.26521600
      962     0.73459247     0.26540753
      963     0.73389854     0.26610146
      964     0.73289755     0.26710245
      965     0.73189261     0.26810739
      966     0.73120298     0.26879702
      967     0.73106404     0.26893596
      968     0.73155003     0.26844997
      969     0.73254414     0.26745586
      970     0.73376683     0.26623317
      971     0.73485494     0.26514506
      972     0.73546904     0.26453096
      973     0.73539697     0.26460303
      974     0.73462255     0.26537745
      975     0.73333800     0.26666200
      976     0.73189517     0.26810483
      977     0.73070845     0.26929155
      978     0.73013675     0.26986325
      979     0.73037800     0.26962200
      980     0.73140686     0.26859314
      981     0.73275279     0.26724721
      982     0.73398890     0.26601110
      983     0.73497575     0.26502425
      984     0.73542795     0.26457205
      985     0.73519458     0.26480542
      986     0.73430502     0.26569498
      987     0.73296724     0.26703276
      988     0.73151828     0.26848172
      989     0.73033889     0.26966111
      990     0.72975448     0.27024552
      991     0.72994794     0.27005206
      992     0.73090736     0.26909264
      993     0.73242272     0.26757728
      994     0.73413324     0.26586676
      995     0.73561418     0.26438582
      996     0.73648167     0.26351833
      997     0.73648977     0.26351023
      998     0.73559541     0.26440459
      999     0.73397483     0.26602517
     1000     0.73198707     0.26801293
