#     Time-derivative Density Matrix by decoherence: population; see the manual for detail orders
        0     0.00000000     0.00000000     0.00000000
        1     0.00000000     0.00000000     0.00000000
        2     0.00000000     0.00000000     0.00000000
        3     0.00000000     0.00000000     0.00000000
        4     0.00000000     0.00000000     0.00000000
        5     0.00000000     0.00002239    -0.00002239
        6     0.00000000     0.00001072    -0.00001072
        7     0.00000000     0.00000000     0.00000000
        8     0.00000000     0.00000000     0.00000000
        9     0.00000000     0.00045232    -0.00045232
       10     0.00000000     0.00000000     0.00000000
       11     0.00000000    -0.00000811     0.00000811
       12     0.00000000    -0.00033971     0.00033971
       13     0.00000000    -0.00096149     0.00096149
       14     0.00000000    -0.00215739     0.00215739
       15     0.00000000    -0.00322413     0.00322413
       16     0.00000000    -0.00374428     0.00374428
       17     0.00000000    -0.00300105     0.00300105
       18     0.00000000    -0.00090627     0.00090627
       19     0.00000000    -0.00001929     0.00001929
       20     0.00000000     0.00000000     0.00000000
       21     0.00000000     0.00000000     0.00000000
       22     0.00000000    -0.00004082     0.00004082
       23     0.00000000    -0.00011931     0.00011931
       24     0.00000000    -0.00022740     0.00022740
       25     0.00000000    -0.00036100     0.00036100
       26     0.00000000    -0.00051426     0.00051426
       27     0.00000000    -0.00068023     0.00068023
       28     0.00000000    -0.00083732     0.00083732
       29     0.00000000    -0.00098057     0.00098057
       30     0.00000000    -0.00107771     0.00107771
       31     0.00000000    -0.00110784     0.00110784
       32     0.00000000    -0.00102919     0.00102919
       33     0.00000000    -0.00084381     0.00084381
       34     0.00000000    -0.00050788     0.00050788
       35     0.00000000    -0.00003497     0.00003497
       36     0.00000000     0.00061695    -0.00061695
       37     0.00000000     0.00133876    -0.00133876
       38     0.00000000     0.00208008    -0.00208008
       39     0.00000000     0.00286920    -0.00286920
       40     0.00000000     0.00361132    -0.00361132
       41     0.00000000     0.00374374    -0.00374374
       42     0.00000000     0.00381257    -0.00381257
       43     0.00000000     0.00365561    -0.00365561
       44     0.00000000     0.00337745    -0.00337745
       45     0.00000000     0.00307495    -0.00307495
       46     0.00000000     0.00262090    -0.00262090
       47     0.00000000     0.00217408    -0.00217408
       48     0.00000000     0.00185039    -0.00185039
       49     0.00000000     0.00156947    -0.00156947
       50     0.00000000     0.00128650    -0.00128650
       51     0.00000000     0.00106638    -0.00106638
       52     0.00000000     0.00089421    -0.00089421
       53     0.00000000     0.00071781    -0.00071781
       54     0.00000000     0.00057413    -0.00057413
       55     0.00000000     0.00046886    -0.00046886
       56     0.00000000     0.00039491    -0.00039491
       57     0.00000000     0.00034720    -0.00034720
       58     0.00000000     0.00000000     0.00000000
       59     0.00000000     0.00000000     0.00000000
       60     0.00000000     0.00000000     0.00000000
       61     0.00000000     0.00000000     0.00000000
       62     0.00000000     0.00000000     0.00000000
       63     0.00000000     0.00000000     0.00000000
       64     0.00000000     0.00000000     0.00000000
       65     0.00000000     0.00000000     0.00000000
       66     0.00000000     0.00000000     0.00000000
       67     0.00000000     0.00000000     0.00000000
       68     0.00000000     0.00000000     0.00000000
       69     0.00000000     0.00000000     0.00000000
       70     0.00000000     0.00000000     0.00000000
       71     0.00000000     0.00000000     0.00000000
       72     0.00000000     0.00000000     0.00000000
       73     0.00000000     0.00000000     0.00000000
       74     0.00000000     0.00000000     0.00000000
       75     0.00000000     0.00000000     0.00000000
       76     0.00000000     0.00000000     0.00000000
       77     0.00000000     0.00000000     0.00000000
       78     0.00000000     0.00000000     0.00000000
       79     0.00000000     0.00000000     0.00000000
       80     0.00000000     0.00000000     0.00000000
       81     0.00000000     0.00000000     0.00000000
       82     0.00000000     0.00000000     0.00000000
       83     0.00000000     0.00000000     0.00000000
       84     0.00000000     0.00000000     0.00000000
       85     0.00000000     0.00000000     0.00000000
       86     0.00000000     0.00000000     0.00000000
       87     0.00000000     0.00000000     0.00000000
       88     0.00000000     0.00000000     0.00000000
       89     0.00000000     0.00000215    -0.00000215
       90     0.00000000     0.00000845    -0.00000845
       91     0.00000000     0.00001820    -0.00001820
       92     0.00000000     0.00003022    -0.00003022
       93     0.00000000     0.00004323    -0.00004323
       94     0.00000000     0.00004500    -0.00004500
       95     0.00000000     0.00004421    -0.00004421
       96     0.00000000     0.00004845    -0.00004845
       97     0.00000000     0.00005603    -0.00005603
       98     0.00000000     0.00005859    -0.00005859
       99     0.00000000     0.00006735    -0.00006735
      100     0.00000000     0.00007876    -0.00007876
      101     0.00000000     0.00008045    -0.00008045
      102     0.00000000     0.00009340    -0.00009340
      103     0.00000000     0.00010467    -0.00010467
      104     0.00000000     0.00011328    -0.00011328
      105     0.00000000     0.00012321    -0.00012321
      106     0.00000000     0.00012754    -0.00012754
      107     0.00000000     0.00013000    -0.00013000
      108     0.00000000     0.00012121    -0.00012121
      109     0.00000000     0.00011119    -0.00011119
      110     0.00000000     0.00010013    -0.00010013
      111     0.00000000     0.00008428    -0.00008428
      112     0.00000000     0.00006944    -0.00006944
      113     0.00000000     0.00000000     0.00000000
      114     0.00000000     0.00000000     0.00000000
      115     0.00000000     0.00000000     0.00000000
      116     0.00000000     0.00000000     0.00000000
      117     0.00000000     0.00000000     0.00000000
      118     0.00000000     0.00000000     0.00000000
      119     0.00000000    -0.00079921     0.00079921
      120     0.00000000    -0.00213561     0.00213561
      121     0.00000000    -0.00535407     0.00535407
      122     0.00000000    -0.00809424     0.00809424
      123     0.00000000    -0.01249048     0.01249048
      124     0.00000000    -0.01954405     0.01954405
      125     0.00000000    -0.02913533     0.02913533
      126     0.00000000    -0.03383841     0.03383841
      127     0.00000000    -0.02225297     0.02225297
      128     0.00000000    -0.00791169     0.00791169
      129     0.00000000    -0.00195067     0.00195067
      130     0.00000000     0.00000000     0.00000000
      131     0.00000000     0.00000000     0.00000000
      132     0.00000000     0.00000000     0.00000000
      133     0.00000000     0.00000000     0.00000000
      134     0.00000000     0.00000000     0.00000000
      135     0.00000000     0.00000000     0.00000000
      136     0.00000000     0.00000000     0.00000000
      137     0.00000000     0.00000000     0.00000000
      138     0.00000000     0.00000000     0.00000000
      139     0.00000000     0.00000000     0.00000000
      140     0.00000000     0.00000000     0.00000000
      141     0.00000000     0.00000000     0.00000000
      142     0.00000000     0.00000000     0.00000000
      143     0.00000000     0.00000000     0.00000000
      144     0.00000000     0.00000000     0.00000000
      145     0.00000000     0.00000000     0.00000000
      146     0.00000000     0.00000000     0.00000000
      147     0.00000000     0.00000000     0.00000000
      148     0.00000000     0.00000000     0.00000000
      149     0.00000000     0.00000000     0.00000000
      150     0.00000000     0.00000000     0.00000000
      151     0.00000000     0.00000000     0.00000000
      152     0.00000000     0.00000000     0.00000000
      153     0.00000000     0.00000000     0.00000000
      154     0.00000000     0.00000000     0.00000000
      155     0.00000000     0.00000000     0.00000000
      156     0.00000000     0.00000000     0.00000000
      157     0.00000000     0.00000000     0.00000000
      158     0.00000000     0.00000000     0.00000000
      159     0.00000000     0.00000000     0.00000000
      160     0.00000000     0.00000000     0.00000000
      161     0.00000000     0.00000000     0.00000000
      162     0.00000000     0.00000000     0.00000000
      163     0.00000000     0.00000000     0.00000000
      164     0.00000000     0.00000000     0.00000000
      165     0.00000000     0.00000000     0.00000000
      166     0.00000000     0.00000000     0.00000000
      167     0.00000000     0.00000000     0.00000000
      168     0.00000000     0.00000000     0.00000000
      169     0.00000000     0.00000000     0.00000000
      170     0.00000000     0.00000000     0.00000000
      171     0.00000000     0.00000000     0.00000000
      172     0.00000000     0.00000000     0.00000000
      173     0.00000000     0.00000000     0.00000000
      174     0.00000000     0.00000000     0.00000000
      175     0.00000000     0.00000000     0.00000000
      176     0.00000000    -0.00091232     0.00091232
      177     0.00000000    -0.00157599     0.00157599
      178     0.00000000    -0.00471954     0.00471954
      179     0.00000000    -0.00403569     0.00403569
      180     0.00000000    -0.00248002     0.00248002
      181     0.00000000     0.00000000     0.00000000
      182     0.00000000     0.00000000     0.00000000
      183     0.00000000     0.00000000     0.00000000
      184     0.00000000     0.00000000     0.00000000
      185     0.00000000     0.00000000     0.00000000
      186     0.00000000    -0.00027158     0.00027158
      187     0.00000000    -0.00055385     0.00055385
      188     0.00000000     0.00000000     0.00000000
      189     0.00000000     0.00000000     0.00000000
      190     0.00000000    -0.00023375     0.00023375
      191     0.00000000    -0.00054519     0.00054519
      192     0.00000000     0.00000000     0.00000000
      193     0.00000000     0.00000000     0.00000000
      194     0.00000000     0.00000000     0.00000000
      195     0.00000000     0.00000000     0.00000000
      196     0.00000000     0.00000000     0.00000000
      197     0.00000000     0.00000000     0.00000000
      198     0.00000000     0.00000000     0.00000000
      199     0.00000000     0.00000000     0.00000000
      200     0.00000000    -0.00114588     0.00114588
      201     0.00000000    -0.00234243     0.00234243
      202     0.00000000    -0.00414331     0.00414331
      203     0.00000000    -0.00479909     0.00479909
      204     0.00000000    -0.00461109     0.00461109
      205     0.00000000    -0.00446998     0.00446998
      206     0.00000000    -0.00363783     0.00363783
      207     0.00000000    -0.00258220     0.00258220
      208     0.00000000    -0.00178582     0.00178582
      209     0.00000000    -0.00109275     0.00109275
      210     0.00000000     0.00000000     0.00000000
      211     0.00000000     0.00000000     0.00000000
      212     0.00000000     0.00000000     0.00000000
      213     0.00000000     0.00000000     0.00000000
      214     0.00000000     0.00000000     0.00000000
      215     0.00000000     0.00003413    -0.00003413
      216     0.00000000     0.00013963    -0.00013963
      217     0.00000000     0.00032592    -0.00032592
      218     0.00000000     0.00061857    -0.00061857
      219     0.00000000     0.00019161    -0.00019161
      220     0.00000000     0.00000000     0.00000000
      221     0.00000000     0.00000000     0.00000000
      222     0.00000000     0.00000000     0.00000000
      223     0.00000000     0.00000000     0.00000000
      224     0.00000000     0.00000000     0.00000000
      225     0.00000000     0.00000000     0.00000000
      226     0.00000000     0.00007719    -0.00007719
      227     0.00000000     0.00031450    -0.00031450
      228     0.00000000     0.00113648    -0.00113648
      229     0.00000000     0.00214470    -0.00214470
      230     0.00000000     0.00381560    -0.00381560
      231     0.00000000     0.00836824    -0.00836824
      232     0.00000000     0.01108818    -0.01108818
      233     0.00000000     0.01525847    -0.01525847
      234     0.00000000     0.01896087    -0.01896087
      235     0.00000000     0.02167287    -0.02167287
      236     0.00000000     0.01833809    -0.01833809
      237     0.00000000     0.00764661    -0.00764661
      238     0.00000000     0.00664106    -0.00664106
      239     0.00000000     0.01645466    -0.01645466
      240     0.00000000     0.01257532    -0.01257532
      241     0.00000000     0.00423300    -0.00423300
      242     0.00000000     0.00458814    -0.00458814
      243     0.00000000     0.00447974    -0.00447974
      244     0.00000000     0.00312839    -0.00312839
      245     0.00000000     0.00379348    -0.00379348
      246     0.00000000     0.00452198    -0.00452198
      247     0.00000000     0.00247361    -0.00247361
      248     0.00000000     0.00037775    -0.00037775
      249     0.00000000     0.00014708    -0.00014708
      250     0.00000000     0.00000000     0.00000000
      251     0.00000000     0.00000000     0.00000000
      252     0.00000000     0.00000000     0.00000000
      253     0.00000000     0.00000000     0.00000000
      254     0.00000000     0.00000000     0.00000000
      255     0.00000000     0.00000000     0.00000000
      256     0.00000000     0.00000000     0.00000000
      257     0.00000000     0.00000000     0.00000000
      258     0.00000000     0.00000000     0.00000000
      259     0.00000000     0.00000000     0.00000000
      260     0.00000000     0.00000000     0.00000000
      261     0.00000000     0.00000000     0.00000000
      262     0.00000000     0.00000000     0.00000000
      263     0.00000000     0.00000000     0.00000000
      264     0.00000000     0.00000000     0.00000000
      265     0.00000000     0.00000000     0.00000000
      266     0.00000000     0.00000000     0.00000000
      267     0.00000000     0.00000000     0.00000000
      268     0.00000000     0.00000000     0.00000000
      269     0.00000000     0.00000000     0.00000000
      270     0.00000000     0.00000000     0.00000000
      271     0.00000000     0.00000000     0.00000000
      272     0.00000000     0.00000000     0.00000000
      273     0.00000000     0.00000000     0.00000000
      274     0.00000000     0.00000000     0.00000000
      275     0.00000000     0.00003426    -0.00003426
      276     0.00000000     0.00014098    -0.00014098
      277     0.00000000     0.00031777    -0.00031777
      278     0.00000000     0.00053236    -0.00053236
      279     0.00000000     0.00075753    -0.00075753
      280     0.00000000     0.00099272    -0.00099272
      281     0.00000000     0.00116440    -0.00116440
      282     0.00000000     0.00130560    -0.00130560
      283     0.00000000     0.00141417    -0.00141417
      284     0.00000000     0.00149047    -0.00149047
      285     0.00000000     0.00153517    -0.00153517
      286     0.00000000     0.00154462    -0.00154462
      287     0.00000000     0.00154512    -0.00154512
      288     0.00000000     0.00152514    -0.00152514
      289     0.00000000     0.00143428    -0.00143428
      290     0.00000000     0.00129836    -0.00129836
      291     0.00000000     0.00114641    -0.00114641
      292     0.00000000     0.00092780    -0.00092780
      293     0.00000000     0.00066275    -0.00066275
      294     0.00000000     0.00051263    -0.00051263
      295     0.00000000     0.00044450    -0.00044450
      296     0.00000000     0.00039530    -0.00039530
      297     0.00000000     0.00036611    -0.00036611
      298     0.00000000     0.00035609    -0.00035609
      299     0.00000000     0.00000000     0.00000000
      300     0.00000000     0.00000000     0.00000000
      301     0.00000000     0.00000000     0.00000000
      302     0.00000000     0.00000000     0.00000000
      303     0.00000000     0.00000000     0.00000000
      304     0.00000000     0.00000000     0.00000000
      305     0.00000000     0.00000000     0.00000000
      306     0.00000000     0.00000000     0.00000000
      307     0.00000000     0.00000000     0.00000000
      308     0.00000000     0.00000000     0.00000000
      309     0.00000000     0.00000000     0.00000000
      310     0.00000000     0.00000000     0.00000000
      311     0.00000000     0.00000000     0.00000000
      312     0.00000000     0.00000000     0.00000000
      313     0.00000000     0.00000000     0.00000000
      314     0.00000000     0.00000000     0.00000000
      315     0.00000000     0.00000000     0.00000000
      316     0.00000000     0.00000000     0.00000000
      317     0.00000000     0.00000000     0.00000000
      318     0.00000000     0.00000000     0.00000000
      319     0.00000000     0.00000000     0.00000000
      320     0.00000000     0.00000000     0.00000000
      321     0.00000000     0.00000000     0.00000000
      322     0.00000000     0.00000000     0.00000000
      323     0.00000000     0.00000000     0.00000000
      324     0.00000000     0.00000000     0.00000000
      325     0.00000000     0.00000000     0.00000000
      326     0.00000000     0.00000000     0.00000000
      327     0.00000000     0.00000000     0.00000000
      328     0.00000000     0.00000000     0.00000000
      329     0.00000000     0.00000000     0.00000000
      330     0.00000000     0.00000000     0.00000000
      331     0.00000000     0.00000000     0.00000000
      332     0.00000000     0.00000000     0.00000000
      333     0.00000000     0.00000000     0.00000000
      334     0.00000000     0.00000000     0.00000000
      335     0.00000000     0.00000000     0.00000000
      336     0.00000000     0.00000000     0.00000000
      337     0.00000000     0.00000000     0.00000000
      338     0.00000000     0.00000000     0.00000000
      339     0.00000000     0.00000000     0.00000000
      340     0.00000000     0.00000000     0.00000000
      341     0.00000000     0.00000000     0.00000000
      342     0.00000000     0.00000000     0.00000000
      343     0.00000000     0.00000000     0.00000000
      344     0.00000000     0.00000000     0.00000000
      345     0.00000000     0.00000000     0.00000000
      346     0.00000000     0.00000000     0.00000000
      347     0.00000000     0.00000000     0.00000000
      348     0.00000000     0.00000000     0.00000000
      349     0.00000000    -0.00000429     0.00000429
      350     0.00000000    -0.00021891     0.00021891
      351     0.00000000    -0.00130261     0.00130261
      352     0.00000000    -0.00177694     0.00177694
      353     0.00000000    -0.00300755     0.00300755
      354     0.00000000    -0.00525278     0.00525278
      355     0.00000000    -0.00719664     0.00719664
      356     0.00000000    -0.00951381     0.00951381
      357     0.00000000    -0.00962640     0.00962640
      358     0.00000000    -0.01250262     0.01250262
      359     0.00000000    -0.01753617     0.01753617
      360     0.00000000    -0.01411019     0.01411019
      361     0.00000000    -0.01419452     0.01419452
      362     0.00000000    -0.02116119     0.02116119
      363     0.00000000    -0.02797765     0.02797765
      364     0.00000000    -0.02467658     0.02467658
      365     0.00000000    -0.02171416     0.02171416
      366     0.00000000    -0.01520002     0.01520002
      367     0.00000000    -0.00862955     0.00862955
      368     0.00000000    -0.00811689     0.00811689
      369     0.00000000    -0.00411209     0.00411209
      370     0.00000000    -0.00106057     0.00106057
      371     0.00000000     0.00000000     0.00000000
      372     0.00000000     0.00000000     0.00000000
      373     0.00000000     0.00000000     0.00000000
      374     0.00000000     0.00000000     0.00000000
      375     0.00000000     0.00000000     0.00000000
      376     0.00000000     0.00000000     0.00000000
      377     0.00000000     0.00000000     0.00000000
      378     0.00000000     0.00000000     0.00000000
      379     0.00000000     0.00000000     0.00000000
      380     0.00000000     0.00000000     0.00000000
      381     0.00000000     0.00000000     0.00000000
      382     0.00000000     0.00000000     0.00000000
      383     0.00000000     0.00000000     0.00000000
      384     0.00000000     0.00000000     0.00000000
      385     0.00000000    -0.00007613     0.00007613
      386     0.00000000    -0.00022924     0.00022924
      387     0.00000000    -0.00041937     0.00041937
      388     0.00000000    -0.00066697     0.00066697
      389     0.00000000    -0.00080686     0.00080686
      390     0.00000000    -0.00081307     0.00081307
      391     0.00000000     0.00000000     0.00000000
      392     0.00000000     0.00000000     0.00000000
      393     0.00000000     0.00000000     0.00000000
      394     0.00000000     0.00000000     0.00000000
      395     0.00000000     0.00000000     0.00000000
      396     0.00000000     0.00000000     0.00000000
      397     0.00000000     0.00000000     0.00000000
      398     0.00000000     0.00000000     0.00000000
      399     0.00000000     0.00000000     0.00000000
      400     0.00000000     0.00000000     0.00000000
      401     0.00000000     0.00000000     0.00000000
      402     0.00000000     0.00000000     0.00000000
      403     0.00000000     0.00000000     0.00000000
      404     0.00000000     0.00000000     0.00000000
      405     0.00000000     0.00000000     0.00000000
      406     0.00000000     0.00000000     0.00000000
      407     0.00000000     0.00000000     0.00000000
      408     0.00000000     0.00000000     0.00000000
      409     0.00000000     0.00000000     0.00000000
      410     0.00000000     0.00000000     0.00000000
      411     0.00000000     0.00000000     0.00000000
      412     0.00000000     0.00000000     0.00000000
      413     0.00000000     0.00000000     0.00000000
      414     0.00000000     0.00000000     0.00000000
      415     0.00000000     0.00000000     0.00000000
      416     0.00000000     0.00000000     0.00000000
      417     0.00000000     0.00000000     0.00000000
      418     0.00000000     0.00000000     0.00000000
      419     0.00000000     0.00000000     0.00000000
      420     0.00000000     0.00000000     0.00000000
      421     0.00000000     0.00000000     0.00000000
      422     0.00000000     0.00000000     0.00000000
      423     0.00000000     0.00000000     0.00000000
      424     0.00000000     0.00000000     0.00000000
      425     0.00000000     0.00000000     0.00000000
      426     0.00000000     0.00000000     0.00000000
      427     0.00000000     0.00000000     0.00000000
      428     0.00000000     0.00000000     0.00000000
      429     0.00000000     0.00000000     0.00000000
      430     0.00000000     0.00000000     0.00000000
      431     0.00000000     0.00000000     0.00000000
      432     0.00000000     0.00000000     0.00000000
      433     0.00000000     0.00000000     0.00000000
      434     0.00000000     0.00000000     0.00000000
      435     0.00000000     0.00000000     0.00000000
      436     0.00000000     0.00000000     0.00000000
      437     0.00000000     0.00000000     0.00000000
      438     0.00000000     0.00000000     0.00000000
      439     0.00000000     0.00000000     0.00000000
      440     0.00000000     0.00000000     0.00000000
      441     0.00000000     0.00000000     0.00000000
      442     0.00000000     0.00000000     0.00000000
      443     0.00000000     0.00000000     0.00000000
      444     0.00000000     0.00000000     0.00000000
      445     0.00000000     0.00000000     0.00000000
      446     0.00000000     0.00000000     0.00000000
      447     0.00000000     0.00000000     0.00000000
      448     0.00000000     0.00000000     0.00000000
      449     0.00000000     0.00000000     0.00000000
      450     0.00000000     0.00000000     0.00000000
      451     0.00000000     0.00000000     0.00000000
      452     0.00000000     0.00000000     0.00000000
      453     0.00000000     0.00000000     0.00000000
      454     0.00000000     0.00000000     0.00000000
      455     0.00000000     0.00000000     0.00000000
      456     0.00000000     0.00000000     0.00000000
      457     0.00000000     0.00000000     0.00000000
      458     0.00000000     0.00000000     0.00000000
      459     0.00000000     0.00000000     0.00000000
      460     0.00000000     0.00000000     0.00000000
      461     0.00000000     0.00000000     0.00000000
      462     0.00000000     0.00000000     0.00000000
      463     0.00000000     0.00000000     0.00000000
      464     0.00000000     0.00000000     0.00000000
      465     0.00000000     0.00000000     0.00000000
      466     0.00000000     0.00000000     0.00000000
      467     0.00000000     0.00000000     0.00000000
      468     0.00000000     0.00000000     0.00000000
      469     0.00000000     0.00000000     0.00000000
      470     0.00000000     0.00000000     0.00000000
      471     0.00000000     0.00000000     0.00000000
      472     0.00000000     0.00000000     0.00000000
      473     0.00000000     0.00000000     0.00000000
      474     0.00000000     0.00000000     0.00000000
      475     0.00000000     0.00000000     0.00000000
      476     0.00000000     0.00000000     0.00000000
      477     0.00000000     0.00000000     0.00000000
      478     0.00000000     0.00000000     0.00000000
      479     0.00000000     0.00000000     0.00000000
      480     0.00000000     0.00000000     0.00000000
      481     0.00000000     0.00000000     0.00000000
      482     0.00000000     0.00000000     0.00000000
      483     0.00000000     0.00000000     0.00000000
      484     0.00000000     0.00000000     0.00000000
      485     0.00000000     0.00000000     0.00000000
      486     0.00000000     0.00000000     0.00000000
      487     0.00000000     0.00000000     0.00000000
      488     0.00000000     0.00000000     0.00000000
      489     0.00000000     0.00000000     0.00000000
      490     0.00000000     0.00000000     0.00000000
      491     0.00000000     0.00000000     0.00000000
      492     0.00000000     0.00000000     0.00000000
      493     0.00000000     0.00000000     0.00000000
      494     0.00000000     0.00000000     0.00000000
      495     0.00000000     0.00000000     0.00000000
      496     0.00000000     0.00000000     0.00000000
      497     0.00000000     0.00000000     0.00000000
      498     0.00000000     0.00000000     0.00000000
      499     0.00000000     0.00000000     0.00000000
      500     0.00000000     0.00000000     0.00000000
      501     0.00000000    -0.00045213     0.00045213
      502     0.00000000    -0.00096226     0.00096226
      503     0.00000000    -0.00106229     0.00106229
      504     0.00000000     0.00000000     0.00000000
      505     0.00000000     0.00000000     0.00000000
      506     0.00000000     0.00000000     0.00000000
      507     0.00000000     0.00000000     0.00000000
      508     0.00000000     0.00000000     0.00000000
      509     0.00000000     0.00000000     0.00000000
      510     0.00000000     0.00000000     0.00000000
      511     0.00000000     0.00000000     0.00000000
      512     0.00000000     0.00000000     0.00000000
      513     0.00000000     0.00000000     0.00000000
      514     0.00000000     0.00000000     0.00000000
      515     0.00000000     0.00000000     0.00000000
      516     0.00000000     0.00000000     0.00000000
      517     0.00000000     0.00000000     0.00000000
      518     0.00000000     0.00000000     0.00000000
      519     0.00000000     0.00000000     0.00000000
      520     0.00000000     0.00000000     0.00000000
      521     0.00000000     0.00000000     0.00000000
      522     0.00000000     0.00000000     0.00000000
      523     0.00000000     0.00000000     0.00000000
      524     0.00000000     0.00000000     0.00000000
      525     0.00000000     0.00000000     0.00000000
      526     0.00000000     0.00000000     0.00000000
      527     0.00000000     0.00000000     0.00000000
      528     0.00000000     0.00000000     0.00000000
      529     0.00000000     0.00000000     0.00000000
      530     0.00000000     0.00000000     0.00000000
      531     0.00000000     0.00000000     0.00000000
      532     0.00000000     0.00000000     0.00000000
      533     0.00000000     0.00000000     0.00000000
      534     0.00000000     0.00000000     0.00000000
      535     0.00000000     0.00000000     0.00000000
      536     0.00000000     0.00000000     0.00000000
      537     0.00000000     0.00000000     0.00000000
      538     0.00000000     0.00000000     0.00000000
      539     0.00000000     0.00000000     0.00000000
      540     0.00000000     0.00000000     0.00000000
      541     0.00000000     0.00000000     0.00000000
      542     0.00000000     0.00000000     0.00000000
      543     0.00000000     0.00000000     0.00000000
      544     0.00000000     0.00000000     0.00000000
      545     0.00000000     0.00000000     0.00000000
      546     0.00000000     0.00000000     0.00000000
      547     0.00000000     0.00000000     0.00000000
      548     0.00000000     0.00000000     0.00000000
      549     0.00000000     0.00000000     0.00000000
      550     0.00000000     0.00000000     0.00000000
      551     0.00000000     0.00000000     0.00000000
      552     0.00000000     0.00000000     0.00000000
      553     0.00000000     0.00000000     0.00000000
      554     0.00000000     0.00000000     0.00000000
      555     0.00000000     0.00000000     0.00000000
      556     0.00000000     0.00000000     0.00000000
      557     0.00000000     0.00000000     0.00000000
      558     0.00000000     0.00000000     0.00000000
      559     0.00000000     0.00000000     0.00000000
      560     0.00000000     0.00000000     0.00000000
      561     0.00000000     0.00000000     0.00000000
      562     0.00000000     0.00000000     0.00000000
      563     0.00000000     0.00000000     0.00000000
      564     0.00000000     0.00000000     0.00000000
      565     0.00000000     0.00000000     0.00000000
      566     0.00000000     0.00000000     0.00000000
      567     0.00000000     0.00000000     0.00000000
      568     0.00000000     0.00000000     0.00000000
      569     0.00000000     0.00000000     0.00000000
      570     0.00000000     0.00000000     0.00000000
      571     0.00000000     0.00000000     0.00000000
      572     0.00000000     0.00000000     0.00000000
      573     0.00000000     0.00000000     0.00000000
      574     0.00000000     0.00000000     0.00000000
      575     0.00000000     0.00000000     0.00000000
      576     0.00000000     0.00000000     0.00000000
      577     0.00000000     0.00000000     0.00000000
      578     0.00000000     0.00000000     0.00000000
      579     0.00000000     0.00000000     0.00000000
      580     0.00000000     0.00000000     0.00000000
      581     0.00000000     0.00000000     0.00000000
      582     0.00000000     0.00000000     0.00000000
      583     0.00000000     0.00000000     0.00000000
      584     0.00000000     0.00000000     0.00000000
      585     0.00000000     0.00000000     0.00000000
      586     0.00000000     0.00000000     0.00000000
      587     0.00000000     0.00000000     0.00000000
      588     0.00000000     0.00000000     0.00000000
      589     0.00000000     0.00000000     0.00000000
      590     0.00000000     0.00000000     0.00000000
      591     0.00000000     0.00000000     0.00000000
      592     0.00000000     0.00000000     0.00000000
      593     0.00000000    -0.00005995     0.00005995
      594     0.00000000    -0.00024568     0.00024568
      595     0.00000000    -0.00054930     0.00054930
      596     0.00000000    -0.00090587     0.00090587
      597     0.00000000    -0.00119035     0.00119035
      598     0.00000000    -0.00132387     0.00132387
      599     0.00000000    -0.00134266     0.00134266
      600     0.00000000    -0.00125324     0.00125324
      601     0.00000000    -0.00100879     0.00100879
      602     0.00000000    -0.00073158     0.00073158
      603     0.00000000    -0.00063525     0.00063525
      604     0.00000000    -0.00065253     0.00065253
      605     0.00000000    -0.00061047     0.00061047
      606     0.00000000     0.00000000     0.00000000
      607     0.00000000     0.00000000     0.00000000
      608     0.00000000     0.00000000     0.00000000
      609     0.00000000     0.00000000     0.00000000
      610     0.00000000     0.00000000     0.00000000
      611     0.00000000     0.00000000     0.00000000
      612     0.00000000     0.00000000     0.00000000
      613     0.00000000     0.00000000     0.00000000
      614     0.00000000     0.00000000     0.00000000
      615     0.00000000     0.00003631    -0.00003631
      616     0.00000000     0.00030240    -0.00030240
      617     0.00000000     0.00093423    -0.00093423
      618     0.00000000     0.00138846    -0.00138846
      619     0.00000000     0.00167933    -0.00167933
      620     0.00000000     0.00166385    -0.00166385
      621     0.00000000     0.00125470    -0.00125470
      622     0.00000000     0.00111766    -0.00111766
      623     0.00000000    -0.00029801     0.00029801
      624     0.00000000    -0.00326750     0.00326750
      625     0.00000000    -0.00383843     0.00383843
      626     0.00000000    -0.00381376     0.00381376
      627     0.00000000    -0.00235000     0.00235000
      628     0.00000000    -0.00205119     0.00205119
      629     0.00000000    -0.00115225     0.00115225
      630     0.00000000    -0.00028465     0.00028465
      631     0.00000000     0.00102018    -0.00102018
      632     0.00000000     0.00444616    -0.00444616
      633     0.00000000     0.01265607    -0.01265607
      634     0.00000000     0.02381718    -0.02381718
      635     0.00000000     0.03432595    -0.03432595
      636     0.00000000     0.02049888    -0.02049888
      637     0.00000000     0.01250817    -0.01250817
      638     0.00000000     0.00717451    -0.00717451
      639     0.00000000     0.00372402    -0.00372402
      640     0.00000000     0.00182311    -0.00182311
      641     0.00000000    -0.00029017     0.00029017
      642     0.00000000    -0.00242477     0.00242477
      643     0.00000000    -0.00643350     0.00643350
      644     0.00000000    -0.01218135     0.01218135
      645     0.00000000    -0.02429732     0.02429732
      646     0.00000000    -0.04543247     0.04543247
      647     0.00000000    -0.03333865     0.03333865
      648     0.00000000    -0.00607560     0.00607560
      649     0.00000000     0.00000000     0.00000000
      650     0.00000000     0.00000000     0.00000000
      651     0.00000000     0.00000000     0.00000000
      652     0.00000000     0.00000000     0.00000000
      653     0.00000000     0.00000000     0.00000000
      654     0.00000000     0.00000000     0.00000000
      655     0.00000000     0.00000000     0.00000000
      656     0.00000000     0.00000000     0.00000000
      657     0.00000000     0.00000000     0.00000000
      658     0.00000000     0.00000000     0.00000000
      659     0.00000000     0.00000000     0.00000000
      660     0.00000000     0.00000000     0.00000000
      661     0.00000000     0.00000000     0.00000000
      662     0.00000000     0.00000000     0.00000000
      663     0.00000000     0.00000000     0.00000000
      664     0.00000000     0.00000000     0.00000000
      665     0.00000000     0.00000000     0.00000000
      666     0.00000000     0.00000000     0.00000000
      667     0.00000000     0.00000000     0.00000000
      668     0.00000000     0.00000000     0.00000000
      669     0.00000000     0.00000000     0.00000000
      670     0.00000000     0.00000000     0.00000000
      671     0.00000000     0.00000000     0.00000000
      672     0.00000000     0.00000000     0.00000000
      673     0.00000000     0.00000000     0.00000000
      674     0.00000000     0.00000000     0.00000000
      675     0.00000000     0.00000000     0.00000000
      676     0.00000000     0.00000000     0.00000000
      677     0.00000000     0.00000000     0.00000000
      678     0.00000000     0.00000000     0.00000000
      679     0.00000000     0.00000000     0.00000000
      680     0.00000000     0.00000000     0.00000000
      681     0.00000000     0.00000000     0.00000000
      682     0.00000000     0.00000000     0.00000000
      683     0.00000000     0.00000000     0.00000000
      684     0.00000000     0.00000000     0.00000000
      685     0.00000000     0.00000000     0.00000000
      686     0.00000000     0.00000000     0.00000000
      687     0.00000000     0.00000000     0.00000000
      688     0.00000000     0.00000000     0.00000000
      689     0.00000000     0.00000000     0.00000000
      690     0.00000000     0.00000000     0.00000000
      691     0.00000000     0.00000000     0.00000000
      692     0.00000000     0.00000000     0.00000000
      693     0.00000000     0.00000000     0.00000000
      694     0.00000000     0.00000000     0.00000000
      695     0.00000000     0.00000000     0.00000000
      696     0.00000000     0.00000000     0.00000000
      697     0.00000000     0.00000000     0.00000000
      698     0.00000000     0.00000000     0.00000000
      699     0.00000000     0.00000000     0.00000000
      700     0.00000000     0.00000000     0.00000000
      701     0.00000000     0.00000000     0.00000000
      702     0.00000000     0.00000000     0.00000000
      703     0.00000000     0.00000000     0.00000000
      704     0.00000000     0.00000000     0.00000000
      705     0.00000000     0.00000000     0.00000000
      706     0.00000000     0.00000000     0.00000000
      707     0.00000000     0.00000000     0.00000000
      708     0.00000000     0.00000000     0.00000000
      709     0.00000000     0.00000000     0.00000000
      710     0.00000000     0.00000000     0.00000000
      711     0.00000000     0.00000000     0.00000000
      712     0.00000000     0.00000000     0.00000000
      713     0.00000000     0.00000000     0.00000000
      714     0.00000000     0.00000000     0.00000000
      715     0.00000000     0.00000000     0.00000000
      716     0.00000000     0.00000000     0.00000000
      717     0.00000000     0.00000000     0.00000000
      718     0.00000000     0.00000000     0.00000000
      719     0.00000000     0.00000000     0.00000000
      720     0.00000000     0.00000000     0.00000000
      721     0.00000000     0.00000000     0.00000000
      722     0.00000000     0.00000000     0.00000000
      723     0.00000000     0.00000000     0.00000000
      724     0.00000000     0.00000000     0.00000000
      725     0.00000000     0.00000000     0.00000000
      726     0.00000000     0.00000000     0.00000000
      727     0.00000000     0.00000000     0.00000000
      728     0.00000000     0.00000000     0.00000000
      729     0.00000000     0.00000000     0.00000000
      730     0.00000000     0.00000000     0.00000000
      731     0.00000000     0.00000000     0.00000000
      732     0.00000000     0.00000000     0.00000000
      733     0.00000000     0.00000000     0.00000000
      734     0.00000000     0.00000000     0.00000000
      735     0.00000000     0.00000000     0.00000000
      736     0.00000000     0.00000000     0.00000000
      737     0.00000000     0.00000000     0.00000000
      738     0.00000000     0.00000000     0.00000000
      739     0.00000000     0.00000000     0.00000000
      740     0.00000000     0.00000000     0.00000000
      741     0.00000000     0.00000000     0.00000000
      742     0.00000000     0.00000000     0.00000000
      743     0.00000000     0.00000000     0.00000000
      744     0.00000000     0.00000000     0.00000000
      745     0.00000000     0.00000000     0.00000000
      746     0.00000000     0.00000000     0.00000000
      747     0.00000000     0.00000000     0.00000000
      748     0.00000000     0.00000000     0.00000000
      749     0.00000000     0.00000000     0.00000000
      750     0.00000000     0.00000000     0.00000000
      751     0.00000000     0.00000000     0.00000000
      752     0.00000000     0.00000000     0.00000000
      753     0.00000000     0.00000000     0.00000000
      754     0.00000000     0.00000000     0.00000000
      755     0.00000000    -0.00021446     0.00021446
      756     0.00000000     0.00000000     0.00000000
      757     0.00000000     0.00000000     0.00000000
      758     0.00000000     0.00000000     0.00000000
      759     0.00000000     0.00000000     0.00000000
      760     0.00000000     0.00000000     0.00000000
      761     0.00000000     0.00000000     0.00000000
      762     0.00000000     0.00000000     0.00000000
      763     0.00000000     0.00000000     0.00000000
      764     0.00000000     0.00000000     0.00000000
      765     0.00000000     0.00000000     0.00000000
      766     0.00000000     0.00000000     0.00000000
      767     0.00000000     0.00000000     0.00000000
      768     0.00000000     0.00000000     0.00000000
      769     0.00000000     0.00000000     0.00000000
      770     0.00000000     0.00000000     0.00000000
      771     0.00000000     0.00000000     0.00000000
      772     0.00000000     0.00000000     0.00000000
      773     0.00000000     0.00000000     0.00000000
      774     0.00000000     0.00000000     0.00000000
      775     0.00000000     0.00000000     0.00000000
      776     0.00000000     0.00000000     0.00000000
      777     0.00000000     0.00000000     0.00000000
      778     0.00000000     0.00000000     0.00000000
      779     0.00000000     0.00000000     0.00000000
      780     0.00000000     0.00000000     0.00000000
      781     0.00000000     0.00000000     0.00000000
      782     0.00000000     0.00000000     0.00000000
      783     0.00000000     0.00000000     0.00000000
      784     0.00000000     0.00000000     0.00000000
      785     0.00000000     0.00000000     0.00000000
      786     0.00000000     0.00000000     0.00000000
      787     0.00000000     0.00000000     0.00000000
      788     0.00000000     0.00000000     0.00000000
      789     0.00000000     0.00000000     0.00000000
      790     0.00000000     0.00000000     0.00000000
      791     0.00000000     0.00000000     0.00000000
      792     0.00000000     0.00000000     0.00000000
      793     0.00000000     0.00000000     0.00000000
      794     0.00000000     0.00000000     0.00000000
      795     0.00000000     0.00000000     0.00000000
      796     0.00000000     0.00000000     0.00000000
      797     0.00000000     0.00000000     0.00000000
      798     0.00000000     0.00000000     0.00000000
      799     0.00000000     0.00000000     0.00000000
      800     0.00000000     0.00000000     0.00000000
      801     0.00000000     0.00000000     0.00000000
      802     0.00000000     0.00000000     0.00000000
      803     0.00000000     0.00000000     0.00000000
      804     0.00000000     0.00000000     0.00000000
      805     0.00000000     0.00000000     0.00000000
      806     0.00000000     0.00000000     0.00000000
      807     0.00000000     0.00000000     0.00000000
      808     0.00000000     0.00000000     0.00000000
      809     0.00000000     0.00000000     0.00000000
      810     0.00000000     0.00000000     0.00000000
      811     0.00000000     0.00000000     0.00000000
      812     0.00000000     0.00000000     0.00000000
      813     0.00000000     0.00000000     0.00000000
      814     0.00000000     0.00000000     0.00000000
      815     0.00000000     0.00000000     0.00000000
      816     0.00000000     0.00000000     0.00000000
      817     0.00000000     0.00000000     0.00000000
      818     0.00000000     0.00000000     0.00000000
      819     0.00000000     0.00000000     0.00000000
      820     0.00000000     0.00000000     0.00000000
      821     0.00000000     0.00000000     0.00000000
      822     0.00000000     0.00000000     0.00000000
      823     0.00000000     0.00000000     0.00000000
      824     0.00000000     0.00000501    -0.00000501
      825     0.00000000    -0.00011891     0.00011891
      826     0.00000000    -0.00037181     0.00037181
      827     0.00000000    -0.00059440     0.00059440
      828     0.00000000    -0.00077347     0.00077347
      829     0.00000000    -0.00104164     0.00104164
      830     0.00000000    -0.00110046     0.00110046
      831     0.00000000    -0.00108106     0.00108106
      832     0.00000000    -0.00099959     0.00099959
      833     0.00000000     0.00000000     0.00000000
      834     0.00000000     0.00000000     0.00000000
      835     0.00000000     0.00000000     0.00000000
      836     0.00000000     0.00000000     0.00000000
      837     0.00000000     0.00000000     0.00000000
      838     0.00000000     0.00000000     0.00000000
      839     0.00000000     0.00000000     0.00000000
      840     0.00000000     0.00000000     0.00000000
      841     0.00000000     0.00000000     0.00000000
      842     0.00000000     0.00000000     0.00000000
      843     0.00000000     0.00000000     0.00000000
      844     0.00000000     0.00000000     0.00000000
      845     0.00000000     0.00000000     0.00000000
      846     0.00000000     0.00000000     0.00000000
      847     0.00000000     0.00000000     0.00000000
      848     0.00000000     0.00000000     0.00000000
      849     0.00000000     0.00000000     0.00000000
      850     0.00000000     0.00000000     0.00000000
      851     0.00000000     0.00000000     0.00000000
      852     0.00000000     0.00000000     0.00000000
      853     0.00000000     0.00000000     0.00000000
      854     0.00000000    -0.00028291     0.00028291
      855     0.00000000    -0.00049346     0.00049346
      856     0.00000000    -0.00072588     0.00072588
      857     0.00000000    -0.00111334     0.00111334
      858     0.00000000    -0.00154440     0.00154440
      859     0.00000000    -0.00156141     0.00156141
      860     0.00000000    -0.00124390     0.00124390
      861     0.00000000     0.00000000     0.00000000
      862     0.00000000     0.00000000     0.00000000
      863     0.00000000     0.00000000     0.00000000
      864     0.00000000     0.00000000     0.00000000
      865     0.00000000     0.00000000     0.00000000
      866     0.00000000     0.00000000     0.00000000
      867     0.00000000     0.00000000     0.00000000
      868     0.00000000     0.00000000     0.00000000
      869     0.00000000     0.00000000     0.00000000
      870     0.00000000    -0.00001741     0.00001741
      871     0.00000000    -0.00052544     0.00052544
      872     0.00000000    -0.00090063     0.00090063
      873     0.00000000    -0.00095384     0.00095384
      874     0.00000000     0.00000000     0.00000000
      875     0.00000000     0.00000000     0.00000000
      876     0.00000000     0.00000000     0.00000000
      877     0.00000000     0.00000000     0.00000000
      878     0.00000000     0.00000000     0.00000000
      879     0.00000000     0.00000000     0.00000000
      880     0.00000000     0.00001724    -0.00001724
      881     0.00000000    -0.00003590     0.00003590
      882     0.00000000     0.00018936    -0.00018936
      883     0.00000000     0.00088152    -0.00088152
      884     0.00000000     0.00195663    -0.00195663
      885     0.00000000     0.00247124    -0.00247124
      886     0.00000000     0.00232831    -0.00232831
      887     0.00000000     0.00251435    -0.00251435
      888     0.00000000     0.00267732    -0.00267732
      889     0.00000000     0.00297906    -0.00297906
      890     0.00000000     0.00363485    -0.00363485
      891     0.00000000     0.00488263    -0.00488263
      892     0.00000000     0.00700437    -0.00700437
      893     0.00000000     0.01040986    -0.01040986
      894     0.00000000     0.01483961    -0.01483961
      895     0.00000000     0.01842452    -0.01842452
      896     0.00000000     0.01904399    -0.01904399
      897     0.00000000     0.01722885    -0.01722885
      898     0.00000000     0.01424899    -0.01424899
      899     0.00000000     0.01110801    -0.01110801
      900     0.00000000     0.00842097    -0.00842097
      901     0.00000000     0.00634156    -0.00634156
      902     0.00000000     0.00484161    -0.00484161
      903     0.00000000     0.00386330    -0.00386330
      904     0.00000000     0.00317018    -0.00317018
      905     0.00000000     0.00256466    -0.00256466
      906     0.00000000     0.00196994    -0.00196994
      907     0.00000000     0.00150792    -0.00150792
      908     0.00000000     0.00121676    -0.00121676
      909     0.00000000     0.00098542    -0.00098542
      910     0.00000000     0.00085240    -0.00085240
      911     0.00000000     0.00076381    -0.00076381
      912     0.00000000     0.00066339    -0.00066339
      913     0.00000000     0.00054979    -0.00054979
      914     0.00000000     0.00046822    -0.00046822
      915     0.00000000     0.00035738    -0.00035738
      916     0.00000000     0.00025246    -0.00025246
      917     0.00000000     0.00017583    -0.00017583
      918     0.00000000     0.00014949    -0.00014949
      919     0.00000000     0.00011970    -0.00011970
      920     0.00000000     0.00008822    -0.00008822
      921     0.00000000     0.00005974    -0.00005974
      922     0.00000000     0.00003665    -0.00003665
      923     0.00000000     0.00001466    -0.00001466
      924     0.00000000    -0.00000796     0.00000796
      925     0.00000000    -0.00002857     0.00002857
      926     0.00000000    -0.00004669     0.00004669
      927     0.00000000    -0.00006687     0.00006687
      928     0.00000000    -0.00006331     0.00006331
      929     0.00000000     0.00000000     0.00000000
      930     0.00000000     0.00000000     0.00000000
      931     0.00000000     0.00000000     0.00000000
      932     0.00000000     0.00000000     0.00000000
      933     0.00000000     0.00000000     0.00000000
      934     0.00000000     0.00000000     0.00000000
      935     0.00000000     0.00000000     0.00000000
      936     0.00000000     0.00000000     0.00000000
      937     0.00000000     0.00000000     0.00000000
      938     0.00000000     0.00000000     0.00000000
      939     0.00000000     0.00000000     0.00000000
      940     0.00000000     0.00000000     0.00000000
      941     0.00000000     0.00000000     0.00000000
      942     0.00000000     0.00000000     0.00000000
      943     0.00000000     0.00000000     0.00000000
      944     0.00000000     0.00000000     0.00000000
      945    -0.00000025     0.00000025     0.00000000
      946    -0.00000115     0.00000115     0.00000000
      947    -0.00000289     0.00000289     0.00000000
      948    -0.00000562     0.00000562     0.00000000
      949    -0.00000941     0.00000941     0.00000000
      950    -0.00001424     0.00001424     0.00000000
      951    -0.00002003     0.00002003     0.00000000
      952    -0.00002666     0.00002666     0.00000000
      953    -0.00003391     0.00003391     0.00000000
      954    -0.00004153     0.00004153     0.00000000
      955    -0.00004919     0.00004919     0.00000000
      956    -0.00005659     0.00005659     0.00000000
      957    -0.00006362     0.00006362     0.00000000
      958    -0.00007050     0.00007050     0.00000000
      959    -0.00007738     0.00007738     0.00000000
      960    -0.00008447     0.00008447     0.00000000
      961    -0.00009494     0.00009494     0.00000000
      962    -0.00010447     0.00010447     0.00000000
      963    -0.00011542     0.00011542     0.00000000
      964    -0.00012813     0.00012813     0.00000000
      965    -0.00014272     0.00014272     0.00000000
      966    -0.00016015     0.00016015     0.00000000
      967    -0.00018101     0.00018101     0.00000000
      968    -0.00020537     0.00020537     0.00000000
      969    -0.00023530     0.00023530     0.00000000
      970    -0.00026837     0.00026837     0.00000000
      971    -0.00030379     0.00030379     0.00000000
      972    -0.00034338     0.00034338     0.00000000
      973    -0.00038149     0.00038149     0.00000000
      974    -0.00041344     0.00041344     0.00000000
      975    -0.00043729     0.00043729     0.00000000
      976    -0.00045337     0.00045337     0.00000000
      977    -0.00045919     0.00045919     0.00000000
      978    -0.00045349     0.00045349     0.00000000
      979    -0.00044058     0.00044058     0.00000000
      980    -0.00041424     0.00041424     0.00000000
      981    -0.00039047     0.00039047     0.00000000
      982    -0.00034460     0.00034460     0.00000000
      983    -0.00028368     0.00028368     0.00000000
      984    -0.00020839     0.00020839     0.00000000
      985    -0.00011833     0.00011833     0.00000000
      986    -0.00001521     0.00001521     0.00000000
      987     0.00009723    -0.00009723     0.00000000
      988     0.00021876    -0.00021876     0.00000000
      989     0.00034922    -0.00034922     0.00000000
      990     0.00048735    -0.00048735     0.00000000
      991     0.00063135    -0.00063135     0.00000000
      992     0.00079287    -0.00079287     0.00000000
      993     0.00103217    -0.00103217     0.00000000
      994     0.00148903    -0.00148903     0.00000000
      995     0.00250804    -0.00250804     0.00000000
      996     0.00501828    -0.00501828     0.00000000
      997     0.01219076    -0.01219076     0.00000000
      998     0.04229506    -0.04229506     0.00000000
      999     0.12690347    -0.12690347     0.00000000
     1000     0.00265152    -0.00265152     0.00000000
