#    Step        Prob(0)        Prob(1)        Prob(2)        
        0    -0.00000000    -0.00000000     0.00000000
        1     0.00000004     0.00000960     0.00000000
        2     0.00000018     0.00011436     0.00000000
        3     0.00000019     0.09512304     0.00000000
        4     0.00000005     0.01843958     0.00000000
        5     0.00000000     0.00000000     0.00000000
        6     0.00000016     0.00927202     0.00000000
        7     0.00000385     0.19900877     0.00000000
        8     0.00000394     0.17744492     0.00000000
        9     0.00000000     0.49077499     0.00000000
       10     0.00000000     0.00000000     0.00000000
       11     0.00000000     0.00000000     0.21486650
       12     0.00000032     0.00000000     0.00950193
       13     0.00000104     0.00000000     0.15261028
       14     0.00000000     0.00000000     0.05975416
       15     0.00000000     0.00000000     0.00000000
       16     0.00000061     0.00000000     0.00000000
       17     0.00000973     0.00000000     0.00000000
       18     0.00000808     0.00000000     0.00000000
       19     0.00000000     0.00000000     0.00000000
       20     0.00006209     0.00000000     0.05641371
       21     0.00000629     0.00000000     0.01643406
       22     0.00000000     0.00000000     0.01596797
       23     0.00000000     0.00000000     0.01671606
       24     0.00000200     0.00000000     0.01516178
       25     0.00002998     0.00000000     0.01461834
       26     0.00002597     0.00000000     0.01358163
       27     0.00000000     0.00000000     0.01346141
       28     0.00000000     0.00000000     0.01236050
       29     0.00000000     0.00000000     0.01263016
       30     0.00001124     0.00000000     0.01203803
       31     0.00003539     0.00000000     0.00918552
       32     0.00001951     0.00000000     0.00960248
       33     0.00000000     0.00000000     0.00856661
       34     0.00000000     0.00000000     0.01030372
       35     0.00000000     0.00000000     0.00561221
       36     0.00002420     0.00000000     0.00412861
       37     0.00004915     0.00000000     0.00468266
       38     0.00002354     0.00000000     0.00570361
       39     0.00000000     0.00000000     0.00905282
       40     0.00000000     0.00000000     0.01011071
       41     0.00000000     0.00000000     0.00195610
       42     0.00000000     0.00000000     0.00000000
       43     0.00001617     0.00000000     0.00000000
       44     0.00001349     0.00000000     0.00096842
       45     0.00000582     0.00000000     0.00000000
       46     0.00000000     0.00000000     0.00000000
       47     0.00000000     0.00000000     0.00000000
       48     0.00000000     0.00000000     0.00000000
       49     0.00000584     0.00000000     0.00000000
       50     0.00002195     0.00000000     0.00000000
       51     0.00001641     0.00000000     0.00000000
       52     0.00000183     0.00000000     0.00000000
       53     0.00000000     0.00000000     0.00000000
       54     0.00000000     0.00000000     0.00000000
       55     0.00000000     0.00000000     0.00000000
       56     0.00000841     0.00000000     0.00000000
       57     0.00001830     0.00000000     0.00000000
       58     0.00000954     0.00000000     0.00006202
       59     0.00001143     0.00000000     0.00011571
       60     0.00000626     0.00000000     0.00019994
       61     0.00000000     0.00000000     0.00013286
       62     0.00000000     0.00000000     0.00014399
       63     0.00000000     0.00000000     0.00014123
       64     0.00000000     0.00000000     0.00013743
       65     0.00000494     0.00000000     0.00012386
       66     0.00001011     0.00000000     0.00009980
       67     0.00000821     0.00000000     0.00006997
       68     0.00000155     0.00000000     0.00003456
       69     0.00000000     0.00000000     0.00000000
       70     0.00000000     0.00000000     0.00000000
       71     0.00000000     0.00000000     0.00000000
       72     0.00000022     0.00000000     0.00000000
       73     0.00000830     0.00000000     0.00000000
       74     0.00001260     0.00000000     0.00000000
       75     0.00000958     0.00000000     0.00000000
       76     0.00000139     0.00000000     0.00000000
       77     0.00000000     0.00000000     0.00000000
       78     0.00000000     0.00000000     0.00000000
       79     0.00000000     0.00000000     0.00000000
       80     0.00000000     0.00000000     0.00000000
       81     0.00000257     0.00000000     0.00002108
       82     0.00000536     0.00000000     0.00004591
       83     0.00000581     0.00000000     0.00006097
       84     0.00000305     0.00000000     0.00007816
       85     0.00000000     0.00000000     0.00009611
       86     0.00000000     0.00000000     0.00010324
       87     0.00000000     0.00000000     0.37904039
       88     0.00000000     0.00000000     0.00000000
       89     0.00000063     0.00000000     0.00000000
       90     0.00000503     0.00000000     0.00000000
       91     0.00000735     0.00000000     0.00000000
       92     0.00000641     0.00000000     0.00000000
       93     0.00000258     0.00000000     0.00000000
       94     0.00000000     0.00000000     0.00000000
       95     0.00000000     0.00000000     0.00000000
       96     0.00000000     0.00000000     0.00000000
       97     0.00000000     0.00000000     0.00000000
       98     0.00000000     0.00000000     0.00026712
       99     0.00000556     0.00000000     0.00100569
      100     0.00000986     0.00000000     0.00151174
      101     0.00000540     0.00000000     0.00119173
      102     0.00000169     0.00000000     0.00133048
      103     0.00000000     0.00000000     0.00131305
      104     0.00000000     0.00000000     0.00112839
      105     0.00000000     0.00000000     0.00077960
      106     0.00000000     0.00000000     0.00034248
      107     0.00000000     0.00000000     0.00000000
      108     0.00000359     0.00000000     0.00000000
      109     0.00000720     0.00000000     0.00000000
      110     0.00000824     0.00000000     0.00000000
      111     0.00000636     0.00000000     0.00000000
      112     0.00000224     0.00000000     0.00000000
      113     0.00000301     0.00000000     0.00006717
      114     0.00000369     0.00000000     0.00012611
      115     0.00000480     0.00000000     0.00019391
      116     0.00000354     0.00000000     0.00020598
      117     0.00000102     0.00000000     0.23170613
      118     0.00000000     0.00000000     0.00000000
      119     0.00000000     0.00000000     0.00000000
      120     0.00000000     0.00000000     0.00000000
      121     0.00000000     0.00000000     0.00000000
      122     0.00000000     0.00000000     0.00000000
      123     0.00000000     0.00000000     0.00000000
      124     0.00000000     0.00000000     0.00000000
      125     0.00000072     0.00000000     0.00000000
      126     0.00000272     0.00000000     0.00543114
      127     0.00000538     0.00000000     0.00223108
      128     0.00000697     0.00000000     0.00110790
      129     0.00000339     0.00000000     0.99999661
      130     0.00000189     0.00000000     0.99999811
      131     0.00000647     0.00000000     0.99999353
      132     0.00000906     0.00000000     0.99999094
      133     0.00000833     0.00000000     0.99999167
      134     0.00000523     0.00000000     0.99999477
      135     0.00000224     0.00000000     0.99999776
      136     0.00000146     0.00000000     0.99999854
      137     0.00000304     0.00000000     0.99999696
      138     0.00000592     0.00000000     0.99999408
      139     0.00000816     0.00000000     0.99999184
      140     0.00000828     0.00000000     0.99999172
      141     0.00000666     0.00000000     0.99999334
      142     0.00000473     0.00000000     0.99999527
      143     0.00000330     0.00000000     0.99999670
      144     0.00000336     0.00000000     0.99999664
      145     0.00000532     0.00000000     0.99999468
      146     0.00000805     0.00000000     0.99999195
      147     0.00000955     0.00000000     0.99999045
      148     0.00000917     0.00000000     0.99999083
      149     0.00000706     0.00000000     0.99999294
      150     0.00000470     0.00000000     0.99999530
      151     0.00000316     0.00000000     0.99999684
      152     0.00000335     0.00000000     0.99999665
      153     0.00000517     0.00000000     0.99999483
      154     0.00000758     0.00000000     0.99999242
      155     0.00000923     0.00000000     0.99999077
      156     0.00000922     0.00000000     0.99999078
      157     0.00000760     0.00000000     0.99999240
      158     0.00000526     0.00000000     0.99999474
      159     0.00000345     0.00000000     0.99999655
      160     0.00000306     0.00000000     0.99999694
      161     0.00000399     0.00000000     0.99999601
      162     0.00000530     0.00000000     0.99999470
      163     0.00000653     0.00000000     0.99999347
      164     0.00000704     0.00000000     0.99999296
      165     0.00000654     0.00000000     0.99999346
      166     0.00000513     0.00000000     0.99999487
      167     0.00000389     0.00000000     0.99999611
      168     0.00000316     0.00000000     0.99999684
      169     0.00000317     0.00000000     0.99999683
      170     0.00000395     0.00000000     0.99999605
      171     0.00000478     0.00000000     0.99999522
      172     0.00000552     0.00000000     0.99999448
      173     0.00000582     0.00000000     0.99999418
      174     0.00000524     0.00000000     0.00000000
      175     0.00000265     0.00000000     0.00000000
      176     0.00000269     0.00000000     0.99999731
      177     0.00000320     0.00000000     0.00000000
      178     0.00000000     0.00000000     0.00000000
      179     0.00000000     0.00000000     0.00108855
      180     0.00001306     0.00000000     0.99998694
      181     0.00000001     0.00000000     0.99999999
      182     0.00000002     0.00000000     0.99999998
      183     0.00000004     0.00000000     0.99999996
      184     0.00000038     0.00000000     0.00000000
      185     0.00000016     0.00000000     0.99999984
      186     0.00000085     0.00000000     0.00111524
      187     0.00000024     0.00000000     0.99999976
      188     0.00000015     0.00000000     0.00000000
      189     0.00000006     0.00000000     0.99999994
      190     0.00000023     0.00000000     0.00610287
      191     0.00000129     0.00000000     0.99999871
      192     0.00000017     0.00000000     0.99999983
      193     0.00000066     0.00000000     0.99999934
      194     0.00000134     0.00000000     0.99999866
      195     0.00000199     0.00000000     0.99999801
      196     0.00000242     0.00000000     0.99999758
      197     0.00000258     0.00000000     0.99999742
      198     0.00000000     0.00000000     0.00000000
      199     0.00000000     0.00000000     0.00000000
      200     0.00000000     0.00000000     0.00000000
      201     0.00000000     0.00000000     0.44863901
      202     0.00000000     0.00000000     0.00554410
      203     0.00000256     0.00000000     0.00843322
      204     0.00000762     0.00000000     0.01280086
      205     0.00001509     0.00000000     0.01534860
      206     0.00002660     0.00000000     0.01855401
      207     0.00004191     0.00000000     0.01907388
      208     0.00006128     0.00000000     0.01620363
      209     0.00002444     0.00000000     0.99997556
      210     0.00000387     0.00000000     0.99999613
      211     0.00001469     0.00000000     0.99998531
      212     0.00002966     0.00000000     0.99997034
      213     0.00000000     0.00000000     0.00000000
      214     0.00000000     0.00000000     1.00000000
      215     0.00000000     0.00000000     0.01385835
      216     0.00000000     0.00000000     0.02821757
      217     0.00000000     0.00000000     0.04065008
      218     0.00000000     0.00000000     0.04930930
      219     0.00000929     0.00000000     0.99999071
      220     0.00000326     0.00000000     0.99999674
      221     0.00008189     0.00000000     0.03463832
      222     0.00004222     0.00000000     0.99995778
      223     0.00000287     0.00000000     0.99999713
      224     0.00009662     0.00000000     0.04310637
      225     0.00016942     0.00000000     0.04066328
      226     0.00024092     0.00000000     0.03273936
      227     0.00030309     0.00000000     0.01809469
      228     0.00019709     0.00000000     0.00000000
      229     0.00008630     0.00000000     0.99991370
      230     0.00021542     0.00000000     0.00000000
      231     0.00015002     0.00000000     0.00462037
      232     0.00016352     0.00000000     0.00421651
      233     0.00020836     0.00000000     0.50513106
      234     0.00023651     0.00000000     0.00026961
      235     0.00023576     0.00000000     0.30289929
      236     0.00024303     0.00000000     0.00000000
      237     0.00026467     0.00000000     0.00966819
      238     0.00029399     0.00000000     0.01083938
      239     0.00033335     0.00000000     0.39302594
      240     0.00036906     0.00000000     0.00000000
      241     0.00024234     0.00000000     0.00299048
      242     0.00022629     0.00000000     0.04542911
      243     0.00022838     0.00000000     0.00000000
      244     0.00019643     0.00000000     0.00076231
      245     0.00017359     0.00000000     0.05850131
      246     0.00013326     0.00000000     0.00000000
      247     0.00009231     0.00000000     0.00000000
      248     0.00004564     0.00000000     0.00000000
      249     0.00000758     0.00000000     0.00000000
      250     0.00004736     0.00000000     0.00000000
      251     0.00008598     0.00000000     0.00000000
      252     0.00013833     0.00000000     0.00096854
      253     0.00018444     0.00000000     0.00113453
      254     0.00020802     0.00000000     0.00000000
      255     0.00025012     0.00000000     0.00090867
      256     0.00026496     0.00000000     0.00098936
      257     0.00028342     0.00000000     0.00078393
      258     0.00029639     0.00000000     0.00052936
      259     0.00030310     0.00000000     0.00021458
      260     0.00030378     0.00000000     0.00000000
      261     0.00021114     0.00000000     0.00000000
      262     0.00019148     0.00000000     0.00000000
      263     0.00016793     0.00000000     0.00000000
      264     0.00014087     0.00000000     0.00000000
      265     0.00011111     0.00000000     0.00000000
      266     0.00007892     0.00000000     0.00000000
      267     0.00004504     0.00000000     0.00003068
      268     0.00001015     0.00000000     0.00018046
      269     0.00000000     0.00000000     0.00026761
      270     0.00000000     0.00000000     0.00029366
      271     0.00000000     0.00000000     0.00107410
      272     0.00000000     0.00000000     0.00036011
      273     0.00000000     0.00000000     0.15935736
      274     0.00000000     0.00000000     0.00460282
      275     0.00000000     0.00000000     0.00338087
      276     0.00000000     0.00000000     0.00147806
      277     0.00000000     0.00000000     0.00000000
      278     0.00000000     0.00000000     0.00000000
      279     0.00000000     0.00000000     0.00000000
      280     0.00000000     0.00000000     0.00000000
      281     0.00000000     0.00000000     0.00000000
      282     0.00000000     0.00000000     0.00000000
      283     0.00000000     0.00000000     0.00000000
      284     0.00000000     0.00000000     0.00040309
      285     0.00000000     0.00000000     0.00081846
      286     0.00000000     0.00000000     0.00104907
      287     0.00000000     0.00000000     0.00262805
      288     0.00000000     0.00000000     0.00187298
      289     0.00000000     0.00000000     0.00040330
      290     0.00000000     0.00000000     0.00000000
      291     0.00000000     0.00000000     0.00000000
      292     0.00000000     0.00000000     0.00000000
      293     0.00001296     0.00000000     0.00000000
      294     0.00003640     0.00000000     0.00000000
      295     0.00006028     0.00000000     0.00000000
      296     0.00008685     0.00000000     0.00000000
      297     0.00011436     0.00000000     0.00043175
      298     0.00014250     0.00000000     0.00108581
      299     0.00002062     0.00000000     0.00004260
      300     0.00006210     0.00000000     0.00043867
      301     0.00004533     0.00000000     0.00050190
      302     0.00005947     0.00000000     0.00031759
      303     0.00006400     0.00000000     0.00020132
      304     0.00007206     0.00000000     0.00000000
      305     0.00008048     0.00000000     0.00000000
      306     0.00008832     0.00000000     0.00000000
      307     0.00009597     0.00000000     0.00000000
      308     0.00010200     0.00000000     0.00000000
      309     0.00011085     0.00000000     0.00000000
      310     0.00011847     0.00000000     0.00026462
      311     0.00012323     0.00000000     0.00068326
      312     0.00013413     0.00000000     0.00102234
      313     0.00014266     0.00000000     0.00116146
      314     0.00015169     0.00000000     0.00097786
      315     0.00016130     0.00000000     0.00048213
      316     0.00017151     0.00000000     0.00000000
      317     0.00018237     0.00000000     0.00000000
      318     0.00018383     0.00000000     0.00000000
      319     0.00020506     0.00000000     0.00000000
      320     0.00021778     0.00000000     0.00000000
      321     0.00013097     0.00000000     0.00000000
      322     0.00011348     0.00000000     0.00000000
      323     0.00009330     0.00000000     0.00001515
      324     0.00007074     0.00000000     0.00003082
      325     0.00004627     0.00000000     0.00000306
      326     0.00002068     0.00000000     0.00000000
      327     0.00000000     0.00000000     0.00000000
      328     0.00000000     0.00000000     0.00000000
      329     0.00000000     0.00000000     0.00007454
      330     0.00000000     0.00000000     0.00017116
      331     0.00000000     0.00000000     0.00025348
      332     0.00000000     0.00000000     0.00028178
      333     0.00002388     0.00000000     0.00027726
      334     0.00011690     0.00000000     0.00026040
      335     0.00025863     0.00000000     0.00017033
      336     0.00045254     0.00000000     0.00000000
      337     0.00068740     0.00000000     0.00000000
      338     0.00092581     0.00000000     0.00013307
      339     0.00109514     0.00000000     0.00078527
      340     0.00109293     0.00000000     0.00096250
      341     0.00039006     0.00000000     0.00010550
      342     0.00000000     0.00000000     0.00000000
      343     0.00000000     0.00000000     0.00028937
      344     0.00000000     0.00000000     0.00024923
      345     0.00000000     0.00000000     0.00000000
      346     0.00000000     0.00000000     0.00573105
      347     0.00000000     0.00000000     0.03934745
      348     0.00058431     0.00000000     0.03286539
      349     0.00025841     0.00000000     0.00626301
      350     0.00000000     0.00000000     0.24838624
      351     0.00000000     0.00000000     0.00351286
      352     0.00524139     0.00000000     0.01728002
      353     0.00617918     0.00000000     0.05117141
      354     0.00113565     0.00000000     0.00000000
      355     0.00000000     0.00000000     0.00000000
      356     0.00000000     0.00000000     0.00883561
      357     0.00332880     0.00000000     0.00000000
      358     0.00012025     0.00000000     0.00000000
      359     0.00000000     0.00000000     0.06438536
      360     0.01146965     0.00000000     0.00000000
      361     0.00357891     0.00000000     0.00000000
      362     0.00000000     0.00000000     0.02517666
      363     0.00000000     0.00000000     0.39870104
      364     0.00000000     0.00000000     0.00000000
      365     0.00000000     0.00000000     0.00000000
      366     0.00012098     0.00000000     0.00000000
      367     0.00193037     0.00000000     0.00000000
      368     0.00997196     0.00000000     0.00000000
      369     0.01991875     0.00000000     0.68953931
      370     0.00104161     0.00000000     0.99895839
      371     0.00000047     0.00000000     0.99999953
      372     0.00000213     0.00000000     0.99999787
      373     0.00000371     0.00000000     0.99999629
      374     0.00000259     0.00000000     0.99999741
      375     0.00000528     0.00000000     0.99999472
      376     0.00001618     0.00000000     0.99998382
      377     0.00003091     0.00000000     0.99996909
      378     0.00004680     0.00000000     0.99995320
      379     0.00005627     0.00000000     0.99994373
      380     0.00005438     0.00000000     0.99994562
      381     0.00004395     0.00000000     0.99995605
      382     0.00002917     0.00000000     0.99997083
      383     0.00000000     0.00000000     0.00000000
      384     0.00000000     0.00000000     0.02647242
      385     0.00038205     0.00000000     0.00000000
      386     0.00063777     0.00000000     0.00000000
      387     0.00068351     0.00000000     0.00000000
      388     0.00062022     0.00000000     0.00000000
      389     0.00051044     0.00000000     0.00000000
      390     0.00007483     0.00000000     0.99992517
      391     0.00000050     0.00000000     0.99999950
      392     0.00000134     0.00000000     0.99999866
      393     0.00000207     0.00000000     0.99999793
      394     0.00000266     0.00000000     0.99999734
      395     0.00000245     0.00000000     0.99999755
      396     0.00000148     0.00000000     0.99999852
      397     0.00000039     0.00000000     0.99999961
      398     0.00000006     0.00000000     0.99999994
      399     0.00000102     0.00000000     0.99999898
      400     0.00000305     0.00000000     0.99999695
      401     0.00000497     0.00000000     0.99999503
      402     0.00000588     0.00000000     0.99999412
      403     0.00000588     0.00000000     0.99999412
      404     0.00000527     0.00000000     0.99999473
      405     0.00000459     0.00000000     0.99999541
      406     0.00000419     0.00000000     0.99999581
      407     0.00000400     0.00000000     0.99999600
      408     0.00000380     0.00000000     0.99999620
      409     0.00000378     0.00000000     0.99999622
      410     0.00000343     0.00000000     0.99999657
      411     0.00000284     0.00000000     0.99999716
      412     0.00000202     0.00000000     0.99999798
      413     0.00000157     0.00000000     0.99999843
      414     0.00000181     0.00000000     0.99999819
      415     0.00000289     0.00000000     0.99999711
      416     0.00000458     0.00000000     0.99999542
      417     0.00000629     0.00000000     0.99999371
      418     0.00000740     0.00000000     0.99999260
      419     0.00000893     0.00000000     0.99999107
      420     0.00001106     0.00000000     0.99998894
      421     0.00001192     0.00000000     0.99998808
      422     0.00001204     0.00000000     0.99998796
      423     0.00001275     0.00000000     0.99998725
      424     0.00001456     0.00000000     0.99998544
      425     0.00001527     0.00000000     0.99998473
      426     0.00001396     0.00000000     0.99998604
      427     0.00001046     0.00000000     0.99998954
      428     0.00000630     0.00000000     0.99999370
      429     0.00000446     0.00000000     0.99999554
      430     0.00000359     0.00000000     0.99999641
      431     0.00000237     0.00000000     0.99999763
      432     0.00000120     0.00000000     0.99999880
      433     0.00000038     0.00000000     0.99999962
      434     0.00000018     0.00000000     0.99999982
      435     0.00000004     0.00000000     0.99999996
      436     0.00000003     0.00000000     0.99999997
      437     0.00000013     0.00000000     0.99999987
      438     0.00000016     0.00000000     0.99999984
      439     0.00000017     0.00000000     0.99999983
      440     0.00000023     0.00000000     0.99999977
      441     0.00000027     0.00000000     0.99999973
      442     0.00000023     0.00000000     0.99999977
      443     0.00000042     0.00000000     0.99999958
      444     0.00000097     0.00000000     0.99999903
      445     0.00000184     0.00000000     0.99999816
      446     0.00000317     0.00000000     0.99999683
      447     0.00000519     0.00000000     0.99999481
      448     0.00000801     0.00000000     0.99999199
      449     0.00001139     0.00000000     0.99998861
      450     0.00001496     0.00000000     0.99998504
      451     0.00001730     0.00000000     0.99998270
      452     0.00001761     0.00000000     0.99998239
      453     0.00001601     0.00000000     0.99998399
      454     0.00001269     0.00000000     0.99998731
      455     0.00000994     0.00000000     0.99999006
      456     0.00000760     0.00000000     0.99999240
      457     0.00000637     0.00000000     0.99999363
      458     0.00000654     0.00000000     0.99999346
      459     0.00000645     0.00000000     0.99999355
      460     0.00000859     0.00000000     0.99999141
      461     0.00001411     0.00000000     0.99998589
      462     0.00001693     0.00000000     0.99998307
      463     0.00001567     0.00000000     0.99998433
      464     0.00001097     0.00000000     0.99998903
      465     0.00000721     0.00000000     0.99999279
      466     0.00000590     0.00000000     0.99999410
      467     0.00000595     0.00000000     0.99999405
      468     0.00000980     0.00000000     0.99999020
      469     0.00002065     0.00000000     0.99997935
      470     0.00003825     0.00000000     0.99996175
      471     0.00006780     0.00000000     0.99993220
      472     0.00010354     0.00000000     0.99989646
      473     0.00013373     0.00000000     0.99986627
      474     0.00014665     0.00000000     0.99985335
      475     0.00013853     0.00000000     0.99986147
      476     0.00011031     0.00000000     0.99988969
      477     0.00006836     0.00000000     0.99993164
      478     0.00002536     0.00000000     0.99997464
      479     0.00001978     0.00000000     0.99998022
      480     0.00006147     0.00000000     0.99993853
      481     0.00011355     0.00000000     0.99988645
      482     0.00014439     0.00000000     0.99985561
      483     0.00014450     0.00000000     0.99985550
      484     0.00011787     0.00000000     0.99988213
      485     0.00006265     0.00000000     0.99993735
      486     0.00001858     0.00000000     0.99998142
      487     0.00005011     0.00000000     0.99994989
      488     0.00012927     0.00000000     0.99987073
      489     0.00018407     0.00000000     0.99981593
      490     0.00017767     0.00000000     0.99982233
      491     0.00011411     0.00000000     0.99988589
      492     0.00003775     0.00000000     0.99996225
      493     0.00000806     0.00000000     0.99999194
      494     0.00004834     0.00000000     0.99995166
      495     0.00013650     0.00000000     0.99986350
      496     0.00018924     0.00000000     0.99981076
      497     0.00017473     0.00000000     0.99982527
      498     0.00011936     0.00000000     0.99988064
      499     0.00000000     0.00000000     0.00000000
      500     0.00000000     0.00000000     0.00000000
      501     0.00228413     0.00000000     0.00000000
      502     0.00373191     0.00000000     0.00000000
      503     0.00024018     0.00000000     0.99975982
      504     0.00000011     0.00000000     0.99999989
      505     0.00000015     0.00000000     0.99999985
      506     0.00000006     0.00000000     0.99999994
      507     0.00000087     0.00000000     0.99999913
      508     0.00000364     0.00000000     0.99999636
      509     0.00000835     0.00000000     0.99999165
      510     0.00001597     0.00000000     0.99998403
      511     0.00002704     0.00000000     0.99997296
      512     0.00003563     0.00000000     0.99996437
      513     0.00003920     0.00000000     0.99996080
      514     0.00003479     0.00000000     0.99996521
      515     0.00003149     0.00000000     0.99996851
      516     0.00003163     0.00000000     0.99996837
      517     0.00003244     0.00000000     0.99996756
      518     0.00003258     0.00000000     0.99996742
      519     0.00003117     0.00000000     0.99996883
      520     0.00002678     0.00000000     0.99997322
      521     0.00002090     0.00000000     0.99997910
      522     0.00001610     0.00000000     0.99998390
      523     0.00001384     0.00000000     0.99998616
      524     0.00001242     0.00000000     0.99998758
      525     0.00001136     0.00000000     0.99998864
      526     0.00001069     0.00000000     0.99998931
      527     0.00001043     0.00000000     0.99998957
      528     0.00001022     0.00000000     0.99998978
      529     0.00001000     0.00000000     0.99999000
      530     0.00000906     0.00000000     0.99999094
      531     0.00000872     0.00000000     0.99999128
      532     0.00000890     0.00000000     0.99999110
      533     0.00001014     0.00000000     0.99998986
      534     0.00001282     0.00000000     0.99998718
      535     0.00001660     0.00000000     0.99998340
      536     0.00002035     0.00000000     0.99997965
      537     0.00002262     0.00000000     0.99997738
      538     0.00002369     0.00000000     0.99997631
      539     0.00002358     0.00000000     0.99997642
      540     0.00002419     0.00000000     0.99997581
      541     0.00002495     0.00000000     0.99997505
      542     0.00002512     0.00000000     0.99997488
      543     0.00002574     0.00000000     0.99997426
      544     0.00002601     0.00000000     0.99997399
      545     0.00002498     0.00000000     0.99997502
      546     0.00002450     0.00000000     0.99997550
      547     0.00002518     0.00000000     0.99997482
      548     0.00002661     0.00000000     0.99997339
      549     0.00002855     0.00000000     0.99997145
      550     0.00003004     0.00000000     0.99996996
      551     0.00002954     0.00000000     0.99997046
      552     0.00002714     0.00000000     0.99997286
      553     0.00002452     0.00000000     0.99997548
      554     0.00002326     0.00000000     0.99997674
      555     0.00002436     0.00000000     0.99997564
      556     0.00002860     0.00000000     0.99997140
      557     0.00003340     0.00000000     0.99996660
      558     0.00003762     0.00000000     0.99996238
      559     0.00003995     0.00000000     0.99996005
      560     0.00003952     0.00000000     0.99996048
      561     0.00003852     0.00000000     0.99996148
      562     0.00003569     0.00000000     0.99996431
      563     0.00003388     0.00000000     0.99996612
      564     0.00003643     0.00000000     0.99996357
      565     0.00004372     0.00000000     0.99995628
      566     0.00005294     0.00000000     0.99994706
      567     0.00005830     0.00000000     0.99994170
      568     0.00005689     0.00000000     0.99994311
      569     0.00004874     0.00000000     0.99995126
      570     0.00003586     0.00000000     0.99996414
      571     0.00002469     0.00000000     0.99997531
      572     0.00001912     0.00000000     0.99998088
      573     0.00001669     0.00000000     0.99998331
      574     0.00001814     0.00000000     0.99998186
      575     0.00002189     0.00000000     0.99997811
      576     0.00002775     0.00000000     0.99997225
      577     0.00003485     0.00000000     0.99996515
      578     0.00003845     0.00000000     0.99996155
      579     0.00003620     0.00000000     0.99996380
      580     0.00002821     0.00000000     0.99997179
      581     0.00001643     0.00000000     0.99998357
      582     0.00000933     0.00000000     0.99999067
      583     0.00000828     0.00000000     0.99999172
      584     0.00001688     0.00000000     0.99998312
      585     0.00003208     0.00000000     0.99996792
      586     0.00004468     0.00000000     0.99995532
      587     0.00004638     0.00000000     0.99995362
      588     0.00003643     0.00000000     0.99996357
      589     0.00002136     0.00000000     0.99997864
      590     0.00001179     0.00000000     0.99998821
      591     0.00049822     0.00000000     0.00000000
      592     0.00075699     0.00000000     0.00000000
      593     0.00094108     0.00000000     0.01593771
      594     0.00086049     0.00000000     0.00000000
      595     0.00054480     0.00000000     0.00000000
      596     0.00012825     0.00000000     0.00000000
      597     0.00000000     0.00000000     0.01075965
      598     0.00000000     0.00000000     0.00000000
      599     0.00000000     0.00000000     0.00000000
      600     0.00000000     0.00000000     0.00000000
      601     0.00000000     0.00000000     0.15018496
      602     0.00000000     0.00000000     0.00000000
      603     0.00083906     0.00000000     0.00000000
      604     0.00117342     0.00000000     0.19919693
      605     0.00008968     0.00000000     0.99991032
      606     0.00000108     0.00000000     0.99999892
      607     0.00000349     0.00000000     0.99999651
      608     0.00000367     0.00000000     0.99999633
      609     0.00000418     0.00000000     0.99999582
      610     0.00003252     0.00000000     0.99996748
      611     0.00008568     0.00000000     0.99991432
      612     0.00014556     0.00000000     0.99985444
      613     0.00040252     0.00000000     0.00000000
      614     0.00000000     0.00000000     0.04347522
      615     0.00000000     0.00000000     0.00000000
      616     0.00000000     0.00000000     0.00000000
      617     0.00377542     0.00000000     0.15246168
      618     0.00561482     0.00000000     0.11371210
      619     0.00300843     0.00000000     0.00000000
      620     0.00028985     0.00000000     0.00000000
      621     0.00000000     0.00000000     0.00000000
      622     0.00000000     0.00000000     0.00000000
      623     0.00000000     0.00000000     0.03361329
      624     0.00171237     0.00000000     0.00000000
      625     0.00309195     0.00000000     0.00000000
      626     0.00246730     0.00000000     0.00000000
      627     0.00103300     0.00000000     0.00280275
      628     0.00000000     0.00000000     0.00000000
      629     0.00000000     0.00000000     0.00000000
      630     0.00000000     0.00000000     0.00000000
      631     0.00000000     0.00000000     0.00000000
      632     0.00000000     0.00000000     0.00000000
      633     0.00041061     0.00000000     0.00000000
      634     0.00094740     0.00000000     0.00000000
      635     0.00082782     0.00000000     0.00000000
      636     0.00051235     0.00000000     0.00048152
      637     0.00011545     0.00000000     0.00464990
      638     0.00000000     0.00000000     0.00000000
      639     0.00000000     0.00000000     0.00000000
      640     0.00000000     0.00000000     0.00000000
      641     0.00000000     0.00000000     0.00986690
      642     0.00000000     0.00000000     0.01818467
      643     0.00029003     0.00000000     0.01311315
      644     0.00068158     0.00000000     0.00114092
      645     0.00107013     0.00000000     0.00657672
      646     0.00153923     0.00000000     0.03934342
      647     0.00267031     0.00000000     0.09273515
      648     0.00243420     0.00000000     0.99756580
      649     0.00000035     0.00000000     0.99999965
      650     0.00000094     0.00000000     0.99999906
      651     0.00000135     0.00000000     0.99999865
      652     0.00000143     0.00000000     0.99999857
      653     0.00000125     0.00000000     0.99999875
      654     0.00000109     0.00000000     0.99999891
      655     0.00000126     0.00000000     0.99999874
      656     0.00000193     0.00000000     0.99999807
      657     0.00000246     0.00000000     0.99999754
      658     0.00000272     0.00000000     0.99999728
      659     0.00000222     0.00000000     0.99999778
      660     0.00000260     0.00000000     0.99999740
      661     0.00000523     0.00000000     0.99999477
      662     0.00000922     0.00000000     0.99999078
      663     0.00001315     0.00000000     0.99998685
      664     0.00001513     0.00000000     0.99998487
      665     0.00001433     0.00000000     0.99998567
      666     0.00001076     0.00000000     0.99998924
      667     0.00000649     0.00000000     0.99999351
      668     0.00000558     0.00000000     0.99999442
      669     0.00001013     0.00000000     0.99998987
      670     0.00001880     0.00000000     0.99998120
      671     0.00002716     0.00000000     0.99997284
      672     0.00003037     0.00000000     0.99996963
      673     0.00002630     0.00000000     0.99997370
      674     0.00001729     0.00000000     0.99998271
      675     0.00000857     0.00000000     0.99999143
      676     0.00000508     0.00000000     0.99999492
      677     0.00000703     0.00000000     0.99999297
      678     0.00000978     0.00000000     0.99999022
      679     0.00001224     0.00000000     0.99998776
      680     0.00001308     0.00000000     0.99998692
      681     0.00001069     0.00000000     0.99998931
      682     0.00000586     0.00000000     0.99999414
      683     0.00000286     0.00000000     0.99999714
      684     0.00000320     0.00000000     0.99999680
      685     0.00000443     0.00000000     0.99999557
      686     0.00000589     0.00000000     0.99999411
      687     0.00000721     0.00000000     0.99999279
      688     0.00000776     0.00000000     0.99999224
      689     0.00000612     0.00000000     0.99999388
      690     0.00000299     0.00000000     0.99999701
      691     0.00000166     0.00000000     0.99999834
      692     0.00000321     0.00000000     0.99999679
      693     0.00000685     0.00000000     0.99999315
      694     0.00001020     0.00000000     0.99998980
      695     0.00001164     0.00000000     0.99998836
      696     0.00000999     0.00000000     0.99999001
      697     0.00000729     0.00000000     0.99999271
      698     0.00000404     0.00000000     0.99999596
      699     0.00000208     0.00000000     0.99999792
      700     0.00000209     0.00000000     0.99999791
      701     0.00000360     0.00000000     0.99999640
      702     0.00000630     0.00000000     0.99999370
      703     0.00000770     0.00000000     0.99999230
      704     0.00000646     0.00000000     0.99999354
      705     0.00000332     0.00000000     0.99999668
      706     0.00000091     0.00000000     0.99999909
      707     0.00000022     0.00000000     0.99999978
      708     0.00000100     0.00000000     0.99999900
      709     0.00000256     0.00000000     0.99999744
      710     0.00000379     0.00000000     0.99999621
      711     0.00000398     0.00000000     0.99999602
      712     0.00000280     0.00000000     0.99999720
      713     0.00000131     0.00000000     0.99999869
      714     0.00000051     0.00000000     0.99999949
      715     0.00000031     0.00000000     0.99999969
      716     0.00000028     0.00000000     0.99999972
      717     0.00000012     0.00000000     0.99999988
      718     0.00000020     0.00000000     0.99999980
      719     0.00000134     0.00000000     0.99999866
      720     0.00000423     0.00000000     0.99999577
      721     0.00000783     0.00000000     0.99999217
      722     0.00001258     0.00000000     0.99998742
      723     0.00001545     0.00000000     0.99998455
      724     0.00001599     0.00000000     0.99998401
      725     0.00001399     0.00000000     0.99998601
      726     0.00001067     0.00000000     0.99998933
      727     0.00001308     0.00000000     0.99998692
      728     0.00003213     0.00000000     0.99996787
      729     0.00005615     0.00000000     0.99994385
      730     0.00007712     0.00000000     0.99992288
      731     0.00006906     0.00000000     0.99993094
      732     0.00002041     0.00000000     0.99997959
      733     0.00000086     0.00000000     0.99999914
      734     0.00000191     0.00000000     0.99999809
      735     0.00000014     0.00000000     0.99999986
      736     0.00006590     0.00000000     0.99993410
      737     0.00024839     0.00000000     0.99975161
      738     0.00007685     0.00000000     0.99992315
      739     0.00043810     0.00000000     0.99956190
      740     0.00088663     0.00000000     0.99911337
      741     0.00017621     0.00000000     0.99982379
      742     0.00007632     0.00000000     0.99992368
      743     0.00012210     0.00000000     0.99987790
      744     0.00011482     0.00000000     0.99988518
      745     0.00006993     0.00000000     0.99993007
      746     0.00001405     0.00000000     0.99998595
      747     0.00025791     0.00000000     0.99974209
      748     0.00125608     0.00000000     0.99874392
      749     0.00158572     0.00000000     0.99841428
      750     0.00160133     0.00000000     0.99839867
      751     0.00146079     0.00000000     0.99853921
      752     0.00122767     0.00000000     0.99877233
      753     0.00000000     0.00000000     0.00000000
      754     0.00000000     0.00000000     0.08718783
      755     0.00034190     0.00000000     0.99965810
      756     0.00000214     0.00000000     0.99999786
      757     0.00000568     0.00000000     0.99999432
      758     0.00001077     0.00000000     0.99998923
      759     0.00001429     0.00000000     0.99998571
      760     0.00001336     0.00000000     0.99998664
      761     0.00000936     0.00000000     0.99999064
      762     0.00000448     0.00000000     0.99999552
      763     0.00000261     0.00000000     0.99999739
      764     0.00000400     0.00000000     0.99999600
      765     0.00000682     0.00000000     0.99999318
      766     0.00000906     0.00000000     0.99999094
      767     0.00000934     0.00000000     0.99999066
      768     0.00000754     0.00000000     0.99999246
      769     0.00000464     0.00000000     0.99999536
      770     0.00000196     0.00000000     0.99999804
      771     0.00000050     0.00000000     0.99999950
      772     0.00000047     0.00000000     0.99999953
      773     0.00000209     0.00000000     0.99999791
      774     0.00000707     0.00000000     0.99999293
      775     0.00001609     0.00000000     0.99998391
      776     0.00002741     0.00000000     0.99997259
      777     0.00003724     0.00000000     0.99996276
      778     0.00004216     0.00000000     0.99995784
      779     0.00004179     0.00000000     0.99995821
      780     0.00003873     0.00000000     0.99996127
      781     0.00003848     0.00000000     0.99996152
      782     0.00004646     0.00000000     0.99995354
      783     0.00006261     0.00000000     0.99993739
      784     0.00008137     0.00000000     0.99991863
      785     0.00009471     0.00000000     0.99990529
      786     0.00009663     0.00000000     0.99990337
      787     0.00008974     0.00000000     0.99991026
      788     0.00007998     0.00000000     0.99992002
      789     0.00007583     0.00000000     0.99992417
      790     0.00008002     0.00000000     0.99991998
      791     0.00009021     0.00000000     0.99990979
      792     0.00010147     0.00000000     0.99989853
      793     0.00010927     0.00000000     0.99989073
      794     0.00010600     0.00000000     0.99989400
      795     0.00009124     0.00000000     0.99990876
      796     0.00007394     0.00000000     0.99992606
      797     0.00006503     0.00000000     0.99993497
      798     0.00007110     0.00000000     0.99992890
      799     0.00008616     0.00000000     0.99991384
      800     0.00009748     0.00000000     0.99990252
      801     0.00010337     0.00000000     0.99989663
      802     0.00009825     0.00000000     0.99990175
      803     0.00008443     0.00000000     0.99991557
      804     0.00007090     0.00000000     0.99992910
      805     0.00006531     0.00000000     0.99993469
      806     0.00007399     0.00000000     0.99992601
      807     0.00009329     0.00000000     0.99990671
      808     0.00011206     0.00000000     0.99988794
      809     0.00011617     0.00000000     0.99988383
      810     0.00010785     0.00000000     0.99989215
      811     0.00010101     0.00000000     0.99989899
      812     0.00009332     0.00000000     0.99990668
      813     0.00009465     0.00000000     0.99990535
      814     0.00011126     0.00000000     0.99988874
      815     0.00013256     0.00000000     0.99986744
      816     0.00014981     0.00000000     0.99985019
      817     0.00015507     0.00000000     0.99984493
      818     0.00015320     0.00000000     0.99984680
      819     0.00015041     0.00000000     0.99984959
      820     0.00015098     0.00000000     0.99984902
      821     0.00015936     0.00000000     0.99984064
      822     0.00073721     0.00000000     0.00000000
      823     0.00046913     0.00000000     0.02515346
      824     0.00047479     0.00000000     0.00786051
      825     0.00044485     0.00000000     0.00000000
      826     0.00040434     0.00000000     0.03293625
      827     0.00033393     0.00000000     0.00000000
      828     0.00026650     0.00000000     0.02149716
      829     0.00017131     0.00000000     0.00000000
      830     0.00003904     0.00000000     0.02914102
      831     0.00000000     0.00000000     0.02615249
      832     0.00029285     0.00000000     0.99970715
      833     0.00000019     0.00000000     0.99999981
      834     0.00000072     0.00000000     0.99999928
      835     0.00000136     0.00000000     0.99999864
      836     0.00000181     0.00000000     0.99999819
      837     0.00000186     0.00000000     0.99999814
      838     0.00000140     0.00000000     0.99999860
      839     0.00000057     0.00000000     0.99999943
      840     0.00000007     0.00000000     0.99999993
      841     0.00000003     0.00000000     0.99999997
      842     0.00000012     0.00000000     0.99999988
      843     0.00000005     0.00000000     0.99999995
      844     0.00000003     0.00000000     0.99999997
      845     0.00000023     0.00000000     0.99999977
      846     0.00000074     0.00000000     0.99999926
      847     0.00000128     0.00000000     0.99999872
      848     0.00000239     0.00000000     0.99999761
      849     0.00000351     0.00000000     0.99999649
      850     0.00000378     0.00000000     0.99999622
      851     0.00000302     0.00000000     0.99999698
      852     0.00005945     0.00000000     0.00000000
      853     0.00045994     0.00000000     0.00000000
      854     0.00169818     0.00000000     0.00344789
      855     0.00453880     0.00000000     0.11630325
      856     0.00817324     0.00000000     0.00000000
      857     0.00899710     0.00000000     0.00000000
      858     0.00803660     0.00000000     0.00000000
      859     0.00544738     0.00000000     0.01857367
      860     0.00122867     0.00000000     0.99877133
      861     0.00000070     0.00000000     0.99999930
      862     0.00000450     0.00000000     0.99999550
      863     0.00004251     0.00000000     0.99995749
      864     0.00011913     0.00000000     0.99988087
      865     0.00021587     0.00000000     0.99978413
      866     0.00026359     0.00000000     0.99973641
      867     0.00024775     0.00000000     0.99975225
      868     0.00000000     0.00000000     0.00000000
      869     0.02040410     0.00000000     0.00000000
      870     0.01575642     0.00000000     0.27158691
      871     0.00672771     0.00000000     0.00594730
      872     0.00000000     0.00000000     0.01019781
      873     0.00134709     0.00000000     0.99865291
      874     0.00000071     0.00000000     0.99999929
      875     0.00002635     0.00000000     0.99997365
      876     0.00007634     0.00000000     0.99992366
      877     0.00010024     0.00000000     0.99989976
      878     0.00000000     0.00000000     0.00000000
      879     0.00000000     0.00000000     0.28987388
      880     0.00030825     0.00000000     0.00000000
      881     0.00461848     0.00000000     0.99538152
      882     0.02156910     0.00000000     0.00117183
      883     0.02342453     0.00000000     0.34569489
      884     0.01494078     0.00000000     0.38691781
      885     0.00701584     0.00000000     0.14190200
      886     0.00182434     0.00000000     0.30830751
      887     0.00000000     0.00000000     0.00000000
      888     0.00000000     0.00000000     0.00000000
      889     0.00000000     0.00000000     0.00000000
      890     0.00000000     0.00000000     0.00000000
      891     0.00000000     0.00000000     0.00000000
      892     0.00000000     0.00000000     0.04972942
      893     0.00000000     0.00000000     0.00924761
      894     0.00000000     0.00000000     0.00722655
      895     0.00025998     0.00000000     0.00000000
      896     0.00055503     0.00000000     0.00430235
      897     0.00061213     0.00000000     0.01581434
      898     0.00048597     0.00000000     0.00603114
      899     0.00032365     0.00000000     0.00525889
      900     0.00013247     0.00000000     0.00058076
      901     0.00000000     0.00000000     0.00052570
      902     0.00000000     0.00000000     0.00246299
      903     0.00000000     0.00000000     0.00411010
      904     0.00000000     0.00000000     0.00312372
      905     0.00000000     0.00000000     0.00000000
      906     0.00000000     0.00000000     0.00000000
      907     0.00000000     0.00000000     0.00000000
      908     0.00001449     0.00000000     0.00000000
      909     0.00019142     0.00000000     0.00000000
      910     0.00038280     0.00000000     0.00133012
      911     0.00058884     0.00000000     0.00077551
      912     0.00074185     0.00000000     0.00000000
      913     0.00087366     0.00000000     0.00000000
      914     0.00096299     0.00000000     0.00000000
      915     0.00100846     0.00000000     0.00000000
      916     0.00100329     0.00000000     0.00000000
      917     0.00095744     0.00000000     0.00000000
      918     0.00088415     0.00000000     0.00085225
      919     0.00071390     0.00000000     0.00000000
      920     0.00056454     0.00000000     0.00000000
      921     0.00040483     0.00000000     0.00000000
      922     0.00024385     0.00000000     0.00000000
      923     0.00009240     0.00000000     0.00000000
      924     0.00000000     0.00000000     0.00000000
      925     0.00000000     0.00000000     0.00000000
      926     0.00000000     0.00000000     0.00000000
      927     0.00000000     0.00000000     0.00014100
      928     0.00000000     0.00000000     0.00000000
      929     0.00000000     0.00000000     0.00009355
      930     0.00000000     0.00000000     0.00000000
      931     0.00000000     0.00000000     0.00000000
      932     0.00011071     0.00000000     0.00059579
      933     0.00029215     0.00000000     0.00073550
      934     0.00049940     0.00000000     0.00089404
      935     0.00072997     0.00000000     0.00054698
      936     0.00093647     0.00000000     0.00000000
      937     0.00120470     0.00000000     0.00013916
      938     0.00131444     0.00000000     0.00001983
      939     0.00143346     0.00000000     0.00025207
      940     0.00165663     0.00000000     0.00000000
      941     0.00172060     0.00000000     0.00000000
      942     0.00172035     0.00000000     0.00000000
      943     0.00176839     0.00000000     0.00000000
      944     0.00166452     0.00000000     0.00000000
      945     0.00157567     0.00000000     0.00009112
      946     0.00145062     0.00000000     0.00020942
      947     0.00129535     0.00000000     0.00023661
      948     0.00111687     0.00000000     0.00005803
      949     0.00092170     0.00000000     0.00000000
      950     0.00072701     0.00000000     0.00000000
      951     0.00053666     0.00000000     0.00000000
      952     0.00034692     0.00000000     0.00000000
      953     0.00020280     0.00000000     0.00025876
      954     0.00008100     0.00000000     0.00059678
      955     0.00000000     0.00000000     0.00051078
      956     0.00000000     0.00000000     0.00038444
      957     0.00000000     0.00000000     0.00000000
      958     0.00000000     0.00000000     0.00000000
      959     0.00000000     0.00000000     0.00000000
      960     0.00009869     0.00000000     0.00000000
      961     0.00026431     0.00000000     0.00015520
      962     0.00045826     0.00000000     0.00069726
      963     0.00078399     0.00000000     0.00015256
      964     0.00095837     0.00000000     0.00005911
      965     0.00120121     0.00000000     0.00000000
      966     0.00148914     0.00000000     0.00000000
      967     0.00176828     0.00000000     0.00000000
      968     0.00203713     0.00000000     0.00000000
      969     0.00258805     0.00000000     0.00000232
      970     0.00251460     0.00000000     0.00000000
      971     0.00303620     0.00000000     0.00010657
      972     0.00319730     0.00000000     0.00000000
      973     0.00303470     0.00000000     0.00045684
      974     0.00307232     0.00000000     0.00000000
      975     0.00263897     0.00000000     0.00000000
      976     0.00293789     0.00000000     0.00000000
      977     0.00239271     0.00000000     0.00004513
      978     0.00256296     0.00000000     0.00020331
      979     0.00239317     0.00000000     0.00016574
      980     0.00211141     0.00000000     0.00065233
      981     0.00200986     0.00000000     0.00000000
      982     0.00157535     0.00000000     0.00000000
      983     0.00114298     0.00000000     0.00000000
      984     0.00065458     0.00000000     0.00000000
      985     0.00000000     0.00000000     0.00541868
      986     0.00000000     0.00000000     0.00027324
      987     0.00000000     0.00000000     0.00057152
      988     0.00000000     0.00000000     0.00000000
      989     0.00000000     0.00000000     0.00000000
      990     0.00000000     0.00000000     0.00000000
      991     0.00000000     0.00000000     0.00027936
      992     0.00000000     0.00000000     0.00297326
      993     0.00000000     0.00000000     0.00002814
      994     0.00007317     0.00000000     0.00028292
      995     0.00342839     0.00000000     0.00000000
      996     0.00674058     0.00000000     0.00000000
      997     0.00941037     0.00000000     0.00000000
      998     0.01136887     0.00000000     0.00067780
      999     0.01615580     0.00000000     0.00000000
     1000     0.99494798     0.00000000     0.00505202
