#     Density Matrix: coherence Re-Im; see the manual for detail orders
        0     0.00000000     0.00000000
        1     0.00001394    -0.00000616
        2     0.00003691    -0.00003897
        3     0.00003835    -0.00008925
        4     0.00001803    -0.00012557
        5     0.00000633    -0.00013828
        6     0.00002234    -0.00015365
        7     0.00004743    -0.00019821
        8     0.00005072    -0.00026272
        9     0.00003022    -0.00031453
       10     0.00001464    -0.00034033
       11     0.00002265    -0.00036133
       12     0.00003572    -0.00039880
       13     0.00002241    -0.00043836
       14    -0.00001920    -0.00044198
       15    -0.00005728    -0.00039281
       16    -0.00006517    -0.00031475
       17    -0.00005186    -0.00024302
       18    -0.00004617    -0.00018579
       19    -0.00005837    -0.00012437
       20    -0.00006937    -0.00004690
       21    -0.00004933     0.00002754
       22     0.00000916     0.00005404
       23     0.00005291     0.00001207
       24     0.00002850    -0.00004263
       25    -0.00003316    -0.00003977
       26    -0.00005588     0.00001915
       27    -0.00001181     0.00006378
       28     0.00004538     0.00004152
       29     0.00004667    -0.00001906
       30    -0.00000904    -0.00004381
       31    -0.00005474    -0.00000236
       32    -0.00003627     0.00005657
       33     0.00002394     0.00006439
       34     0.00005483     0.00001362
       35     0.00002058    -0.00003478
       36    -0.00003872    -0.00002340
       37    -0.00005494     0.00003570
       38    -0.00001015     0.00007650
       39     0.00004438     0.00005487
       40     0.00004741    -0.00000245
       41     0.00000030    -0.00003120
       42    -0.00004445    -0.00000416
       43    -0.00004191     0.00004869
       44     0.00000477     0.00007122
       45     0.00004465     0.00004098
       46     0.00003500    -0.00000739
       47    -0.00001329    -0.00002061
       48    -0.00004851     0.00001631
       49    -0.00003357     0.00006514
       50     0.00001564     0.00007570
       51     0.00004809     0.00003811
       52     0.00003099    -0.00000820
       53    -0.00001738    -0.00001608
       54    -0.00004761     0.00002157
       55    -0.00002944     0.00006593
       56     0.00001890     0.00007209
       57     0.00005028     0.00003312
       58     0.00003516    -0.00001467
       59    -0.00001095    -0.00002790
       60    -0.00004370     0.00000267
       61    -0.00002945     0.00004386
       62     0.00001756     0.00005056
       63     0.00005017     0.00001377
       64     0.00003884    -0.00003442
       65    -0.00000559    -0.00005220
       66    -0.00004258    -0.00002600
       67    -0.00003892     0.00001796
       68     0.00000187     0.00003800
       69     0.00004351     0.00001415
       70     0.00004961    -0.00003480
       71     0.00001538    -0.00006870
       72    -0.00002919    -0.00006121
       73    -0.00004586    -0.00002191
       74    -0.00002080     0.00001282
       75     0.00002449     0.00001120
       76     0.00005216    -0.00002769
       77     0.00003969    -0.00007406
       78    -0.00000222    -0.00009271
       79    -0.00003940    -0.00007160
       80    -0.00004232    -0.00003068
       81    -0.00001433    -0.00000335
       82     0.00002203    -0.00000693
       83     0.00004339    -0.00003876
       84     0.00003344    -0.00007596
       85     0.00000008    -0.00009201
       86    -0.00003137    -0.00007680
       87    -0.00003754    -0.00004372
       88    -0.00001433    -0.00001895
       89     0.00002075    -0.00002186
       90     0.00004202    -0.00005118
       91     0.00003436    -0.00008667
       92     0.00000351    -0.00010410
       93    -0.00002872    -0.00009245
       94    -0.00004013    -0.00006097
       95    -0.00002341    -0.00003214
       96     0.00000956    -0.00002588
       97     0.00003634    -0.00004635
       98     0.00003922    -0.00007982
       99     0.00001658    -0.00010436
      100    -0.00001679    -0.00010429
      101    -0.00004845    -0.00007740
      102    -0.00005879    -0.00003121
      103    -0.00003315     0.00000817
      104     0.00001206     0.00001710
      105     0.00004875    -0.00000878
      106     0.00005464    -0.00005248
      107     0.00002639    -0.00008658
      108    -0.00001896    -0.00008980
      109    -0.00005476    -0.00005938
      110    -0.00006062    -0.00001199
      111    -0.00003397     0.00002657
      112     0.00000903     0.00003649
      113     0.00004325     0.00001506
      114     0.00004897    -0.00002235
      115     0.00002251    -0.00005131
      116    -0.00002236    -0.00005185
      117    -0.00006261    -0.00001893
      118    -0.00007884     0.00003577
      119    -0.00006552     0.00009104
      120    -0.00003373     0.00012822
      121     0.00000683     0.00013861
      122     0.00003563     0.00012123
      123     0.00002712     0.00009592
      124    -0.00001932     0.00009115
      125    -0.00008717     0.00012894
      126    -0.00015189     0.00021556
      127    -0.00019284     0.00034043
      128    -0.00020064     0.00048227
      129    -0.00017365     0.00061677
      130    -0.00010912     0.00071879
      131    -0.00000614     0.00076141
      132     0.00011722     0.00072274
      133     0.00021905     0.00060266
      134     0.00025468     0.00043293
      135     0.00020471     0.00026867
      136     0.00008804     0.00016472
      137    -0.00004605     0.00015091
      138    -0.00014028     0.00021862
      139    -0.00015558     0.00032492
      140    -0.00008841     0.00041222
      141     0.00005483     0.00042795
      142     0.00020692     0.00033593
      143     0.00027184     0.00016784
      144     0.00022132    -0.00000483
      145     0.00007789    -0.00010920
      146    -0.00009586    -0.00010277
      147    -0.00022508     0.00000884
      148    -0.00025506     0.00017516
      149    -0.00017420     0.00032334
      150    -0.00001801     0.00038950
      151     0.00014685     0.00034547
      152     0.00025114     0.00020977
      153     0.00025194     0.00003888
      154     0.00014979    -0.00009702
      155    -0.00001267    -0.00014320
      156    -0.00016908    -0.00008222
      157    -0.00025678     0.00005999
      158    -0.00024181     0.00022567
      159    -0.00013158     0.00034912
      160     0.00002926     0.00038275
      161     0.00019175     0.00031194
      162     0.00029365     0.00015351
      163     0.00028260    -0.00003388
      164     0.00016381    -0.00017851
      165    -0.00001678    -0.00022597
      166    -0.00019081    -0.00015928
      167    -0.00029360    -0.00000430
      168    -0.00028806     0.00018099
      169    -0.00017754     0.00032861
      170    -0.00000356     0.00038574
      171     0.00017034     0.00033332
      172     0.00028204     0.00019192
      173     0.00029282     0.00001320
      174     0.00020029    -0.00013927
      175     0.00003798    -0.00021255
      176    -0.00013745    -0.00018221
      177    -0.00026636    -0.00005963
      178    -0.00030635     0.00011314
      179    -0.00024573     0.00027860
      180    -0.00010610     0.00038332
      181     0.00007640     0.00039310
      182     0.00024345     0.00029884
      183     0.00033249     0.00012992
      184     0.00031654    -0.00005950
      185     0.00020202    -0.00021007
      186     0.00002571    -0.00027585
      187    -0.00015750    -0.00023798
      188    -0.00029196    -0.00010954
      189    -0.00033802     0.00006945
      190    -0.00028331     0.00024496
      191    -0.00014540     0.00036535
      192     0.00003446     0.00039633
      193     0.00020407     0.00033022
      194     0.00031569     0.00018707
      195     0.00033923     0.00000788
      196     0.00026990    -0.00015764
      197     0.00012854    -0.00026514
      198    -0.00004527    -0.00028740
      199    -0.00020455    -0.00022085
      200    -0.00030763    -0.00008549
      201    -0.00032589     0.00008113
      202    -0.00025596     0.00023311
      203    -0.00011972     0.00033073
      204     0.00004782     0.00034939
      205     0.00020473     0.00028464
      206     0.00031280     0.00015261
      207     0.00034672    -0.00001470
      208     0.00029969    -0.00017772
      209     0.00018436    -0.00029903
      210     0.00002912    -0.00035215
      211    -0.00012911    -0.00032723
      212    -0.00025379    -0.00023277
      213    -0.00031698    -0.00009289
      214    -0.00030531     0.00005867
      215    -0.00022253     0.00018644
      216    -0.00008779     0.00026116
      217     0.00006900     0.00026580
      218     0.00021408     0.00019881
      219     0.00031718     0.00007377
      220     0.00035771    -0.00008410
      221     0.00032280    -0.00024282
      222     0.00022010    -0.00036848
      223     0.00007649    -0.00043673
      224    -0.00007861    -0.00043611
      225    -0.00021417    -0.00036915
      226    -0.00030368    -0.00025139
      227    -0.00033029    -0.00010796
      228    -0.00028968     0.00003164
      229    -0.00019045     0.00013926
      230    -0.00005222     0.00019345
      231     0.00009855     0.00018331
      232     0.00023362     0.00011011
      233     0.00032823    -0.00001321
      234     0.00036556    -0.00016483
      235     0.00033960    -0.00031825
      236     0.00025574    -0.00044719
      237     0.00012957    -0.00053024
      238    -0.00001615    -0.00055451
      239    -0.00015565    -0.00051764
      240    -0.00026480    -0.00042792
      241    -0.00033576    -0.00030102
      242    -0.00035712    -0.00015421
      243    -0.00031571    -0.00001206
      244    -0.00021920     0.00010064
      245    -0.00008437     0.00016445
      246     0.00006600     0.00016836
      247     0.00020629     0.00011148
      248     0.00031308     0.00000326
      249     0.00036864    -0.00013855
      250     0.00036387    -0.00029057
      251     0.00030006    -0.00042810
      252     0.00018769    -0.00052895
      253     0.00004625    -0.00057717
      254    -0.00010170    -0.00056576
      255    -0.00023346    -0.00049679
      256    -0.00032722    -0.00038152
      257    -0.00036829    -0.00023874
      258    -0.00034962    -0.00009142
      259    -0.00027432     0.00003643
      260    -0.00015574     0.00012450
      261    -0.00002078     0.00016007
      262     0.00010775     0.00014217
      263     0.00021801     0.00007553
      264     0.00029289    -0.00002907
      265     0.00031933    -0.00015440
      266     0.00029279    -0.00027977
      267     0.00021706    -0.00038423
      268     0.00010325    -0.00044999
      269    -0.00003050    -0.00046497
      270    -0.00016225    -0.00042557
      271    -0.00027036    -0.00033683
      272    -0.00033207    -0.00021284
      273    -0.00033775    -0.00007520
      274    -0.00029122     0.00005418
      275    -0.00020097     0.00015546
      276    -0.00008211     0.00021375
      277     0.00004624     0.00022101
      278     0.00016349     0.00017749
      279     0.00025003     0.00009157
      280     0.00029138    -0.00002100
      281     0.00027924    -0.00013999
      282     0.00021606    -0.00024329
      283     0.00011402    -0.00031235
      284    -0.00000929    -0.00033426
      285    -0.00013363    -0.00030446
      286    -0.00023873    -0.00022633
      287    -0.00030486    -0.00011196
      288    -0.00032100     0.00001994
      289    -0.00028513     0.00014794
      290    -0.00020260     0.00025120
      291    -0.00008660     0.00031255
      292     0.00004373     0.00032166
      293     0.00016212     0.00027742
      294     0.00024724     0.00018982
      295     0.00028829     0.00007498
      296     0.00027797    -0.00004679
      297     0.00021791    -0.00015367
      298     0.00011850    -0.00022641
      299    -0.00000273    -0.00025148
      300    -0.00012388    -0.00022399
      301    -0.00022283    -0.00014842
      302    -0.00028109    -0.00003833
      303    -0.00028786     0.00008631
      304    -0.00024143     0.00020258
      305    -0.00014987     0.00028878
      306    -0.00002976     0.00032847
      307     0.00009671     0.00031366
      308     0.00020593     0.00024648
      309     0.00027726     0.00013891
      310     0.00029704     0.00001071
      311     0.00026120    -0.00011424
      312     0.00017601    -0.00021238
      313     0.00005750    -0.00026491
      314    -0.00007143    -0.00026173
      315    -0.00018571    -0.00020348
      316    -0.00026284    -0.00010163
      317    -0.00028731     0.00002362
      318    -0.00025389     0.00014714
      319    -0.00016880     0.00024389
      320    -0.00004857     0.00029380
      321     0.00008292     0.00028594
      322     0.00019920     0.00022094
      323     0.00027667     0.00011099
      324     0.00029926    -0.00002244
      325     0.00026193    -0.00015278
      326     0.00017199    -0.00025380
      327     0.00004759    -0.00030502
      328    -0.00008571    -0.00029605
      329    -0.00020017    -0.00022894
      330    -0.00027174    -0.00011794
      331    -0.00028517     0.00001332
      332    -0.00023729     0.00013673
      333    -0.00013792     0.00022554
      334    -0.00000794     0.00026016
      335     0.00012503     0.00023239
      336     0.00023245     0.00014737
      337     0.00029104     0.00002263
      338     0.00028793    -0.00011558
      339     0.00022351    -0.00023785
      340     0.00011140    -0.00031803
      341    -0.00002304    -0.00033909
      342    -0.00015053    -0.00029735
      343    -0.00024440    -0.00020231
      344    -0.00028400    -0.00007499
      345    -0.00026051     0.00005637
      346    -0.00017893     0.00016251
      347    -0.00005715     0.00021961
      348     0.00007794     0.00021460
      349     0.00019641     0.00014818
      350     0.00027187     0.00003470
      351     0.00028739    -0.00010092
      352     0.00023939    -0.00022875
      353     0.00013840    -0.00032046
      354     0.00000682    -0.00035573
      355    -0.00012610    -0.00032674
      356    -0.00023072    -0.00024001
      357    -0.00028371    -0.00011497
      358    -0.00027327     0.00002042
      359    -0.00020179     0.00013589
      360    -0.00008526     0.00020565
      361     0.00005303     0.00021371
      362     0.00018232     0.00015656
      363     0.00027111     0.00004649
      364     0.00029965    -0.00009198
      365     0.00026168    -0.00022808
      366     0.00016571    -0.00033163
      367     0.00003313    -0.00037977
      368    -0.00010668    -0.00036198
      369    -0.00022285    -0.00028235
      370    -0.00028985    -0.00015858
      371    -0.00029310    -0.00001802
      372    -0.00023211     0.00010847
      373    -0.00012043     0.00019326
      374     0.00001732     0.00021803
      375     0.00015102     0.00017764
      376     0.00025164     0.00008119
      377     0.00029751    -0.00005016
      378     0.00027894    -0.00018783
      379     0.00020024    -0.00030208
      380     0.00007856    -0.00036844
      381    -0.00005591    -0.00037351
      382    -0.00017425    -0.00031894
      383    -0.00025517    -0.00021735
      384    -0.00028177    -0.00009060
      385    -0.00024878     0.00003435
      386    -0.00016351     0.00013123
      387    -0.00004410     0.00017991
      388     0.00008445     0.00017048
      389     0.00019549     0.00010517
      390     0.00026625    -0.00000230
      391     0.00028249    -0.00012971
      392     0.00024123    -0.00025102
      393     0.00015123    -0.00034171
      394     0.00003096    -0.00038371
      395    -0.00009520    -0.00036894
      396    -0.00020198    -0.00030076
      397    -0.00026831    -0.00019314
      398    -0.00028135    -0.00006767
      399    -0.00023895     0.00005081
      400    -0.00014988     0.00013914
      401    -0.00002527     0.00017933
      402     0.00011039     0.00016009
      403     0.00022403     0.00008478
      404     0.00029378    -0.00003147
      405     0.00030650    -0.00016584
      406     0.00026015    -0.00029231
      407     0.00016377    -0.00038666
      408     0.00003565    -0.00043095
      409    -0.00010029    -0.00041671
      410    -0.00021900    -0.00034635
      411    -0.00029882    -0.00023252
      412    -0.00032570    -0.00009561
      413    -0.00029542     0.00004020
      414    -0.00021410     0.00015129
      415    -0.00009721     0.00021894
      416     0.00003362     0.00023262
      417     0.00015450     0.00019172
      418     0.00024345     0.00010554
      419     0.00028460    -0.00000850
      420     0.00027064    -0.00012818
      421     0.00020468    -0.00023037
      422     0.00009690    -0.00029527
      423    -0.00003662    -0.00030850
      424    -0.00017293    -0.00026417
      425    -0.00028833    -0.00016640
      426    -0.00036372    -0.00002836
      427    -0.00038746     0.00013038
      428    -0.00035601     0.00028726
      429    -0.00027509     0.00042012
      430    -0.00015949     0.00051133
      431    -0.00002935     0.00055066
      432     0.00009258     0.00053687
      433     0.00018587     0.00047790
      434     0.00022796     0.00038999
      435     0.00021059     0.00029739
      436     0.00014455     0.00022244
      437     0.00004214     0.00018282
      438    -0.00007994     0.00019030
      439    -0.00020020     0.00024872
      440    -0.00029763     0.00035281
      441    -0.00038530     0.00049376
      442    -0.00044555     0.00066820
      443    -0.00043651     0.00085358
      444    -0.00035708     0.00102076
      445    -0.00020678     0.00114051
      446    -0.00000938     0.00118629
      447     0.00019688     0.00114698
      448     0.00038265     0.00102443
      449     0.00051535     0.00083364
      450     0.00057235     0.00060201
      451     0.00054687     0.00036305
      452     0.00044335     0.00015099
      453     0.00027961    -0.00000411
      454     0.00008453    -0.00008219
      455    -0.00010763    -0.00007647
      456    -0.00026174     0.00000475
      457    -0.00035048     0.00013934
      458    -0.00035812     0.00029570
      459    -0.00028285     0.00043776
      460    -0.00013877     0.00053181
      461     0.00004594     0.00055296
      462     0.00023635     0.00049034
      463     0.00039613     0.00034858
      464     0.00049244     0.00014819
      465     0.00050441    -0.00007788
      466     0.00042745    -0.00029032
      467     0.00027477    -0.00045118
      468     0.00007487    -0.00053157
      469    -0.00013294    -0.00051777
      470    -0.00030666    -0.00041489
      471    -0.00041059    -0.00024631
      472    -0.00042255    -0.00004946
      473    -0.00033931     0.00013155
      474    -0.00017793     0.00025517
      475     0.00002716     0.00029152
      476     0.00023089     0.00022936
      477     0.00038742     0.00007937
      478     0.00046032    -0.00012753
      479     0.00043122    -0.00034638
      480     0.00030467    -0.00052808
      481     0.00010464    -0.00062997
      482    -0.00012346    -0.00062525
      483    -0.00032306    -0.00051318
      484    -0.00044637    -0.00031909
      485    -0.00046284    -0.00008855
      486    -0.00036721     0.00012299
      487    -0.00018167     0.00026357
      488     0.00004882     0.00029773
      489     0.00026690     0.00021597
      490     0.00041702     0.00003803
      491     0.00045985    -0.00019122
      492     0.00038273    -0.00041258
      493     0.00020394    -0.00056749
      494    -0.00003109    -0.00061341
      495    -0.00026106    -0.00053569
      496    -0.00042461    -0.00035232
      497    -0.00047699    -0.00011009
      498    -0.00040268     0.00012729
      499    -0.00022056     0.00029616
      500     0.00002038     0.00035055
      501     0.00024916     0.00027632
      502     0.00040194     0.00009764
      503     0.00043995    -0.00013411
      504     0.00035142    -0.00035265
      505     0.00016050    -0.00049448
      506    -0.00007903    -0.00051721
      507    -0.00029866    -0.00041215
      508    -0.00043474    -0.00020751
      509    -0.00044712     0.00003920
      510    -0.00033134     0.00025750
      511    -0.00012049     0.00038444
      512     0.00012404     0.00038334
      513     0.00033033     0.00025496
      514     0.00043712     0.00003777
      515     0.00041227    -0.00020300
      516     0.00026267    -0.00039463
      517     0.00003260    -0.00047862
      518    -0.00020925    -0.00042845
      519    -0.00039027    -0.00025776
      520    -0.00045579    -0.00001663
      521    -0.00038659     0.00022354
      522    -0.00020314     0.00039180
      523     0.00004032     0.00043823
      524     0.00027042     0.00034944
      525     0.00041780     0.00015285
      526     0.00043808    -0.00009156
      527     0.00032531    -0.00030948
      528     0.00011371    -0.00043475
      529    -0.00013279    -0.00042935
      530    -0.00034003    -0.00029473
      531    -0.00044590    -0.00007117
      532    -0.00041896     0.00017455
      533    -0.00026763     0.00036934
      534    -0.00003737     0.00045573
      535     0.00020325     0.00040880
      536     0.00038312     0.00024328
      537     0.00044968     0.00000871
      538     0.00038417    -0.00022562
      539     0.00020665    -0.00039124
      540    -0.00003045    -0.00044050
      541    -0.00025786    -0.00036008
      542    -0.00041020    -0.00017427
      543    -0.00044459     0.00006280
      544    -0.00035208     0.00028310
      545    -0.00015985     0.00042423
      546     0.00007721     0.00044696
      547     0.00029248     0.00034577
      548     0.00042649     0.00014968
      549     0.00044315    -0.00008662
      550     0.00033919    -0.00029835
      551     0.00014424    -0.00042864
      552    -0.00008805    -0.00044368
      553    -0.00029507    -0.00034125
      554    -0.00042216    -0.00015038
      555    -0.00043684     0.00007714
      556    -0.00033669     0.00028104
      557    -0.00014901     0.00040846
      558     0.00007703     0.00042729
      559     0.00028370     0.00033372
      560     0.00041952     0.00015221
      561     0.00045143    -0.00007145
      562     0.00037308    -0.00028206
      563     0.00020551    -0.00042906
      564    -0.00000954    -0.00047854
      565    -0.00022007    -0.00042077
      566    -0.00037641    -0.00027160
      567    -0.00044290    -0.00006788
      568    -0.00040558     0.00014188
      569    -0.00027464     0.00030907
      570    -0.00008121     0.00039605
      571     0.00013042     0.00038414
      572     0.00031311     0.00027712
      573     0.00042741     0.00009948
      574     0.00044969    -0.00010965
      575     0.00037664    -0.00030549
      576     0.00022518    -0.00044724
      577     0.00002810    -0.00050652
      578    -0.00017332    -0.00047272
      579    -0.00033816    -0.00035442
      580    -0.00043399    -0.00017695
      581    -0.00044421     0.00002363
      582    -0.00036832     0.00020825
      583    -0.00022152     0.00034153
      584    -0.00003347     0.00039880
      585     0.00015908     0.00037068
      586     0.00031953     0.00026423
      587     0.00041815     0.00010103
      588     0.00043733    -0.00008723
      589     0.00037450    -0.00026499
      590     0.00024209    -0.00039933
      591     0.00006466    -0.00046589
      592    -0.00012588    -0.00045277
      593    -0.00029584    -0.00036235
      594    -0.00041591    -0.00021039
      595    -0.00046619    -0.00002287
      596    -0.00043904     0.00016874
      597    -0.00034009     0.00033296
      598    -0.00018690     0.00044357
      599    -0.00000605     0.00048383
      600     0.00017173     0.00044916
      601     0.00031860     0.00034721
      602     0.00041103     0.00019586
      603     0.00043313     0.00002122
      604     0.00038170    -0.00014695
      605     0.00026560    -0.00028026
      606     0.00010425    -0.00035630
      607    -0.00007559    -0.00036223
      608    -0.00024453    -0.00029676
      609    -0.00037569    -0.00017005
      610    -0.00044783    -0.00000193
      611    -0.00044935     0.00018103
      612    -0.00037990     0.00035007
      613    -0.00025053     0.00047849
      614    -0.00008227     0.00054625
      615     0.00010030     0.00054269
      616     0.00026870     0.00046751
      617     0.00039644     0.00033203
      618     0.00046347     0.00015660
      619     0.00045860    -0.00003163
      620     0.00038365    -0.00020375
      621     0.00026280    -0.00033517
      622     0.00011200    -0.00041216
      623    -0.00006068    -0.00042285
      624    -0.00022917    -0.00036339
      625    -0.00036243    -0.00024118
      626    -0.00043687    -0.00007594
      627    -0.00044433     0.00010663
      628    -0.00038257     0.00027853
      629    -0.00025766     0.00041213
      630    -0.00008985     0.00048476
      631     0.00009071     0.00048446
      632     0.00025551     0.00041158
      633     0.00037716     0.00027780
      634     0.00043257     0.00010595
      635     0.00041762    -0.00007470
      636     0.00033501    -0.00023559
      637     0.00019236    -0.00034881
      638     0.00001438    -0.00039335
      639    -0.00016715    -0.00036033
      640    -0.00031963    -0.00025457
      641    -0.00041585    -0.00009416
      642    -0.00043767     0.00009297
      643    -0.00037866     0.00027283
      644    -0.00024835     0.00041165
      645    -0.00007029     0.00048256
      646     0.00012218     0.00047096
      647     0.00029257     0.00037781
      648     0.00040793     0.00021966
      649     0.00044469     0.00002620
      650     0.00039466    -0.00016519
      651     0.00026677    -0.00031678
      652     0.00008547    -0.00039789
      653    -0.00011317    -0.00039144
      654    -0.00028864    -0.00029791
      655    -0.00040435    -0.00013583
      656    -0.00043527     0.00006152
      657    -0.00037370     0.00025260
      658    -0.00023158     0.00039627
      659    -0.00003839     0.00046068
      660     0.00016474     0.00043044
      661     0.00033212     0.00031062
      662     0.00042641     0.00012671
      663     0.00042676    -0.00008149
      664     0.00033137    -0.00026765
      665     0.00016045    -0.00038918
      666    -0.00004768    -0.00041718
      667    -0.00024477    -0.00034396
      668    -0.00038387    -0.00018565
      669    -0.00043061     0.00002068
      670    -0.00037214     0.00022525
      671    -0.00022120     0.00037735
      672    -0.00001391     0.00043798
      673     0.00019854     0.00039015
      674     0.00036218     0.00024400
      675     0.00043420     0.00003529
      676     0.00039453    -0.00018306
      677     0.00025186    -0.00035427
      678     0.00004240    -0.00043261
      679    -0.00017897    -0.00039605
      680    -0.00035288    -0.00025302
      681    -0.00043054    -0.00004101
      682    -0.00038831     0.00018207
      683    -0.00023595     0.00035330
      684    -0.00001454     0.00042251
      685     0.00021378     0.00036724
      686     0.00038303     0.00020048
      687     0.00044259    -0.00003167
      688     0.00037291    -0.00026237
      689     0.00019271    -0.00042330
      690    -0.00004533    -0.00046544
      691    -0.00026950    -0.00037474
      692    -0.00041047    -0.00017784
      693    -0.00042314     0.00006482
      694    -0.00030180     0.00027695
      695    -0.00008312     0.00039017
      696     0.00016403     0.00036631
      697     0.00035998     0.00021081
      698     0.00044020    -0.00002773
      699     0.00037690    -0.00027237
      700     0.00018935    -0.00044261
      701    -0.00005664    -0.00048217
      702    -0.00027853    -0.00038030
      703    -0.00040476    -0.00017173
      704    -0.00039095     0.00007230
      705    -0.00024029     0.00026677
      706    -0.00000384     0.00034236
      707     0.00023623     0.00027025
      708     0.00039484     0.00007352
      709     0.00041435    -0.00017974
      710     0.00028631    -0.00039983
      711     0.00005542    -0.00050753
      712    -0.00019552    -0.00046318
      713    -0.00037514    -0.00028210
      714    -0.00041714    -0.00002998
      715    -0.00030512     0.00020047
      716    -0.00007978     0.00032357
      717     0.00017536     0.00029290
      718     0.00036483     0.00011933
      719     0.00041701    -0.00013235
      720     0.00031136    -0.00036724
      721     0.00009007    -0.00049658
      722    -0.00016377    -0.00047284
      723    -0.00035749    -0.00030417
      724    -0.00041747    -0.00005312
      725    -0.00032089     0.00018624
      726    -0.00010469     0.00032422
      727     0.00014852     0.00030981
      728     0.00034177     0.00015038
      729     0.00040101    -0.00009104
      730     0.00030337    -0.00031996
      731     0.00008604    -0.00044656
      732    -0.00016815    -0.00042017
      733    -0.00036259    -0.00024848
      734    -0.00042377     0.00000571
      735    -0.00032905     0.00024871
      736    -0.00011485     0.00039164
      737     0.00013767     0.00038404
      738     0.00033368     0.00023236
      739     0.00040040    -0.00000317
      740     0.00031399    -0.00023178
      741     0.00010695    -0.00036624
      742    -0.00014350    -0.00035485
      743    -0.00034467    -0.00020056
      744    -0.00042385     0.00004152
      745    -0.00035354     0.00028539
      746    -0.00016019     0.00044582
      747     0.00008665     0.00046857
      748     0.00030007     0.00034875
      749     0.00040675     0.00013095
      750     0.00037181    -0.00010765
      751     0.00020963    -0.00028484
      752    -0.00002272    -0.00034147
      753    -0.00024615    -0.00026047
      754    -0.00038655    -0.00007105
      755    -0.00039912     0.00016269
      756    -0.00028161     0.00036392
      757    -0.00007341     0.00046822
      758     0.00015867     0.00044347
      759     0.00034245     0.00029856
      760     0.00042272     0.00007883
      761     0.00037767    -0.00014929
      762     0.00022336    -0.00031932
      763     0.00000715    -0.00038396
      764    -0.00020694    -0.00032812
      765    -0.00035770    -0.00017177
      766    -0.00040392     0.00003740
      767    -0.00033501     0.00023870
      768    -0.00017235     0.00037582
      769     0.00003828     0.00041185
      770     0.00023992     0.00033810
      771     0.00038025     0.00017494
      772     0.00042469    -0.00003507
      773     0.00036409    -0.00023910
      774     0.00021593    -0.00038780
      775     0.00001848    -0.00044731
      776    -0.00017970    -0.00040658
      777    -0.00033191    -0.00027867
      778    -0.00040403    -0.00009633
      779    -0.00038164     0.00009660
      780    -0.00027216     0.00025575
      781    -0.00010521     0.00034663
      782     0.00008097     0.00035245
      783     0.00024852     0.00027396
      784     0.00036200     0.00012949
      785     0.00039853    -0.00004926
      786     0.00035185    -0.00022447
      787     0.00023296    -0.00036012
      788     0.00006710    -0.00042929
      789    -0.00011182    -0.00041908
      790    -0.00026829    -0.00033263
      791    -0.00037217    -0.00018787
      792    -0.00040451    -0.00001341
      793    -0.00036049     0.00015740
      794    -0.00024980     0.00029285
      795    -0.00009439     0.00036878
      796     0.00007630     0.00037270
      797     0.00023070     0.00030560
      798     0.00034082     0.00018140
      799     0.00038768     0.00002391
      800     0.00036349    -0.00013774
      801     0.00027314    -0.00027420
      802     0.00013351    -0.00036109
      803    -0.00003080    -0.00038304
      804    -0.00019155    -0.00033592
      805    -0.00032134    -0.00022743
      806    -0.00039790    -0.00007562
      807    -0.00040858     0.00009417
      808    -0.00035371     0.00025421
      809    -0.00024353     0.00037935
      810    -0.00009624     0.00045035
      811     0.00007042     0.00045612
      812     0.00022881     0.00039356
      813     0.00034443     0.00027388
      814     0.00039777     0.00011919
      815     0.00038098    -0.00004297
      816     0.00029673    -0.00018405
      817     0.00016043    -0.00027910
      818    -0.00000775    -0.00031116
      819    -0.00018123    -0.00027202
      820    -0.00032917    -0.00016611
      821    -0.00042200    -0.00000967
      822    -0.00044249     0.00017015
      823    -0.00039209     0.00034381
      824    -0.00027903     0.00048362
      825    -0.00012049     0.00056695
      826     0.00004982     0.00058112
      827     0.00020429     0.00052801
      828     0.00032552     0.00041707
      829     0.00039233     0.00026646
      830     0.00039358     0.00010134
      831     0.00032963    -0.00005088
      832     0.00021130    -0.00016493
      833     0.00005824    -0.00022188
      834    -0.00010294    -0.00021229
      835    -0.00024321    -0.00013863
      836    -0.00033824    -0.00001471
      837    -0.00037141     0.00013691
      838    -0.00033611     0.00028849
      839    -0.00023755     0.00041177
      840    -0.00009284     0.00048301
      841     0.00007270     0.00048752
      842     0.00022983     0.00042217
      843     0.00035019     0.00029638
      844     0.00041180     0.00013056
      845     0.00040293    -0.00004730
      846     0.00032470    -0.00020661
      847     0.00019069    -0.00031979
      848     0.00002520    -0.00036724
      849    -0.00014113    -0.00034142
      850    -0.00027729    -0.00024837
      851    -0.00035732    -0.00010685
      852    -0.00036554     0.00005485
      853    -0.00029981     0.00020418
      854    -0.00017217     0.00031051
      855    -0.00000690     0.00035107
      856     0.00016401     0.00031564
      857     0.00030701     0.00020880
      858     0.00039350     0.00004930
      859     0.00040567    -0.00013325
      860     0.00034029    -0.00030418
      861     0.00021387    -0.00043124
      862     0.00005146    -0.00049237
      863    -0.00011833    -0.00047673
      864    -0.00026094    -0.00038835
      865    -0.00034688    -0.00024630
      866    -0.00035800    -0.00008099
      867    -0.00029144     0.00007185
      868    -0.00016068     0.00017865
      869     0.00000687     0.00021516
      870     0.00017561     0.00017189
      871     0.00030911     0.00005642
      872     0.00037792    -0.00010781
      873     0.00036632    -0.00028628
      874     0.00027594    -0.00044076
      875     0.00012583    -0.00053768
      876    -0.00005154    -0.00055562
      877    -0.00021713    -0.00049038
      878    -0.00033404    -0.00035623
      879    -0.00037585    -0.00018300
      880    -0.00033273    -0.00000966
      881    -0.00019895     0.00012203
      882    -0.00000468     0.00017212
      883     0.00019051     0.00012621
      884     0.00034132    -0.00000554
      885     0.00041206    -0.00019272
      886     0.00038523    -0.00039140
      887     0.00026610    -0.00055418
      888     0.00008182    -0.00064141
      889    -0.00012463    -0.00063077
      890    -0.00030442    -0.00052287
      891    -0.00041459    -0.00034153
      892    -0.00042840    -0.00012841
      893    -0.00034205     0.00006679
      894    -0.00017601     0.00019827
      895     0.00002965     0.00023539
      896     0.00022477     0.00017031
      897     0.00036134     0.00002033
      898     0.00040545    -0.00017619
      899     0.00034564    -0.00036904
      900     0.00019623    -0.00050844
      901     0.00000222    -0.00055895
      902    -0.00018926    -0.00051098
      903    -0.00033958    -0.00037464
      904    -0.00041080    -0.00018074
      905    -0.00038471     0.00002517
      906    -0.00026738     0.00019417
      907    -0.00008802     0.00028630
      908     0.00010820     0.00028079
      909     0.00027164     0.00018156
      910     0.00036079     0.00001631
      911     0.00035286    -0.00017034
      912     0.00024987    -0.00032817
      913     0.00007831    -0.00041426
      914    -0.00011751    -0.00040416
      915    -0.00028683    -0.00029829
      916    -0.00038557    -0.00012199
      917    -0.00038775     0.00008094
      918    -0.00029213     0.00025947
      919    -0.00012277     0.00036845
      920     0.00007711     0.00038041
      921     0.00025591     0.00029275
      922     0.00036719     0.00012873
      923     0.00038236    -0.00006859
      924     0.00029807    -0.00024771
      925     0.00013681    -0.00036218
      926    -0.00005900    -0.00038261
      927    -0.00023797    -0.00030435
      928    -0.00035305    -0.00014868
      929    -0.00037386     0.00004273
      930    -0.00029453     0.00021871
      931    -0.00013514     0.00033187
      932     0.00006353     0.00035090
      933     0.00025062     0.00026863
      934     0.00037833     0.00010381
      935     0.00041431    -0.00010380
      936     0.00034990    -0.00030376
      937     0.00020221    -0.00044800
      938     0.00000962    -0.00050309
      939    -0.00017825    -0.00045872
      940    -0.00031328    -0.00033015
      941    -0.00035400    -0.00015533
      942    -0.00029007     0.00001255
      943    -0.00014495     0.00012587
      944     0.00004440     0.00015228
      945     0.00023024     0.00008158
      946     0.00036603    -0.00007204
      947     0.00041807    -0.00027375
      948     0.00037379    -0.00047704
      949     0.00024455    -0.00063536
      950     0.00006256    -0.00071367
      951    -0.00012742    -0.00069680
      952    -0.00027924    -0.00059292
      953    -0.00035656    -0.00043108
      954    -0.00034152    -0.00025388
      955    -0.00023876    -0.00010694
      956    -0.00007393    -0.00002789
      957     0.00011287    -0.00003749
      958     0.00027664    -0.00013498
      959     0.00037849    -0.00029863
      960     0.00039458    -0.00049123
      961     0.00033729    -0.00067164
      962     0.00022001    -0.00080959
      963     0.00005366    -0.00087709
      964    -0.00012402    -0.00085979
      965    -0.00027341    -0.00076243
      966    -0.00036182    -0.00060738
      967    -0.00037087    -0.00042920
      968    -0.00030022    -0.00026663
      969    -0.00016710    -0.00015389
      970    -0.00000223    -0.00011333
      971     0.00015717    -0.00015074
      972     0.00027563    -0.00025447
      973     0.00032714    -0.00039835
      974     0.00030039    -0.00054764
      975     0.00020080    -0.00066656
      976     0.00004906    -0.00072588
      977    -0.00012350    -0.00070885
      978    -0.00028168    -0.00061449
      979    -0.00039399    -0.00045739
      980    -0.00043882    -0.00026430
      981    -0.00041277    -0.00006782
      982    -0.00032176     0.00010141
      983    -0.00018036     0.00021656
      984    -0.00001812     0.00026157
      985     0.00013171     0.00023492
      986     0.00023876     0.00014960
      987     0.00028146     0.00003034
      988     0.00025133    -0.00009149
      989     0.00015434    -0.00018419
      990     0.00000932    -0.00022192
      991    -0.00015572    -0.00018959
      992    -0.00030911    -0.00008564
      993    -0.00042180     0.00007788
      994    -0.00047274     0.00027773
      995    -0.00045278     0.00048411
      996    -0.00036624     0.00066630
      997    -0.00022993     0.00079848
      998    -0.00006988     0.00086448
      999     0.00008370     0.00086067
     1000     0.00020205     0.00079654
