#    Non-Adiabatic Coupling Matrix Eliments: off-diagonal
         0    -0.00004287    -0.00004927    -0.00001464
         1     0.00004415     0.00005589     0.00002076
         2     0.00004545     0.00006246     0.00005650
         3     0.00004677     0.00006894     0.00009335
         4     0.00004813     0.00007523     0.00013217
         5     0.00004956     0.00008130     0.00017392
         6     0.00005105     0.00008706     0.00021979
         7     0.00005263     0.00009246     0.00027118
         8     0.00005431     0.00009745     0.00032998
         9     0.00005612     0.00010195     0.00039864
        10     0.00005806     0.00010592     0.00048061
        11     0.00006017     0.00010932     0.00058070
        12     0.00006245     0.00011209     0.00070604
        13     0.00006494     0.00011422     0.00086748
        14     0.00006765     0.00011567     0.00108240
        15     0.00007063     0.00011645     0.00137996
        16     0.00007389     0.00011658     0.00181260
        17     0.00007746     0.00011615     0.00248222
        18     0.00008135     0.00011534     0.00360991
        19     0.00008547     0.00011457     0.00575032
        20     0.00008943     0.00011493     0.01062364
        21     0.00004041     0.00004287     0.00525872
        22     0.00004861     0.00004414     0.00749308
        23     0.00005761     0.00004718     0.01163966
        24     0.00006693     0.00005410     0.02044136
        25     0.00007346     0.00007030     0.04132928
        26     0.00006276     0.00010427     0.07391924
        27     0.00001573     0.00011980     0.05619524
        28    -0.00000647     0.00011289     0.02403643
        29    -0.00001277     0.00010930     0.01186855
        30    -0.00001352     0.00010900     0.00689234
        31    -0.00001190     0.00011098     0.00452086
        32    -0.00000908     0.00011473     0.00325909
        33    -0.00000553     0.00012008     0.00254120
        34    -0.00000151     0.00012708     0.00212208
        35     0.00000284     0.00013596     0.00188511
        36     0.00000743     0.00014715     0.00177135
        37     0.00001217     0.00016135     0.00175090
        38     0.00001696     0.00017953     0.00180975
        39     0.00002166     0.00020310     0.00194323
        40     0.00002598     0.00023395     0.00215049
        41     0.00001224     0.00011404     0.00106544
        42     0.00001322     0.00013091     0.00123008
        43     0.00001389     0.00015055     0.00140879
        44     0.00001419     0.00017323     0.00159820
        45     0.00001409     0.00019876     0.00179014
        46     0.00001378     0.00022620     0.00197012
        47     0.00001400     0.00025339     0.00211811
        48     0.00001631     0.00027701     0.00221462
        49     0.00002303     0.00029361     0.00225125
        50     0.00003638     0.00030153     0.00223764
        51     0.00005720     0.00030183     0.00219580
        52     0.00008458     0.00029743     0.00214666
        53     0.00011642     0.00029114     0.00210165
        54     0.00015025     0.00028458     0.00206313
        55     0.00018327     0.00027793     0.00202821
        56     0.00021218     0.00027033     0.00199220
        57     0.00023299     0.00026025     0.00195066
        58     0.00024182     0.00024567     0.00189938
        59     0.00007409     0.00015057     0.00185840
        60     0.00007075     0.00014862     0.00189285
        61     0.00003283     0.00007455     0.00091938
        62     0.00003262     0.00007972     0.00095585
        63     0.00003238     0.00008483     0.00099176
        64     0.00003211     0.00008988     0.00102710
        65     0.00003185     0.00009490     0.00106185
        66     0.00003161     0.00009992     0.00109596
        67     0.00003142     0.00010494     0.00112939
        68     0.00003129     0.00010999     0.00116209
        69     0.00003126     0.00011508     0.00119400
        70     0.00003134     0.00012024     0.00122506
        71     0.00003156     0.00012547     0.00125519
        72     0.00003195     0.00013079     0.00128434
        73     0.00003254     0.00013621     0.00131245
        74     0.00003333     0.00014175     0.00133944
        75     0.00003438     0.00014741     0.00136527
        76     0.00003568     0.00015321     0.00138990
        77     0.00003729     0.00015915     0.00141328
        78     0.00003920     0.00016524     0.00143538
        79     0.00004146     0.00017148     0.00145618
        80     0.00004407     0.00017787     0.00147567
        81     0.00002512     0.00010535     0.00085445
        82     0.00002570     0.00011106     0.00088110
        83     0.00002645     0.00011683     0.00090696
        84     0.00002739     0.00012266     0.00093202
        85     0.00002851     0.00012855     0.00095626
        86     0.00002984     0.00013450     0.00097967
        87     0.00003138     0.00014051     0.00100226
        88     0.00003314     0.00014659     0.00102401
        89     0.00003513     0.00015272     0.00104494
        90     0.00003735     0.00015891     0.00106505
        91     0.00003982     0.00016515     0.00108434
        92     0.00004253     0.00017143     0.00110284
        93     0.00004549     0.00017775     0.00112054
        94     0.00004871     0.00018409     0.00113748
        95     0.00005219     0.00019045     0.00115366
        96     0.00005592     0.00019682     0.00116910
        97     0.00005990     0.00020319     0.00118383
        98     0.00006415     0.00020952     0.00119786
        99     0.00006864     0.00021583     0.00121121
       100     0.00007337     0.00022210     0.00122385
       101     0.00004412     0.00013492     0.00073614
       102     0.00004533     0.00013966     0.00075461
       103     0.00004664     0.00014437     0.00077253
       104     0.00004803     0.00014904     0.00078991
       105     0.00004951     0.00015366     0.00080674
       106     0.00005106     0.00015823     0.00082304
       107     0.00005270     0.00016272     0.00083884
       108     0.00005439     0.00016716     0.00085406
       109     0.00005613     0.00017152     0.00086875
       110     0.00005792     0.00017580     0.00088289
       111     0.00005974     0.00017999     0.00089650
       112     0.00006160     0.00018408     0.00090958
       113     0.00006346     0.00018806     0.00092213
       114     0.00006533     0.00019193     0.00093415
       115     0.00006718     0.00019567     0.00094565
       116     0.00006901     0.00019929     0.00095663
       117     0.00007079     0.00020277     0.00096710
       118     0.00007252     0.00020611     0.00097705
       119     0.00007416     0.00020930     0.00098650
       120     0.00007570     0.00021234     0.00099544
       121     0.00004866     0.00014069     0.00066087
       122     0.00004782     0.00014275     0.00067192
       123     0.00004686     0.00014472     0.00068260
       124     0.00004578     0.00014660     0.00069290
       125     0.00004455     0.00014840     0.00070284
       126     0.00004318     0.00015010     0.00071242
       127     0.00004163     0.00015172     0.00072163
       128     0.00003992     0.00015326     0.00073048
       129     0.00003800     0.00015470     0.00073897
       130     0.00003588     0.00015607     0.00074710
       131     0.00003355     0.00015735     0.00075488
       132     0.00003098     0.00015856     0.00076230
       133     0.00002815     0.00015968     0.00076937
       134     0.00002505     0.00016075     0.00077607
       135     0.00002168     0.00016174     0.00078243
       136     0.00001801     0.00016267     0.00078844
       137     0.00001404     0.00016353     0.00079408
       138     0.00000974     0.00016434     0.00079936
       139     0.00000509     0.00016511     0.00080427
       140     0.00000012     0.00016581     0.00080884
       141    -0.00000482     0.00013319     0.00065330
       142    -0.00001002     0.00013346     0.00065803
       143    -0.00001550     0.00013370     0.00066245
       144    -0.00002128     0.00013393     0.00066657
       145    -0.00002734     0.00013414     0.00067036
       146    -0.00003371     0.00013434     0.00067383
       147    -0.00004038     0.00013453     0.00067698
       148    -0.00004735     0.00013473     0.00067979
       149    -0.00005462     0.00013493     0.00068226
       150    -0.00006220     0.00013514     0.00068440
       151    -0.00007007     0.00013537     0.00068619
       152    -0.00007823     0.00013561     0.00068763
       153    -0.00008666     0.00013587     0.00068872
       154    -0.00009537     0.00013616     0.00068945
       155    -0.00010434     0.00013648     0.00068983
       156    -0.00011354     0.00013684     0.00068985
       157    -0.00012295     0.00013723     0.00068951
       158    -0.00013256     0.00013765     0.00068881
       159    -0.00014234     0.00013813     0.00068776
       160    -0.00015225     0.00013864     0.00068635
       161    -0.00016012     0.00013737     0.00067586
       162    -0.00016999     0.00013793     0.00067380
       163    -0.00017988     0.00013852     0.00067140
       164    -0.00018973     0.00013915     0.00066866
       165    -0.00019950     0.00013983     0.00066559
       166    -0.00020913     0.00014054     0.00066218
       167    -0.00021858     0.00014129     0.00065845
       168    -0.00022777     0.00014206     0.00065440
       169    -0.00023665     0.00014286     0.00065002
       170    -0.00024515     0.00014368     0.00064532
       171    -0.00025320     0.00014451     0.00064031
       172    -0.00026073     0.00014534     0.00063499
       173    -0.00026766     0.00014617     0.00062936
       174    -0.00027393     0.00014699     0.00062342
       175    -0.00027944     0.00014778     0.00061718
       176    -0.00028413     0.00014853     0.00061063
       177    -0.00028791     0.00014925     0.00060379
       178    -0.00029071     0.00014991     0.00059664
       179    -0.00029245     0.00015051     0.00058919
       180    -0.00029304     0.00015103     0.00058145
       181    -0.00033673     0.00017341     0.00065429
       182    -0.00033819     0.00017464     0.00064566
       183    -0.00033823     0.00017579     0.00063666
       184    -0.00033674     0.00017684     0.00062732
       185    -0.00033364     0.00017778     0.00061763
       186    -0.00032882     0.00017859     0.00060759
       187    -0.00032222     0.00017928     0.00059720
       188    -0.00031375     0.00017982     0.00058646
       189    -0.00030334     0.00018022     0.00057538
       190    -0.00029093     0.00018046     0.00056396
       191    -0.00027647     0.00018054     0.00055220
       192    -0.00025991     0.00018045     0.00054011
       193    -0.00024122     0.00018019     0.00052769
       194    -0.00022038     0.00017974     0.00051495
       195    -0.00019740     0.00017911     0.00050189
       196    -0.00017226     0.00017830     0.00048851
       197    -0.00014501     0.00017730     0.00047483
       198    -0.00011566     0.00017610     0.00046084
       199    -0.00008427     0.00017472     0.00044655
       200    -0.00005091     0.00017315     0.00043198
       201    -0.00002016     0.00018575     0.00045214
       202     0.00001664     0.00018418     0.00043711
       203     0.00005528     0.00018241     0.00042178
       204     0.00009565     0.00018047     0.00040615
       205     0.00013761     0.00017834     0.00039024
       206     0.00018103     0.00017604     0.00037403
       207     0.00022573     0.00017358     0.00035755
       208     0.00027154     0.00017097     0.00034078
       209     0.00031827     0.00016821     0.00032373
       210     0.00036570     0.00016531     0.00030641
       211     0.00041362     0.00016230     0.00028881
       212     0.00046179     0.00015918     0.00027093
       213     0.00050995     0.00015597     0.00025277
       214     0.00055786     0.00015268     0.00023434
       215     0.00060525     0.00014933     0.00021561
       216     0.00065185     0.00014594     0.00019660
       217     0.00069738     0.00014252     0.00017730
       218     0.00074156     0.00013909     0.00015770
       219     0.00078411     0.00013566     0.00013779
       220     0.00082477     0.00013226     0.00011758
       221     0.00079331     0.00011769     0.00008708
       222     0.00082747     0.00011407     0.00006596
       223     0.00085915     0.00011051     0.00004453
       224     0.00088813     0.00010704     0.00002278
       225     0.00091421     0.00010366     0.00000071
       226     0.00093722     0.00010039    -0.00002169
       227     0.00095702     0.00009725    -0.00004442
       228     0.00097348     0.00009423    -0.00006749
       229     0.00098650     0.00009136    -0.00009091
       230     0.00099602     0.00008864    -0.00011468
       231     0.00100198     0.00008607    -0.00013881
       232     0.00100440     0.00008367    -0.00016330
       233     0.00100328     0.00008142    -0.00018815
       234     0.00099866     0.00007934    -0.00021337
       235     0.00099064     0.00007742    -0.00023895
       236     0.00097931     0.00007566    -0.00026491
       237     0.00096479     0.00007406    -0.00029124
       238     0.00094723     0.00007261    -0.00031793
       239     0.00092679     0.00007130    -0.00034499
       240     0.00090365     0.00007013    -0.00037242
       241     0.00076169     0.00005919    -0.00035218
       242     0.00073390     0.00005736    -0.00038013
       243     0.00070427     0.00005563    -0.00040840
       244     0.00067300     0.00005398    -0.00043695
       245     0.00064027     0.00005241    -0.00046579
       246     0.00060628     0.00005092    -0.00049490
       247     0.00057121     0.00004948    -0.00052427
       248     0.00053525     0.00004810    -0.00055387
       249     0.00049858     0.00004676    -0.00058371
       250     0.00046138     0.00004545    -0.00061375
       251     0.00042381     0.00004417    -0.00064397
       252     0.00038603     0.00004291    -0.00067437
       253     0.00034819     0.00004165    -0.00070491
       254     0.00031046     0.00004040    -0.00073557
       255     0.00027295     0.00003915    -0.00076632
       256     0.00023581     0.00003788    -0.00079715
       257     0.00019915     0.00003661    -0.00082802
       258     0.00016309     0.00003531    -0.00085890
       259     0.00012774     0.00003400    -0.00088976
       260     0.00009320     0.00003266    -0.00092058
       261     0.00004267     0.00002540    -0.00079893
       262     0.00000829     0.00002349    -0.00082879
       263    -0.00002517     0.00002158    -0.00085854
       264    -0.00005765     0.00001965    -0.00088814
       265    -0.00008906     0.00001772    -0.00091755
       266    -0.00011932     0.00001579    -0.00094675
       267    -0.00014837     0.00001387    -0.00097570
       268    -0.00017613     0.00001199    -0.00100437
       269    -0.00020254     0.00001014    -0.00103273
       270    -0.00022755     0.00000833    -0.00106074
       271    -0.00025108     0.00000659    -0.00108837
       272    -0.00027309     0.00000493    -0.00111560
       273    -0.00029351     0.00000336    -0.00114238
       274    -0.00031230     0.00000190    -0.00116869
       275    -0.00032941     0.00000056    -0.00119451
       276    -0.00034479    -0.00000064    -0.00121980
       277    -0.00035840    -0.00000168    -0.00124454
       278    -0.00037020    -0.00000255    -0.00126871
       279    -0.00038014    -0.00000323    -0.00129229
       280    -0.00038820    -0.00000371    -0.00131525
       281    -0.00029951    -0.00000282    -0.00100413
       282    -0.00030783    -0.00000270    -0.00102644
       283    -0.00031460    -0.00000239    -0.00104830
       284    -0.00031979    -0.00000188    -0.00106970
       285    -0.00032336    -0.00000115    -0.00109063
       286    -0.00032528    -0.00000021    -0.00111107
       287    -0.00032552     0.00000097    -0.00113104
       288    -0.00032407     0.00000237    -0.00115052
       289    -0.00032093     0.00000402    -0.00116952
       290    -0.00031605     0.00000590    -0.00118803
       291    -0.00030945     0.00000801    -0.00120607
       292    -0.00030113     0.00001035    -0.00122363
       293    -0.00029109     0.00001291    -0.00124073
       294    -0.00027934     0.00001568    -0.00125737
       295    -0.00026590     0.00001866    -0.00127357
       296    -0.00025075     0.00002183    -0.00128935
       297    -0.00023392     0.00002517    -0.00130472
       298    -0.00021542     0.00002869    -0.00131969
       299    -0.00019523     0.00003235    -0.00133429
       300    -0.00017334     0.00003617    -0.00134853
       301    -0.00009880     0.00002908    -0.00094709
       302    -0.00007654     0.00003334    -0.00096315
       303    -0.00005286     0.00003773    -0.00097905
       304    -0.00002775     0.00004225    -0.00099479
       305    -0.00000118     0.00004690    -0.00101040
       306     0.00002689     0.00005168    -0.00102588
       307     0.00005648     0.00005656    -0.00104125
       308     0.00008767     0.00006156    -0.00105653
       309     0.00012051     0.00006666    -0.00107173
       310     0.00015509     0.00007187    -0.00108687
       311     0.00019152     0.00007718    -0.00110196
       312     0.00022992     0.00008258    -0.00111702
       313     0.00027043     0.00008808    -0.00113206
       314     0.00031323     0.00009367    -0.00114709
       315     0.00035848     0.00009935    -0.00116214
       316     0.00040641     0.00010511    -0.00117723
       317     0.00045728     0.00011097    -0.00119237
       318     0.00051138     0.00011690    -0.00120757
       319     0.00056902     0.00012292    -0.00122287
       320     0.00063060     0.00012902    -0.00123828
       321     0.00044407     0.00008608    -0.00080476
       322     0.00048925     0.00009020    -0.00082345
       323     0.00053595     0.00009427    -0.00084235
       324     0.00058427     0.00009830    -0.00086149
       325     0.00063425     0.00010226    -0.00088088
       326     0.00068595     0.00010615    -0.00090055
       327     0.00073948     0.00010996    -0.00092054
       328     0.00079492     0.00011368    -0.00094086
       329     0.00085241     0.00011731    -0.00096155
       330     0.00091205     0.00012084    -0.00098262
       331     0.00097406     0.00012428    -0.00100413
       332     0.00103861     0.00012760    -0.00102608
       333     0.00110599     0.00013083    -0.00104852
       334     0.00117654     0.00013397    -0.00107147
       335     0.00125070     0.00013704    -0.00109496
       336     0.00132903     0.00014006    -0.00111902
       337     0.00141224     0.00014307    -0.00114367
       338     0.00150129     0.00014611    -0.00116893
       339     0.00159748     0.00014925    -0.00119481
       340     0.00170249     0.00015259    -0.00122133
       341     0.00097938     0.00008619    -0.00073653
       342     0.00097100     0.00008401    -0.00076770
       343     0.00095886     0.00008169    -0.00079937
       344     0.00094306     0.00007924    -0.00083150
       345     0.00092378     0.00007670    -0.00086408
       346     0.00090124     0.00007410    -0.00089706
       347     0.00087581     0.00007149    -0.00093039
       348     0.00084788     0.00006891    -0.00096402
       349     0.00081806     0.00006639    -0.00099789
       350     0.00078702     0.00006398    -0.00103193
       351     0.00075572     0.00006174    -0.00106608
       352     0.00072539     0.00005971    -0.00110024
       353     0.00069771     0.00005795    -0.00113434
       354     0.00067505     0.00005653    -0.00116831
       355     0.00066098     0.00005552    -0.00120206
       356     0.00066107     0.00005503    -0.00123551
       357     0.00068485     0.00005522    -0.00126859
       358     0.00074974     0.00005633    -0.00130121
       359     0.00089161     0.00005878    -0.00133330
       360     0.00119524     0.00006341    -0.00136477
       361     0.00039348     0.00003174    -0.00074791
       362     0.00007735     0.00002999    -0.00078689
       363    -0.00041666     0.00002705    -0.00082550
       364    -0.00134765     0.00002153    -0.00086363
       365    -0.00377956     0.00000929    -0.00090109
       366    -0.01703050    -0.00003116    -0.00093657
       367     0.38825867    -0.00085172    -0.00044631
       368     0.00987219    -0.00100096    -0.00011704
       369     0.00210266    -0.00104096    -0.00009344
       370     0.00064687    -0.00107781    -0.00008830
       371     0.00021293    -0.00111337    -0.00008809
       372     0.00007358    -0.00114794    -0.00008982
       373     0.00004771    -0.00118160    -0.00009249
       374     0.00007218    -0.00121436    -0.00009561
       375     0.00012194    -0.00124622    -0.00009895
       376     0.00018347    -0.00127717    -0.00010230
       377     0.00025216    -0.00130718    -0.00010562
       378     0.00032339    -0.00133625    -0.00010878
       379     0.00039512    -0.00136436    -0.00011172
       380     0.00046602    -0.00139150    -0.00011439
       381     0.00021814    -0.00069206    -0.00005567
       382     0.00022755    -0.00073021    -0.00005771
       383     0.00024543    -0.00076775    -0.00005977
       384     0.00027047    -0.00080467    -0.00006181
       385     0.00030134    -0.00084093    -0.00006379
       386     0.00033694    -0.00087650    -0.00006567
       387     0.00037623    -0.00091135    -0.00006740
       388     0.00041832    -0.00094546    -0.00006895
       389     0.00046235    -0.00097878    -0.00007028
       390     0.00050764    -0.00101131    -0.00007137
       391     0.00055352    -0.00104300    -0.00007219
       392     0.00059939    -0.00107383    -0.00007272
       393     0.00064473    -0.00110379    -0.00007297
       394     0.00068902    -0.00113284    -0.00007290
       395     0.00073198    -0.00116097    -0.00007255
       396     0.00077318    -0.00118817    -0.00007193
       397     0.00081235    -0.00121442    -0.00007106
       398     0.00084923    -0.00123973    -0.00006999
       399     0.00088359    -0.00126408    -0.00006876
       400     0.00091525    -0.00128750    -0.00006745
       401     0.00046261    -0.00060367    -0.00002951
       402     0.00051841    -0.00063749    -0.00002889
       403     0.00057194    -0.00067077    -0.00002798
       404     0.00062302    -0.00070349    -0.00002676
       405     0.00067153    -0.00073564    -0.00002524
       406     0.00071729    -0.00076720    -0.00002344
       407     0.00076021    -0.00079817    -0.00002138
       408     0.00080015    -0.00082854    -0.00001908
       409     0.00083707    -0.00085830    -0.00001659
       410     0.00087082    -0.00088747    -0.00001394
       411     0.00090143    -0.00091605    -0.00001121
       412     0.00092883    -0.00094406    -0.00000845
       413     0.00095303    -0.00097153    -0.00000576
       414     0.00097405    -0.00099847    -0.00000323
       415     0.00099192    -0.00102492    -0.00000100
       416     0.00100675    -0.00105094     0.00000081
       417     0.00101860    -0.00107656     0.00000202
       418     0.00102760    -0.00110186     0.00000243
       419     0.00103391    -0.00112691     0.00000180
       420     0.00103772    -0.00115177    -0.00000014
       421     0.00049103    -0.00052106     0.00000167
       422     0.00053873    -0.00055289     0.00000333
       423     0.00058362    -0.00058454     0.00000487
       424     0.00062557    -0.00061603     0.00000623
       425     0.00066452    -0.00064739     0.00000733
       426     0.00070039    -0.00067865     0.00000806
       427     0.00073317    -0.00070985     0.00000830
       428     0.00076285    -0.00074102     0.00000789
       429     0.00078943    -0.00077222     0.00000665
       430     0.00081298    -0.00080348     0.00000435
       431     0.00083354    -0.00083488     0.00000071
       432     0.00085126    -0.00086646    -0.00000464
       433     0.00086625    -0.00089828    -0.00001213
       434     0.00087871    -0.00093040    -0.00002229
       435     0.00088890    -0.00096288    -0.00003587
       436     0.00089709    -0.00099573    -0.00005377
       437     0.00090370    -0.00102895    -0.00007723
       438     0.00090922    -0.00106248    -0.00010793
       439     0.00091437    -0.00109611    -0.00014832
       440     0.00092018    -0.00112945    -0.00020195
       441     0.00041789    -0.00049735    -0.00009383
       442     0.00045697    -0.00053167    -0.00010824
       443     0.00049445    -0.00056582    -0.00012708
       444     0.00053049    -0.00059963    -0.00015193
       445     0.00056545    -0.00063274    -0.00018519
       446     0.00060025    -0.00066445    -0.00023066
       447     0.00063697    -0.00069338    -0.00029488
       448     0.00068093    -0.00071646    -0.00038989
       449     0.00074751    -0.00072615    -0.00054013
       450     0.00088921    -0.00070177    -0.00079740
       451     0.00129058    -0.00059411    -0.00122139
       452     0.00205445    -0.00045821    -0.00146371
       453     0.00241766    -0.00049980    -0.00126777
       454     0.00241700    -0.00060600    -0.00110509
       455     0.00229138    -0.00071785    -0.00103404
       456     0.00212629    -0.00082466    -0.00102256
       457     0.00196218    -0.00092175    -0.00104813
       458     0.00181719    -0.00100755    -0.00109671
       459     0.00169617    -0.00108268    -0.00115967
       460     0.00159790    -0.00114856    -0.00123193
       461     0.00067695    -0.00050094    -0.00052767
       462     0.00070749    -0.00054007    -0.00056126
       463     0.00073487    -0.00057935    -0.00059649
       464     0.00075944    -0.00061863    -0.00063343
       465     0.00078155    -0.00065777    -0.00067209
       466     0.00080151    -0.00069661    -0.00071250
       467     0.00081963    -0.00073501    -0.00075467
       468     0.00083617    -0.00077284    -0.00079858
       469     0.00085138    -0.00080995    -0.00084423
       470     0.00086547    -0.00084620    -0.00089158
       471     0.00087865    -0.00088145    -0.00094062
       472     0.00089108    -0.00091556    -0.00099130
       473     0.00090292    -0.00094838    -0.00104361
       474     0.00091430    -0.00097977    -0.00109750
       475     0.00092536    -0.00100957    -0.00115293
       476     0.00093618    -0.00103763    -0.00120989
       477     0.00094687    -0.00106380    -0.00126835
       478     0.00095749    -0.00108791    -0.00132830
       479     0.00096812    -0.00110982    -0.00138973
       480     0.00097881    -0.00112936    -0.00145267
       481     0.00042427    -0.00048944    -0.00062837
       482     0.00044980    -0.00051886    -0.00066674
       483     0.00047465    -0.00054744    -0.00070587
       484     0.00049881    -0.00057509    -0.00074582
       485     0.00052228    -0.00060172    -0.00078666
       486     0.00054509    -0.00062725    -0.00082842
       487     0.00056723    -0.00065160    -0.00087119
       488     0.00058871    -0.00067467    -0.00091502
       489     0.00060956    -0.00069637    -0.00096002
       490     0.00062977    -0.00071662    -0.00100626
       491     0.00064936    -0.00073533    -0.00105386
       492     0.00066834    -0.00075242    -0.00110294
       493     0.00068671    -0.00076780    -0.00115362
       494     0.00070448    -0.00078140    -0.00120608
       495     0.00072165    -0.00079314    -0.00126045
       496     0.00073823    -0.00080297    -0.00131695
       497     0.00075420    -0.00081081    -0.00137576
       498     0.00076957    -0.00081661    -0.00143712
       499     0.00078433    -0.00082033    -0.00150125
       500     0.00079847    -0.00082193    -0.00156843
       501     0.00036296    -0.00037071    -0.00071582
       502     0.00038188    -0.00038681    -0.00075751
       503     0.00040038    -0.00040199    -0.00080017
       504     0.00041846    -0.00041622    -0.00084392
       505     0.00043610    -0.00042944    -0.00088885
       506     0.00045329    -0.00044161    -0.00093511
       507     0.00047002    -0.00045270    -0.00098280
       508     0.00048628    -0.00046267    -0.00103207
       509     0.00050205    -0.00047148    -0.00108306
       510     0.00051734    -0.00047911    -0.00113591
       511     0.00053213    -0.00048552    -0.00119078
       512     0.00054642    -0.00049068    -0.00124784
       513     0.00056020    -0.00049457    -0.00130725
       514     0.00057347    -0.00049718    -0.00136919
       515     0.00058622    -0.00049848    -0.00143384
       516     0.00059845    -0.00049846    -0.00150138
       517     0.00061017    -0.00049710    -0.00157200
       518     0.00062135    -0.00049441    -0.00164589
       519     0.00063202    -0.00049039    -0.00172322
       520     0.00064215    -0.00048502    -0.00180418
       521     0.00032046    -0.00023875    -0.00090785
       522     0.00033307    -0.00024459    -0.00095281
       523     0.00034538    -0.00024979    -0.00099908
       524     0.00035738    -0.00025433    -0.00104680
       525     0.00036907    -0.00025820    -0.00109611
       526     0.00038043    -0.00026139    -0.00114713
       527     0.00039147    -0.00026389    -0.00120003
       528     0.00040217    -0.00026568    -0.00125495
       529     0.00041253    -0.00026674    -0.00131203
       530     0.00042256    -0.00026708    -0.00137144
       531     0.00043223    -0.00026669    -0.00143334
       532     0.00044155    -0.00026556    -0.00149786
       533     0.00045052    -0.00026368    -0.00156519
       534     0.00045913    -0.00026106    -0.00163543
       535     0.00046738    -0.00025769    -0.00170873
       536     0.00047526    -0.00025357    -0.00178520
       537     0.00048278    -0.00024872    -0.00186494
       538     0.00048992    -0.00024314    -0.00194800
       539     0.00049669    -0.00023683    -0.00203441
       540     0.00050308    -0.00022980    -0.00212413
       541     0.00028677    -0.00012798    -0.00122886
       542     0.00029407    -0.00012804    -0.00128011
       543     0.00030115    -0.00012773    -0.00133285
       544     0.00030798    -0.00012704    -0.00138713
       545     0.00031458    -0.00012598    -0.00144298
       546     0.00032093    -0.00012453    -0.00150042
       547     0.00032704    -0.00012271    -0.00155944
       548     0.00033289    -0.00012051    -0.00162002
       549     0.00033850    -0.00011794    -0.00168210
       550     0.00034384    -0.00011499    -0.00174562
       551     0.00034892    -0.00011167    -0.00181042
       552     0.00035373    -0.00010798    -0.00187638
       553     0.00035828    -0.00010394    -0.00194330
       554     0.00036255    -0.00009955    -0.00201095
       555     0.00036655    -0.00009483    -0.00207905
       556     0.00037025    -0.00008977    -0.00214723
       557     0.00037368    -0.00008439    -0.00221516
       558     0.00037682    -0.00007872    -0.00228240
       559     0.00037966    -0.00007277    -0.00234845
       560     0.00038220    -0.00006654    -0.00241285
       561     0.00025881    -0.00004232    -0.00165589
       562     0.00026153    -0.00003995    -0.00169556
       563     0.00026406    -0.00003743    -0.00173423
       564     0.00026638    -0.00003477    -0.00177172
       565     0.00026850    -0.00003198    -0.00180782
       566     0.00027042    -0.00002906    -0.00184234
       567     0.00027213    -0.00002603    -0.00187506
       568     0.00027364    -0.00002289    -0.00190578
       569     0.00027493    -0.00001965    -0.00193428
       570     0.00027602    -0.00001632    -0.00196038
       571     0.00027691    -0.00001292    -0.00198388
       572     0.00027758    -0.00000945    -0.00200458
       573     0.00027806    -0.00000592    -0.00202234
       574     0.00027832    -0.00000236    -0.00203700
       575     0.00027838     0.00000124    -0.00204844
       576     0.00027824     0.00000485    -0.00205656
       577     0.00027791     0.00000847    -0.00206129
       578     0.00027737     0.00001208    -0.00206259
       579     0.00027664     0.00001566    -0.00206045
       580     0.00027572     0.00001921    -0.00205487
       581     0.00023029     0.00001837    -0.00171611
       582     0.00022927     0.00002059    -0.00170715
       583     0.00022809     0.00002276    -0.00169602
       584     0.00022677     0.00002488    -0.00168278
       585     0.00022530     0.00002692    -0.00166751
       586     0.00022369     0.00002890    -0.00165030
       587     0.00022193     0.00003080    -0.00163127
       588     0.00022005     0.00003262    -0.00161048
       589     0.00021803     0.00003434    -0.00158811
       590     0.00021587     0.00003598    -0.00156424
       591     0.00021359     0.00003752    -0.00153898
       592     0.00021120     0.00003895    -0.00151246
       593     0.00020867     0.00004027    -0.00148481
       594     0.00020603     0.00004149    -0.00145615
       595     0.00020328     0.00004259    -0.00142657
       596     0.00020042     0.00004357    -0.00139621
       597     0.00019744     0.00004443    -0.00136518
       598     0.00019435     0.00004517    -0.00133356
       599     0.00019117     0.00004578    -0.00130146
       600     0.00018788     0.00004626    -0.00126896
       601     0.00020014     0.00005077    -0.00133972
       602     0.00019661     0.00005128    -0.00130436
       603     0.00019299     0.00005164    -0.00126876
       604     0.00018927     0.00005185    -0.00123302
       605     0.00018545     0.00005192    -0.00119721
       606     0.00018154     0.00005183    -0.00116140
       607     0.00017754     0.00005159    -0.00112564
       608     0.00017344     0.00005120    -0.00108997
       609     0.00016926     0.00005066    -0.00105443
       610     0.00016498     0.00004997    -0.00101905
       611     0.00016062     0.00004912    -0.00098386
       612     0.00015618     0.00004812    -0.00094887
       613     0.00015165     0.00004698    -0.00091408
       614     0.00014704     0.00004569    -0.00087950
       615     0.00014235     0.00004425    -0.00084512
       616     0.00013758     0.00004267    -0.00081095
       617     0.00013273     0.00004095    -0.00077696
       618     0.00012780     0.00003910    -0.00074314
       619     0.00012279     0.00003711    -0.00070948
       620     0.00011771     0.00003499    -0.00067593
       621     0.00016232     0.00004796    -0.00092208
       622     0.00015729     0.00004604    -0.00088389
       623     0.00015216     0.00004394    -0.00084581
       624     0.00014694     0.00004168    -0.00080783
       625     0.00014162     0.00003926    -0.00076995
       626     0.00013620     0.00003667    -0.00073214
       627     0.00013069     0.00003393    -0.00069438
       628     0.00012508     0.00003104    -0.00065667
       629     0.00011938     0.00002801    -0.00061899
       630     0.00011359     0.00002484    -0.00058131
       631     0.00010771     0.00002155    -0.00054360
       632     0.00010173     0.00001813    -0.00050584
       633     0.00009566     0.00001460    -0.00046802
       634     0.00008950     0.00001097    -0.00043010
       635     0.00008325     0.00000724    -0.00039205
       636     0.00007692     0.00000343    -0.00035386
       637     0.00007050    -0.00000045    -0.00031550
       638     0.00006399    -0.00000439    -0.00027695
       639     0.00005741    -0.00000838    -0.00023817
       640     0.00005074    -0.00001240    -0.00019916
       641     0.00008368    -0.00002650    -0.00031037
       642     0.00007731    -0.00003106    -0.00026739
       643     0.00007081    -0.00003563    -0.00022398
       644     0.00006418    -0.00004020    -0.00018014
       645     0.00005742    -0.00004477    -0.00013585
       646     0.00005054    -0.00004931    -0.00009113
       647     0.00004352    -0.00005381    -0.00004597
       648     0.00003638    -0.00005825    -0.00000037
       649     0.00002913    -0.00006264     0.00004565
       650     0.00002175    -0.00006693     0.00009209
       651     0.00001425    -0.00007113     0.00013895
       652     0.00000664    -0.00007522     0.00018619
       653    -0.00000107    -0.00007918     0.00023382
       654    -0.00000889    -0.00008299     0.00028180
       655    -0.00001681    -0.00008665     0.00033011
       656    -0.00002482    -0.00009013     0.00037873
       657    -0.00003291    -0.00009342     0.00042762
       658    -0.00004109    -0.00009652     0.00047676
       659    -0.00004934    -0.00009939     0.00052609
       660    -0.00005765    -0.00010204     0.00057559
       661    -0.00010607    -0.00017327     0.00102914
       662    -0.00011574    -0.00017526     0.00109473
       663    -0.00012549    -0.00017678     0.00116032
       664    -0.00013533    -0.00017783     0.00122572
       665    -0.00014522    -0.00017839     0.00129071
       666    -0.00015516    -0.00017846     0.00135508
       667    -0.00016512    -0.00017801     0.00141861
       668    -0.00017507    -0.00017704     0.00148107
       669    -0.00018501    -0.00017555     0.00154221
       670    -0.00019489    -0.00017353     0.00160180
       671    -0.00020469    -0.00017098     0.00165961
       672    -0.00021440    -0.00016789     0.00171540
       673    -0.00022397    -0.00016427     0.00176894
       674    -0.00023339    -0.00016013     0.00182004
       675    -0.00024262    -0.00015546     0.00186849
       676    -0.00025163    -0.00015027     0.00191411
       677    -0.00026039    -0.00014459     0.00195676
       678    -0.00026888    -0.00013842     0.00199631
       679    -0.00027707    -0.00013178     0.00203264
       680    -0.00028493    -0.00012468     0.00206567
       681    -0.00032854    -0.00013138     0.00235625
       682    -0.00033623    -0.00012209     0.00238535
       683    -0.00034345    -0.00011235     0.00241008
       684    -0.00035016    -0.00010221     0.00243045
       685    -0.00035635    -0.00009169     0.00244651
       686    -0.00036199    -0.00008085     0.00245832
       687    -0.00036706    -0.00006972     0.00246598
       688    -0.00037155    -0.00005835     0.00246964
       689    -0.00037544    -0.00004678     0.00246942
       690    -0.00037873    -0.00003506     0.00246549
       691    -0.00038141    -0.00002324     0.00245798
       692    -0.00038348    -0.00001135     0.00244708
       693    -0.00038494     0.00000054     0.00243294
       694    -0.00038579     0.00001240     0.00241575
       695    -0.00038604     0.00002418     0.00239562
       696    -0.00038570     0.00003583     0.00237277
       697    -0.00038478     0.00004733     0.00234732
       698    -0.00038329     0.00005861     0.00231941
       699    -0.00038125     0.00006965     0.00228919
       700    -0.00037868     0.00008040     0.00225679
       701    -0.00031463     0.00007579     0.00186260
       702    -0.00031164     0.00008395     0.00183354
       703    -0.00030826     0.00009182     0.00180335
       704    -0.00030451     0.00009938     0.00177209
       705    -0.00030040     0.00010660     0.00173980
       706    -0.00029595     0.00011347     0.00170654
       707    -0.00029117     0.00011997     0.00167233
       708    -0.00028608     0.00012609     0.00163723
       709    -0.00028070     0.00013181     0.00160129
       710    -0.00027504     0.00013713     0.00156453
       711    -0.00026912     0.00014203     0.00152701
       712    -0.00026296     0.00014651     0.00148877
       713    -0.00025657     0.00015056     0.00144985
       714    -0.00024997     0.00015417     0.00141029
       715    -0.00024318     0.00015734     0.00137015
       716    -0.00023621     0.00016007     0.00132948
       717    -0.00022908     0.00016236     0.00128831
       718    -0.00022181     0.00016420     0.00124674
       719    -0.00021440     0.00016561     0.00120478
       720    -0.00020688     0.00016659     0.00116250
       721    -0.00015608     0.00013150     0.00087879
       722    -0.00014914     0.00013147     0.00084203
       723    -0.00014213     0.00013113     0.00080527
       724    -0.00013507     0.00013048     0.00076855
       725    -0.00012796     0.00012953     0.00073187
       726    -0.00012081     0.00012829     0.00069527
       727    -0.00011364     0.00012677     0.00065876
       728    -0.00010645     0.00012498     0.00062237
       729    -0.00009926     0.00012292     0.00058612
       730    -0.00009207     0.00012062     0.00055003
       731    -0.00008490     0.00011809     0.00051413
       732    -0.00007776     0.00011532     0.00047842
       733    -0.00007065     0.00011235     0.00044294
       734    -0.00006358     0.00010917     0.00040771
       735    -0.00005657     0.00010582     0.00037274
       736    -0.00004963     0.00010229     0.00033805
       737    -0.00004276     0.00009860     0.00030367
       738    -0.00003597     0.00009476     0.00026960
       739    -0.00002927     0.00009079     0.00023586
       740    -0.00002267     0.00008670     0.00020248
       741    -0.00001243     0.00006854     0.00013702
       742    -0.00000604     0.00006465     0.00010543
       743     0.00000025     0.00006069     0.00007416
       744     0.00000644     0.00005668     0.00004322
       745     0.00001251     0.00005263     0.00001258
       746     0.00001847     0.00004854    -0.00001774
       747     0.00002431     0.00004443    -0.00004777
       748     0.00003002     0.00004031    -0.00007751
       749     0.00003561     0.00003619    -0.00010697
       750     0.00004106     0.00003207    -0.00013618
       751     0.00004637     0.00002797    -0.00016513
       752     0.00005155     0.00002389    -0.00019385
       753     0.00005659     0.00001985    -0.00022235
       754     0.00006148     0.00001584    -0.00025064
       755     0.00006623     0.00001188    -0.00027876
       756     0.00007083     0.00000797    -0.00030671
       757     0.00007530     0.00000412    -0.00033450
       758     0.00007962     0.00000033    -0.00036218
       759     0.00008379    -0.00000339    -0.00038975
       760     0.00008783    -0.00000704    -0.00041725
       761     0.00008595    -0.00001010    -0.00041598
       762     0.00008988    -0.00001357    -0.00044296
       763     0.00009369    -0.00001695    -0.00046997
       764     0.00009739    -0.00002025    -0.00049704
       765     0.00010097    -0.00002347    -0.00052420
       766     0.00010444    -0.00002660    -0.00055149
       767     0.00010780    -0.00002964    -0.00057896
       768     0.00011106    -0.00003259    -0.00060662
       769     0.00011423    -0.00003544    -0.00063452
       770     0.00011731    -0.00003819    -0.00066271
       771     0.00012032    -0.00004085    -0.00069120
       772     0.00012324    -0.00004340    -0.00072006
       773     0.00012610    -0.00004585    -0.00074930
       774     0.00012891    -0.00004819    -0.00077898
       775     0.00013166    -0.00005043    -0.00080913
       776     0.00013436    -0.00005255    -0.00083978
       777     0.00013702    -0.00005456    -0.00087098
       778     0.00013966    -0.00005646    -0.00090275
       779     0.00014227    -0.00005824    -0.00093512
       780     0.00014487    -0.00005990    -0.00096813
       781     0.00014900    -0.00006205    -0.00101248
       782     0.00015156    -0.00006343    -0.00104712
       783     0.00015413    -0.00006467    -0.00108245
       784     0.00015670    -0.00006578    -0.00111849
       785     0.00015928    -0.00006675    -0.00115524
       786     0.00016188    -0.00006757    -0.00119269
       787     0.00016449    -0.00006824    -0.00123082
       788     0.00016712    -0.00006876    -0.00126961
       789     0.00016977    -0.00006912    -0.00130902
       790     0.00017244    -0.00006931    -0.00134900
       791     0.00017514    -0.00006933    -0.00138948
       792     0.00017784    -0.00006918    -0.00143039
       793     0.00018057    -0.00006886    -0.00147163
       794     0.00018330    -0.00006834    -0.00151306
       795     0.00018604    -0.00006764    -0.00155457
       796     0.00018878    -0.00006675    -0.00159600
       797     0.00019151    -0.00006567    -0.00163718
       798     0.00019423    -0.00006439    -0.00167790
       799     0.00019692    -0.00006291    -0.00171794
       800     0.00019957    -0.00006123    -0.00175708
       801     0.00021380    -0.00006251    -0.00189870
       802     0.00021655    -0.00006006    -0.00193815
       803     0.00021922    -0.00005739    -0.00197568
       804     0.00022179    -0.00005451    -0.00201092
       805     0.00022426    -0.00005142    -0.00204353
       806     0.00022659    -0.00004814    -0.00207316
       807     0.00022879    -0.00004466    -0.00209945
       808     0.00023082    -0.00004100    -0.00212209
       809     0.00023267    -0.00003718    -0.00214074
       810     0.00023432    -0.00003320    -0.00215511
       811     0.00023576    -0.00002908    -0.00216495
       812     0.00023698    -0.00002483    -0.00217003
       813     0.00023795    -0.00002049    -0.00217018
       814     0.00023867    -0.00001606    -0.00216527
       815     0.00023912    -0.00001156    -0.00215524
       816     0.00023929    -0.00000702    -0.00214005
       817     0.00023918    -0.00000246    -0.00211976
       818     0.00023877     0.00000210    -0.00209446
       819     0.00023807     0.00000664    -0.00206432
       820     0.00023705     0.00001113    -0.00202949
       821     0.00026699     0.00001826    -0.00225051
       822     0.00026569     0.00002384    -0.00220211
       823     0.00026403     0.00002931    -0.00214898
       824     0.00026200     0.00003462    -0.00209158
       825     0.00025960     0.00003975    -0.00203043
       826     0.00025686     0.00004469    -0.00196603
       827     0.00025376     0.00004940    -0.00189890
       828     0.00025033     0.00005387    -0.00182954
       829     0.00024657     0.00005808    -0.00175845
       830     0.00024250     0.00006201    -0.00168610
       831     0.00023813     0.00006565    -0.00161293
       832     0.00023346     0.00006899    -0.00153934
       833     0.00022852     0.00007201    -0.00146572
       834     0.00022332     0.00007472    -0.00139238
       835     0.00021786     0.00007711    -0.00131964
       836     0.00021217     0.00007917    -0.00124775
       837     0.00020625     0.00008090    -0.00117692
       838     0.00020012     0.00008230    -0.00110736
       839     0.00019379     0.00008337    -0.00103920
       840     0.00018727     0.00008412    -0.00097256
       841     0.00022203     0.00010410    -0.00111088
       842     0.00021521     0.00010509    -0.00103677
       843     0.00020820     0.00010570    -0.00096512
       844     0.00020101     0.00010591    -0.00089598
       845     0.00019364     0.00010574    -0.00082936
       846     0.00018612     0.00010520    -0.00076526
       847     0.00017844     0.00010430    -0.00070362
       848     0.00017061     0.00010305    -0.00064440
       849     0.00016265     0.00010146    -0.00058754
       850     0.00015456     0.00009955    -0.00053296
       851     0.00014635     0.00009732    -0.00048056
       852     0.00013803     0.00009479    -0.00043025
       853     0.00012960     0.00009198    -0.00038192
       854     0.00012106     0.00008890    -0.00033548
       855     0.00011244     0.00008555    -0.00029080
       856     0.00010372     0.00008197    -0.00024779
       857     0.00009493     0.00007817    -0.00020633
       858     0.00008605     0.00007415    -0.00016631
       859     0.00007711     0.00006994    -0.00012762
       860     0.00006810     0.00006555    -0.00009015
       861     0.00006944     0.00007073    -0.00006607
       862     0.00006042     0.00006582    -0.00002957
       863     0.00005134     0.00006076     0.00000578
       864     0.00004222     0.00005557     0.00004012
       865     0.00003306     0.00005025     0.00007353
       866     0.00002386     0.00004483     0.00010612
       867     0.00001463     0.00003933     0.00013796
       868     0.00000538     0.00003375     0.00016916
       869    -0.00000388     0.00002812     0.00019980
       870    -0.00001314     0.00002246     0.00022995
       871    -0.00002241     0.00001677     0.00025969
       872    -0.00003166     0.00001109     0.00028909
       873    -0.00004090     0.00000542     0.00031823
       874    -0.00005010    -0.00000022     0.00034716
       875    -0.00005927    -0.00000580     0.00037595
       876    -0.00006839    -0.00001133     0.00040465
       877    -0.00007745    -0.00001677     0.00043332
       878    -0.00008644    -0.00002211     0.00046200
       879    -0.00009536    -0.00002733     0.00049073
       880    -0.00010418    -0.00003243     0.00051957
       881    -0.00010279    -0.00003418     0.00049738
       882    -0.00011150    -0.00003896     0.00052629
       883    -0.00012010    -0.00004358     0.00055539
       884    -0.00012857    -0.00004802     0.00058473
       885    -0.00013691    -0.00005227     0.00061433
       886    -0.00014510    -0.00005631     0.00064422
       887    -0.00015313    -0.00006014     0.00067443
       888    -0.00016100    -0.00006373     0.00070497
       889    -0.00016869    -0.00006709     0.00073586
       890    -0.00017619    -0.00007020     0.00076712
       891    -0.00018349    -0.00007305     0.00079874
       892    -0.00019060    -0.00007562     0.00083075
       893    -0.00019749    -0.00007794     0.00086315
       894    -0.00020416    -0.00007996     0.00089592
       895    -0.00021060    -0.00008171     0.00092908
       896    -0.00021681    -0.00008317     0.00096261
       897    -0.00022278    -0.00008433     0.00099650
       898    -0.00022849    -0.00008521     0.00103074
       899    -0.00023396    -0.00008579     0.00106532
       900    -0.00023918    -0.00008609     0.00110019
       901    -0.00020519    -0.00007284     0.00095040
       902    -0.00021033    -0.00007350     0.00098191
       903    -0.00021523    -0.00007391     0.00101371
       904    -0.00021991    -0.00007406     0.00104583
       905    -0.00022436    -0.00007397     0.00107825
       906    -0.00022857    -0.00007361     0.00111097
       907    -0.00023256    -0.00007301     0.00114396
       908    -0.00023631    -0.00007217     0.00117724
       909    -0.00023984    -0.00007107     0.00121076
       910    -0.00024313    -0.00006975     0.00124452
       911    -0.00024619    -0.00006818     0.00127849
       912    -0.00024904    -0.00006639     0.00131263
       913    -0.00025166    -0.00006437     0.00134691
       914    -0.00025405    -0.00006214     0.00138130
       915    -0.00025624    -0.00005970     0.00141574
       916    -0.00025820    -0.00005706     0.00145018
       917    -0.00025996    -0.00005423     0.00148458
       918    -0.00026151    -0.00005122     0.00151887
       919    -0.00026285    -0.00004803     0.00155298
       920    -0.00026399    -0.00004468     0.00158684
       921    -0.00023962    -0.00003761     0.00146255
       922    -0.00024070    -0.00003474     0.00149202
       923    -0.00024159    -0.00003174     0.00152126
       924    -0.00024232    -0.00002862     0.00155019
       925    -0.00024289    -0.00002539     0.00157877
       926    -0.00024328    -0.00002206     0.00160693
       927    -0.00024351    -0.00001864     0.00163459
       928    -0.00024358    -0.00001514     0.00166169
       929    -0.00024349    -0.00001157     0.00168815
       930    -0.00024324    -0.00000793     0.00171387
       931    -0.00024284    -0.00000425     0.00173877
       932    -0.00024227    -0.00000052     0.00176277
       933    -0.00024155     0.00000323     0.00178576
       934    -0.00024068     0.00000700     0.00180764
       935    -0.00023965     0.00001077     0.00182831
       936    -0.00023846     0.00001454     0.00184765
       937    -0.00023713     0.00001830     0.00186556
       938    -0.00023565     0.00002202     0.00188193
       939    -0.00023401     0.00002571     0.00189664
       940    -0.00023223     0.00002934     0.00190958
       941    -0.00024282     0.00003492     0.00202573
       942    -0.00024062     0.00003883     0.00203571
       943    -0.00023827     0.00004264     0.00204325
       944    -0.00023576     0.00004635     0.00204821
       945    -0.00023311     0.00004993     0.00205050
       946    -0.00023031     0.00005338     0.00204999
       947    -0.00022736     0.00005669     0.00204662
       948    -0.00022428     0.00005985     0.00204030
       949    -0.00022106     0.00006284     0.00203096
       950    -0.00021772     0.00006565     0.00201858
       951    -0.00021424     0.00006828     0.00200310
       952    -0.00021065     0.00007070     0.00198452
       953    -0.00020695     0.00007293     0.00196283
       954    -0.00020313     0.00007494     0.00193806
       955    -0.00019922     0.00007673     0.00191025
       956    -0.00019520     0.00007828     0.00187945
       957    -0.00019110     0.00007961     0.00184573
       958    -0.00018691     0.00008069     0.00180916
       959    -0.00018264     0.00008153     0.00176986
       960    -0.00017830     0.00008213     0.00172794
       961    -0.00020097     0.00009597     0.00194263
       962    -0.00019634     0.00009698     0.00189041
       963    -0.00019164     0.00009768     0.00183530
       964    -0.00018687     0.00009807     0.00177756
       965    -0.00018205     0.00009815     0.00171742
       966    -0.00017716     0.00009792     0.00165520
       967    -0.00017223     0.00009737     0.00159110
       968    -0.00016726     0.00009651     0.00152541
       969    -0.00016226     0.00009534     0.00145836
       970    -0.00015721     0.00009386     0.00139025
       971    -0.00015215     0.00009208     0.00132125
       972    -0.00014705     0.00008999     0.00125163
       973    -0.00014193     0.00008761     0.00118155
       974    -0.00013678     0.00008494     0.00111125
       975    -0.00013162     0.00008199     0.00104087
       976    -0.00012644     0.00007876     0.00097057
       977    -0.00012122     0.00007527     0.00090052
       978    -0.00011599     0.00007153     0.00083081
       979    -0.00011073     0.00006754     0.00076157
       980    -0.00010544     0.00006331     0.00069288
       981    -0.00011440     0.00006766     0.00071304
       982    -0.00010929     0.00006335     0.00064190
       983    -0.00010414     0.00005881     0.00057171
       984    -0.00009896     0.00005405     0.00050252
       985    -0.00009372     0.00004909     0.00043440
       986    -0.00008844     0.00004393     0.00036735
       987    -0.00008309     0.00003860     0.00030142
       988    -0.00007768     0.00003311     0.00023662
       989    -0.00007221     0.00002747     0.00017294
       990    -0.00006665     0.00002170     0.00011039
       991    -0.00006102     0.00001582     0.00004898
       992    -0.00005530     0.00000983    -0.00001132
       993    -0.00004949     0.00000377    -0.00007053
       994    -0.00004359    -0.00000235    -0.00012864
       995    -0.00003758    -0.00000852    -0.00018569
       996    -0.00003146    -0.00001472    -0.00024168
       997    -0.00002523    -0.00002092    -0.00029664
       998    -0.00001889    -0.00002712    -0.00035057
       999    -0.00001243    -0.00003329    -0.00040351
      1000    -0.00000585    -0.00003941    -0.00045546
