#    Step        Prob(0)        Prob(1)        Prob(2)        
        0     0.00000000     0.00000000     0.00000000
        1     0.00000004     0.00000000     0.00000000
        2     0.00000010     0.00000012     0.00000000
        3     0.00000000     0.00000056     0.00000000
        4     0.00000000     0.00000149     0.00000000
        5     0.00000016     0.00000309     0.00000000
        6     0.00000000     0.00000556     0.00000000
        7     0.00000000     0.00000912     0.00000000
        8     0.00000020     0.00001412     0.00000000
        9     0.00000000     0.00002108     0.00000000
       10     0.00000000     0.00003095     0.00000000
       11     0.00000018     0.00004534     0.00000000
       12     0.00000007     0.00006718     0.00000000
       13     0.00000000     0.00010179     0.00000000
       14     0.00000008     0.00015944     0.00000000
       15     0.00000020     0.00026081     0.00000000
       16     0.00000000     0.00045080     0.00000000
       17     0.00000000     0.00083652     0.00000000
       18     0.00000023     0.00170882     0.00000000
       19     0.00000001     0.00401662     0.00000000
       20     0.00000000     0.01185252     0.00000000
       21     0.00000000     0.00801728     0.00000000
       22     0.00000004     0.01387569     0.00000000
       23     0.00000002     0.02749184     0.00000000
       24     0.00000000     0.06664431     0.00000000
       25     0.00000001     0.21321992     0.00000000
       26     0.00000018     0.72207376     0.00000000
       27     0.00000000     0.00000000     0.00000000
       28     0.00000000     0.00000000     0.00000000
       29     0.00000001     0.00000000     0.00000000
       30     0.00000002     0.00000000     0.00000000
       31     0.00000000     0.00000000     0.00000000
       32     0.00000000     0.00000000     0.00000000
       33     0.00000000     0.00000000     0.00000000
       34     0.00000000     0.00000000     0.00000000
       35     0.00000000     0.00000000     0.00012455
       36     0.00000000     0.00000000     0.00048778
       37     0.00000000     0.00000000     0.00086000
       38     0.00000000     0.00000000     0.00129292
       39     0.00000000     0.00000000     0.00183411
       40     0.00000001     0.00000000     0.00252896
       41     0.00000000     0.00000000     0.00145536
       42     0.00000000     0.00000000     0.00184690
       43     0.00000001     0.00000000     0.00226693
       44     0.00000003     0.00000000     0.00268806
       45     0.00000000     0.00000000     0.00306475
       46     0.00000000     0.00000000     0.00333115
       47     0.00000002     0.00000000     0.00340859
       48     0.00000006     0.00000000     0.00322970
       49     0.00000005     0.00000000     0.00277153
       50     0.00000002     0.00000000     0.00207040
       51     0.00000012     0.00000000     0.00119946
       52     0.00000040     0.00000000     0.00023472
       53     0.00000053     0.00000000     0.00000000
       54     0.00000030     0.00000000     0.00000000
       55     0.00000016     0.00000000     0.00000000
       56     0.00000051     0.00000000     0.00000000
       57     0.00000080     0.00000000     0.00000000
       58     0.00000033     0.00000000     0.00000000
       59     0.00000000     0.00000000     0.00000000
       60     0.00000000     0.00000000     0.00000000
       61     0.00000000     0.00000000     0.00000000
       62     0.00000021     0.00000000     0.00000000
       63     0.00000013     0.00000000     0.00000328
       64     0.00000000     0.00000000     0.00060009
       65     0.00000000     0.00000000     0.00117365
       66     0.00000000     0.00000000     0.00165234
       67     0.00000021     0.00000000     0.00196929
       68     0.00000017     0.00000000     0.00207138
       69     0.00000000     0.00000000     0.00192762
       70     0.00000000     0.00000000     0.00153618
       71     0.00000000     0.00000000     0.00092818
       72     0.00000020     0.00000000     0.00016738
       73     0.00000025     0.00000000     0.00000000
       74     0.00000003     0.00000000     0.00000000
       75     0.00000000     0.00000000     0.00000000
       76     0.00000000     0.00000000     0.00000000
       77     0.00000007     0.00000000     0.00000000
       78     0.00000027     0.00000000     0.00000000
       79     0.00000017     0.00000000     0.00000000
       80     0.00000000     0.00000000     0.00000000
       81     0.00000000     0.00000000     0.00015001
       82     0.00000000     0.00000000     0.00069930
       83     0.00000007     0.00000000     0.00117916
       84     0.00000022     0.00000000     0.00150647
       85     0.00000015     0.00000000     0.00161510
       86     0.00000000     0.00000000     0.00146918
       87     0.00000000     0.00000000     0.00107311
       88     0.00000000     0.00000000     0.00047570
       89     0.00000011     0.00000000     0.00000000
       90     0.00000033     0.00000000     0.00000000
       91     0.00000029     0.00000000     0.00000000
       92     0.00000000     0.00000000     0.00000000
       93     0.00000000     0.00000000     0.00000000
       94     0.00000000     0.00000000     0.00000000
       95     0.00000000     0.00000000     0.00000000
       96     0.00000025     0.00000000     0.00000000
       97     0.00000044     0.00000000     0.00080993
       98     0.00000027     0.00000000     0.00154037
       99     0.00000000     0.00000000     0.00198181
      100     0.00000000     0.00000000     0.00202268
      101     0.00000000     0.00000000     0.00096177
      102     0.00000000     0.00000000     0.00050097
      103     0.00000018     0.00000000     0.00000000
      104     0.00000040     0.00000000     0.00000000
      105     0.00000037     0.00000000     0.00000000
      106     0.00000011     0.00000000     0.00000000
      107     0.00000000     0.00000000     0.00000000
      108     0.00000000     0.00000000     0.00000000
      109     0.00000000     0.00000000     0.00000000
      110     0.00000000     0.00000000     0.00050293
      111     0.00000027     0.00000000     0.00114378
      112     0.00000048     0.00000000     0.00151899
      113     0.00000042     0.00000000     0.00151481
      114     0.00000014     0.00000000     0.00111026
      115     0.00000000     0.00000000     0.00039282
      116     0.00000000     0.00000000     0.00000000
      117     0.00000000     0.00000000     0.00000000
      118     0.00000000     0.00000000     0.00000000
      119     0.00000025     0.00000000     0.00000000
      120     0.00000048     0.00000000     0.00000000
      121     0.00000028     0.00000000     0.00000000
      122     0.00000008     0.00000000     0.00041905
      123     0.00000000     0.00000000     0.00092327
      124     0.00000000     0.00000000     0.00116242
      125     0.00000000     0.00000000     0.00104797
      126     0.00000000     0.00000000     0.00059874
      127     0.00000001     0.00000000     0.00000000
      128     0.00000019     0.00000000     0.00000000
      129     0.00000028     0.00000000     0.00000000
      130     0.00000025     0.00000000     0.00000000
      131     0.00000013     0.00000000     0.00000000
      132     0.00000000     0.00000000     0.00000000
      133     0.00000000     0.00000000     0.00049070
      134     0.00000000     0.00000000     0.00108482
      135     0.00000000     0.00000000     0.00131615
      136     0.00000000     0.00000000     0.00108960
      137     0.00000000     0.00000000     0.00046994
      138     0.00000003     0.00000000     0.00000000
      139     0.00000003     0.00000000     0.00000000
      140     0.00000000     0.00000000     0.00000000
      141     0.00000000     0.00000000     0.00000000
      142     0.00000000     0.00000000     0.00000000
      143     0.00000003     0.00000000     0.00020269
      144     0.00000011     0.00000000     0.00080889
      145     0.00000021     0.00000000     0.00111548
      146     0.00000028     0.00000000     0.00099589
      147     0.00000029     0.00000000     0.00048626
      148     0.00000022     0.00000000     0.00000000
      149     0.00000009     0.00000000     0.00000000
      150     0.00000000     0.00000000     0.00000000
      151     0.00000000     0.00000000     0.00000000
      152     0.00000000     0.00000000     0.00000000
      153     0.00000000     0.00000000     0.00030587
      154     0.00000000     0.00000000     0.00091881
      155     0.00000000     0.00000000     0.00115829
      156     0.00000031     0.00000000     0.00092015
      157     0.00000071     0.00000000     0.00029817
      158     0.00000112     0.00000000     0.00000000
      159     0.00000147     0.00000000     0.00000000
      160     0.00000168     0.00000000     0.00000000
      161     0.00000165     0.00000000     0.00000000
      162     0.00000140     0.00000000     0.00000000
      163     0.00000093     0.00000000     0.00061387
      164     0.00000032     0.00000000     0.00106323
      165     0.00000000     0.00000000     0.00105144
      166     0.00000000     0.00000000     0.00058369
      167     0.00000000     0.00000000     0.00000000
      168     0.00000000     0.00000000     0.00000000
      169     0.00000000     0.00000000     0.00000000
      170     0.00000049     0.00000000     0.00000000
      171     0.00000132     0.00000000     0.00000000
      172     0.00000208     0.00000000     0.00038114
      173     0.00000265     0.00000000     0.00091392
      174     0.00000299     0.00000000     0.00103354
      175     0.00000314     0.00000000     0.00069205
      176     0.00000315     0.00000000     0.00004872
      177     0.00000303     0.00000000     0.00000000
      178     0.00000280     0.00000000     0.00000000
      179     0.00000240     0.00000000     0.00000000
      180     0.00000178     0.00000000     0.00000000
      181     0.00000148     0.00000000     0.00025499
      182     0.00000110     0.00000000     0.00086445
      183     0.00000061     0.00000000     0.00107175
      184     0.00000016     0.00000000     0.00079356
      185     0.00000000     0.00000000     0.00016760
      186     0.00000000     0.00000000     0.00000000
      187     0.00000000     0.00000000     0.00000000
      188     0.00000010     0.00000000     0.00000000
      189     0.00000010     0.00000000     0.00000000
      190     0.00000000     0.00000000     0.00012159
      191     0.00000000     0.00000000     0.00067610
      192     0.00000000     0.00000000     0.00090728
      193     0.00000000     0.00000000     0.00072596
      194     0.00000000     0.00000000     0.00023135
      195     0.00000000     0.00000000     0.00000000
      196     0.00000000     0.00000000     0.00000000
      197     0.00000000     0.00000000     0.00000000
      198     0.00000000     0.00000000     0.00000000
      199     0.00000000     0.00000000     0.00000242
      200     0.00000000     0.00000000     0.00045964
      201     0.00000000     0.00000000     0.00074548
      202     0.00000066     0.00000000     0.00065609
      203     0.00000245     0.00000000     0.00028967
      204     0.00000462     0.00000000     0.00000000
      205     0.00000710     0.00000000     0.00000000
      206     0.00000985     0.00000000     0.00000000
      207     0.00001292     0.00000000     0.00000000
      208     0.00001643     0.00000000     0.00000000
      209     0.00002050     0.00000000     0.00025333
      210     0.00002519     0.00000000     0.00047181
      211     0.00003040     0.00000000     0.00047126
      212     0.00003592     0.00000000     0.00027684
      213     0.00004147     0.00000000     0.00000000
      214     0.00004683     0.00000000     0.00000000
      215     0.00005192     0.00000000     0.00000000
      216     0.00005680     0.00000000     0.00000000
      217     0.00006163     0.00000000     0.00000000
      218     0.00006654     0.00000000     0.00004648
      219     0.00007148     0.00000000     0.00017166
      220     0.00007622     0.00000000     0.00019737
      221     0.00007229     0.00000000     0.00012349
      222     0.00007192     0.00000000     0.00003797
      223     0.00007004     0.00000000     0.00000000
      224     0.00006663     0.00000000     0.00000000
      225     0.00006189     0.00000000     0.00000000
      226     0.00005612     0.00000000     0.00002885
      227     0.00004966     0.00000000     0.00001958
      228     0.00004275     0.00000000     0.00000000
      229     0.00003547     0.00000000     0.00000000
      230     0.00002779     0.00000000     0.00000000
      231     0.00001960     0.00000000     0.00000000
      232     0.00001083     0.00000000     0.00000000
      233     0.00000154     0.00000000     0.00012727
      234     0.00000000     0.00000000     0.00031115
      235     0.00000000     0.00000000     0.00040249
      236     0.00000000     0.00000000     0.00033736
      237     0.00000000     0.00000000     0.00011228
      238     0.00000000     0.00000000     0.00000000
      239     0.00000000     0.00000000     0.00000000
      240     0.00000000     0.00000000     0.00000000
      241     0.00000000     0.00000000     0.00000000
      242     0.00000000     0.00000000     0.00000000
      243     0.00000000     0.00000000     0.00022075
      244     0.00000000     0.00000000     0.00059367
      245     0.00000000     0.00000000     0.00078710
      246     0.00000000     0.00000000     0.00070224
      247     0.00000000     0.00000000     0.00033868
      248     0.00000000     0.00000000     0.00000000
      249     0.00000000     0.00000000     0.00000000
      250     0.00000000     0.00000000     0.00000000
      251     0.00000000     0.00000000     0.00000000
      252     0.00000000     0.00000000     0.00000000
      253     0.00000000     0.00000000     0.00007428
      254     0.00000000     0.00000000     0.00075547
      255     0.00000000     0.00000000     0.00122648
      256     0.00000000     0.00000000     0.00130215
      257     0.00000000     0.00000000     0.00092479
      258     0.00000000     0.00000000     0.00019460
      259     0.00000000     0.00000000     0.00000000
      260     0.00000000     0.00000000     0.00000000
      261     0.00000000     0.00000000     0.00000000
      262     0.00000000     0.00000000     0.00000000
      263     0.00000041     0.00000000     0.00000000
      264     0.00000043     0.00000000     0.00032823
      265     0.00000003     0.00000000     0.00111214
      266     0.00000000     0.00000000     0.00157291
      267     0.00000000     0.00000000     0.00153304
      268     0.00000000     0.00000000     0.00097447
      269     0.00000000     0.00000000     0.00005594
      270     0.00000000     0.00000000     0.00000000
      271     0.00000000     0.00000000     0.00000000
      272     0.00000000     0.00000000     0.00000000
      273     0.00000101     0.00000000     0.00000000
      274     0.00000313     0.00000000     0.00000000
      275     0.00000569     0.00000000     0.00057840
      276     0.00000857     0.00000000     0.00157024
      277     0.00001165     0.00000000     0.00208847
      278     0.00001476     0.00000000     0.00193833
      279     0.00001773     0.00000000     0.00113885
      280     0.00002040     0.00000000     0.00000000
      281     0.00001639     0.00000000     0.00000000
      282     0.00001634     0.00000000     0.00000000
      283     0.00001582     0.00000000     0.00000000
      284     0.00001480     0.00000000     0.00000000
      285     0.00001332     0.00000000     0.00000000
      286     0.00001141     0.00000000     0.00068531
      287     0.00000914     0.00000000     0.00158069
      288     0.00000661     0.00000000     0.00197884
      289     0.00000390     0.00000000     0.00172144
      290     0.00000111     0.00000000     0.00086743
      291     0.00000000     0.00000000     0.00000000
      292     0.00000000     0.00000000     0.00000000
      293     0.00000000     0.00000000     0.00000000
      294     0.00000000     0.00000000     0.00000000
      295     0.00000000     0.00000000     0.00000000
      296     0.00000000     0.00000000     0.00000000
      297     0.00000000     0.00000000     0.00122066
      298     0.00000000     0.00000000     0.00209433
      299     0.00000000     0.00000000     0.00224567
      300     0.00000000     0.00000000     0.00159097
      301     0.00000000     0.00000000     0.00022630
      302     0.00000000     0.00000000     0.00000000
      303     0.00000000     0.00000000     0.00000000
      304     0.00000000     0.00000000     0.00000000
      305     0.00000000     0.00000000     0.00000000
      306     0.00000277     0.00000000     0.00000000
      307     0.00000591     0.00000000     0.00073989
      308     0.00000925     0.00000000     0.00159704
      309     0.00001273     0.00000000     0.00187039
      310     0.00001634     0.00000000     0.00142654
      311     0.00002010     0.00000000     0.00040764
      312     0.00002411     0.00000000     0.00000000
      313     0.00002845     0.00000000     0.00000000
      314     0.00003322     0.00000000     0.00000000
      315     0.00003850     0.00000000     0.00000000
      316     0.00004438     0.00000000     0.00000000
      317     0.00005101     0.00000000     0.00101027
      318     0.00005867     0.00000000     0.00193899
      319     0.00006784     0.00000000     0.00207969
      320     0.00007920     0.00000000     0.00133457
      321     0.00005666     0.00000000     0.00000000
      322     0.00006099     0.00000000     0.00000000
      323     0.00006594     0.00000000     0.00000000
      324     0.00007165     0.00000000     0.00000000
      325     0.00007826     0.00000000     0.00000000
      326     0.00008592     0.00000000     0.00038287
      327     0.00009496     0.00000000     0.00131057
      328     0.00010595     0.00000000     0.00168216
      329     0.00011966     0.00000000     0.00129002
      330     0.00013697     0.00000000     0.00027179
      331     0.00015872     0.00000000     0.00000000
      332     0.00018553     0.00000000     0.00000000
      333     0.00021785     0.00000000     0.00000000
      334     0.00025611     0.00000000     0.00000000
      335     0.00030104     0.00000000     0.00041928
      336     0.00035396     0.00000000     0.00160192
      337     0.00041697     0.00000000     0.00204321
      338     0.00049289     0.00000000     0.00147010
      339     0.00058505     0.00000000     0.00011150
      340     0.00069712     0.00000000     0.00000000
      341     0.00042619     0.00000000     0.00000000
      342     0.00042679     0.00000000     0.00000000
      343     0.00042359     0.00000000     0.00000000
      344     0.00041677     0.00000000     0.00067870
      345     0.00040686     0.00000000     0.00146634
      346     0.00039450     0.00000000     0.00151043
      347     0.00038026     0.00000000     0.00071645
      348     0.00036447     0.00000000     0.00000000
      349     0.00034734     0.00000000     0.00000000
      350     0.00032912     0.00000000     0.00000000
      351     0.00031038     0.00000000     0.00000000
      352     0.00029209     0.00000000     0.00043482
      353     0.00027554     0.00000000     0.00171964
      354     0.00026229     0.00000000     0.00208557
      355     0.00025414     0.00000000     0.00124016
      356     0.00025350     0.00000000     0.00000000
      357     0.00026452     0.00000000     0.00000000
      358     0.00029560     0.00000000     0.00000000
      359     0.00036623     0.00000000     0.00000000
      360     0.00052907     0.00000000     0.00052672
      361     0.00018300     0.00000000     0.00114392
      362     0.00003567     0.00000000     0.00135426
      363     0.00000000     0.00000000     0.00069730
      364     0.00000000     0.00000000     0.00000000
      365     0.00000000     0.00000000     0.00000000
      366     0.00537637     0.00000000     0.00000000
      367     1.00000000     0.00000000     0.00000000
      368     0.00000000     0.04094300     0.00000000
      369     0.00000000     0.00951188     0.00000000
      370     0.00000000     0.00298692     0.00000000
      371     0.00000000     0.00099138     0.00000000
      372     0.00000000     0.00034453     0.00120290
      373     0.00000000     0.00022470     0.00215180
      374     0.00000000     0.00034222     0.00164036
      375     0.00000000     0.00058202     0.00000000
      376     0.00000000     0.00088139     0.00000000
      377     0.00000000     0.00121867     0.00000000
      378     0.00000000     0.00157205     0.00000000
      379     0.00000000     0.00193185     0.00096503
      380     0.00000000     0.00228994     0.00245436
      381     0.00000000     0.00107246     0.00102887
      382     0.00000000     0.00111258     0.00004594
      383     0.00000000     0.00118769     0.00000000
      384     0.00000000     0.00128868     0.00000000
      385     0.00000000     0.00140593     0.00000000
      386     0.00000000     0.00152997     0.00073359
      387     0.00000000     0.00164995     0.00166164
      388     0.00000000     0.00175372     0.00128577
      389     0.00000000     0.00182859     0.00000000
      390     0.00000000     0.00186346     0.00000000
      391     0.00000000     0.00184892     0.00000000
      392     0.00000000     0.00177628     0.00000000
      393     0.00000000     0.00163542     0.00142328
      394     0.00000000     0.00141456     0.00208336
      395     0.00000000     0.00110464     0.00091184
      396     0.00000000     0.00070302     0.00000000
      397     0.00000000     0.00021531     0.00000000
      398     0.00000000     0.00000000     0.00000000
      399     0.00000000     0.00000000     0.00092020
      400     0.00000000     0.00000000     0.00237063
      401     0.00000000     0.00000000     0.00071374
      402     0.00000000     0.00000000     0.00000000
      403     0.00000000     0.00000000     0.00000000
      404     0.00000000     0.00000000     0.00000000
      405     0.00000000     0.00000000     0.00042924
      406     0.00000000     0.00000000     0.00140032
      407     0.00000000     0.00000000     0.00098009
      408     0.00000000     0.00000000     0.00000000
      409     0.00000000     0.00000000     0.00000000
      410     0.00000000     0.00000000     0.00000000
      411     0.00000000     0.00000000     0.00070428
      412     0.00000000     0.00000000     0.00173900
      413     0.00000000     0.00000000     0.00089066
      414     0.00000000     0.00000000     0.00000000
      415     0.00000000     0.00056907     0.00000000
      416     0.00000000     0.00175320     0.00000000
      417     0.00000000     0.00289851     0.00147367
      418     0.00000000     0.00391309     0.00186058
      419     0.00000000     0.00468527     0.00000000
      420     0.00000000     0.00510079     0.00000000
      421     0.00000000     0.00239055     0.00000000
      422     0.00000000     0.00235490     0.00041033
      423     0.00000000     0.00201886     0.00108577
      424     0.00000000     0.00136895     0.00036785
      425     0.00000000     0.00044148     0.00000000
      426     0.00000000     0.00000000     0.00000000
      427     0.00000000     0.00000000     0.00025524
      428     0.00000000     0.00000000     0.00136298
      429     0.00000000     0.00000000     0.00064504
      430     0.00000000     0.00000000     0.00000000
      431     0.00000000     0.00000000     0.00000000
      432     0.00000000     0.00000000     0.00028330
      433     0.00000000     0.00000000     0.00164404
      434     0.00000000     0.00000000     0.00065507
      435     0.00000000     0.00168435     0.00000000
      436     0.00000000     0.00322448     0.00000000
      437     0.00000000     0.00422858     0.00075818
      438     0.00000000     0.00443160     0.00193690
      439     0.00000000     0.00368408     0.00007942
      440     0.00000000     0.00204671     0.00000000
      441     0.00000000     0.00000000     0.00000000
      442     0.00000000     0.00000000     0.00078540
      443     0.00000000     0.00000000     0.00076951
      444     0.00000000     0.00000000     0.00000000
      445     0.00000000     0.00000000     0.00000000
      446     0.00000000     0.00000000     0.00027539
      447     0.00000000     0.00013646     0.00127964
      448     0.00000000     0.00191631     0.00012423
      449     0.00000000     0.00343554     0.00000000
      450     0.00000000     0.00437870     0.00000000
      451     0.00000000     0.00462518     0.00095950
      452     0.00000000     0.00192467     0.00046730
      453     0.00000000     0.00000000     0.00000000
      454     0.00000000     0.00000000     0.00000000
      455     0.00000000     0.00000000     0.00084372
      456     0.00000000     0.00000000     0.00128155
      457     0.00000000     0.00000000     0.00000000
      458     0.00000000     0.00494274     0.00000000
      459     0.00000000     0.00791015     0.00078831
      460     0.00000000     0.00686795     0.00199362
      461     0.00000000     0.00110259     0.00000000
      462     0.00000000     0.00000000     0.00000000
      463     0.00000000     0.00000000     0.00028462
      464     0.00000000     0.00000000     0.00113916
      465     0.00000000     0.00000000     0.00000000
      466     0.00000000     0.00142164     0.00000000
      467     0.00000000     0.00368983     0.00026832
      468     0.00000000     0.00373470     0.00143224
      469     0.00000000     0.00132506     0.00000000
      470     0.00000000     0.00000000     0.00000000
      471     0.00000000     0.00000000     0.00034311
      472     0.00000000     0.00000000     0.00169971
      473     0.00000000     0.00000000     0.00000000
      474     0.00000000     0.00343041     0.00000000
      475     0.00000000     0.00441886     0.00063559
      476     0.00000000     0.00184322     0.00177279
      477     0.00000000     0.00000000     0.00000000
      478     0.00000000     0.00000000     0.00000000
      479     0.00000000     0.00000000     0.00126041
      480     0.00000000     0.00163537     0.00167555
      481     0.00000000     0.00201585     0.00000000
      482     0.00000000     0.00147175     0.00000000
      483     0.00000000     0.00000000     0.00088483
      484     0.00000000     0.00000000     0.00046942
      485     0.00000000     0.00000000     0.00000000
      486     0.00000000     0.00086533     0.00000000
      487     0.00000000     0.00271393     0.00126232
      488     0.00000000     0.00169969     0.00000000
      489     0.00000000     0.00000000     0.00000000
      490     0.00000000     0.00000000     0.00049552
      491     0.00000000     0.00000000     0.00125729
      492     0.00000000     0.00210230     0.00000000
      493     0.00000000     0.00319601     0.00000000
      494     0.00000000     0.00035512     0.00126305
      495     0.00000000     0.00000000     0.00049248
      496     0.00000000     0.00000000     0.00000000
      497     0.00000000     0.00131664     0.00013118
      498     0.00000000     0.00372328     0.00152824
      499     0.00000000     0.00108042     0.00000000
      500     0.00000000     0.00000000     0.00000000
      501     0.00000000     0.00000000     0.00059722
      502     0.00000000     0.00070887     0.00029854
      503     0.00000000     0.00191944     0.00000000
      504     0.00000000     0.00029589     0.00006962
      505     0.00000000     0.00000000     0.00078046
      506     0.00000000     0.00000000     0.00000000
      507     0.00000000     0.00143888     0.00000000
      508     0.00000000     0.00211514     0.00081753
      509     0.00000000     0.00000000     0.00011972
      510     0.00000000     0.00000000     0.00000000
      511     0.00000000     0.00000000     0.00040011
      512     0.00000000     0.00246263     0.00075884
      513     0.00000000     0.00136123     0.00000000
      514     0.00000000     0.00000000     0.00000000
      515     0.00000000     0.00000000     0.00099926
      516     0.00000000     0.00158362     0.00000000
      517     0.00000000     0.00265546     0.00000000
      518     0.00000000     0.00000000     0.00075298
      519     0.00000000     0.00000000     0.00026749
      520     0.00000000     0.00048390     0.00000000
      521     0.00000000     0.00155298     0.00017852
      522     0.00000000     0.00000000     0.00032855
      523     0.00000000     0.00000000     0.00000000
      524     0.00000000     0.00000000     0.00000000
      525     0.00000000     0.00175514     0.00048487
      526     0.00000000     0.00040311     0.00000000
      527     0.00000000     0.00000000     0.00000000
      528     0.00000000     0.00000000     0.00050531
      529     0.00000000     0.00188180     0.00000000
      530     0.00000000     0.00068699     0.00000000
      531     0.00000000     0.00000000     0.00036394
      532     0.00000000     0.00000000     0.00020165
      533     0.00000000     0.00205740     0.00000000
      534     0.00000000     0.00073140     0.00016868
      535     0.00000000     0.00000000     0.00033219
      536     0.00000000     0.00000000     0.00000000
      537     0.00000000     0.00229652     0.00001348
      538     0.00000000     0.00042824     0.00039472
      539     0.00000000     0.00000000     0.00000000
      540     0.00000000     0.00000000     0.00000000
      541     0.00000000     0.00138389     0.00024474
      542     0.00000000     0.00000000     0.00000000
      543     0.00000000     0.00000000     0.00000000
      544     0.00000000     0.00035799     0.00024735
      545     0.00000000     0.00142604     0.00000000
      546     0.00000000     0.00000000     0.00000000
      547     0.00000000     0.00000000     0.00020172
      548     0.00000000     0.00091886     0.00004860
      549     0.00000000     0.00122969     0.00000000
      550     0.00000000     0.00000000     0.00012814
      551     0.00000000     0.00000000     0.00010401
      552     0.00000000     0.00150477     0.00000000
      553     0.00000000     0.00064858     0.00006462
      554     0.00000000     0.00000000     0.00012002
      555     0.00000000     0.00000000     0.00000000
      556     0.00000000     0.00181322     0.00002586
      557     0.00000000     0.00000000     0.00011876
      558     0.00000000     0.00000000     0.00000000
      559     0.00000000     0.00085424     0.00000000
      560     0.00000000     0.00148926     0.00011326
      561     0.00000000     0.00000000     0.00000000
      562     0.00000000     0.00000000     0.00000000
      563     0.00000000     0.00113570     0.00007390
      564     0.00000000     0.00037255     0.00000000
      565     0.00000000     0.00000000     0.00000000
      566     0.00000000     0.00003915     0.00006003
      567     0.00000000     0.00127312     0.00000000
      568     0.00000000     0.00000000     0.00000000
      569     0.00000000     0.00000000     0.00003729
      570     0.00000000     0.00085978     0.00000000
      571     0.00000000     0.00084868     0.00000000
      572     0.00000000     0.00000000     0.00001473
      573     0.00000000     0.00000000     0.00000179
      574     0.00000000     0.00134116     0.00000000
      575     0.00000000     0.00000000     0.00000000
      576     0.00000000     0.00000000     0.00000000
      577     0.00000000     0.00053847     0.00001435
      578     0.00000000     0.00112926     0.00000000
      579     0.00000000     0.00000000     0.00000000
      580     0.00000000     0.00000000     0.00003358
      581     0.00000000     0.00102941     0.00000000
      582     0.00000000     0.00025180     0.00000000
      583     0.00000000     0.00000000     0.00004232
      584     0.00000000     0.00015546     0.00000000
      585     0.00000000     0.00102938     0.00000000
      586     0.00000000     0.00000000     0.00005481
      587     0.00000000     0.00000000     0.00000000
      588     0.00000000     0.00080378     0.00000000
      589     0.00000000     0.00052308     0.00006020
      590     0.00000000     0.00000000     0.00000584
      591     0.00000000     0.00000000     0.00000000
      592     0.00000000     0.00101509     0.00005628
      593     0.00000000     0.00000000     0.00002326
      594     0.00000000     0.00000000     0.00000000
      595     0.00000000     0.00050408     0.00004674
      596     0.00000000     0.00073697     0.00003710
      597     0.00000000     0.00000000     0.00000000
      598     0.00000000     0.00000000     0.00003711
      599     0.00000000     0.00088168     0.00004698
      600     0.00000000     0.00014942     0.00000000
      601     0.00000000     0.00000000     0.00003126
      602     0.00000000     0.00016692     0.00006208
      603     0.00000000     0.00088569     0.00000000
      604     0.00000000     0.00000000     0.00002000
      605     0.00000000     0.00000000     0.00007621
      606     0.00000000     0.00064384     0.00000000
      607     0.00000000     0.00047776     0.00000211
      608     0.00000000     0.00000000     0.00008913
      609     0.00000000     0.00000000     0.00000000
      610     0.00000000     0.00078583     0.00000000
      611     0.00000000     0.00000000     0.00009392
      612     0.00000000     0.00000000     0.00000000
      613     0.00000000     0.00021339     0.00000000
      614     0.00000000     0.00064295     0.00008812
      615     0.00000000     0.00000000     0.00000000
      616     0.00000000     0.00000000     0.00000000
      617     0.00000000     0.00048585     0.00007542
      618     0.00000000     0.00034001     0.00000000
      619     0.00000000     0.00000000     0.00000000
      620     0.00000000     0.00000000     0.00006038
      621     0.00000000     0.00077619     0.00000000
      622     0.00000000     0.00004073     0.00000000
      623     0.00000000     0.00000000     0.00007018
      624     0.00000000     0.00013760     0.00000745
      625     0.00000000     0.00065167     0.00000000
      626     0.00000000     0.00000000     0.00005042
      627     0.00000000     0.00000000     0.00002183
      628     0.00000000     0.00036757     0.00000000
      629     0.00000000     0.00041510     0.00002767
      630     0.00000000     0.00000000     0.00002796
      631     0.00000000     0.00000000     0.00000000
      632     0.00000000     0.00043223     0.00000863
      633     0.00000000     0.00017584     0.00002210
      634     0.00000000     0.00000000     0.00000000
      635     0.00000000     0.00000000     0.00000000
      636     0.00000000     0.00037031     0.00000606
      637     0.00000000     0.00000035     0.00000062
      638     0.00000000     0.00000000     0.00000262
      639     0.00000000     0.00005115     0.00000000
      640     0.00000000     0.00023635     0.00001191
      641     0.00000000     0.00000000     0.00002921
      642     0.00000000     0.00000000     0.00000000
      643     0.00000000     0.00017530     0.00001457
      644     0.00000000     0.00025239     0.00006241
      645     0.00000000     0.00000000     0.00000000
      646     0.00000000     0.00000000     0.00000000
      647     0.00000000     0.00015908     0.00009979
      648     0.00000000     0.00010443     0.00000000
      649     0.00000000     0.00000000     0.00000000
      650     0.00000000     0.00000000     0.00012803
      651     0.00000000     0.00006296     0.00000000
      652     0.00000000     0.00001082     0.00000000
      653     0.00000000     0.00000498     0.00013351
      654     0.00000000     0.00000872     0.00002053
      655     0.00000000     0.00000000     0.00000000
      656     0.00000000     0.00000000     0.00010367
      657     0.00000000     0.00015850     0.00009878
      658     0.00000000     0.00000000     0.00000000
      659     0.00000000     0.00000000     0.00003233
      660     0.00000000     0.00005339     0.00017306
      661     0.00000000     0.00049424     0.00000000
      662     0.00000000     0.00000000     0.00000000
      663     0.00000000     0.00000000     0.00033768
      664     0.00000000     0.00028675     0.00000000
      665     0.00000000     0.00061291     0.00000000
      666     0.00000000     0.00000000     0.00028894
      667     0.00000000     0.00000000     0.00003573
      668     0.00000000     0.00056570     0.00000000
      669     0.00000000     0.00063618     0.00017861
      670     0.00000000     0.00000000     0.00016935
      671     0.00000000     0.00000000     0.00000000
      672     0.00000000     0.00088206     0.00003980
      673     0.00000000     0.00052024     0.00026504
      674     0.00000000     0.00000000     0.00000000
      675     0.00000000     0.00000000     0.00000000
      676     0.00000000     0.00116262     0.00029320
      677     0.00000000     0.00026875     0.00000000
      678     0.00000000     0.00000000     0.00000000
      679     0.00000000     0.00000000     0.00021032
      680     0.00000000     0.00135538     0.00009864
      681     0.00000000     0.00000000     0.00000000
      682     0.00000000     0.00000000     0.00005541
      683     0.00000000     0.00032217     0.00020545
      684     0.00000000     0.00160847     0.00000000
      685     0.00000000     0.00000000     0.00000000
      686     0.00000000     0.00000000     0.00015946
      687     0.00000000     0.00084022     0.00000000
      688     0.00000000     0.00151336     0.00000000
      689     0.00000000     0.00000000     0.00006208
      690     0.00000000     0.00000000     0.00002474
      691     0.00000000     0.00137124     0.00000000
      692     0.00000000     0.00116270     0.00000541
      693     0.00000000     0.00000000     0.00000000
      694     0.00000000     0.00000000     0.00001718
      695     0.00000000     0.00175730     0.00000683
      696     0.00000000     0.00057485     0.00000000
      697     0.00000000     0.00000000     0.00004248
      698     0.00000000     0.00000000     0.00006127
      699     0.00000000     0.00186020     0.00000000
      700     0.00000000     0.00000000     0.00000744
      701     0.00000000     0.00000000     0.00013248
      702     0.00000000     0.00034237     0.00000000
      703     0.00000000     0.00140909     0.00000000
      704     0.00000000     0.00000000     0.00019574
      705     0.00000000     0.00000000     0.00000000
      706     0.00000000     0.00077969     0.00000000
      707     0.00000000     0.00109130     0.00017874
      708     0.00000000     0.00000000     0.00010029
      709     0.00000000     0.00000000     0.00000000
      710     0.00000000     0.00107305     0.00007636
      711     0.00000000     0.00065811     0.00021995
      712     0.00000000     0.00000000     0.00000000
      713     0.00000000     0.00000000     0.00000000
      714     0.00000000     0.00118162     0.00027677
      715     0.00000000     0.00016639     0.00000000
      716     0.00000000     0.00000000     0.00000000
      717     0.00000000     0.00006928     0.00028016
      718     0.00000000     0.00107078     0.00000000
      719     0.00000000     0.00000000     0.00000000
      720     0.00000000     0.00000000     0.00025139
      721     0.00000000     0.00034804     0.00003591
      722     0.00000000     0.00060826     0.00000000
      723     0.00000000     0.00000000     0.00014604
      724     0.00000000     0.00000000     0.00011996
      725     0.00000000     0.00048226     0.00000000
      726     0.00000000     0.00031869     0.00006762
      727     0.00000000     0.00000000     0.00018597
      728     0.00000000     0.00000000     0.00000000
      729     0.00000000     0.00046430     0.00000000
      730     0.00000000     0.00006697     0.00021561
      731     0.00000000     0.00000000     0.00000000
      732     0.00000000     0.00002548     0.00000000
      733     0.00000000     0.00033732     0.00020951
      734     0.00000000     0.00000000     0.00000000
      735     0.00000000     0.00000000     0.00000000
      736     0.00000000     0.00011962     0.00018252
      737     0.00000000     0.00016750     0.00000000
      738     0.00000000     0.00000000     0.00000000
      739     0.00000000     0.00000000     0.00014744
      740     0.00000000     0.00009202     0.00000521
      741     0.00000000     0.00002705     0.00000000
      742     0.00000000     0.00000000     0.00009082
      743     0.00000000     0.00000027     0.00002753
      744     0.00000000     0.00000000     0.00000000
      745     0.00000000     0.00000136     0.00005976
      746     0.00000000     0.00008882     0.00003879
      747     0.00000000     0.00000000     0.00000000
      748     0.00000000     0.00000000     0.00003421
      749     0.00000000     0.00008679     0.00003909
      750     0.00000000     0.00015837     0.00000000
      751     0.00000000     0.00000000     0.00001597
      752     0.00000000     0.00000000     0.00003130
      753     0.00000000     0.00023780     0.00000000
      754     0.00000000     0.00011381     0.00000475
      755     0.00000000     0.00000000     0.00001786
      756     0.00000000     0.00000000     0.00000000
      757     0.00000000     0.00036508     0.00000012
      758     0.00000000     0.00000000     0.00000054
      759     0.00000000     0.00000000     0.00000523
      760     0.00000000     0.00017769     0.00000158
      761     0.00000000     0.00035123     0.00000000
      762     0.00000000     0.00000000     0.00001872
      763     0.00000000     0.00000000     0.00000720
      764     0.00000000     0.00040020     0.00000000
      765     0.00000000     0.00020012     0.00002905
      766     0.00000000     0.00000000     0.00001526
      767     0.00000000     0.00000000     0.00000000
      768     0.00000000     0.00054063     0.00003688
      769     0.00000000     0.00000000     0.00002538
      770     0.00000000     0.00000000     0.00000000
      771     0.00000000     0.00027465     0.00004189
      772     0.00000000     0.00047776     0.00003898
      773     0.00000000     0.00000000     0.00000000
      774     0.00000000     0.00000000     0.00004156
      775     0.00000000     0.00057057     0.00005601
      776     0.00000000     0.00019276     0.00000000
      777     0.00000000     0.00000000     0.00003450
      778     0.00000000     0.00001189     0.00007297
      779     0.00000000     0.00067898     0.00000000
      780     0.00000000     0.00000000     0.00002338
      781     0.00000000     0.00000000     0.00008659
      782     0.00000000     0.00046042     0.00000000
      783     0.00000000     0.00050241     0.00001299
      784     0.00000000     0.00000000     0.00009518
      785     0.00000000     0.00000000     0.00000000
      786     0.00000000     0.00077253     0.00000398
      787     0.00000000     0.00003906     0.00010453
      788     0.00000000     0.00000000     0.00000000
      789     0.00000000     0.00024078     0.00000000
      790     0.00000000     0.00074760     0.00011794
      791     0.00000000     0.00000000     0.00000000
      792     0.00000000     0.00000000     0.00000000
      793     0.00000000     0.00072365     0.00013075
      794     0.00000000     0.00035765     0.00000000
      795     0.00000000     0.00000000     0.00000000
      796     0.00000000     0.00000000     0.00013253
      797     0.00000000     0.00091665     0.00000000
      798     0.00000000     0.00000000     0.00000000
      799     0.00000000     0.00000000     0.00011739
      800     0.00000000     0.00055270     0.00000000
      801     0.00000000     0.00073710     0.00000000
      802     0.00000000     0.00000000     0.00009501
      803     0.00000000     0.00000000     0.00000480
      804     0.00000000     0.00105025     0.00000000
      805     0.00000000     0.00010046     0.00006594
      806     0.00000000     0.00000000     0.00001846
      807     0.00000000     0.00028804     0.00000000
      808     0.00000000     0.00103359     0.00004337
      809     0.00000000     0.00000000     0.00002504
      810     0.00000000     0.00000000     0.00000000
      811     0.00000000     0.00093464     0.00002349
      812     0.00000000     0.00051248     0.00002740
      813     0.00000000     0.00000000     0.00000000
      814     0.00000000     0.00000000     0.00000539
      815     0.00000000     0.00115101     0.00001893
      816     0.00000000     0.00000000     0.00000000
      817     0.00000000     0.00000000     0.00000000
      818     0.00000000     0.00053590     0.00000000
      819     0.00000000     0.00091197     0.00000737
      820     0.00000000     0.00000000     0.00001334
      821     0.00000000     0.00000000     0.00000000
      822     0.00000000     0.00111945     0.00000658
      823     0.00000000     0.00043951     0.00005051
      824     0.00000000     0.00000000     0.00000000
      825     0.00000000     0.00000000     0.00000000
      826     0.00000000     0.00124642     0.00008173
      827     0.00000000     0.00000000     0.00000000
      828     0.00000000     0.00000000     0.00000000
      829     0.00000000     0.00053745     0.00009664
      830     0.00000000     0.00099143     0.00000000
      831     0.00000000     0.00000000     0.00000000
      832     0.00000000     0.00000000     0.00009689
      833     0.00000000     0.00091782     0.00002116
      834     0.00000000     0.00052340     0.00000000
      835     0.00000000     0.00000000     0.00007864
      836     0.00000000     0.00000000     0.00007352
      837     0.00000000     0.00099141     0.00000000
      838     0.00000000     0.00006543     0.00003166
      839     0.00000000     0.00000000     0.00012843
      840     0.00000000     0.00011581     0.00000000
      841     0.00000000     0.00104983     0.00000000
      842     0.00000000     0.00000000     0.00019758
      843     0.00000000     0.00000000     0.00000000
      844     0.00000000     0.00044819     0.00000000
      845     0.00000000     0.00079598     0.00018704
      846     0.00000000     0.00000000     0.00000000
      847     0.00000000     0.00000000     0.00000000
      848     0.00000000     0.00058720     0.00013205
      849     0.00000000     0.00051881     0.00007473
      850     0.00000000     0.00000000     0.00000000
      851     0.00000000     0.00000000     0.00005906
      852     0.00000000     0.00058676     0.00012667
      853     0.00000000     0.00027599     0.00000000
      854     0.00000000     0.00000000     0.00000000
      855     0.00000000     0.00000000     0.00014636
      856     0.00000000     0.00048672     0.00000000
      857     0.00000000     0.00010220     0.00000000
      858     0.00000000     0.00000000     0.00013282
      859     0.00000000     0.00000000     0.00000000
      860     0.00000000     0.00033103     0.00000000
      861     0.00000000     0.00000681     0.00010820
      862     0.00000000     0.00000000     0.00002234
      863     0.00000000     0.00001858     0.00000000
      864     0.00000000     0.00020420     0.00005478
      865     0.00000000     0.00000000     0.00005253
      866     0.00000000     0.00000000     0.00000000
      867     0.00000000     0.00001799     0.00001109
      868     0.00000000     0.00002505     0.00005279
      869     0.00000000     0.00000635     0.00000000
      870     0.00000000     0.00005922     0.00000000
      871     0.00000000     0.00000000     0.00003054
      872     0.00000000     0.00000000     0.00000000
      873     0.00000000     0.00009889     0.00000000
      874     0.00000000     0.00020587     0.00000000
      875     0.00000000     0.00000000     0.00000117
      876     0.00000000     0.00000000     0.00001798
      877     0.00000000     0.00024554     0.00000000
      878     0.00000000     0.00030640     0.00000000
      879     0.00000000     0.00000000     0.00004830
      880     0.00000000     0.00000000     0.00000000
      881     0.00000000     0.00039899     0.00000000
      882     0.00000000     0.00030582     0.00006796
      883     0.00000000     0.00000000     0.00000000
      884     0.00000000     0.00000000     0.00000000
      885     0.00000000     0.00060994     0.00008179
      886     0.00000000     0.00024475     0.00001197
      887     0.00000000     0.00000000     0.00000000
      888     0.00000000     0.00000000     0.00007657
      889     0.00000000     0.00080893     0.00005519
      890     0.00000000     0.00007139     0.00000000
      891     0.00000000     0.00000000     0.00004858
      892     0.00000000     0.00006047     0.00009960
      893     0.00000000     0.00095072     0.00000000
      894     0.00000000     0.00000000     0.00000735
      895     0.00000000     0.00000000     0.00012984
      896     0.00000000     0.00041302     0.00000000
      897     0.00000000     0.00096109     0.00000000
      898     0.00000000     0.00000000     0.00014403
      899     0.00000000     0.00000000     0.00000000
      900     0.00000000     0.00083159     0.00000000
      901     0.00000000     0.00062938     0.00012749
      902     0.00000000     0.00000000     0.00000000
      903     0.00000000     0.00000000     0.00000000
      904     0.00000000     0.00100558     0.00013189
      905     0.00000000     0.00025755     0.00000000
      906     0.00000000     0.00000000     0.00000000
      907     0.00000000     0.00000000     0.00012328
      908     0.00000000     0.00113739     0.00000289
      909     0.00000000     0.00000000     0.00000000
      910     0.00000000     0.00000000     0.00009865
      911     0.00000000     0.00055729     0.00003485
      912     0.00000000     0.00098934     0.00000000
      913     0.00000000     0.00000000     0.00006715
      914     0.00000000     0.00000000     0.00005224
      915     0.00000000     0.00107438     0.00000000
      916     0.00000000     0.00049414     0.00004148
      917     0.00000000     0.00000000     0.00005551
      918     0.00000000     0.00000000     0.00000000
      919     0.00000000     0.00129163     0.00002484
      920     0.00000000     0.00000000     0.00005309
      921     0.00000000     0.00000000     0.00000000
      922     0.00000000     0.00057784     0.00001065
      923     0.00000000     0.00092403     0.00004563
      924     0.00000000     0.00000000     0.00000000
      925     0.00000000     0.00000000     0.00000000
      926     0.00000000     0.00107353     0.00003798
      927     0.00000000     0.00030509     0.00000000
      928     0.00000000     0.00000000     0.00000000
      929     0.00000000     0.00007322     0.00002192
      930     0.00000000     0.00114534     0.00000000
      931     0.00000000     0.00000000     0.00000000
      932     0.00000000     0.00000000     0.00000098
      933     0.00000000     0.00078292     0.00000233
      934     0.00000000     0.00073087     0.00000811
      935     0.00000000     0.00000000     0.00000000
      936     0.00000000     0.00000000     0.00000558
      937     0.00000000     0.00115581     0.00002307
      938     0.00000000     0.00000000     0.00000000
      939     0.00000000     0.00000000     0.00000452
      940     0.00000000     0.00043233     0.00003939
      941     0.00000000     0.00101196     0.00000000
      942     0.00000000     0.00000000     0.00000000
      943     0.00000000     0.00000000     0.00006527
      944     0.00000000     0.00102635     0.00000000
      945     0.00000000     0.00033260     0.00000000
      946     0.00000000     0.00000000     0.00009614
      947     0.00000000     0.00005477     0.00000000
      948     0.00000000     0.00105507     0.00000000
      949     0.00000000     0.00000000     0.00012392
      950     0.00000000     0.00000000     0.00000000
      951     0.00000000     0.00068475     0.00000000
      952     0.00000000     0.00063389     0.00013338
      953     0.00000000     0.00000000     0.00000000
      954     0.00000000     0.00000000     0.00000000
      955     0.00000000     0.00095110     0.00012036
      956     0.00000000     0.00000941     0.00001989
      957     0.00000000     0.00000000     0.00000000
      958     0.00000000     0.00028902     0.00009638
      959     0.00000000     0.00079371     0.00004811
      960     0.00000000     0.00000000     0.00000000
      961     0.00000000     0.00000000     0.00008669
      962     0.00000000     0.00080048     0.00007987
      963     0.00000000     0.00040025     0.00000000
      964     0.00000000     0.00000000     0.00006593
      965     0.00000000     0.00000000     0.00010904
      966     0.00000000     0.00086672     0.00000000
      967     0.00000000     0.00000000     0.00003250
      968     0.00000000     0.00000000     0.00014402
      969     0.00000000     0.00034896     0.00000000
      970     0.00000000     0.00062899     0.00000000
      971     0.00000000     0.00000000     0.00016704
      972     0.00000000     0.00000000     0.00000000
      973     0.00000000     0.00057688     0.00000000
      974     0.00000000     0.00028258     0.00016248
      975     0.00000000     0.00000000     0.00000000
      976     0.00000000     0.00000000     0.00000000
      977     0.00000000     0.00058748     0.00013413
      978     0.00000000     0.00000000     0.00000000
      979     0.00000000     0.00000000     0.00000000
      980     0.00000000     0.00015088     0.00009705
      981     0.00000000     0.00051127     0.00001362
      982     0.00000000     0.00000000     0.00000000
      983     0.00000000     0.00000000     0.00007259
      984     0.00000000     0.00032964     0.00003479
      985     0.00000000     0.00029917     0.00000000
      986     0.00000000     0.00000000     0.00003773
      987     0.00000000     0.00000000     0.00004193
      988     0.00000000     0.00034772     0.00000000
      989     0.00000000     0.00010657     0.00001034
      990     0.00000000     0.00000000     0.00003188
      991     0.00000000     0.00000000     0.00000000
      992     0.00000000     0.00026917     0.00000000
      993     0.00000000     0.00000000     0.00000649
      994     0.00000000     0.00000000     0.00000296
      995     0.00000000     0.00004412     0.00000583
      996     0.00000000     0.00014481     0.00000000
      997     0.00000000     0.00000000     0.00001720
      998     0.00000000     0.00000000     0.00003177
      999     0.00000000     0.00003320     0.00000000
     1000     0.00000000     0.00002235     0.00001085
