#     Density Matrix: coherence Re-Im; see the manual for detail orders
        0     0.00000000     0.00000000     0.00000000     0.00000000     0.00000000     0.00000000
        1    -0.00000001     0.00000001    -0.00002371     0.00001412     0.00053882    -0.00008839
        2    -0.00000001     0.00000008     0.00000803     0.00004413     0.00160249    -0.00061147
        3     0.00000026     0.00000004     0.00008119    -0.00003656     0.00253004    -0.00162536
        4     0.00000059    -0.00000035     0.00004229    -0.00015297     0.00313892    -0.00301241
        5     0.00000063    -0.00000064    -0.00002610    -0.00015652     0.00333025    -0.00458633
        6     0.00000090    -0.00000030     0.00001967    -0.00013642     0.00311184    -0.00614058
        7     0.00000195     0.00000004     0.00008481    -0.00023121     0.00259409    -0.00750140
        8     0.00000300    -0.00000037     0.00003562    -0.00034170     0.00196164    -0.00857115
        9     0.00000313    -0.00000072    -0.00002566    -0.00033859     0.00143165    -0.00935087
       10     0.00000327    -0.00000014     0.00002603    -0.00032586     0.00120990    -0.00994134
       11     0.00000460     0.00000029     0.00008593    -0.00042507     0.00145170    -0.01052344
       12     0.00000610    -0.00000080     0.00003468    -0.00053198     0.00224494    -0.01132506
       13     0.00000656    -0.00000223    -0.00002581    -0.00052846     0.00361275    -0.01258703
       14     0.00000758    -0.00000252     0.00002181    -0.00051279     0.00553871    -0.01453536
       15     0.00001114    -0.00000337     0.00008383    -0.00060243     0.00800162    -0.01737206
       16     0.00001557    -0.00000695     0.00004148    -0.00070974     0.01102594    -0.02128180
       17     0.00001853    -0.00001122    -0.00002562    -0.00071406     0.01475208    -0.02646184
       18     0.00002287    -0.00001322     0.00000512    -0.00068527     0.01951773    -0.03317833
       19     0.00003333    -0.00001634     0.00007484    -0.00074789     0.02597905    -0.04185585
       20     0.00004774    -0.00002731     0.00005686    -0.00085567     0.03532654    -0.05321120
       21     0.00003795    -0.00004786    -0.00030702    -0.00073168     0.03689132    -0.06703734
       22    -0.00000188    -0.00003420    -0.00038757    -0.00011735     0.02871230    -0.07892338
       23     0.00000322     0.00002136     0.00023608     0.00002121     0.02142790    -0.08781072
       24     0.00006569     0.00003624     0.00049081    -0.00059728     0.01756779    -0.09452683
       25     0.00009726    -0.00002469    -0.00005151    -0.00096493     0.01993544    -0.10078840
       26     0.00004153    -0.00006883    -0.00047244    -0.00051269     0.03180436    -0.10925488
       27     0.00000136    -0.00001207    -0.00007462    -0.00004546     0.05741227    -0.12367730
       28     0.00010705     0.00003280     0.00046777    -0.00037105     0.10271341    -0.14921568
       29     0.00024520    -0.00012878     0.00024637    -0.00095557     0.17463961    -0.19283690
       30     0.00013204    -0.00037541    -0.00036884    -0.00079716     0.26945553    -0.26210090
       31    -0.00010826    -0.00025121    -0.00033871    -0.00011769     0.32562119    -0.35568458
       32     0.00009834     0.00015481     0.00014982    -0.00001729     0.21385832    -0.44151594
       33     0.00049525     0.00016405     0.00009012    -0.00035438    -0.03327942    -0.46881975
       34     0.00042081    -0.00004045    -0.00019970    -0.00028677    -0.24078457    -0.42798671
       35     0.00007612     0.00003484    -0.00003248    -0.00008024    -0.36326939    -0.34315620
       36    -0.00010506     0.00033491     0.00031913    -0.00030343    -0.42618012    -0.23651747
       37    -0.00003661     0.00055482     0.00026612    -0.00077212    -0.44883404    -0.12229192
       38     0.00009724     0.00053337    -0.00014199    -0.00089290    -0.44094438    -0.00997847
       39     0.00010393     0.00033946    -0.00032652    -0.00056718    -0.40853916     0.09361631
       40    -0.00005940     0.00014854    -0.00003017    -0.00031688    -0.35674854     0.18361919
       41    -0.00019630     0.00011907     0.00014318    -0.00045523    -0.29349172     0.25784941
       42    -0.00018677     0.00016296    -0.00005523    -0.00052283    -0.22166404     0.31568339
       43    -0.00012981     0.00013784    -0.00017271    -0.00036852    -0.14083186     0.35557558
       44    -0.00009419     0.00004038    -0.00005680    -0.00021438    -0.05542041     0.37672702
       45    -0.00012205    -0.00007294     0.00013641    -0.00027611     0.03033549     0.37936759
       46    -0.00019271    -0.00013424     0.00015399    -0.00048257     0.11260312     0.36461767
       47    -0.00024055    -0.00012191    -0.00002506    -0.00057642     0.18810920     0.33431482
       48    -0.00021251    -0.00007863    -0.00017072    -0.00044810     0.25424125     0.29082377
       49    -0.00011636    -0.00007336    -0.00009978    -0.00026953     0.30911824     0.23681398
       50    -0.00001632    -0.00013876     0.00009743    -0.00027099     0.35152865     0.17512409
       51     0.00002252    -0.00023934     0.00017739    -0.00045530     0.38092840     0.10858815
       52    -0.00000741    -0.00030097     0.00004546    -0.00060198     0.39737736     0.03986213
       53    -0.00004859    -0.00027742    -0.00013499    -0.00054098     0.40142380    -0.02860978
       54    -0.00003059    -0.00019355    -0.00014672    -0.00035420     0.39401889    -0.09473956
       55     0.00006439    -0.00012420     0.00002257    -0.00026988     0.37638342    -0.15683576
       56     0.00018305    -0.00012676     0.00017309    -0.00039041     0.34994509    -0.21350539
       57     0.00024806    -0.00018904     0.00013218    -0.00057857     0.31627936    -0.26370375
       58     0.00022761    -0.00024039    -0.00004907    -0.00062387     0.27693116    -0.30684318
       59     0.00016401    -0.00021616    -0.00016227    -0.00048370     0.23341695    -0.34261718
       60     0.00013520    -0.00011685    -0.00008130    -0.00032459     0.18719553    -0.37097731
       61     0.00015619    -0.00004158     0.00002422    -0.00030090     0.13896208    -0.39224387
       62     0.00017832    -0.00001960     0.00003578    -0.00033265     0.08951435    -0.40672271
       63     0.00019329    -0.00000931     0.00001742    -0.00036021     0.04010903    -0.41470227
       64     0.00019303    -0.00000198    -0.00001092    -0.00035950    -0.00837906    -0.41659645
       65     0.00018060     0.00001381    -0.00001912    -0.00033706    -0.05523685    -0.41291646
       66     0.00016758     0.00004194     0.00000094    -0.00032228    -0.09991516    -0.40422244
       67     0.00016398     0.00007505     0.00002732    -0.00033579    -0.14190810    -0.39112094
       68     0.00016968     0.00010089     0.00003185    -0.00036809    -0.18083038    -0.37425032
       69     0.00017486     0.00011279     0.00000952    -0.00039019    -0.21644613    -0.35423983
       70     0.00016877     0.00011530    -0.00001689    -0.00038402    -0.24865040    -0.33167663
       71     0.00014931     0.00011992    -0.00002089    -0.00036059    -0.27738742    -0.30713322
       72     0.00012484     0.00013504     0.00000082    -0.00034799    -0.30267606    -0.28114545
       73     0.00010711     0.00015878     0.00002578    -0.00036277    -0.32459819    -0.25420624
       74     0.00010131     0.00018073     0.00002878    -0.00039384    -0.34326571    -0.22679441
       75     0.00010200     0.00019096     0.00000674    -0.00041420    -0.35887957    -0.19927774
       76     0.00009801     0.00018842    -0.00001884    -0.00040765    -0.37164457    -0.17200350
       77     0.00008215     0.00018182    -0.00002336    -0.00038434    -0.38177310    -0.14530722
       78     0.00005738     0.00018213    -0.00000287    -0.00037018    -0.38952340    -0.11940726
       79     0.00003421     0.00019337     0.00002281    -0.00038185    -0.39514070    -0.09451280
       80     0.00002193     0.00020951     0.00002945    -0.00041135    -0.39886326    -0.07083129
       81     0.00003874     0.00021106    -0.00002598    -0.00042129    -0.40107932    -0.04834229
       82     0.00005861     0.00017716    -0.00009212    -0.00035698    -0.40201573    -0.02694639
       83     0.00003816     0.00013443    -0.00007128    -0.00026810    -0.40172353    -0.00671701
       84    -0.00001217     0.00011927     0.00001699    -0.00023862    -0.40036954     0.01225167
       85    -0.00005706     0.00014440     0.00009242    -0.00029750    -0.39810971     0.02995913
       86    -0.00006582     0.00018879     0.00008752    -0.00039394    -0.39508309     0.04638154
       87    -0.00003758     0.00021555     0.00000744    -0.00044448    -0.39141171     0.06150736
       88    -0.00000148     0.00020261    -0.00007621    -0.00040759    -0.38719738     0.07533535
       89     0.00000777     0.00016053    -0.00008977    -0.00031921    -0.38251732     0.08787233
       90    -0.00002158     0.00012326    -0.00002174    -0.00025967    -0.37741762     0.09913153
       91    -0.00006920     0.00011995     0.00006869    -0.00028330    -0.37190268     0.10913064
       92    -0.00010001     0.00015130     0.00010401    -0.00037245    -0.36590580     0.11792551
       93    -0.00009303     0.00018963     0.00005474    -0.00045420    -0.35927605     0.12553743
       94    -0.00005809     0.00020212    -0.00003675    -0.00046318    -0.35170324     0.13198837
       95    -0.00002682     0.00017739    -0.00009324    -0.00039622    -0.34257300     0.13730010
       96    -0.00002608     0.00013367    -0.00006743    -0.00031374    -0.33060999     0.14149378
       97    -0.00005578     0.00010145     0.00002016    -0.00028897    -0.31281859     0.14462021
       98    -0.00008928     0.00009380     0.00009989    -0.00034881    -0.28054021     0.14669677
       99    -0.00009483     0.00007801     0.00010999    -0.00045405    -0.19649670     0.14776363
      100    -0.00007379    -0.00006900     0.00002332    -0.00049898     0.12593590     0.14796009
      101    -0.00011023    -0.00023295    -0.00004525    -0.00036148     0.44791792     0.14716880
      102    -0.00009903    -0.00022786    -0.00002337    -0.00020955     0.47146450     0.14528380
      103    -0.00000138    -0.00021278     0.00004497    -0.00014576     0.45157213     0.14252896
      104     0.00009043    -0.00027897     0.00011314    -0.00015853     0.43940626     0.13898184
      105     0.00010137    -0.00039175     0.00013573    -0.00021892     0.43252704     0.13463957
      106     0.00002299    -0.00046878     0.00009765    -0.00027409     0.42870705     0.12944972
      107    -0.00008263    -0.00045359     0.00002839    -0.00027934     0.42675657     0.12340025
      108    -0.00013280    -0.00036068    -0.00001981    -0.00023029     0.42600304     0.11651903
      109    -0.00008819    -0.00026366    -0.00001205    -0.00016521     0.42604675     0.10879361
      110     0.00001799    -0.00023831     0.00004257    -0.00013483     0.42664186     0.10013095
      111     0.00010634    -0.00030540     0.00009844    -0.00016282     0.42758302     0.09056009
      112     0.00011179    -0.00041615     0.00010915    -0.00022760     0.42870894     0.08011210
      113     0.00003168    -0.00048999     0.00006344    -0.00027948     0.42989200     0.06877965
      114    -0.00007353    -0.00047465    -0.00000649    -0.00027943     0.43101763     0.05655816
      115    -0.00012580    -0.00038394    -0.00005039    -0.00022902     0.43198645     0.04336428
      116    -0.00008681    -0.00028628    -0.00003898    -0.00016880     0.43268321     0.02924148
      117     0.00001534    -0.00025411     0.00001369    -0.00014649     0.43299814     0.01423876
      118     0.00010769    -0.00031185     0.00006143    -0.00018013     0.43282612    -0.00167112
      119     0.00012531    -0.00041952     0.00006178    -0.00024445     0.43205606    -0.01846738
      120     0.00005714    -0.00050244     0.00000859    -0.00029059     0.43057455    -0.03612130
      121    -0.00006070    -0.00050068    -0.00007087    -0.00028068     0.42828619    -0.05455467
      122    -0.00014522    -0.00040309    -0.00012145    -0.00021343     0.42509345    -0.07364072
      123    -0.00012441    -0.00027596    -0.00010371    -0.00013876     0.42087096    -0.09336465
      124    -0.00001289    -0.00020894    -0.00003862    -0.00011322     0.41550061    -0.11369931
      125     0.00011280    -0.00024929     0.00001668    -0.00015523     0.40888284    -0.13452577
      126     0.00016736    -0.00037063     0.00001239    -0.00023135     0.40089823    -0.15579122
      127     0.00011468    -0.00049209    -0.00005612    -0.00028187     0.39143919    -0.17738912
      128    -0.00000858    -0.00053401    -0.00014497    -0.00026640     0.38042162    -0.19916233
      129    -0.00011939    -0.00047115    -0.00019560    -0.00019410     0.36775489    -0.22097848
      130    -0.00014430    -0.00034825    -0.00017893    -0.00011622     0.35333337    -0.24272434
      131    -0.00006767    -0.00024911    -0.00011693    -0.00008719     0.33707836    -0.26423414
      132     0.00005928    -0.00024085    -0.00006566    -0.00012355     0.31892349    -0.28532658
      133     0.00015324    -0.00033067    -0.00007288    -0.00019187     0.29881705    -0.30580535
      134     0.00015331    -0.00046246    -0.00014223    -0.00023411     0.27675548    -0.32543333
      135     0.00005969    -0.00055421    -0.00023091    -0.00021119     0.25269672    -0.34401702
      136    -0.00006786    -0.00055099    -0.00028186    -0.00013187     0.22661380    -0.36134203
      137    -0.00014919    -0.00045908    -0.00026629    -0.00004583     0.19857038    -0.37713514
      138    -0.00013455    -0.00034071    -0.00020470    -0.00000635     0.16866411    -0.39112499
      139    -0.00003502    -0.00027402    -0.00015119    -0.00003071     0.13695100    -0.40307259
      140     0.00008580    -0.00030423    -0.00015300    -0.00008775     0.10355397    -0.41271496
      141     0.00014668    -0.00041490    -0.00021513    -0.00011806     0.06864225    -0.41979045
      142     0.00010952    -0.00053686    -0.00029374    -0.00008368     0.03241024    -0.42404368
      143     0.00000185    -0.00059983    -0.00033431     0.00000281    -0.00488089    -0.42522856
      144    -0.00011200    -0.00057199    -0.00031092     0.00009436    -0.04300100    -0.42311988
      145    -0.00016504    -0.00047695    -0.00024341     0.00014139    -0.08164097    -0.41750623
      146    -0.00012754    -0.00037827    -0.00018238     0.00012805    -0.12045286    -0.40820233
      147    -0.00002360    -0.00034098    -0.00017187     0.00008339    -0.15901358    -0.39507043
      148     0.00008445    -0.00039337    -0.00021713     0.00005980    -0.19690687    -0.37800723
      149     0.00013331    -0.00051149    -0.00028095     0.00009460    -0.23372021    -0.35693215
      150     0.00009543    -0.00063432    -0.00031079     0.00018282    -0.26894252    -0.33185317
      151    -0.00000633    -0.00069971    -0.00027667     0.00028103    -0.30207956    -0.30282002
      152    -0.00011285    -0.00067952    -0.00019251     0.00033843    -0.33262267    -0.26994486
      153    -0.00016269    -0.00059472    -0.00010603     0.00033318    -0.36005623    -0.23340721
      154    -0.00012702    -0.00050228    -0.00006409     0.00028778    -0.38386623    -0.19345812
      155    -0.00002453    -0.00046228    -0.00007909     0.00025231    -0.40354999    -0.15042349
      156     0.00009050    -0.00050468    -0.00012053     0.00026816    -0.41863674    -0.10466628
      157     0.00015866    -0.00061391    -0.00013690     0.00033840    -0.42866022    -0.05670454
      158     0.00014763    -0.00073829    -0.00009236     0.00042531    -0.43321788    -0.00713744
      159     0.00006905    -0.00081883     0.00000768     0.00047689    -0.43197681     0.04344469
      160    -0.00002917    -0.00082084     0.00012033     0.00046327    -0.42466558     0.09434309
      161    -0.00010368    -0.00074837     0.00020264     0.00039275    -0.41107252     0.14479638
      162    -0.00011077    -0.00063322     0.00022339     0.00030412    -0.39112614     0.19395078
      163    -0.00002793    -0.00053706     0.00018800     0.00025488    -0.36490633     0.24092497
      164     0.00010728    -0.00051377     0.00014931     0.00027169    -0.33254903     0.28489126
      165     0.00023149    -0.00057810     0.00016173     0.00033145    -0.29432935     0.32497627
      166     0.00028833    -0.00069936     0.00024301     0.00037758    -0.25068795     0.36029448
      167     0.00025615    -0.00081819     0.00036187     0.00035915    -0.20217458     0.39002958
      168     0.00015759    -0.00087678     0.00045915     0.00026574    -0.14943135     0.41343481
      169     0.00004710    -0.00084746     0.00048772     0.00013456    -0.09326304     0.42981023
      170    -0.00001697    -0.00074534     0.00044392     0.00002492    -0.03464152     0.43855042
      171    -0.00000077    -0.00061985     0.00036904    -0.00002183     0.02542952     0.43918868
      172     0.00008895    -0.00053012     0.00032031    -0.00000965     0.08580683     0.43138660
      173     0.00020921    -0.00051643     0.00033151     0.00001604     0.14518679     0.41499695
      174     0.00030261    -0.00058212     0.00039031     0.00000033     0.20233728     0.39004045
      175     0.00032391    -0.00069353     0.00044683    -0.00008391     0.25602553     0.35668681
      176     0.00026049    -0.00079676     0.00044690    -0.00021729     0.30490115     0.31536121
      177     0.00013734    -0.00084333     0.00036809    -0.00034632     0.34766073     0.26672379
      178     0.00000437    -0.00081229     0.00023402    -0.00041830     0.38311122     0.21162913
      179    -0.00008649    -0.00071917     0.00009854    -0.00041477     0.41018448     0.15110089
      180    -0.00010463    -0.00060840     0.00001047    -0.00036221     0.42792790     0.08639254
      181    -0.00007599    -0.00052855    -0.00003095    -0.00031110     0.43559945     0.01902146
      182    -0.00002644    -0.00049792    -0.00004832    -0.00028719     0.43269449    -0.04938600
      183     0.00003203    -0.00052966    -0.00006516    -0.00030227     0.41893361    -0.11717211
      184     0.00006251    -0.00061784    -0.00011798    -0.00034127     0.39431954    -0.18260312
      185     0.00004052    -0.00073465    -0.00022001    -0.00036594     0.35917509    -0.24383823
      186    -0.00003543    -0.00084297    -0.00035162    -0.00033952     0.31412767    -0.29910323
      187    -0.00014357    -0.00091231    -0.00047199    -0.00025028     0.26011679    -0.34670404
      188    -0.00024835    -0.00093122    -0.00054403    -0.00011886     0.19838723    -0.38508334
      189    -0.00031480    -0.00091131    -0.00055643     0.00001476     0.13047161    -0.41287788
      190    -0.00032256    -0.00088178    -0.00052924     0.00011603     0.05820281    -0.42896856
      191    -0.00027372    -0.00087665    -0.00049945     0.00017704    -0.01644682    -0.43256336
      192    -0.00019038    -0.00092039    -0.00049608     0.00021942    -0.09129864    -0.42319886
      193    -0.00010493    -0.00101845    -0.00052136     0.00027896    -0.16410275    -0.40078152
      194    -0.00004715    -0.00115513    -0.00054884     0.00038142    -0.23255529    -0.36560524
      195    -0.00003234    -0.00129984    -0.00053992     0.00052451    -0.29430262    -0.31842891
      196    -0.00005593    -0.00141896    -0.00046796     0.00067768    -0.34711783    -0.26047258
      197    -0.00009641    -0.00148810    -0.00033482     0.00079930    -0.38899592    -0.19339644
      198    -0.00012362    -0.00150027    -0.00017014     0.00086017    -0.41827965    -0.11914029
      199    -0.00011080    -0.00146761    -0.00001431     0.00085933    -0.43361546    -0.04000490
      200    -0.00004528    -0.00141551     0.00010490     0.00082254    -0.43406484     0.04130321
      201     0.00000299    -0.00136295     0.00022173     0.00076870    -0.41919685     0.12191533
      202     0.00003167    -0.00128819     0.00032827     0.00068339    -0.38919631     0.19886814
      203     0.00010918    -0.00120440     0.00038633     0.00059939    -0.34485824     0.26927201
      204     0.00022334    -0.00113977     0.00042144     0.00054159    -0.28747273     0.33040424
      205     0.00034807    -0.00111195     0.00046730     0.00050714    -0.21889239     0.37974661
      206     0.00045223    -0.00112275     0.00054334     0.00046830    -0.14147784     0.41513891
      207     0.00050976    -0.00115826     0.00064085     0.00039058    -0.05807189     0.43488029
      208     0.00050788    -0.00119484     0.00072656     0.00025511     0.02817250     0.43785963
      209     0.00045014    -0.00120788     0.00076073     0.00007173     0.11391346     0.42359178
      210     0.00035463    -0.00118082     0.00071921    -0.00012421     0.19569747     0.39224929
      211     0.00024697    -0.00111127     0.00060674    -0.00028992     0.27002073     0.34474633
      212     0.00015185    -0.00101195     0.00045361    -0.00039684     0.33357871     0.28274520
      213     0.00008556    -0.00090716     0.00029848    -0.00044365     0.38345280     0.20857628
      214     0.00005125    -0.00082559     0.00016731    -0.00045344     0.41721574     0.12517961
      215     0.00003892    -0.00079200     0.00006062    -0.00045710     0.43307099     0.03592093
      216     0.00002967    -0.00082031    -0.00004356    -0.00047287     0.42990424    -0.05533259
      217     0.00000277    -0.00091002    -0.00017352    -0.00049413     0.40745763    -0.14448064
      218    -0.00005671    -0.00104717    -0.00034386    -0.00049226     0.36633936    -0.22745577
      219    -0.00015261    -0.00120912    -0.00054330    -0.00043274     0.30804620    -0.30028895
      220    -0.00027564    -0.00137126    -0.00073717    -0.00029509     0.23497407    -0.35932588
      221    -0.00044480    -0.00148491    -0.00087561    -0.00005914     0.15042003    -0.40148157
      222    -0.00061546    -0.00151242    -0.00089441     0.00022852     0.05822136    -0.42444565
      223    -0.00069978    -0.00148918    -0.00080410     0.00046745    -0.03734583    -0.42675638
      224    -0.00067509    -0.00145358    -0.00066558     0.00061630    -0.13165999    -0.40794355
      225    -0.00054536    -0.00144707    -0.00054648     0.00068669    -0.22003141    -0.36857529
      226    -0.00033876    -0.00150066    -0.00048303     0.00073157    -0.29796719    -0.31024180
      227    -0.00009892    -0.00162520    -0.00046099     0.00081092    -0.36132998    -0.23555231
      228     0.00012713    -0.00180773    -0.00042555     0.00095429    -0.40659664    -0.14807632
      229     0.00030177    -0.00201497    -0.00031443     0.00114063    -0.43112499    -0.05212599
      230     0.00040548    -0.00220232    -0.00009564     0.00130675    -0.43329158     0.04742257
      231     0.00044002    -0.00232576     0.00021094     0.00137936    -0.41261770     0.14536895
      232     0.00042554    -0.00235324     0.00053973     0.00131319    -0.36983895     0.23645790
      233     0.00039283    -0.00227250     0.00080978     0.00111464    -0.30691082     0.31566472
      234     0.00037338    -0.00209375     0.00096282     0.00083871    -0.22694661     0.37848182
      235     0.00038985    -0.00184678     0.00098897     0.00056121    -0.13404694     0.42120236
      236     0.00044961    -0.00157377     0.00092659     0.00034186    -0.03322060     0.44110232
      237     0.00054260    -0.00131979     0.00083786     0.00019723     0.06997355     0.43670802
      238     0.00064372    -0.00112337     0.00077294     0.00009807     0.16965698     0.40791282
      239     0.00071937    -0.00100908     0.00074248    -0.00000856     0.26005345     0.35602763
      240     0.00073594    -0.00098401     0.00071297    -0.00016480     0.33581657     0.28370614
      241     0.00064132    -0.00104975     0.00061575    -0.00038720     0.39237134     0.19490849
      242     0.00042680    -0.00115508     0.00039141    -0.00060737     0.42610870     0.09462235
      243     0.00013759    -0.00125066     0.00006114    -0.00072971     0.43459218    -0.01129299
      244    -0.00018682    -0.00131812    -0.00030866    -0.00070377     0.41699224    -0.11653770
      245    -0.00049934    -0.00135341    -0.00063407    -0.00052989     0.37402784    -0.21475482
      246    -0.00075453    -0.00136741    -0.00085032    -0.00025809     0.30801278    -0.29980203
      247    -0.00091739    -0.00138259    -0.00093842     0.00003705     0.22273523    -0.36626496
      248    -0.00096988    -0.00142645    -0.00092810     0.00029211     0.12326528    -0.40977592
      249    -0.00091277    -0.00152361    -0.00087650     0.00048235     0.01567206    -0.42732049
      250    -0.00076408    -0.00168847    -0.00083485     0.00062810    -0.09337330    -0.41746072
      251    -0.00055399    -0.00191997    -0.00081997     0.00077704    -0.19692002    -0.38046139
      252    -0.00031737    -0.00220021    -0.00080550     0.00097226    -0.28818633    -0.31837588
      253    -0.00008662    -0.00249688    -0.00073659     0.00122316    -0.36111477    -0.23490067
      254     0.00011479    -0.00276903    -0.00056131     0.00149336    -0.41067819    -0.13523106
      255     0.00027506    -0.00297497    -0.00026186     0.00171340    -0.43328535    -0.02579327
      256     0.00039430    -0.00308004     0.00013059     0.00181084    -0.42709555     0.08627190
      257     0.00048204    -0.00306310     0.00054368     0.00174339    -0.39212854     0.19349092
      258     0.00055195    -0.00292054     0.00089216     0.00151887    -0.33035258     0.28850241
      259     0.00061632    -0.00266676     0.00111204     0.00119191    -0.24566123     0.36458705
      260     0.00068247    -0.00233164     0.00118401     0.00083990    -0.14361225     0.41623229
      261     0.00069316    -0.00198341     0.00115462     0.00049728    -0.03102023     0.43950728
      262     0.00064355    -0.00163470     0.00103336     0.00019063     0.08433216     0.43237603
      263     0.00058750    -0.00128425     0.00084272    -0.00002353     0.19418610     0.39495904
      264     0.00052411    -0.00097521     0.00064139    -0.00014994     0.29066409     0.32953924
      265     0.00044665    -0.00074621     0.00046357    -0.00022453     0.36666725     0.24043259
      266     0.00034512    -0.00062579     0.00030640    -0.00028879     0.41637272     0.13383013
      267     0.00020992    -0.00062868     0.00013748    -0.00036314     0.43580725     0.01727909
      268     0.00003560    -0.00075422    -0.00008159    -0.00043223     0.42312182    -0.10073493
      269    -0.00017567    -0.00098700    -0.00036767    -0.00044988     0.37883064    -0.21142437
      270    -0.00041222    -0.00129989    -0.00069889    -0.00036161     0.30584711    -0.30635684
      271    -0.00065295    -0.00165842    -0.00101643    -0.00013346     0.20933660    -0.37811141
      272    -0.00086930    -0.00202604    -0.00124514     0.00022704     0.09630858    -0.42090170
      273    -0.00102926    -0.00236902    -0.00132336     0.00066750    -0.02472102    -0.43097284
      274    -0.00110273    -0.00266016    -0.00122832     0.00110780    -0.14438990    -0.40704550
      275    -0.00106679    -0.00288108    -0.00098479     0.00146928    -0.25323921    -0.35048270
      276    -0.00091076    -0.00302259    -0.00065377     0.00170248    -0.34235766    -0.26532823
      277    -0.00063866    -0.00308393    -0.00030636     0.00180118    -0.40425067    -0.15804152
      278    -0.00026999    -0.00307086     0.00000468     0.00179671    -0.43347123    -0.03697219
      279     0.00016103    -0.00299296     0.00026176     0.00173554    -0.42705891     0.08810242
      280     0.00061008    -0.00286170     0.00048041     0.00165254    -0.38495710     0.20679516
      281     0.00089386    -0.00271563     0.00075745     0.00150770    -0.31008162     0.30893265
      282     0.00097980    -0.00251861     0.00103507     0.00121825    -0.20835208     0.38549246
      283     0.00099068    -0.00222677     0.00117397     0.00084004    -0.08817789     0.42951413
      284     0.00093058    -0.00186675     0.00115187     0.00044742     0.04026838     0.43666635
      285     0.00080789    -0.00147608     0.00098968     0.00011203     0.16586230     0.40573992
      286     0.00063365    -0.00109908     0.00073953    -0.00012169     0.27742587     0.33884096
      287     0.00042068    -0.00078170     0.00046082    -0.00024723     0.36468506     0.24137375
      288     0.00018298    -0.00056582     0.00019575    -0.00028907     0.41929100     0.12168620
      289    -0.00006461    -0.00048386    -0.00004403    -0.00028206     0.43567034    -0.00962820
      290    -0.00030655    -0.00055431    -0.00027336    -0.00024790     0.41162262    -0.14054731
      291    -0.00052658    -0.00077875    -0.00051492    -0.00018087     0.34867901    -0.25876389
      292    -0.00070785    -0.00114106    -0.00077573    -0.00005065     0.25209702    -0.35278920
      293    -0.00083391    -0.00160852    -0.00103157     0.00017933     0.13056992    -0.41306857
      294    -0.00088972    -0.00213510    -0.00122767     0.00052669    -0.00451968    -0.43305701
      295    -0.00086315    -0.00266660    -0.00129715     0.00097020    -0.14003219    -0.40997194
      296    -0.00074742    -0.00314688    -0.00118896     0.00144716    -0.26238247    -0.34526188
      297    -0.00054315    -0.00352437    -0.00089244     0.00186913    -0.35884812    -0.24464103
      298    -0.00026014    -0.00375828    -0.00044703     0.00215071    -0.41890024    -0.11776032
      299     0.00008167    -0.00382360     0.00006839     0.00223864    -0.43547402     0.02262028
      300     0.00045278    -0.00371437     0.00056198     0.00212782    -0.40588556     0.16188837
      301     0.00056957    -0.00348937     0.00108522     0.00178193    -0.33226125     0.28490716
      302     0.00042339    -0.00311403     0.00146114     0.00114855    -0.22189292     0.37779780
      303     0.00027285    -0.00254154     0.00144348     0.00045505    -0.08642545     0.42979771
      304     0.00013987    -0.00184858     0.00109580    -0.00006638     0.05945281     0.43437751
      305     0.00003849    -0.00113051     0.00060581    -0.00028414     0.19947389     0.39016975
      306    -0.00002594    -0.00048902     0.00018758    -0.00021991     0.31752999     0.30131444
      307    -0.00005585    -0.00001854    -0.00002561    -0.00002330     0.39950830     0.17727205
      308    -0.00005935     0.00020650    -0.00004355     0.00011817     0.43509863     0.03191057
      309    -0.00004723     0.00014240    -0.00000404     0.00008749     0.41915185    -0.11787557
      310    -0.00002979    -0.00021694    -0.00008784    -0.00009223     0.35256121    -0.25413335
      311    -0.00001393    -0.00083795    -0.00040755    -0.00026474     0.24241351    -0.35994176
      312    -0.00000106    -0.00165061    -0.00092911    -0.00022282     0.10138468    -0.42155152
      313     0.00001322    -0.00255711    -0.00146943     0.00017497    -0.05348227    -0.43020050
      314     0.00003767    -0.00344443    -0.00177508     0.00091330    -0.20268093    -0.38356027
      315     0.00008241    -0.00419996    -0.00164555     0.00180423    -0.32669569    -0.28642673
      316     0.00015507    -0.00472726    -0.00103878     0.00255890    -0.40860302    -0.15046434
      317     0.00025751    -0.00496011    -0.00010387     0.00291364    -0.43649757     0.00708718
      318     0.00038291    -0.00487234     0.00087730     0.00274799    -0.40527312     0.16538304
      319     0.00051525    -0.00448243     0.00161203     0.00213614    -0.31774988     0.30255789
      320     0.00063098    -0.00385214     0.00192250     0.00130485    -0.18479157     0.39876921
      321     0.00044965    -0.00323233     0.00190883     0.00037405    -0.02430044     0.43911591
      322     0.00000219    -0.00263079     0.00148511    -0.00050044     0.14074664     0.41653522
      323    -0.00043416    -0.00193626     0.00070512    -0.00094552     0.28611015     0.33324572
      324    -0.00080601    -0.00125966    -0.00008347    -0.00088177     0.38995297     0.20046080
      325    -0.00106403    -0.00071145    -0.00058941    -0.00047119     0.43590833     0.03715243
      326    -0.00116821    -0.00038552    -0.00072161    -0.00000757     0.41585984    -0.13241515
      327    -0.00109355    -0.00034490    -0.00061680     0.00026054     0.33159553    -0.28225061
      328    -0.00083479    -0.00061125    -0.00053583     0.00027469     0.19496387    -0.38855982
      329    -0.00040924    -0.00116021    -0.00068746     0.00019618     0.02653716    -0.43359692
      330     0.00014353    -0.00192402    -0.00108098     0.00030102    -0.14740480    -0.40882924
      331     0.00076433    -0.00280128    -0.00149532     0.00079680    -0.29860834    -0.31672920
      332     0.00137991    -0.00367335    -0.00158942     0.00166550    -0.40154243    -0.17104166
      333     0.00191180    -0.00442429    -0.00109893     0.00262638    -0.43786317     0.00507746
      334     0.00228418    -0.00496167    -0.00001187     0.00324954    -0.39978914     0.18228239
      335     0.00243482    -0.00523252     0.00137886     0.00316749    -0.29212065     0.32992673
      336     0.00232457    -0.00523291     0.00258260     0.00227403    -0.13211652     0.42125602
      337     0.00194598    -0.00500805     0.00313032     0.00080193     0.05279506     0.43848723
      338     0.00133138    -0.00464273     0.00279293    -0.00076746     0.22957149     0.37660149
      339     0.00055373    -0.00424574     0.00168356    -0.00191677     0.36512230     0.24501298
      340    -0.00027691    -0.00392894     0.00019225    -0.00231727     0.43264850     0.06677763
      341    -0.00114730    -0.00373923    -0.00126995    -0.00190574     0.41780312    -0.12472239
      342    -0.00194028    -0.00352507    -0.00221606    -0.00075995     0.32189762    -0.29231314
      343    -0.00242453    -0.00331503    -0.00230849     0.00058695     0.16197567    -0.40261895
      344    -0.00251219    -0.00313591    -0.00170693     0.00158269    -0.03130376    -0.43260973
      345    -0.00217190    -0.00299906    -0.00086500     0.00196825    -0.21949338    -0.37465869
      346    -0.00143782    -0.00290265    -0.00022827     0.00187706    -0.36395332    -0.23893809
      347    -0.00040644    -0.00283906     0.00003874     0.00168662    -0.43391099    -0.05198127
      348     0.00077767    -0.00280452     0.00012691     0.00172184    -0.41308326     0.14801567
      349     0.00194521    -0.00280977     0.00041257     0.00200035    -0.30396458     0.31862284
      350     0.00293132    -0.00288754     0.00114755     0.00218803    -0.12824507     0.42228168
      351     0.00360401    -0.00309299     0.00220731     0.00180826     0.07694927     0.43468579
      352     0.00388676    -0.00349421     0.00307168     0.00058825     0.26640608     0.35093858
      353     0.00377254    -0.00415304     0.00307828    -0.00126987     0.39668175     0.18777531
      354     0.00332519    -0.00510179     0.00181962    -0.00307737     0.43615769    -0.01904077
      355     0.00266751    -0.00632168    -0.00054455    -0.00394589     0.37318742    -0.22189320
      356     0.00195893    -0.00773053    -0.00325482    -0.00323600     0.22014616    -0.37203371
      357     0.00136249    -0.00918819    -0.00524550    -0.00092670     0.01192803    -0.43133194
      358     0.00100825    -0.01051896    -0.00562432     0.00230453    -0.20124972    -0.38241329
      359     0.00096110    -0.01154898    -0.00409094     0.00534227    -0.36539923    -0.23446131
      360     0.00120123    -0.01214933    -0.00108024     0.00710485    -0.43647923    -0.02286394
      361     0.00067379    -0.01227271     0.00293059     0.00670441    -0.39240459     0.19781621
      362    -0.00069417    -0.01183094     0.00614509     0.00355551    -0.24270508     0.36792330
      363    -0.00195591    -0.01082046     0.00655947    -0.00078033    -0.02665246     0.44055699
      364    -0.00306528    -0.00944376     0.00423501    -0.00418430     0.19795291     0.39405858
      365    -0.00394839    -0.00794350     0.00059853    -0.00524977     0.36896272     0.23900624
      366    -0.00449123    -0.00656273    -0.00249761    -0.00396892     0.43717833     0.01682575
      367    -0.00455307    -0.00550477    -0.00387746    -0.00152620     0.38092279    -0.21045714
      368    -0.00400149    -0.00489997    -0.00360712     0.00061591     0.21372085    -0.37703410
      369    -0.00275960    -0.00478618    -0.00269256     0.00170380    -0.01780581    -0.43239982
      370    -0.00084776    -0.00511066    -0.00215931     0.00208279    -0.24592596    -0.35718207
      371     0.00159739    -0.00575743    -0.00218109     0.00273318    -0.40100985    -0.17090758
      372     0.00433719    -0.00659954    -0.00190044     0.00428468    -0.43299087     0.07162978
      373     0.00707763    -0.00756243    -0.00012310     0.00622886    -0.32834035     0.29534013
      374     0.00953648    -0.00867583     0.00354927     0.00696581    -0.11692288     0.42756452
      375     0.01151211    -0.01008932     0.00794999     0.00478773     0.13481881     0.42217017
      376     0.01293921    -0.01203057     0.01058474    -0.00074997     0.34353450     0.27683253
      377     0.01390953    -0.01471928     0.00892655    -0.00796885     0.43614352     0.03711802
      378     0.01465255    -0.01825881     0.00210513    -0.01341926     0.37628564    -0.21577330
      379     0.01548176    -0.02254947    -0.00801577    -0.01345356     0.18028136    -0.39122580
      380     0.01671098    -0.02727414    -0.01714889    -0.00630139    -0.08442159    -0.42172120
      381     0.01629479    -0.03157751    -0.01918388     0.00707494    -0.31837476    -0.29134197
      382     0.01390486    -0.03481168    -0.01024941     0.01922881    -0.43105128    -0.04747715
      383     0.01163472    -0.03706319     0.00495478     0.02230415    -0.37785492     0.21773756
      384     0.00948607    -0.03842488     0.01860508     0.01432660    -0.17622292     0.40087461
      385     0.00742737    -0.03917272     0.02367614    -0.00083557     0.09676461     0.42738198
      386     0.00549234    -0.03968526     0.01764340    -0.01571643     0.33237406     0.28313635
      387     0.00385830    -0.04032524     0.00350536    -0.02328094     0.43285128     0.02342113
      388     0.00287367    -0.04132252    -0.01216217    -0.02031929     0.35265652    -0.24584133
      389     0.00299343    -0.04270818    -0.02268327    -0.00846994     0.12116410    -0.40992739
      390     0.00462113    -0.04432896    -0.02415695     0.00727686    -0.16510830    -0.39440641
      391     0.00795845    -0.04594535    -0.01634640     0.02117875    -0.38060143    -0.20096584
      392     0.01291829    -0.04739531    -0.00179085     0.02870446    -0.42560004     0.08795508
      393     0.01916143    -0.04876027     0.01549819     0.02708643    -0.27428468     0.34151428
      394     0.02625718    -0.05044331     0.03052255     0.01521344     0.00770278     0.43905802
      395     0.03383399    -0.05308142     0.03717744    -0.00569724     0.28860787     0.32937425
      396     0.04168131    -0.05727515     0.02925131    -0.03021610     0.43170112     0.06086922
      397     0.04972516    -0.06332453     0.00421083    -0.04752083     0.36423583    -0.23723194
      398     0.05785144    -0.07115079    -0.03134476    -0.04450238     0.11760928    -0.41763807
      399     0.06561323    -0.08035589    -0.05987448    -0.01468198    -0.18596470    -0.39067291
      400     0.07205446    -0.09031557    -0.06057383     0.03227261    -0.39566023    -0.17096340
