#    Step        Prob(0)        Prob(1)        Prob(2)        
        0    -0.00000000    -0.00000000     0.00000000
        1     0.00000000     0.00000118     0.00000000
        2     0.00000000     0.00000425     0.00000000
        3     0.00000001     0.00000799     0.00000000
        4     0.00000001     0.00001167     0.00000000
        5     0.00000000     0.00001447     0.00000000
        6     0.00000001     0.00001572     0.00000000
        7     0.00000006     0.00001517     0.00000000
        8     0.00000003     0.00001326     0.00000000
        9     0.00000000     0.00001117     0.00000000
       10     0.00000003     0.00001091     0.00000000
       11     0.00000012     0.00001516     0.00000000
       12     0.00000005     0.00002727     0.00000000
       13     0.00000000     0.00005132     0.00000000
       14     0.00000004     0.00009273     0.00000000
       15     0.00000016     0.00015944     0.00000000
       16     0.00000008     0.00026479     0.00000000
       17     0.00000000     0.00043377     0.00000000
       18     0.00000001     0.00071672     0.00000000
       19     0.00000017     0.00122163     0.00000000
       20     0.00000013     0.00219691     0.00000000
       21     0.00000000     0.00124018     0.00000000
       22     0.00000000     0.00118153     0.00000000
       23     0.00000029     0.00109584     0.00000000
       24     0.00000064     0.00113812     0.00000000
       25     0.00000000     0.00167639     0.00000000
       26     0.00000000     0.00358160     0.00000000
       27     0.00000000     0.00901838     0.00000000
       28     0.00000076     0.02375404     0.00000000
       29     0.00000043     0.06390872     0.00000000
       30     0.00000000     0.17107604     0.00000000
       31     0.00000000     0.39038679     0.00000000
       32     0.00000065     0.44605352     0.00000000
       33     0.00000050     0.00000000     0.00000000
       34     0.00000000     0.00000000     0.00000000
       35     0.00000000     0.00000000     0.00000000
       36     0.00000101     0.00000000     0.00000000
       37     0.00000077     0.00000000     0.00000000
       38     0.00000000     0.00000000     0.00000000
       39     0.00000000     0.00000000     0.00000000
       40     0.00000000     0.00000000     0.00000000
       41     0.00000018     0.00000000     0.00000000
       42     0.00000000     0.00000000     0.00000000
       43     0.00000000     0.00000000     0.00000000
       44     0.00000000     0.00000000     0.00000000
       45     0.00000019     0.00064994     0.00000000
       46     0.00000022     0.00223567     0.00000000
       47     0.00000000     0.00347156     0.00000000
       48     0.00000000     0.00437332     0.00000000
       49     0.00000000     0.00496818     0.00000000
       50     0.00000015     0.00529058     0.00000000
       51     0.00000028     0.00537881     0.00000000
       52     0.00000007     0.00527343     0.00000000
       53     0.00000000     0.00501440     0.00000000
       54     0.00000000     0.00463953     0.00000000
       55     0.00000004     0.00418309     0.00000000
       56     0.00000029     0.00367559     0.00000000
       57     0.00000022     0.00314322     0.00000000
       58     0.00000000     0.00260710     0.00000000
       59     0.00000000     0.00208403     0.00000000
       60     0.00000000     0.00158701     0.00000000
       61     0.00000003     0.00077036     0.00000000
       62     0.00000004     0.00048780     0.00000000
       63     0.00000002     0.00021496     0.00000000
       64     0.00000000     0.00000000     0.00000000
       65     0.00000000     0.00000000     0.00000000
       66     0.00000000     0.00000000     0.00000000
       67     0.00000003     0.00000000     0.00000000
       68     0.00000004     0.00000000     0.00000000
       69     0.00000001     0.00000000     0.00000000
       70     0.00000000     0.00000000     0.00000000
       71     0.00000000     0.00000000     0.00000000
       72     0.00000000     0.00000000     0.00000000
       73     0.00000003     0.00000000     0.00000000
       74     0.00000004     0.00000000     0.00000000
       75     0.00000001     0.00000000     0.00000000
       76     0.00000000     0.00000000     0.00000000
       77     0.00000000     0.00000000     0.00000000
       78     0.00000000     0.00000000     0.00000000
       79     0.00000003     0.00000000     0.00000000
       80     0.00000004     0.00000000     0.00000000
       81     0.00000000     0.00000000     0.00000000
       82     0.00000000     0.00000000     0.00000000
       83     0.00000000     0.00000000     0.00000000
       84     0.00000002     0.00000000     0.00000000
       85     0.00000010     0.00000000     0.00000000
       86     0.00000009     0.00000000     0.00000000
       87     0.00000001     0.00000000     0.00000000
       88     0.00000000     0.00000000     0.00000000
       89     0.00000000     0.00000000     0.00000000
       90     0.00000000     0.00000000     0.00000000
       91     0.00000007     0.00000000     0.00000000
       92     0.00000011     0.00000000     0.00000000
       93     0.00000006     0.00000000     0.00000000
       94     0.00000000     0.00000000     0.00000000
       95     0.00000000     0.00000000     0.00000000
       96     0.00000000     0.00000000     0.00000000
       97     0.00000002     0.00000000     0.00000000
       98     0.00000010     0.00000000     0.00000000
       99     0.00000010     0.00000000     0.00000000
      100     0.00000001     0.14231523     0.00000000
      101     0.00000000     0.54412426     0.00000000
      102     0.00000000     0.00000000     0.00000000
      103     0.00000000     0.00000000     0.00000000
      104     0.00000010     0.00000000     0.00000000
      105     0.00000011     0.00000000     0.00000000
      106     0.00000002     0.00000000     0.00000000
      107     0.00000000     0.00000000     0.00000000
      108     0.00000000     0.00000000     0.00000000
      109     0.00000000     0.00000000     0.00000000
      110     0.00000002     0.00000000     0.00000000
      111     0.00000011     0.00000000     0.00000000
      112     0.00000012     0.00000000     0.00000000
      113     0.00000003     0.00000000     0.00000000
      114     0.00000000     0.00000000     0.00000000
      115     0.00000000     0.00000000     0.00000000
      116     0.00000000     0.00000000     0.00000000
      117     0.00000002     0.00000000     0.00000000
      118     0.00000012     0.00000000     0.00000000
      119     0.00000014     0.00000000     0.00000000
      120     0.00000006     0.00000000     0.00000000
      121     0.00000000     0.00000000     0.00000000
      122     0.00000000     0.00000000     0.00000000
      123     0.00000000     0.00000000     0.00000000
      124     0.00000000     0.00000000     0.00000000
      125     0.00000012     0.00000000     0.00000000
      126     0.00000018     0.00000000     0.00000000
      127     0.00000012     0.00000000     0.00000000
      128     0.00000000     0.00000000     0.00000000
      129     0.00000000     0.00000000     0.00000000
      130     0.00000000     0.00000000     0.00000000
      131     0.00000000     0.00000000     0.00000000
      132     0.00000007     0.00000000     0.00000000
      133     0.00000017     0.00000000     0.00000000
      134     0.00000017     0.00000000     0.00000000
      135     0.00000007     0.00000000     0.00000000
      136     0.00000000     0.00000000     0.00000000
      137     0.00000000     0.00000000     0.00000000
      138     0.00000000     0.00000000     0.00000000
      139     0.00000000     0.00000000     0.00000000
      140     0.00000010     0.00000000     0.00000000
      141     0.00000017     0.00000000     0.00000000
      142     0.00000013     0.00000000     0.00000000
      143     0.00000000     0.00000000     0.00001821
      144     0.00000000     0.00000000     0.00016490
      145     0.00000000     0.00000000     0.00032129
      146     0.00000000     0.00000000     0.00048566
      147     0.00000000     0.00000000     0.00065569
      148     0.00000011     0.00000000     0.00082901
      149     0.00000018     0.00000000     0.00100293
      150     0.00000013     0.00000000     0.00117429
      151     0.00000000     0.00000000     0.00133987
      152     0.00000000     0.00000000     0.00149623
      153     0.00000000     0.00000000     0.00163974
      154     0.00000000     0.00000000     0.00176688
      155     0.00000000     0.00000000     0.00187430
      156     0.00000014     0.00000000     0.00195848
      157     0.00000024     0.00000000     0.00201653
      158     0.00000023     0.00000000     0.00204585
      159     0.00000011     0.00000000     0.00204432
      160     0.00000000     0.00000000     0.00201049
      161     0.00000000     0.00000000     0.00183244
      162     0.00000000     0.00000000     0.00173516
      163     0.00000000     0.00000000     0.00160847
      164     0.00000018     0.00000000     0.00145399
      165     0.00000039     0.00000000     0.00127444
      166     0.00000049     0.00000000     0.00107317
      167     0.00000044     0.00000000     0.00085436
      168     0.00000028     0.00000000     0.00062238
      169     0.00000008     0.00000000     0.00038227
      170     0.00000000     0.00000000     0.00013954
      171     0.00000000     0.00000000     0.00000000
      172     0.00000017     0.00000000     0.00000000
      173     0.00000040     0.00000000     0.00000000
      174     0.00000059     0.00000000     0.00000000
      175     0.00000064     0.00000000     0.00000000
      176     0.00000052     0.00000000     0.00000000
      177     0.00000028     0.00000000     0.00000000
      178     0.00000001     0.00000000     0.00000000
      179     0.00000000     0.00000000     0.00000000
      180     0.00000000     0.00000000     0.00000000
      181     0.00000000     0.00000000     0.00000000
      182     0.00000000     0.00000000     0.00000000
      183     0.00000006     0.00000000     0.00000000
      184     0.00000013     0.00000000     0.00000000
      185     0.00000008     0.00000000     0.00000000
      186     0.00000000     0.00000000     0.00000000
      187     0.00000000     0.00000000     0.00000000
      188     0.00000000     0.00000000     0.00000000
      189     0.00000000     0.00000000     0.00000000
      190     0.00000000     0.00000000     0.00000000
      191     0.00000000     0.00000000     0.00004151
      192     0.00000000     0.00000000     0.00023248
      193     0.00000000     0.00000000     0.00042364
      194     0.00000000     0.00000000     0.00061120
      195     0.00000000     0.00000000     0.00079089
      196     0.00000000     0.00000000     0.00095776
      197     0.00000000     0.00000000     0.00110625
      198     0.00000000     0.00000000     0.00123056
      199     0.00000000     0.00000000     0.00132393
      200     0.00000000     0.00000000     0.00137934
      201     0.00000001     0.00000000     0.00120552
      202     0.00000007     0.00000000     0.00117872
      203     0.00000025     0.00000000     0.00110118
      204     0.00000053     0.00000000     0.00096851
      205     0.00000084     0.00000000     0.00077838
      206     0.00000110     0.00000000     0.00053097
      207     0.00000126     0.00000000     0.00022994
      208     0.00000128     0.00000000     0.00000000
      209     0.00000115     0.00000000     0.00000000
      210     0.00000092     0.00000000     0.00000000
      211     0.00000065     0.00000000     0.00000000
      212     0.00000040     0.00000000     0.00000000
      213     0.00000023     0.00000000     0.00000000
      214     0.00000014     0.00000000     0.00000000
      215     0.00000011     0.00000000     0.00000000
      216     0.00000008     0.00000000     0.00000000
      217     0.00000001     0.00000000     0.00000000
      218     0.00000000     0.00000000     0.00000000
      219     0.00000000     0.00000000     0.00000000
      220     0.00000000     0.00000000     0.00000000
      221     0.00000000     0.00000000     0.00000000
      222     0.00000000     0.00000000     0.00000000
      223     0.00000000     0.00000000     0.00026153
      224     0.00000000     0.00000000     0.00095800
      225     0.00000000     0.00000000     0.00166168
      226     0.00000000     0.00000000     0.00233301
      227     0.00000000     0.00000000     0.00292998
      228     0.00000036     0.00000000     0.00341038
      229     0.00000086     0.00000000     0.00373542
      230     0.00000117     0.00000000     0.00387223
      231     0.00000129     0.00000000     0.00379688
      232     0.00000126     0.00000000     0.00349765
      233     0.00000118     0.00000000     0.00297656
      234     0.00000114     0.00000000     0.00225194
      235     0.00000120     0.00000000     0.00135746
      236     0.00000140     0.00000000     0.00034242
      237     0.00000171     0.00000000     0.00000000
      238     0.00000205     0.00000000     0.00000000
      239     0.00000231     0.00000000     0.00000000
      240     0.00000237     0.00000000     0.00000000
      241     0.00000185     0.00000000     0.00000000
      242     0.00000123     0.00000000     0.00000000
      243     0.00000040     0.00000000     0.00000000
      244     0.00000000     0.00000000     0.00000000
      245     0.00000000     0.00000000     0.00000000
      246     0.00000000     0.00000000     0.00000000
      247     0.00000000     0.00000000     0.00000000
      248     0.00000000     0.00000000     0.00000000
      249     0.00000000     0.00000000     0.00000000
      250     0.00000000     0.00000000     0.00088087
      251     0.00000000     0.00000000     0.00184830
      252     0.00000000     0.00000000     0.00269008
      253     0.00000000     0.00000000     0.00335105
      254     0.00000036     0.00000000     0.00378566
      255     0.00000087     0.00000000     0.00396456
      256     0.00000125     0.00000000     0.00387503
      257     0.00000155     0.00000000     0.00352365
      258     0.00000179     0.00000000     0.00293580
      259     0.00000201     0.00000000     0.00215603
      260     0.00000224     0.00000000     0.00124269
      261     0.00000206     0.00000000     0.00023679
      262     0.00000192     0.00000000     0.00000000
      263     0.00000175     0.00000000     0.00000000
      264     0.00000157     0.00000000     0.00000000
      265     0.00000134     0.00000000     0.00000000
      266     0.00000103     0.00000000     0.00000000
      267     0.00000063     0.00000000     0.00000000
      268     0.00000011     0.00000000     0.00000000
      269     0.00000000     0.00000000     0.00000000
      270     0.00000000     0.00000000     0.00000000
      271     0.00000000     0.00000000     0.00000000
      272     0.00000000     0.00000000     0.00000000
      273     0.00000000     0.00000000     0.00014600
      274     0.00000000     0.00000000     0.00083922
      275     0.00000000     0.00000000     0.00145106
      276     0.00000000     0.00000000     0.00193723
      277     0.00000000     0.00000000     0.00226297
      278     0.00000000     0.00000000     0.00240455
      279     0.00000051     0.00000000     0.00235110
      280     0.00000196     0.00000000     0.00210610
      281     0.00000241     0.00000000     0.00140808
      282     0.00000266     0.00000000     0.00094217
      283     0.00000270     0.00000000     0.00039757
      284     0.00000255     0.00000000     0.00000000
      285     0.00000222     0.00000000     0.00000000
      286     0.00000175     0.00000000     0.00000000
      287     0.00000117     0.00000000     0.00000000
      288     0.00000051     0.00000000     0.00000000
      289     0.00000000     0.00000000     0.00000000
      290     0.00000000     0.00000000     0.00000000
      291     0.00000000     0.00000000     0.00000000
      292     0.00000000     0.00000000     0.00000000
      293     0.00000000     0.00000000     0.00000000
      294     0.00000000     0.00000000     0.00002148
      295     0.00000000     0.00000000     0.00067432
      296     0.00000000     0.00000000     0.00128252
      297     0.00000000     0.00000000     0.00178288
      298     0.00000000     0.00000000     0.00211817
      299     0.00000026     0.00000000     0.00224321
      300     0.00000150     0.00000000     0.00213155
      301     0.00000140     0.00000000     0.00129711
      302     0.00000105     0.00000000     0.00088678
      303     0.00000069     0.00000000     0.00035392
      304     0.00000036     0.00000000     0.00000000
      305     0.00000010     0.00000000     0.00000000
      306     0.00000000     0.00000000     0.00000000
      307     0.00000000     0.00000000     0.00000000
      308     0.00000000     0.00000000     0.00000000
      309     0.00000000     0.00000000     0.00000000
      310     0.00000000     0.00000000     0.00000000
      311     0.00000000     0.00000000     0.00000000
      312     0.00000000     0.00000000     0.00000000
      313     0.00000004     0.00000000     0.00029323
      314     0.00000012     0.00000000     0.00115464
      315     0.00000027     0.00000000     0.00193803
      316     0.00000053     0.00000000     0.00252950
      317     0.00000091     0.00000000     0.00282494
      318     0.00000141     0.00000000     0.00274594
      319     0.00000196     0.00000000     0.00225672
      320     0.00000249     0.00000000     0.00137619
      321     0.00000118     0.00000000     0.00012129
      322     0.00000001     0.00000000     0.00000000
      323     0.00000000     0.00000000     0.00000000
      324     0.00000000     0.00000000     0.00000000
      325     0.00000000     0.00000000     0.00000000
      326     0.00000000     0.00000000     0.00000000
      327     0.00000000     0.00000000     0.00000000
      328     0.00000000     0.00000000     0.00000000
      329     0.00000000     0.00000000     0.00000000
      330     0.00000052     0.00000000     0.00106535
      331     0.00000287     0.00000000     0.00227016
      332     0.00000541     0.00000000     0.00321749
      333     0.00000785     0.00000000     0.00370340
      334     0.00000983     0.00000000     0.00357171
      335     0.00001098     0.00000000     0.00275619
      336     0.00001099     0.00000000     0.00131522
      337     0.00000963     0.00000000     0.00000000
      338     0.00000689     0.00000000     0.00000000
      339     0.00000299     0.00000000     0.00000000
      340     0.00000000     0.00000000     0.00000000
      341     0.00000000     0.00000000     0.00000000
      342     0.00000000     0.00000000     0.00000000
      343     0.00000000     0.00000000     0.00000000
      344     0.00000000     0.00000000     0.00026709
      345     0.00000000     0.00000000     0.00196524
      346     0.00000000     0.00000000     0.00342400
      347     0.00000000     0.00000000     0.00429286
      348     0.00000392     0.00000000     0.00429844
      349     0.00001039     0.00000000     0.00332376
      350     0.00001658     0.00000000     0.00147104
      351     0.00002155     0.00000000     0.00000000
      352     0.00002453     0.00000000     0.00000000
      353     0.00002509     0.00000000     0.00000000
      354     0.00002329     0.00000000     0.00000000
      355     0.00001970     0.00000000     0.00000000
      356     0.00001528     0.00000000     0.00000000
      357     0.00001127     0.00000000     0.00000000
      358     0.00000888     0.00000000     0.00320080
      359     0.00000906     0.00000000     0.00608864
      360     0.00001216     0.00000000     0.00763449
      361     0.00000390     0.00000000     0.00385943
      362     0.00000000     0.00000000     0.00254113
      363     0.00000000     0.00000000     0.00029589
      364     0.00000000     0.00000000     0.00000000
      365     0.00000000     0.00000000     0.00000000
      366     0.00000000     0.00000000     0.00000000
      367     0.00000000     0.00000000     0.00000000
      368     0.00000000     0.00000000     0.00000000
      369     0.00000000     0.00000000     0.00026428
      370     0.00000000     0.00000000     0.00383898
      371     0.00001880     0.00000000     0.00660217
      372     0.00005546     0.00000000     0.00753027
      373     0.00009845     0.00000000     0.00602890
      374     0.00014417     0.00000000     0.00226051
      375     0.00018870     0.00000000     0.00000000
      376     0.00022939     0.00000000     0.00000000
      377     0.00026645     0.00000000     0.00000000
      378     0.00030398     0.00000000     0.00000000
      379     0.00034997     0.00000000     0.00000000
      380     0.00041545     0.00000000     0.00211521
      381     0.00020849     0.00000000     0.00398312
      382     0.00019797     0.00000000     0.00588045
      383     0.00018438     0.00000000     0.00560646
      384     0.00016709     0.00000000     0.00283114
      385     0.00014495     0.00000000     0.00000000
      386     0.00011835     0.00000000     0.00000000
      387     0.00009161     0.00000000     0.00000000
      388     0.00007527     0.00000000     0.00000000
      389     0.00008696     0.00000000     0.00000000
      390     0.00015004     0.00000000     0.00378878
      391     0.00029112     0.00000000     0.00909743
      392     0.00053465     0.00000000     0.01033737
      393     0.00089490     0.00000000     0.00641534
      394     0.00136940     0.00000000     0.00000000
      395     0.00193871     0.00000000     0.00000000
      396     0.00257225     0.00000000     0.00000000
      397     0.00322372     0.00000000     0.00000000
      398     0.00381620     0.00000000     0.00032010
      399     0.00424836     0.00000000     0.00000000
      400     0.00443359     0.00000000     0.00000000
