#    Non-Adiabatic Coupling Matrix Eliments: off-diagonal
         0     0.00000000
         1    -0.00000052
         2    -0.00000105
         3    -0.00000157
         4    -0.00000209
         5    -0.00000262
         6    -0.00000314
         7    -0.00000366
         8    -0.00000419
         9    -0.00000471
        10    -0.00000523
        11    -0.00000576
        12    -0.00000628
        13    -0.00000681
        14    -0.00000733
        15    -0.00000786
        16    -0.00000838
        17    -0.00000891
        18    -0.00000944
        19    -0.00000996
        20    -0.00001049
        21    -0.00001102
        22    -0.00001155
        23    -0.00001207
        24    -0.00001260
        25    -0.00001313
        26    -0.00001366
        27    -0.00001419
        28    -0.00001472
        29    -0.00001526
        30    -0.00001579
        31    -0.00001632
        32    -0.00001686
        33    -0.00001739
        34    -0.00001792
        35    -0.00001846
        36    -0.00001900
        37    -0.00001953
        38    -0.00002007
        39    -0.00002061
        40    -0.00002115
        41    -0.00002169
        42    -0.00002223
        43    -0.00002278
        44    -0.00002332
        45    -0.00002386
        46    -0.00002441
        47    -0.00002496
        48    -0.00002550
        49    -0.00002605
        50    -0.00002660
        51    -0.00002715
        52    -0.00002770
        53    -0.00002826
        54    -0.00002881
        55    -0.00002937
        56    -0.00002992
        57    -0.00003048
        58    -0.00003104
        59    -0.00003160
        60    -0.00003216
        61    -0.00003273
        62    -0.00003329
        63    -0.00003386
        64    -0.00003443
        65    -0.00003499
        66    -0.00003556
        67    -0.00003614
        68    -0.00003671
        69    -0.00003728
        70    -0.00003786
        71    -0.00003844
        72    -0.00003902
        73    -0.00003960
        74    -0.00004019
        75    -0.00004077
        76    -0.00004136
        77    -0.00004195
        78    -0.00004254
        79    -0.00004313
        80    -0.00004372
        81    -0.00004432
        82    -0.00004492
        83    -0.00004552
        84    -0.00004612
        85    -0.00004672
        86    -0.00004733
        87    -0.00004794
        88    -0.00004855
        89    -0.00004916
        90    -0.00004978
        91    -0.00005039
        92    -0.00005101
        93    -0.00005164
        94    -0.00005226
        95    -0.00005289
        96    -0.00005352
        97    -0.00005415
        98    -0.00005478
        99    -0.00005542
       100    -0.00005606
       101    -0.00005670
       102    -0.00005734
       103    -0.00005799
       104    -0.00005864
       105    -0.00005929
       106    -0.00005994
       107    -0.00006060
       108    -0.00006126
       109    -0.00006193
       110    -0.00006259
       111    -0.00006326
       112    -0.00006394
       113    -0.00006461
       114    -0.00006529
       115    -0.00006597
       116    -0.00006666
       117    -0.00006734
       118    -0.00006804
       119    -0.00006873
       120    -0.00006943
       121    -0.00007013
       122    -0.00007083
       123    -0.00007154
       124    -0.00007226
       125    -0.00007297
       126    -0.00007369
       127    -0.00007441
       128    -0.00007514
       129    -0.00007587
       130    -0.00007660
       131    -0.00007734
       132    -0.00007808
       133    -0.00007883
       134    -0.00007958
       135    -0.00008033
       136    -0.00008109
       137    -0.00008185
       138    -0.00008262
       139    -0.00008339
       140    -0.00008417
       141    -0.00008495
       142    -0.00008573
       143    -0.00008652
       144    -0.00008731
       145    -0.00008811
       146    -0.00008891
       147    -0.00008972
       148    -0.00009053
       149    -0.00009135
       150    -0.00009217
       151    -0.00009300
       152    -0.00009383
       153    -0.00009467
       154    -0.00009551
       155    -0.00009636
       156    -0.00009721
       157    -0.00009807
       158    -0.00009894
       159    -0.00009981
       160    -0.00010068
       161    -0.00010156
       162    -0.00010245
       163    -0.00010334
       164    -0.00010424
       165    -0.00010515
       166    -0.00010606
       167    -0.00010698
       168    -0.00010790
       169    -0.00010883
       170    -0.00010977
       171    -0.00011071
       172    -0.00011166
       173    -0.00011261
       174    -0.00011358
       175    -0.00011455
       176    -0.00011552
       177    -0.00011651
       178    -0.00011750
       179    -0.00011850
       180    -0.00011950
       181    -0.00012051
       182    -0.00012154
       183    -0.00012256
       184    -0.00012360
       185    -0.00012464
       186    -0.00012569
       187    -0.00012675
       188    -0.00012782
       189    -0.00012890
       190    -0.00012998
       191    -0.00013108
       192    -0.00013218
       193    -0.00013329
       194    -0.00013441
       195    -0.00013554
       196    -0.00013667
       197    -0.00013782
       198    -0.00013898
       199    -0.00014014
       200    -0.00014132
       201    -0.00014250
       202    -0.00014370
       203    -0.00014490
       204    -0.00014612
       205    -0.00014734
       206    -0.00014858
       207    -0.00014982
       208    -0.00015108
       209    -0.00015235
       210    -0.00015363
       211    -0.00015492
       212    -0.00015622
       213    -0.00015753
       214    -0.00015886
       215    -0.00016019
       216    -0.00016154
       217    -0.00016290
       218    -0.00016428
       219    -0.00016566
       220    -0.00016706
       221    -0.00016847
       222    -0.00016990
       223    -0.00017133
       224    -0.00017278
       225    -0.00017425
       226    -0.00017573
       227    -0.00017722
       228    -0.00017873
       229    -0.00018025
       230    -0.00018179
       231    -0.00018334
       232    -0.00018491
       233    -0.00018649
       234    -0.00018808
       235    -0.00018970
       236    -0.00019133
       237    -0.00019297
       238    -0.00019464
       239    -0.00019632
       240    -0.00019801
       241    -0.00019973
       242    -0.00020146
       243    -0.00020321
       244    -0.00020498
       245    -0.00020676
       246    -0.00020857
       247    -0.00021039
       248    -0.00021223
       249    -0.00021410
       250    -0.00021598
       251    -0.00021788
       252    -0.00021981
       253    -0.00022175
       254    -0.00022372
       255    -0.00022571
       256    -0.00022772
       257    -0.00022975
       258    -0.00023180
       259    -0.00023388
       260    -0.00023598
       261    -0.00023811
       262    -0.00024026
       263    -0.00024243
       264    -0.00024463
       265    -0.00024686
       266    -0.00024911
       267    -0.00025138
       268    -0.00025369
       269    -0.00025602
       270    -0.00025838
       271    -0.00026076
       272    -0.00026318
       273    -0.00026562
       274    -0.00026810
       275    -0.00027060
       276    -0.00027313
       277    -0.00027570
       278    -0.00027830
       279    -0.00028093
       280    -0.00028359
       281    -0.00028629
       282    -0.00028902
       283    -0.00029178
       284    -0.00029458
       285    -0.00029742
       286    -0.00030029
       287    -0.00030320
       288    -0.00030614
       289    -0.00030913
       290    -0.00031216
       291    -0.00031522
       292    -0.00031833
       293    -0.00032147
       294    -0.00032466
       295    -0.00032790
       296    -0.00033117
       297    -0.00033450
       298    -0.00033786
       299    -0.00034128
       300    -0.00034474
       301    -0.00034824
       302    -0.00035180
       303    -0.00035541
       304    -0.00035907
       305    -0.00036278
       306    -0.00036655
       307    -0.00037036
       308    -0.00037424
       309    -0.00037817
       310    -0.00038216
       311    -0.00038620
       312    -0.00039031
       313    -0.00039448
       314    -0.00039870
       315    -0.00040300
       316    -0.00040736
       317    -0.00041178
       318    -0.00041627
       319    -0.00042083
       320    -0.00042546
       321    -0.00043017
       322    -0.00043494
       323    -0.00043979
       324    -0.00044472
       325    -0.00044973
       326    -0.00045481
       327    -0.00045998
       328    -0.00046523
       329    -0.00047057
       330    -0.00047600
       331    -0.00048151
       332    -0.00048711
       333    -0.00049281
       334    -0.00049860
       335    -0.00050450
       336    -0.00051049
       337    -0.00051658
       338    -0.00052277
       339    -0.00052908
       340    -0.00053549
       341    -0.00054202
       342    -0.00054865
       343    -0.00055541
       344    -0.00056229
       345    -0.00056928
       346    -0.00057641
       347    -0.00058366
       348    -0.00059105
       349    -0.00059857
       350    -0.00060623
       351    -0.00061403
       352    -0.00062197
       353    -0.00063007
       354    -0.00063832
       355    -0.00064672
       356    -0.00065529
       357    -0.00066402
       358    -0.00067292
       359    -0.00068199
       360    -0.00069124
       361    -0.00070067
       362    -0.00071029
       363    -0.00072011
       364    -0.00073012
       365    -0.00074033
       366    -0.00075075
       367    -0.00076139
       368    -0.00077224
       369    -0.00078333
       370    -0.00079464
       371    -0.00080619
       372    -0.00081799
       373    -0.00083004
       374    -0.00084235
       375    -0.00085493
       376    -0.00086778
       377    -0.00088091
       378    -0.00089434
       379    -0.00090806
       380    -0.00092209
       381    -0.00093644
       382    -0.00095112
       383    -0.00096613
       384    -0.00098149
       385    -0.00099721
       386    -0.00101330
       387    -0.00102976
       388    -0.00104662
       389    -0.00106388
       390    -0.00108156
       391    -0.00109967
       392    -0.00111822
       393    -0.00113723
       394    -0.00115672
       395    -0.00117669
       396    -0.00119716
       397    -0.00121816
       398    -0.00123970
       399    -0.00126179
       400    -0.00128446
       401    -0.00130772
       402    -0.00133160
       403    -0.00135612
       404    -0.00138130
       405    -0.00140716
       406    -0.00143372
       407    -0.00146102
       408    -0.00148907
       409    -0.00151791
       410    -0.00154756
       411    -0.00157806
       412    -0.00160943
       413    -0.00164171
       414    -0.00167493
       415    -0.00170912
       416    -0.00174433
       417    -0.00178059
       418    -0.00181795
       419    -0.00185644
       420    -0.00189611
       421    -0.00193700
       422    -0.00197917
       423    -0.00202266
       424    -0.00206754
       425    -0.00211384
       426    -0.00216164
       427    -0.00221099
       428    -0.00226196
       429    -0.00231461
       430    -0.00236902
       431    -0.00242526
       432    -0.00248340
       433    -0.00254353
       434    -0.00260573
       435    -0.00267009
       436    -0.00273671
       437    -0.00280568
       438    -0.00287710
       439    -0.00295109
       440    -0.00302775
       441    -0.00310720
       442    -0.00318958
       443    -0.00327500
       444    -0.00336360
       445    -0.00345554
       446    -0.00355095
       447    -0.00364999
       448    -0.00375282
       449    -0.00385963
       450    -0.00397058
       451    -0.00408585
       452    -0.00420566
       453    -0.00433019
       454    -0.00445965
       455    -0.00459427
       456    -0.00473427
       457    -0.00487987
       458    -0.00503133
       459    -0.00518889
       460    -0.00535279
       461    -0.00552330
       462    -0.00570068
       463    -0.00588520
       464    -0.00607711
       465    -0.00627669
       466    -0.00648419
       467    -0.00669987
       468    -0.00692397
       469    -0.00715673
       470    -0.00739835
       471    -0.00764902
       472    -0.00790890
       473    -0.00817811
       474    -0.00845672
       475    -0.00874473
       476    -0.00904212
       477    -0.00934874
       478    -0.00966438
       479    -0.00998873
       480    -0.01032133
       481    -0.01066164
       482    -0.01100893
       483    -0.01136232
       484    -0.01172076
       485    -0.01208301
       486    -0.01244762
       487    -0.01281295
       488    -0.01317713
       489    -0.01353809
       490    -0.01389354
       491    -0.01424101
       492    -0.01457787
       493    -0.01490133
       494    -0.01520852
       495    -0.01549650
       496    -0.01576235
       497    -0.01600321
       498    -0.01621636
       499    -0.01639927
       500    -0.01654972
       501    -0.01666578
       502    -0.01674596
       503    -0.01678921
       504    -0.01679495
       505    -0.01676310
       506    -0.01669409
       507    -0.01658884
       508    -0.01644871
       509    -0.01627550
       510    -0.01607136
       511    -0.01583873
       512    -0.01558028
       513    -0.01529883
       514    -0.01499729
       515    -0.01467861
       516    -0.01434567
       517    -0.01400130
       518    -0.01364818
       519    -0.01328883
       520    -0.01292559
       521    -0.01256061
       522    -0.01219580
       523    -0.01183288
       524    -0.01147336
       525    -0.01111853
       526    -0.01076951
       527    -0.01042722
       528    -0.01064791
       529    -0.01029320
       530    -0.00994793
       531    -0.00961254
       532    -0.00928733
       533    -0.00897250
       534    -0.00866814
       535    -0.00837425
       536    -0.00809079
       537    -0.00781762
       538    -0.00755459
       539    -0.00730148
       540    -0.00705806
       541    -0.00682407
       542    -0.00659923
       543    -0.00638324
       544    -0.00617581
       545    -0.00597663
       546    -0.00578540
       547    -0.00560182
       548    -0.00542558
       549    -0.00525638
       550    -0.00509394
       551    -0.00493798
       552    -0.00478822
       553    -0.00464439
       554    -0.00450624
       555    -0.00437352
       556    -0.00424600
       557    -0.00412343
       558    -0.00400561
       559    -0.00389232
       560    -0.00378337
       561    -0.00367855
       562    -0.00357769
       563    -0.00348061
       564    -0.00338714
       565    -0.00329713
       566    -0.00321042
       567    -0.00312687
       568    -0.00304633
       569    -0.00296868
       570    -0.00289379
       571    -0.00282155
       572    -0.00275183
       573    -0.00268454
       574    -0.00261956
       575    -0.00255680
       576    -0.00249617
       577    -0.00243758
       578    -0.00238094
       579    -0.00232617
       580    -0.00227320
       581    -0.00222194
       582    -0.00217235
       583    -0.00212433
       584    -0.00207784
       585    -0.00203281
       586    -0.00198919
       587    -0.00194691
       588    -0.00190594
       589    -0.00186621
       590    -0.00182767
       591    -0.00179029
       592    -0.00175403
       593    -0.00171882
       594    -0.00168465
       595    -0.00165147
       596    -0.00161924
       597    -0.00158793
       598    -0.00155751
       599    -0.00152794
       600    -0.00149919
       601    -0.00147124
       602    -0.00144405
       603    -0.00141761
       604    -0.00139188
       605    -0.00136683
       606    -0.00134245
       607    -0.00131872
       608    -0.00129561
       609    -0.00127309
       610    -0.00125116
       611    -0.00122979
       612    -0.00120896
       613    -0.00118866
       614    -0.00116887
       615    -0.00114957
       616    -0.00113074
       617    -0.00111238
       618    -0.00109446
       619    -0.00107697
       620    -0.00105991
       621    -0.00104325
       622    -0.00102699
       623    -0.00101110
       624    -0.00099559
       625    -0.00098044
       626    -0.00096564
       627    -0.00095117
       628    -0.00093703
       629    -0.00092322
       630    -0.00090971
       631    -0.00089650
       632    -0.00088359
       633    -0.00087096
       634    -0.00085860
       635    -0.00084651
       636    -0.00083469
       637    -0.00082311
       638    -0.00081179
       639    -0.00080070
       640    -0.00078984
       641    -0.00077922
       642    -0.00076881
       643    -0.00075862
       644    -0.00074864
       645    -0.00073886
       646    -0.00072928
       647    -0.00071989
       648    -0.00071070
       649    -0.00070168
       650    -0.00069285
       651    -0.00068418
       652    -0.00067569
       653    -0.00066737
       654    -0.00065920
       655    -0.00065119
       656    -0.00064334
       657    -0.00063564
       658    -0.00062808
       659    -0.00062066
       660    -0.00061339
       661    -0.00060625
       662    -0.00059924
       663    -0.00059236
       664    -0.00058561
       665    -0.00057899
       666    -0.00057248
       667    -0.00056609
       668    -0.00055982
       669    -0.00055366
       670    -0.00054761
       671    -0.00054167
       672    -0.00053583
       673    -0.00053009
       674    -0.00052446
       675    -0.00051892
       676    -0.00051348
       677    -0.00050814
       678    -0.00050289
       679    -0.00049772
       680    -0.00049265
       681    -0.00048766
       682    -0.00048276
       683    -0.00047794
       684    -0.00047320
       685    -0.00046854
       686    -0.00046395
       687    -0.00045945
       688    -0.00045502
       689    -0.00045066
       690    -0.00044637
       691    -0.00044215
       692    -0.00043801
       693    -0.00043393
       694    -0.00042991
       695    -0.00042596
       696    -0.00042208
       697    -0.00041825
       698    -0.00041449
       699    -0.00041079
       700    -0.00040715
       701    -0.00040356
       702    -0.00040003
       703    -0.00039656
       704    -0.00039314
       705    -0.00038977
       706    -0.00038646
       707    -0.00038320
       708    -0.00037999
       709    -0.00037683
       710    -0.00037372
       711    -0.00037066
       712    -0.00036764
       713    -0.00036467
       714    -0.00036175
       715    -0.00035887
       716    -0.00035604
       717    -0.00035324
       718    -0.00035050
       719    -0.00034779
       720    -0.00034512
       721    -0.00034250
       722    -0.00033991
       723    -0.00033737
       724    -0.00033486
       725    -0.00033239
       726    -0.00032996
       727    -0.00032756
       728    -0.00032520
       729    -0.00032288
       730    -0.00032059
       731    -0.00031834
       732    -0.00031612
       733    -0.00031393
       734    -0.00031178
       735    -0.00030966
       736    -0.00030757
       737    -0.00030551
       738    -0.00030348
       739    -0.00030149
       740    -0.00029952
       741    -0.00029759
       742    -0.00029568
       743    -0.00029380
       744    -0.00029195
       745    -0.00029013
       746    -0.00028834
       747    -0.00028657
       748    -0.00028484
       749    -0.00028312
       750    -0.00028144
       751    -0.00027978
       752    -0.00027815
       753    -0.00027654
       754    -0.00027495
       755    -0.00027340
       756    -0.00027186
       757    -0.00027035
       758    -0.00026887
       759    -0.00026740
       760    -0.00026596
       761    -0.00026455
       762    -0.00026315
       763    -0.00026178
       764    -0.00026043
       765    -0.00025911
       766    -0.00025780
       767    -0.00025652
       768    -0.00025526
       769    -0.00025401
       770    -0.00025279
       771    -0.00025159
       772    -0.00025041
       773    -0.00024926
       774    -0.00024812
       775    -0.00024700
       776    -0.00024590
       777    -0.00024482
       778    -0.00024376
       779    -0.00024271
       780    -0.00024169
       781    -0.00024069
       782    -0.00023970
       783    -0.00023873
       784    -0.00023778
       785    -0.00023685
       786    -0.00023594
       787    -0.00023504
       788    -0.00023416
       789    -0.00023330
       790    -0.00023246
       791    -0.00023163
       792    -0.00023083
       793    -0.00023003
       794    -0.00022926
       795    -0.00022850
       796    -0.00022776
       797    -0.00022703
       798    -0.00022632
       799    -0.00022563
       800    -0.00022495
       801    -0.00022429
       802    -0.00022365
       803    -0.00022302
       804    -0.00022240
       805    -0.00022181
       806    -0.00022122
       807    -0.00022066
       808    -0.00022011
       809    -0.00021957
       810    -0.00021905
       811    -0.00021854
       812    -0.00021805
       813    -0.00021757
       814    -0.00021711
       815    -0.00021666
       816    -0.00021623
       817    -0.00021581
       818    -0.00021541
       819    -0.00021502
       820    -0.00021464
       821    -0.00021428
       822    -0.00021394
       823    -0.00021360
       824    -0.00021329
       825    -0.00021298
       826    -0.00021269
       827    -0.00021241
       828    -0.00021215
       829    -0.00021190
       830    -0.00021166
       831    -0.00021144
       832    -0.00021123
       833    -0.00021104
       834    -0.00021085
       835    -0.00021068
       836    -0.00021053
       837    -0.00021038
       838    -0.00021025
       839    -0.00021014
       840    -0.00021003
       841    -0.00020994
       842    -0.00020986
       843    -0.00020980
       844    -0.00020974
       845    -0.00020970
       846    -0.00020967
       847    -0.00020966
       848    -0.00020965
       849    -0.00020966
       850    -0.00020969
       851    -0.00020972
       852    -0.00020976
       853    -0.00020982
       854    -0.00020989
       855    -0.00020997
       856    -0.00021007
       857    -0.00021017
       858    -0.00021029
       859    -0.00021042
       860    -0.00021056
       861    -0.00021071
       862    -0.00021087
       863    -0.00021105
       864    -0.00021124
       865    -0.00021143
       866    -0.00021164
       867    -0.00021186
       868    -0.00021209
       869    -0.00021233
       870    -0.00021259
       871    -0.00021285
       872    -0.00021313
       873    -0.00021341
       874    -0.00021371
       875    -0.00021401
       876    -0.00021433
       877    -0.00021466
       878    -0.00021499
       879    -0.00021534
       880    -0.00021570
       881    -0.00021607
       882    -0.00021645
       883    -0.00021683
       884    -0.00021723
       885    -0.00021764
       886    -0.00021806
       887    -0.00021848
       888    -0.00021892
       889    -0.00021937
       890    -0.00021982
       891    -0.00022029
       892    -0.00022076
       893    -0.00022125
       894    -0.00022174
       895    -0.00022224
       896    -0.00022275
       897    -0.00022327
       898    -0.00022380
       899    -0.00022433
       900    -0.00022488
       901    -0.00022543
       902    -0.00022599
       903    -0.00022656
       904    -0.00022714
       905    -0.00022773
       906    -0.00022832
       907    -0.00022893
       908    -0.00022954
       909    -0.00023015
       910    -0.00023078
       911    -0.00023141
       912    -0.00023205
       913    -0.00023270
       914    -0.00023336
       915    -0.00023402
       916    -0.00023469
       917    -0.00023537
       918    -0.00023606
       919    -0.00023675
       920    -0.00023745
       921    -0.00023815
       922    -0.00023886
       923    -0.00023958
       924    -0.00024031
       925    -0.00024104
       926    -0.00024178
       927    -0.00024252
       928    -0.00024327
       929    -0.00024403
       930    -0.00024479
       931    -0.00024556
       932    -0.00024633
       933    -0.00024711
       934    -0.00024789
       935    -0.00024868
       936    -0.00024948
       937    -0.00025028
       938    -0.00025109
       939    -0.00025190
       940    -0.00025272
       941    -0.00025354
       942    -0.00025437
       943    -0.00025520
       944    -0.00025604
       945    -0.00025688
       946    -0.00025772
       947    -0.00025857
       948    -0.00025943
       949    -0.00026029
       950    -0.00026115
       951    -0.00026202
       952    -0.00026289
       953    -0.00026377
       954    -0.00026465
       955    -0.00026553
       956    -0.00026642
       957    -0.00026731
       958    -0.00026821
       959    -0.00026911
       960    -0.00027001
       961    -0.00027091
       962    -0.00027182
       963    -0.00027273
       964    -0.00027365
       965    -0.00027457
       966    -0.00027549
       967    -0.00027641
       968    -0.00027734
       969    -0.00027827
       970    -0.00027920
       971    -0.00028014
       972    -0.00028108
       973    -0.00028202
       974    -0.00028296
       975    -0.00028390
       976    -0.00028485
       977    -0.00028580
       978    -0.00028675
       979    -0.00028770
       980    -0.00028866
       981    -0.00028962
       982    -0.00029057
       983    -0.00029153
       984    -0.00029250
       985    -0.00029346
       986    -0.00029443
       987    -0.00029539
       988    -0.00029636
       989    -0.00029733
       990    -0.00029830
       991    -0.00029927
       992    -0.00030025
       993    -0.00030122
       994    -0.00030219
       995    -0.00030317
       996    -0.00030415
       997    -0.00030512
       998    -0.00030610
       999    -0.00030708
      1000    -0.00030806
      1001    -0.00030904
      1002    -0.00031002
      1003    -0.00031100
      1004    -0.00031198
      1005    -0.00031296
      1006    -0.00031394
      1007    -0.00031492
      1008    -0.00031590
      1009    -0.00031688
      1010    -0.00031786
      1011    -0.00031884
      1012    -0.00031982
      1013    -0.00032080
      1014    -0.00032178
      1015    -0.00032276
      1016    -0.00032374
      1017    -0.00032472
      1018    -0.00032570
      1019    -0.00032667
      1020    -0.00032765
      1021    -0.00032863
      1022    -0.00032960
      1023    -0.00033057
      1024    -0.00033155
      1025    -0.00033252
      1026    -0.00033349
      1027    -0.00033446
      1028    -0.00033542
      1029    -0.00033639
      1030    -0.00033736
      1031    -0.00033832
      1032    -0.00033928
      1033    -0.00034024
      1034    -0.00034120
      1035    -0.00034216
      1036    -0.00034312
      1037    -0.00034407
      1038    -0.00034502
      1039    -0.00034597
      1040    -0.00034692
      1041    -0.00034787
      1042    -0.00034881
      1043    -0.00034975
      1044    -0.00035069
      1045    -0.00035163
      1046    -0.00035257
      1047    -0.00035350
      1048    -0.00035443
      1049    -0.00035536
      1050    -0.00035629
      1051    -0.00035721
      1052    -0.00035813
      1053    -0.00035905
      1054    -0.00035996
      1055    -0.00036088
      1056    -0.00036179
      1057    -0.00036269
      1058    -0.00036360
      1059    -0.00036450
      1060    -0.00036540
      1061    -0.00036629
      1062    -0.00036718
      1063    -0.00036807
      1064    -0.00036896
      1065    -0.00036984
      1066    -0.00037072
      1067    -0.00037159
      1068    -0.00037247
      1069    -0.00037333
      1070    -0.00037420
      1071    -0.00037506
      1072    -0.00037592
      1073    -0.00037677
      1074    -0.00037762
      1075    -0.00037847
      1076    -0.00037931
      1077    -0.00038015
      1078    -0.00038098
      1079    -0.00038181
      1080    -0.00038264
      1081    -0.00038346
      1082    -0.00038428
      1083    -0.00038509
      1084    -0.00038590
      1085    -0.00038671
      1086    -0.00038751
      1087    -0.00038831
      1088    -0.00038910
      1089    -0.00038989
      1090    -0.00039067
      1091    -0.00039145
      1092    -0.00039222
      1093    -0.00039299
      1094    -0.00039375
      1095    -0.00039451
      1096    -0.00039527
      1097    -0.00039602
      1098    -0.00039676
      1099    -0.00039750
      1100    -0.00039824
      1101    -0.00039897
      1102    -0.00039969
      1103    -0.00040041
      1104    -0.00040112
      1105    -0.00040183
      1106    -0.00040254
      1107    -0.00040324
      1108    -0.00040393
      1109    -0.00040461
      1110    -0.00040530
      1111    -0.00040597
      1112    -0.00040664
      1113    -0.00040731
      1114    -0.00040797
      1115    -0.00040862
      1116    -0.00040927
      1117    -0.00040991
      1118    -0.00041055
      1119    -0.00041118
      1120    -0.00041180
      1121    -0.00041242
      1122    -0.00041303
      1123    -0.00041364
      1124    -0.00041423
      1125    -0.00041483
      1126    -0.00041542
      1127    -0.00041600
      1128    -0.00041657
      1129    -0.00041714
      1130    -0.00041770
      1131    -0.00041826
      1132    -0.00041880
      1133    -0.00041935
      1134    -0.00041988
      1135    -0.00042041
      1136    -0.00042093
      1137    -0.00042145
      1138    -0.00042196
      1139    -0.00042246
      1140    -0.00042296
      1141    -0.00042344
      1142    -0.00042392
      1143    -0.00042440
      1144    -0.00042487
      1145    -0.00042533
      1146    -0.00042578
      1147    -0.00042622
      1148    -0.00042666
      1149    -0.00042709
      1150    -0.00042752
      1151    -0.00042794
      1152    -0.00042834
      1153    -0.00042875
      1154    -0.00042914
      1155    -0.00042953
      1156    -0.00042991
      1157    -0.00043028
      1158    -0.00043064
      1159    -0.00043100
      1160    -0.00043135
      1161    -0.00043169
      1162    -0.00043202
      1163    -0.00043235
      1164    -0.00043267
      1165    -0.00043297
      1166    -0.00043328
      1167    -0.00043357
      1168    -0.00043386
      1169    -0.00043413
      1170    -0.00043440
      1171    -0.00043466
      1172    -0.00043492
      1173    -0.00043516
      1174    -0.00043540
      1175    -0.00043562
      1176    -0.00043584
      1177    -0.00043606
      1178    -0.00043626
      1179    -0.00043645
      1180    -0.00043664
      1181    -0.00043682
      1182    -0.00043698
      1183    -0.00043714
      1184    -0.00043730
      1185    -0.00043744
      1186    -0.00043757
      1187    -0.00043770
      1188    -0.00043781
      1189    -0.00043792
      1190    -0.00043802
      1191    -0.00043811
      1192    -0.00043819
      1193    -0.00043826
      1194    -0.00043832
      1195    -0.00043837
      1196    -0.00043842
      1197    -0.00043845
      1198    -0.00043848
      1199    -0.00043849
      1200    -0.00043850
      1201    -0.00043850
      1202    -0.00043849
      1203    -0.00043847
      1204    -0.00043844
      1205    -0.00043840
      1206    -0.00043835
      1207    -0.00043829
      1208    -0.00043822
      1209    -0.00043814
      1210    -0.00043805
      1211    -0.00043795
      1212    -0.00043785
      1213    -0.00043773
      1214    -0.00043760
      1215    -0.00043746
      1216    -0.00043732
      1217    -0.00043716
      1218    -0.00043699
      1219    -0.00043682
      1220    -0.00043663
      1221    -0.00043643
      1222    -0.00043623
      1223    -0.00043601
      1224    -0.00043578
      1225    -0.00043555
      1226    -0.00043530
      1227    -0.00043504
      1228    -0.00043477
      1229    -0.00043449
      1230    -0.00043421
      1231    -0.00043391
      1232    -0.00043360
      1233    -0.00043328
      1234    -0.00043295
      1235    -0.00043260
      1236    -0.00043225
      1237    -0.00043189
      1238    -0.00043152
      1239    -0.00043114
      1240    -0.00043074
      1241    -0.00043034
      1242    -0.00042992
      1243    -0.00042949
      1244    -0.00042906
      1245    -0.00042861
      1246    -0.00042815
      1247    -0.00042768
      1248    -0.00042720
      1249    -0.00042671
      1250    -0.00042621
      1251    -0.00042569
      1252    -0.00042517
      1253    -0.00042463
      1254    -0.00042409
      1255    -0.00042353
      1256    -0.00042296
      1257    -0.00042238
      1258    -0.00042179
      1259    -0.00042119
      1260    -0.00042058
      1261    -0.00041995
      1262    -0.00041932
      1263    -0.00041867
      1264    -0.00041801
      1265    -0.00041734
      1266    -0.00041666
      1267    -0.00041597
      1268    -0.00041526
      1269    -0.00041455
      1270    -0.00041382
      1271    -0.00041308
      1272    -0.00041233
      1273    -0.00041157
      1274    -0.00041080
      1275    -0.00041001
      1276    -0.00040922
      1277    -0.00040841
      1278    -0.00040759
      1279    -0.00040676
      1280    -0.00040592
      1281    -0.00040506
      1282    -0.00040420
      1283    -0.00040332
      1284    -0.00040243
      1285    -0.00040153
      1286    -0.00040062
      1287    -0.00039969
      1288    -0.00039875
      1289    -0.00039781
      1290    -0.00039685
      1291    -0.00039587
      1292    -0.00039489
      1293    -0.00039390
      1294    -0.00039289
      1295    -0.00039187
      1296    -0.00039084
      1297    -0.00038979
      1298    -0.00038874
      1299    -0.00038767
      1300    -0.00038659
      1301    -0.00038550
      1302    -0.00038440
      1303    -0.00038328
      1304    -0.00038216
      1305    -0.00038102
      1306    -0.00037987
      1307    -0.00037871
      1308    -0.00037753
      1309    -0.00037634
      1310    -0.00037515
      1311    -0.00037394
      1312    -0.00037271
      1313    -0.00037148
      1314    -0.00037023
      1315    -0.00036897
      1316    -0.00036770
      1317    -0.00036642
      1318    -0.00036512
      1319    -0.00036382
      1320    -0.00036250
      1321    -0.00036117
      1322    -0.00035983
      1323    -0.00035847
      1324    -0.00035710
      1325    -0.00035573
      1326    -0.00035433
      1327    -0.00035293
      1328    -0.00035152
      1329    -0.00035009
      1330    -0.00034865
      1331    -0.00034720
      1332    -0.00034574
      1333    -0.00034426
      1334    -0.00034278
      1335    -0.00034128
      1336    -0.00033977
      1337    -0.00033825
      1338    -0.00033671
      1339    -0.00033517
      1340    -0.00033361
      1341    -0.00033204
      1342    -0.00033046
      1343    -0.00032887
      1344    -0.00032726
      1345    -0.00032565
      1346    -0.00032402
      1347    -0.00032238
      1348    -0.00032073
      1349    -0.00031906
      1350    -0.00031739
      1351    -0.00031570
      1352    -0.00031400
      1353    -0.00031229
      1354    -0.00031057
      1355    -0.00030884
      1356    -0.00030710
      1357    -0.00030534
      1358    -0.00030357
      1359    -0.00030180
      1360    -0.00030001
      1361    -0.00029821
      1362    -0.00029639
      1363    -0.00029457
      1364    -0.00029273
      1365    -0.00029089
      1366    -0.00028903
      1367    -0.00028716
      1368    -0.00028528
      1369    -0.00028339
      1370    -0.00028149
      1371    -0.00027958
      1372    -0.00027766
      1373    -0.00027572
      1374    -0.00027378
      1375    -0.00027182
      1376    -0.00026986
      1377    -0.00026788
      1378    -0.00026589
      1379    -0.00026390
      1380    -0.00026189
      1381    -0.00025987
      1382    -0.00025784
      1383    -0.00025580
      1384    -0.00025375
      1385    -0.00025169
      1386    -0.00024962
      1387    -0.00024754
      1388    -0.00024545
      1389    -0.00024335
      1390    -0.00024123
      1391    -0.00023911
      1392    -0.00023698
      1393    -0.00023484
      1394    -0.00023269
      1395    -0.00023053
      1396    -0.00022836
      1397    -0.00022619
      1398    -0.00022400
      1399    -0.00022180
      1400    -0.00021959
      1401    -0.00021738
      1402    -0.00021515
      1403    -0.00021292
      1404    -0.00021067
      1405    -0.00020842
      1406    -0.00020616
      1407    -0.00020389
      1408    -0.00020161
      1409    -0.00019932
      1410    -0.00019703
      1411    -0.00019472
      1412    -0.00019241
      1413    -0.00019009
      1414    -0.00018776
      1415    -0.00018542
      1416    -0.00018308
      1417    -0.00018072
      1418    -0.00017836
      1419    -0.00017599
      1420    -0.00017362
      1421    -0.00017123
      1422    -0.00016884
      1423    -0.00016644
      1424    -0.00016403
      1425    -0.00016162
      1426    -0.00015920
      1427    -0.00015677
      1428    -0.00015433
      1429    -0.00015189
      1430    -0.00014944
      1431    -0.00014699
      1432    -0.00014452
      1433    -0.00014206
      1434    -0.00013958
      1435    -0.00013710
      1436    -0.00013461
      1437    -0.00013212
      1438    -0.00012962
      1439    -0.00012711
      1440    -0.00012460
      1441    -0.00012208
      1442    -0.00011956
      1443    -0.00011703
      1444    -0.00011450
      1445    -0.00011196
      1446    -0.00010942
      1447    -0.00010687
      1448    -0.00010431
      1449    -0.00010176
      1450    -0.00009919
      1451    -0.00009663
      1452    -0.00009405
      1453    -0.00009148
      1454    -0.00008890
      1455    -0.00008631
      1456    -0.00008372
      1457    -0.00008113
      1458    -0.00007853
      1459    -0.00007593
      1460    -0.00007333
      1461    -0.00007072
      1462    -0.00006811
      1463    -0.00006550
      1464    -0.00006288
      1465    -0.00006026
      1466    -0.00005764
      1467    -0.00005502
      1468    -0.00005239
      1469    -0.00004976
      1470    -0.00004713
      1471    -0.00004449
      1472    -0.00004186
      1473    -0.00003922
      1474    -0.00003658
      1475    -0.00003394
      1476    -0.00003129
      1477    -0.00002865
      1478    -0.00002600
      1479    -0.00002335
      1480    -0.00002070
      1481    -0.00001805
      1482    -0.00001540
      1483    -0.00001275
      1484    -0.00001010
      1485    -0.00000745
      1486    -0.00000480
      1487    -0.00000214
      1488     0.00000051
      1489     0.00000316
      1490     0.00000582
      1491     0.00000847
      1492     0.00001112
      1493     0.00001377
      1494     0.00001642
      1495     0.00001907
      1496     0.00002172
      1497     0.00002437
      1498     0.00002702
      1499     0.00002966
      1500     0.00003231
      1501     0.00003495
      1502     0.00003759
      1503     0.00004023
      1504     0.00004287
      1505     0.00004551
      1506     0.00004814
      1507     0.00005077
      1508     0.00005340
      1509     0.00005603
      1510     0.00005865
      1511     0.00006127
      1512     0.00006389
      1513     0.00006651
      1514     0.00006912
      1515     0.00007173
      1516     0.00007433
      1517     0.00007693
      1518     0.00007953
      1519     0.00008213
      1520     0.00008472
      1521     0.00008731
      1522     0.00008989
      1523     0.00009247
      1524     0.00009504
      1525     0.00009761
      1526     0.00010018
      1527     0.00010274
      1528     0.00010530
      1529     0.00010785
      1530     0.00011040
      1531     0.00011294
      1532     0.00011547
      1533     0.00011801
      1534     0.00012053
      1535     0.00012305
      1536     0.00012557
      1537     0.00012808
      1538     0.00013058
      1539     0.00013308
      1540     0.00013557
      1541     0.00013805
      1542     0.00014053
      1543     0.00014301
      1544     0.00014547
      1545     0.00014793
      1546     0.00015039
      1547     0.00015283
      1548     0.00015527
      1549     0.00015770
      1550     0.00016013
      1551     0.00016255
      1552     0.00016496
      1553     0.00016736
      1554     0.00016976
      1555     0.00017215
      1556     0.00017453
      1557     0.00017691
      1558     0.00017927
      1559     0.00018163
      1560     0.00018398
      1561     0.00018632
      1562     0.00018866
      1563     0.00019098
      1564     0.00019330
      1565     0.00019561
      1566     0.00019791
      1567     0.00020021
      1568     0.00020249
      1569     0.00020476
      1570     0.00020703
      1571     0.00020929
      1572     0.00021154
      1573     0.00021378
      1574     0.00021601
      1575     0.00021823
      1576     0.00022044
      1577     0.00022265
      1578     0.00022484
      1579     0.00022703
      1580     0.00022920
      1581     0.00023137
      1582     0.00023352
      1583     0.00023567
      1584     0.00023780
      1585     0.00023993
      1586     0.00024205
      1587     0.00024415
      1588     0.00024625
      1589     0.00024834
      1590     0.00025042
      1591     0.00025248
      1592     0.00025454
      1593     0.00025658
      1594     0.00025862
      1595     0.00026065
      1596     0.00026266
      1597     0.00026467
      1598     0.00026666
      1599     0.00026864
      1600     0.00027062
      1601     0.00027258
      1602     0.00027453
      1603     0.00027647
      1604     0.00027840
      1605     0.00028032
      1606     0.00028223
      1607     0.00028412
      1608     0.00028601
      1609     0.00028788
      1610     0.00028975
      1611     0.00029160
      1612     0.00029344
      1613     0.00029527
      1614     0.00029709
      1615     0.00029890
      1616     0.00030070
      1617     0.00030248
      1618     0.00030426
      1619     0.00030602
      1620     0.00030777
      1621     0.00030951
      1622     0.00031124
      1623     0.00031295
      1624     0.00031466
      1625     0.00031635
      1626     0.00031803
      1627     0.00031970
      1628     0.00032136
      1629     0.00032301
      1630     0.00032465
      1631     0.00032627
      1632     0.00032788
      1633     0.00032948
      1634     0.00033107
      1635     0.00033265
      1636     0.00033421
      1637     0.00033576
      1638     0.00033731
      1639     0.00033883
      1640     0.00034035
      1641     0.00034186
      1642     0.00034335
      1643     0.00034483
      1644     0.00034630
      1645     0.00034776
      1646     0.00034921
      1647     0.00035064
      1648     0.00035206
      1649     0.00035347
      1650     0.00035487
      1651     0.00035626
      1652     0.00035763
      1653     0.00035899
      1654     0.00036034
      1655     0.00036168
      1656     0.00036301
      1657     0.00036432
      1658     0.00036562
      1659     0.00036691
      1660     0.00036819
      1661     0.00036946
      1662     0.00037071
      1663     0.00037195
      1664     0.00037318
      1665     0.00037440
      1666     0.00037561
      1667     0.00037680
      1668     0.00037798
      1669     0.00037915
      1670     0.00038031
      1671     0.00038146
      1672     0.00038259
      1673     0.00038372
      1674     0.00038483
      1675     0.00038592
      1676     0.00038701
      1677     0.00038808
      1678     0.00038915
      1679     0.00039020
      1680     0.00039124
      1681     0.00039226
      1682     0.00039328
      1683     0.00039428
      1684     0.00039527
      1685     0.00039625
      1686     0.00039722
      1687     0.00039817
      1688     0.00039912
      1689     0.00040005
      1690     0.00040097
      1691     0.00040188
      1692     0.00040277
      1693     0.00040366
      1694     0.00040453
      1695     0.00040539
      1696     0.00040624
      1697     0.00040708
      1698     0.00040791
      1699     0.00040872
      1700     0.00040953
      1701     0.00041032
      1702     0.00041110
      1703     0.00041187
      1704     0.00041262
      1705     0.00041337
      1706     0.00041410
      1707     0.00041482
      1708     0.00041553
      1709     0.00041623
      1710     0.00041692
      1711     0.00041760
      1712     0.00041826
      1713     0.00041892
      1714     0.00041956
      1715     0.00042019
      1716     0.00042081
      1717     0.00042142
      1718     0.00042202
      1719     0.00042261
      1720     0.00042318
      1721     0.00042375
      1722     0.00042430
      1723     0.00042484
      1724     0.00042537
      1725     0.00042589
      1726     0.00042640
      1727     0.00042690
      1728     0.00042739
      1729     0.00042786
      1730     0.00042833
      1731     0.00042878
      1732     0.00042923
      1733     0.00042966
      1734     0.00043008
      1735     0.00043049
      1736     0.00043089
      1737     0.00043128
      1738     0.00043166
      1739     0.00043203
      1740     0.00043239
      1741     0.00043274
      1742     0.00043307
      1743     0.00043340
      1744     0.00043372
      1745     0.00043402
      1746     0.00043432
      1747     0.00043460
      1748     0.00043488
      1749     0.00043514
      1750     0.00043539
      1751     0.00043564
      1752     0.00043587
      1753     0.00043609
      1754     0.00043631
      1755     0.00043651
      1756     0.00043670
      1757     0.00043689
      1758     0.00043706
      1759     0.00043722
      1760     0.00043738
      1761     0.00043752
      1762     0.00043765
      1763     0.00043777
      1764     0.00043789
      1765     0.00043799
      1766     0.00043809
      1767     0.00043817
      1768     0.00043825
      1769     0.00043831
      1770     0.00043837
      1771     0.00043841
      1772     0.00043845
      1773     0.00043848
      1774     0.00043849
      1775     0.00043850
      1776     0.00043850
      1777     0.00043849
      1778     0.00043847
      1779     0.00043844
      1780     0.00043840
      1781     0.00043835
      1782     0.00043830
      1783     0.00043823
      1784     0.00043816
      1785     0.00043807
      1786     0.00043798
      1787     0.00043788
      1788     0.00043777
      1789     0.00043765
      1790     0.00043752
      1791     0.00043738
      1792     0.00043724
      1793     0.00043708
      1794     0.00043692
      1795     0.00043675
      1796     0.00043657
      1797     0.00043638
      1798     0.00043618
      1799     0.00043598
      1800     0.00043576
      1801     0.00043554
      1802     0.00043531
      1803     0.00043507
      1804     0.00043482
      1805     0.00043456
      1806     0.00043430
      1807     0.00043403
      1808     0.00043375
      1809     0.00043346
      1810     0.00043316
      1811     0.00043286
      1812     0.00043254
      1813     0.00043222
      1814     0.00043190
      1815     0.00043156
      1816     0.00043121
      1817     0.00043086
      1818     0.00043050
      1819     0.00043014
      1820     0.00042976
      1821     0.00042938
      1822     0.00042899
      1823     0.00042859
      1824     0.00042819
      1825     0.00042778
      1826     0.00042736
      1827     0.00042693
      1828     0.00042650
      1829     0.00042605
      1830     0.00042561
      1831     0.00042515
      1832     0.00042469
      1833     0.00042422
      1834     0.00042374
      1835     0.00042326
      1836     0.00042277
      1837     0.00042227
      1838     0.00042176
      1839     0.00042125
      1840     0.00042073
      1841     0.00042021
      1842     0.00041968
      1843     0.00041914
      1844     0.00041859
      1845     0.00041804
      1846     0.00041749
      1847     0.00041692
      1848     0.00041635
      1849     0.00041577
      1850     0.00041519
      1851     0.00041460
      1852     0.00041400
      1853     0.00041340
      1854     0.00041279
      1855     0.00041218
      1856     0.00041156
      1857     0.00041093
      1858     0.00041030
      1859     0.00040966
      1860     0.00040902
      1861     0.00040837
      1862     0.00040771
      1863     0.00040705
      1864     0.00040639
      1865     0.00040571
      1866     0.00040503
      1867     0.00040435
      1868     0.00040366
      1869     0.00040297
      1870     0.00040227
      1871     0.00040156
      1872     0.00040085
      1873     0.00040013
      1874     0.00039941
      1875     0.00039869
      1876     0.00039796
      1877     0.00039722
      1878     0.00039648
      1879     0.00039573
      1880     0.00039498
      1881     0.00039422
      1882     0.00039346
      1883     0.00039269
      1884     0.00039192
      1885     0.00039115
      1886     0.00039037
      1887     0.00038958
      1888     0.00038879
      1889     0.00038800
      1890     0.00038720
      1891     0.00038640
      1892     0.00038559
      1893     0.00038478
      1894     0.00038397
      1895     0.00038315
      1896     0.00038232
      1897     0.00038149
      1898     0.00038066
      1899     0.00037983
      1900     0.00037899
      1901     0.00037814
      1902     0.00037729
      1903     0.00037644
      1904     0.00037559
      1905     0.00037473
      1906     0.00037387
      1907     0.00037300
      1908     0.00037213
      1909     0.00037126
      1910     0.00037038
      1911     0.00036950
      1912     0.00036862
      1913     0.00036773
      1914     0.00036684
      1915     0.00036595
      1916     0.00036505
      1917     0.00036415
      1918     0.00036325
      1919     0.00036234
      1920     0.00036144
      1921     0.00036053
      1922     0.00035961
      1923     0.00035870
      1924     0.00035778
      1925     0.00035685
      1926     0.00035593
      1927     0.00035500
      1928     0.00035407
      1929     0.00035314
      1930     0.00035221
      1931     0.00035127
      1932     0.00035033
      1933     0.00034939
      1934     0.00034845
      1935     0.00034750
      1936     0.00034656
      1937     0.00034561
      1938     0.00034466
      1939     0.00034370
      1940     0.00034275
      1941     0.00034179
      1942     0.00034083
      1943     0.00033987
      1944     0.00033891
      1945     0.00033795
      1946     0.00033698
      1947     0.00033602
      1948     0.00033505
      1949     0.00033408
      1950     0.00033311
      1951     0.00033214
      1952     0.00033117
      1953     0.00033020
      1954     0.00032923
      1955     0.00032825
      1956     0.00032727
      1957     0.00032630
      1958     0.00032532
      1959     0.00032434
      1960     0.00032337
      1961     0.00032239
      1962     0.00032141
      1963     0.00032043
      1964     0.00031945
      1965     0.00031847
      1966     0.00031749
      1967     0.00031651
      1968     0.00031552
      1969     0.00031454
      1970     0.00031356
      1971     0.00031258
      1972     0.00031160
      1973     0.00031062
      1974     0.00030964
      1975     0.00030866
      1976     0.00030768
      1977     0.00030670
      1978     0.00030572
      1979     0.00030475
      1980     0.00030377
      1981     0.00030279
      1982     0.00030182
      1983     0.00030084
      1984     0.00029987
      1985     0.00029890
      1986     0.00029793
      1987     0.00029696
      1988     0.00029599
      1989     0.00029502
      1990     0.00029405
      1991     0.00029309
      1992     0.00029213
      1993     0.00029116
      1994     0.00029020
      1995     0.00028925
      1996     0.00028829
      1997     0.00028734
      1998     0.00028638
      1999     0.00028543
      2000     0.00028448
