#    Step     Kinetic(H)     Potential(H)   Total(H)       E(0)(H)        E(1)(H)        
        0     0.00000000    -5.73863614    -5.73863614    -5.73863614    -5.49642686
        1     0.00186215    -5.74050596    -5.73864381    -5.74050596    -5.49835862
        2     0.00732822    -5.74599407    -5.73866585    -5.74599407    -5.50402970
        3     0.01605005    -5.75474982    -5.73869977    -5.75474982    -5.51308082
        4     0.02748865    -5.76623060    -5.73874195    -5.76623060    -5.52495486
        5     0.04096937    -5.77975744    -5.73878807    -5.77975744    -5.53895279
        6     0.05574618    -5.79458065    -5.73883447    -5.79458065    -5.55430030
        7     0.07106655    -5.80994390    -5.73887735    -5.80994390    -5.57021352
        8     0.08622851    -5.82514199    -5.73891348    -5.82514199    -5.58595870
        9     0.10062303    -5.83956404    -5.73894101    -5.83956404    -5.60089737
       10     0.11376136    -5.85272100    -5.73895964    -5.85272100    -5.61451572
       11     0.12528710    -5.86425671    -5.73896961    -5.86425671    -5.62643685
       12     0.13497399    -5.87394547    -5.73897148    -5.87394547    -5.63641927
       13     0.14271328    -5.88168048    -5.73896720    -5.88168048    -5.64434568
       14     0.14849573    -5.88745414    -5.73895841    -5.88745414    -5.65020313
       15     0.15239028    -5.89133630    -5.73894602    -5.89133630    -5.65406087
       16     0.15452174    -5.89345329    -5.73893155    -5.89345329    -5.65604875
       17     0.15505100    -5.89396713    -5.73891613    -5.89396713    -5.65633557
       18     0.15415827    -5.89305900    -5.73890073    -5.89305900    -5.65511183
       19     0.15202993    -5.89091607    -5.73888614    -5.89091607    -5.65257566
       20     0.00570027    -5.88772105    -5.88202078    -5.88772105    -5.64892173
       21     0.00502607    -5.88704603    -5.88201996    -5.88704603    -5.64813222
       22     0.00444257    -5.88646179    -5.88201922    -5.88646179    -5.64739592
       23     0.00396000    -5.88597854    -5.88201854    -5.88597854    -5.64672389
       24     0.00358738    -5.88560534    -5.88201796    -5.88560534    -5.64612602
       25     0.00333255    -5.88535000    -5.88201745    -5.88535000    -5.64561104
       26     0.00320206    -5.88521907    -5.88201701    -5.88521907    -5.64518640
       27     0.00320118    -5.88521785    -5.88201667    -5.88521785    -5.64485830
       28     0.00333390    -5.88535030    -5.88201640    -5.88535030    -5.64463170
       29     0.00360289    -5.88561912    -5.88201623    -5.88561912    -5.64451026
       30     0.00400951    -5.88602564    -5.88201613    -5.88602564    -5.64449636
       31     0.00455380    -5.88656992    -5.88201612    -5.88656992    -5.64459109
       32     0.00523448    -5.88725067    -5.88201619    -5.88725067    -5.64479427
       33     0.00604894    -5.88806528    -5.88201634    -5.88806528    -5.64510441
       34     0.00699326    -5.88900984    -5.88201658    -5.88900984    -5.64551875
       35     0.00806223    -5.89007913    -5.88201690    -5.89007913    -5.64603326
       36     0.00924934    -5.89126664    -5.88201730    -5.89126664    -5.64664262
       37     0.01054681    -5.89256458    -5.88201777    -5.89256458    -5.64734032
       38     0.01194560    -5.89396393    -5.88201833    -5.89396393    -5.64811857
       39     0.01343547    -5.89545444    -5.88201897    -5.89545444    -5.64896840
       40     0.00570027    -5.89702468    -5.89132441    -5.89702468    -5.64987970
       41     0.00673553    -5.89806036    -5.89132483    -5.89806036    -5.65049217
       42     0.00785658    -5.89918185    -5.89132527    -5.89918185    -5.65116754
       43     0.00905384    -5.90037961    -5.89132577    -5.90037961    -5.65189709
       44     0.01031677    -5.90164311    -5.89132634    -5.90164311    -5.65267107
       45     0.01163391    -5.90296088    -5.89132697    -5.90296088    -5.65347883
       46     0.01299290    -5.90432057    -5.89132767    -5.90432057    -5.65430886
       47     0.01438062    -5.90570903    -5.89132841    -5.90570903    -5.65514890
       48     0.01578328    -5.90711248    -5.89132920    -5.90711248    -5.65598604
       49     0.01718666    -5.90851667    -5.89133001    -5.90851667    -5.65680696
       50     0.01857620    -5.90990704    -5.89133084    -5.90990704    -5.65759807
       51     0.01993718    -5.91126891    -5.89133173    -5.91126891    -5.65834570
       52     0.02125498    -5.91258762    -5.89133264    -5.91258762    -5.65903630
       53     0.02251543    -5.91384895    -5.89133352    -5.91384895    -5.65965681
       54     0.02370504    -5.91503936    -5.89133432    -5.91503936    -5.66019495
       55     0.02481128    -5.91614635    -5.89133507    -5.91614635    -5.66063957
       56     0.02582287    -5.91715859    -5.89133572    -5.91715859    -5.66098082
       57     0.02673019    -5.91806643    -5.89133624    -5.91806643    -5.66121068
       58     0.02752573    -5.91886233    -5.89133660    -5.91886233    -5.66132336
       59     0.02820445    -5.91954125    -5.89133680    -5.91954125    -5.66131574
       60     0.00570027    -5.92010075    -5.91440048    -5.92010075    -5.66118748
       61     0.00591850    -5.92031888    -5.91440038    -5.92031888    -5.66109212
       62     0.00612945    -5.92052969    -5.91440024    -5.92052969    -5.66097531
       63     0.00633543    -5.92073551    -5.91440008    -5.92073551    -5.66084029
       64     0.00653916    -5.92093906    -5.91439990    -5.92093906    -5.66069079
       65     0.00674373    -5.92114344    -5.91439971    -5.92114344    -5.66053090
       66     0.00695248    -5.92135199    -5.91439951    -5.92135199    -5.66036502
       67     0.00716888    -5.92156819    -5.91439931    -5.92156819    -5.66019772
       68     0.00739643    -5.92179554    -5.91439911    -5.92179554    -5.66003357
       69     0.00763850    -5.92203744    -5.91439894    -5.92203744    -5.65987707
       70     0.00789825    -5.92229705    -5.91439880    -5.92229705    -5.65973248
       71     0.00817846    -5.92257714    -5.91439868    -5.92257714    -5.65960368
       72     0.00848143    -5.92288003    -5.91439860    -5.92288003    -5.65949403
       73     0.00880886    -5.92320743    -5.91439857    -5.92320743    -5.65940632
       74     0.00916177    -5.92356036    -5.91439859    -5.92356036    -5.65934258
       75     0.00954044    -5.92393909    -5.91439865    -5.92393909    -5.65930407
       76     0.00994431    -5.92434310    -5.91439879    -5.92434310    -5.65929121
       77     0.01037204    -5.92477100    -5.91439896    -5.92477100    -5.65930354
       78     0.01082142    -5.92522062    -5.91439920    -5.92522062    -5.65933977
       79     0.01128950    -5.92568898    -5.91439948    -5.92568898    -5.65939774
       80     0.00570027    -5.92617239    -5.92047212    -5.92617239    -5.65947456
       81     0.00604991    -5.92652228    -5.92047237    -5.92652228    -5.65954148
       82     0.00641568    -5.92688835    -5.92047267    -5.92688835    -5.65962180
       83     0.00679374    -5.92726673    -5.92047299    -5.92726673    -5.65971216
       84     0.00717986    -5.92765318    -5.92047332    -5.92765318    -5.65980883
       85     0.00756951    -5.92804319    -5.92047368    -5.92804319    -5.65990778
       86     0.00795802    -5.92843208    -5.92047406    -5.92843208    -5.66000484
       87     0.00834067    -5.92881510    -5.92047443    -5.92881510    -5.66009576
       88     0.00871279    -5.92918759    -5.92047480    -5.92918759    -5.66017642
       89     0.00906989    -5.92954506    -5.92047517    -5.92954506    -5.66024285
       90     0.00940777    -5.92988328    -5.92047551    -5.92988328    -5.66029141
       91     0.00972258    -5.93019841    -5.92047583    -5.93019841    -5.66031883
       92     0.01001092    -5.93048703    -5.92047611    -5.93048703    -5.66032232
       93     0.01026988    -5.93074626    -5.92047638    -5.93074626    -5.66029964
       94     0.01049713    -5.93097374    -5.92047661    -5.93097374    -5.66024909
       95     0.01069090    -5.93116770    -5.92047680    -5.93116770    -5.66016965
       96     0.01085000    -5.93132695    -5.92047695    -5.93132695    -5.66006084
       97     0.01097382    -5.93145089    -5.92047707    -5.93145089    -5.65992283
       98     0.01106233    -5.93153948    -5.92047715    -5.93153948    -5.65975639
       99     0.01111606    -5.93159325    -5.92047719    -5.93159325    -5.65956286
      100     0.00570027    -5.93161327    -5.92591300    -5.93161327    -5.65934414
      101     0.00569566    -5.93160865    -5.92591299    -5.93160865    -5.65917428
      102     0.00567760    -5.93159056    -5.92591296    -5.93159056    -5.65899594
      103     0.00564763    -5.93156055    -5.92591292    -5.93156055    -5.65881133
      104     0.00560744    -5.93152031    -5.92591287    -5.93152031    -5.65862273
      105     0.00555878    -5.93147159    -5.92591281    -5.93147159    -5.65843252
      106     0.00550347    -5.93141622    -5.92591275    -5.93141622    -5.65824310
      107     0.00544335    -5.93135603    -5.92591268    -5.93135603    -5.65805689
      108     0.00538021    -5.93129282    -5.92591261    -5.93129282    -5.65787624
      109     0.00531582    -5.93122836    -5.92591254    -5.93122836    -5.65770343
      110     0.00525185    -5.93116433    -5.92591248    -5.93116433    -5.65754063
      111     0.00518986    -5.93110228    -5.92591242    -5.93110228    -5.65738986
      112     0.00513130    -5.93104365    -5.92591235    -5.93104365    -5.65725298
      113     0.00507743    -5.93098973    -5.92591230    -5.93098973    -5.65713163
      114     0.00502936    -5.93094161    -5.92591225    -5.93094161    -5.65702724
      115     0.00498798    -5.93090019    -5.92591221    -5.93090019    -5.65694099
      116     0.00495400    -5.93086617    -5.92591217    -5.93086617    -5.65687382
      117     0.00492788    -5.93084003    -5.92591215    -5.93084003    -5.65682638
      118     0.00490988    -5.93082201    -5.92591213    -5.93082201    -5.65679903
      119     0.00490002    -5.93081214    -5.92591212    -5.93081214    -5.65679188
      120     0.00570027    -5.93081020    -5.92510993    -5.93081020    -5.65680472
      121     0.00570535    -5.93081529    -5.92510994    -5.93081529    -5.65683883
      122     0.00571601    -5.93082596    -5.92510995    -5.93082596    -5.65689157
      123     0.00573134    -5.93084132    -5.92510998    -5.93084132    -5.65696191
      124     0.00575028    -5.93086028    -5.92511000    -5.93086028    -5.65704853
      125     0.00577157    -5.93088160    -5.92511003    -5.93088160    -5.65714993
      126     0.00579382    -5.93090388    -5.92511006    -5.93090388    -5.65726439
      127     0.00581551    -5.93092560    -5.92511009    -5.93092560    -5.65739000
      128     0.00583501    -5.93094515    -5.92511014    -5.93094515    -5.65752475
      129     0.00585065    -5.93096082    -5.92511017    -5.93096082    -5.65766645
      130     0.00586070    -5.93097090    -5.92511020    -5.93097090    -5.65781290
      131     0.00586343    -5.93097365    -5.92511022    -5.93097365    -5.65796180
      132     0.00585715    -5.93096739    -5.92511024    -5.93096739    -5.65811091
      133     0.00584023    -5.93095049    -5.92511026    -5.93095049    -5.65825798
      134     0.00581116    -5.93092142    -5.92511026    -5.93092142    -5.65840087
      135     0.00576857    -5.93087883    -5.92511026    -5.93087883    -5.65853755
      136     0.00571128    -5.93082151    -5.92511023    -5.93082151    -5.65866617
      137     0.00563830    -5.93074849    -5.92511019    -5.93074849    -5.65878507
      138     0.00554891    -5.93065906    -5.92511015    -5.93065906    -5.65889286
      139     0.00544267    -5.93055275    -5.92511008    -5.93055275    -5.65898840
      140     0.00570027    -5.93042942    -5.92472915    -5.93042942    -5.65907083
      141     0.00555483    -5.93028387    -5.92472904    -5.93028387    -5.65914177
      142     0.00539163    -5.93012055    -5.92472892    -5.93012055    -5.65919784
      143     0.00521152    -5.92994030    -5.92472878    -5.92994030    -5.65923919
      144     0.00501571    -5.92974432    -5.92472861    -5.92974432    -5.65926637
      145     0.00480573    -5.92953417    -5.92472844    -5.92953417    -5.65928028
      146     0.00458346    -5.92931170    -5.92472824    -5.92931170    -5.65928214
      147     0.00435104    -5.92907907    -5.92472803    -5.92907907    -5.65927352
      148     0.00411089    -5.92883869    -5.92472780    -5.92883869    -5.65925623
      149     0.00386560    -5.92859319    -5.92472759    -5.92859319    -5.65923232
      150     0.00361795    -5.92834531    -5.92472736    -5.92834531    -5.65920402
      151     0.00337079    -5.92809791    -5.92472712    -5.92809791    -5.65917364
      152     0.00312698    -5.92785388    -5.92472690    -5.92785388    -5.65914359
      153     0.00288936    -5.92761604    -5.92472668    -5.92761604    -5.65911619
      154     0.00266065    -5.92738713    -5.92472648    -5.92738713    -5.65909374
      155     0.00244340    -5.92716969    -5.92472629    -5.92716969    -5.65907832
      156     0.00223992    -5.92696605    -5.92472613    -5.92696605    -5.65907182
      157     0.00205223    -5.92677821    -5.92472598    -5.92677821    -5.65907586
      158     0.00188200    -5.92660787    -5.92472587    -5.92660787    -5.65909172
      159     0.00173054    -5.92645632    -5.92472578    -5.92645632    -5.65912030
      160     0.00570027    -5.92632446    -5.92062419    -5.92632446    -5.65916213
      161     0.00547794    -5.92610207    -5.92062413    -5.92610207    -5.65926045
      162     0.00527096    -5.92589505    -5.92062409    -5.92589505    -5.65937184
      163     0.00507919    -5.92570327    -5.92062408    -5.92570327    -5.65949546
      164     0.00490208    -5.92552617    -5.92062409    -5.92552617    -5.65963004
      165     0.00473872    -5.92536285    -5.92062413    -5.92536285    -5.65977398
      166     0.00458788    -5.92521206    -5.92062418    -5.92521206    -5.65992535
      167     0.00444804    -5.92507228    -5.92062424    -5.92507228    -5.66008194
      168     0.00431750    -5.92494182    -5.92062432    -5.92494182    -5.66024137
      169     0.00419441    -5.92481882    -5.92062441    -5.92481882    -5.66040111
      170     0.00407686    -5.92470136    -5.92062450    -5.92470136    -5.66055859
      171     0.00396290    -5.92458749    -5.92062459    -5.92458749    -5.66071121
      172     0.00385068    -5.92447535    -5.92062467    -5.92447535    -5.66085650
      173     0.00373842    -5.92436317    -5.92062475    -5.92436317    -5.66099208
      174     0.00362456    -5.92424937    -5.92062481    -5.92424937    -5.66111579
      175     0.00350770    -5.92413257    -5.92062487    -5.92413257    -5.66122572
      176     0.00338672    -5.92401163    -5.92062491    -5.92401163    -5.66132021
      177     0.00326079    -5.92388572    -5.92062493    -5.92388572    -5.66139793
      178     0.00312934    -5.92375428    -5.92062494    -5.92375428    -5.66145789
      179     0.00299214    -5.92361707    -5.92062493    -5.92361707    -5.66149941
      180     0.00570027    -5.92347413    -5.91777386    -5.92347413    -5.66152218
      181     0.00548320    -5.92325698    -5.91777378    -5.92325698    -5.66152392
      182     0.00524496    -5.92301862    -5.91777366    -5.92301862    -5.66149193
      183     0.00498734    -5.92276086    -5.91777352    -5.92276086    -5.66142763
      184     0.00471266    -5.92248602    -5.91777336    -5.92248602    -5.66133296
      185     0.00442369    -5.92219686    -5.91777317    -5.92219686    -5.66121040
      186     0.00412360    -5.92189656    -5.91777296    -5.92189656    -5.66106284
      187     0.00381586    -5.92158861    -5.91777275    -5.92158861    -5.66089353
      188     0.00350418    -5.92127670    -5.91777252    -5.92127670    -5.66070596
      189     0.00319242    -5.92096471    -5.91777229    -5.92096471    -5.66050383
      190     0.00288450    -5.92065657    -5.91777207    -5.92065657    -5.66029092
      191     0.00258441    -5.92035626    -5.91777185    -5.92035626    -5.66007110
      192     0.00229606    -5.92006770    -5.91777164    -5.92006770    -5.65984820
      193     0.00202328    -5.91979472    -5.91777144    -5.91979472    -5.65962597
      194     0.00176974    -5.91954097    -5.91777123    -5.91954097    -5.65940802
      195     0.00153888    -5.91930991    -5.91777103    -5.91930991    -5.65919775
      196     0.00133387    -5.91910471    -5.91777084    -5.91910471    -5.65899833
      197     0.00115758    -5.91892824    -5.91777066    -5.91892824    -5.65881263
      198     0.00101253    -5.91878305    -5.91777052    -5.91878305    -5.65864321
      199     0.00090088    -5.91867128    -5.91777040    -5.91867128    -5.65849223
      200     0.00570027    -5.91859469    -5.91289442    -5.91859469    -5.65836151
      201     0.00555717    -5.91845138    -5.91289421    -5.91845138    -5.65805115
      202     0.00543700    -5.91833102    -5.91289402    -5.91833102    -5.65775359
      203     0.00534223    -5.91823609    -5.91289386    -5.91823609    -5.65747149
      204     0.00527499    -5.91816871    -5.91289372    -5.91816871    -5.65720713
      205     0.00523702    -5.91813062    -5.91289360    -5.91813062    -5.65696242
      206     0.00522964    -5.91812315    -5.91289351    -5.91812315    -5.65673883
      207     0.00525375    -5.91814721    -5.91289346    -5.91814721    -5.65653744
      208     0.00530982    -5.91820325    -5.91289343    -5.91820325    -5.65635881
      209     0.00539787    -5.91829129    -5.91289342    -5.91829129    -5.65620312
      210     0.00551745    -5.91841090    -5.91289345    -5.91841090    -5.65607006
      211     0.00566770    -5.91856120    -5.91289350    -5.91856120    -5.65595887
      212     0.00584731    -5.91874089    -5.91289358    -5.91874089    -5.65586837
      213     0.00605454    -5.91894822    -5.91289368    -5.91894822    -5.65579696
      214     0.00628719    -5.91918108    -5.91289389    -5.91918108    -5.65574263
      215     0.00654277    -5.91943697    -5.91289420    -5.91943697    -5.65570303
      216     0.00681854    -5.91971306    -5.91289452    -5.91971306    -5.65567546
      217     0.00711137    -5.92000623    -5.91289486    -5.92000623    -5.65565697
      218     0.00741792    -5.92031312    -5.91289520    -5.92031312    -5.65564435
      219     0.00773463    -5.92063019    -5.91289556    -5.92063019    -5.65563424
      220     0.00570027    -5.92095374    -5.91525347    -5.92095374    -5.65562316
      221     0.00597869    -5.92123247    -5.91525378    -5.92123247    -5.65561284
      222     0.00626479    -5.92151886    -5.91525407    -5.92151886    -5.65560132
      223     0.00655532    -5.92180970    -5.91525438    -5.92180970    -5.65558558
      224     0.00684708    -5.92210174    -5.91525466    -5.92210174    -5.65556270
      225     0.00713693    -5.92239187    -5.91525494    -5.92239187    -5.65552987
      226     0.00742190    -5.92267711    -5.91525521    -5.92267711    -5.65548447
      227     0.00769925    -5.92295469    -5.91525544    -5.92295469    -5.65542417
      228     0.00796649    -5.92322215    -5.91525566    -5.92322215    -5.65534697
      229     0.00822150    -5.92347736    -5.91525586    -5.92347736    -5.65525128
      230     0.00846257    -5.92371858    -5.91525601    -5.92371858    -5.65513596
      231     0.00868840    -5.92394454    -5.91525614    -5.92394454    -5.65500036
      232     0.00889817    -5.92415441    -5.91525624    -5.92415441    -5.65484440
      233     0.00909157    -5.92434788    -5.91525631    -5.92434788    -5.65466849
      234     0.00926878    -5.92452511    -5.91525633    -5.92452511    -5.65447368
      235     0.00943052    -5.92468684    -5.91525632    -5.92468684    -5.65426156
      236     0.00957800    -5.92483428    -5.91525628    -5.92483428    -5.65403429
      237     0.00971293    -5.92496914    -5.91525621    -5.92496914    -5.65379458
      238     0.00983744    -5.92509356    -5.91525612    -5.92509356    -5.65354558
      239     0.00995403    -5.92521002    -5.91525599    -5.92521002    -5.65329089
      240     0.00570027    -5.92532136    -5.91962109    -5.92532136    -5.65303438
      241     0.00578795    -5.92540895    -5.91962100    -5.92540895    -5.65284653
      242     0.00588706    -5.92550798    -5.91962092    -5.92550798    -5.65267033
      243     0.00599957    -5.92562041    -5.91962084    -5.92562041    -5.65250859
      244     0.00612718    -5.92574798    -5.91962080    -5.92574798    -5.65236383
      245     0.00627130    -5.92589207    -5.91962077    -5.92589207    -5.65223824
      246     0.00643292    -5.92605369    -5.91962077    -5.92605369    -5.65213363
      247     0.00661258    -5.92623338    -5.91962080    -5.92623338    -5.65205133
      248     0.00681038    -5.92643123    -5.91962085    -5.92643123    -5.65199216
      249     0.00702586    -5.92664681    -5.91962095    -5.92664681    -5.65195645
      250     0.00725810    -5.92687916    -5.91962106    -5.92687916    -5.65194393
      251     0.00750564    -5.92712684    -5.91962120    -5.92712684    -5.65195383
      252     0.00776653    -5.92738790    -5.91962137    -5.92738790    -5.65198486
      253     0.00803839    -5.92765995    -5.91962156    -5.92765995    -5.65203524
      254     0.00831841    -5.92794019    -5.91962178    -5.92794019    -5.65210275
      255     0.00860348    -5.92822549    -5.91962201    -5.92822549    -5.65218484
      256     0.00889018    -5.92851243    -5.91962225    -5.92851243    -5.65227862
      257     0.00917493    -5.92879743    -5.91962250    -5.92879743    -5.65238102
      258     0.00945401    -5.92907677    -5.91962276    -5.92907677    -5.65248883
      259     0.00972371    -5.92934673    -5.91962302    -5.92934673    -5.65259882
      260     0.00570027    -5.92960363    -5.92390336    -5.92960363    -5.65270778
      261     0.00588581    -5.92978936    -5.92390355    -5.92978936    -5.65279042
      262     0.00606454    -5.92996826    -5.92390372    -5.92996826    -5.65287456
      263     0.00623403    -5.93013792    -5.92390389    -5.93013792    -5.65295819
      264     0.00639203    -5.93029607    -5.92390404    -5.93029607    -5.65303941
      265     0.00653643    -5.93044062    -5.92390419    -5.93044062    -5.65311652
      266     0.00666537    -5.93056969    -5.92390432    -5.93056969    -5.65318802
      267     0.00677723    -5.93068165    -5.92390442    -5.93068165    -5.65325270
      268     0.00687065    -5.93077516    -5.92390451    -5.93077516    -5.65330961
      269     0.00694460    -5.93084917    -5.92390457    -5.93084917    -5.65335810
      270     0.00699833    -5.93090294    -5.92390461    -5.93090294    -5.65339783
      271     0.00703141    -5.93093604    -5.92390463    -5.93093604    -5.65342878
      272     0.00704375    -5.93094837    -5.92390462    -5.93094837    -5.65345125
      273     0.00703555    -5.93094015    -5.92390460    -5.93094015    -5.65346584
      274     0.00700734    -5.93091189    -5.92390455    -5.93091189    -5.65347347
      275     0.00695992    -5.93086440    -5.92390448    -5.93086440    -5.65347531
      276     0.00689438    -5.93079878    -5.92390440    -5.93079878    -5.65347279
      277     0.00681203    -5.93071632    -5.92390429    -5.93071632    -5.65346756
      278     0.00671441    -5.93061858    -5.92390417    -5.93061858    -5.65346146
      279     0.00660321    -5.93050725    -5.92390404    -5.93050725    -5.65345646
      280     0.00570027    -5.93038420    -5.92468393    -5.93038420    -5.65345465
      281     0.00557672    -5.93026052    -5.92468380    -5.93026052    -5.65345897
      282     0.00544769    -5.93013134    -5.92468365    -5.93013134    -5.65347232
      283     0.00531508    -5.92999858    -5.92468350    -5.92999858    -5.65349672
      284     0.00518075    -5.92986411    -5.92468336    -5.92986411    -5.65353407
      285     0.00504654    -5.92972976    -5.92468322    -5.92972976    -5.65358620
      286     0.00491418    -5.92959726    -5.92468308    -5.92959726    -5.65365474
      287     0.00478529    -5.92946824    -5.92468295    -5.92946824    -5.65374120
      288     0.00466136    -5.92934418    -5.92468282    -5.92934418    -5.65384686
      289     0.00454369    -5.92922639    -5.92468270    -5.92922639    -5.65397277
      290     0.00443341    -5.92911602    -5.92468261    -5.92911602    -5.65411972
      291     0.00433147    -5.92901398    -5.92468251    -5.92901398    -5.65428826
      292     0.00423858    -5.92892100    -5.92468242    -5.92892100    -5.65447864
      293     0.00415522    -5.92883756    -5.92468234    -5.92883756    -5.65469083
      294     0.00408165    -5.92876394    -5.92468229    -5.92876394    -5.65492451
      295     0.00401792    -5.92870015    -5.92468223    -5.92870015    -5.65517904
      296     0.00396381    -5.92864600    -5.92468219    -5.92864600    -5.65545354
      297     0.00391890    -5.92860106    -5.92468216    -5.92860106    -5.65574680
      298     0.00388255    -5.92856470    -5.92468215    -5.92856470    -5.65605737
      299     0.00385393    -5.92853607    -5.92468214    -5.92853607    -5.65638356
      300     0.00570027    -5.92851416    -5.92281389    -5.92851416    -5.65672344
      301     0.00567699    -5.92849089    -5.92281390    -5.92849089    -5.65714870
      302     0.00565234    -5.92846624    -5.92281390    -5.92846624    -5.65757857
      303     0.00562470    -5.92843860    -5.92281390    -5.92843860    -5.65801022
      304     0.00559247    -5.92840638    -5.92281391    -5.92840638    -5.65844082
      305     0.00555406    -5.92836797    -5.92281391    -5.92836797    -5.65886752
      306     0.00550795    -5.92832184    -5.92281389    -5.92832184    -5.65928755
      307     0.00545272    -5.92826660    -5.92281388    -5.92826660    -5.65969825
      308     0.00538710    -5.92820095    -5.92281385    -5.92820095    -5.66009711
      309     0.00531002    -5.92812382    -5.92281380    -5.92812382    -5.66048181
      310     0.00522059    -5.92803434    -5.92281375    -5.92803434    -5.66085029
      311     0.00511822    -5.92793189    -5.92281367    -5.92793189    -5.66120076
      312     0.00500258    -5.92781615    -5.92281357    -5.92781615    -5.66153177
      313     0.00487363    -5.92768709    -5.92281346    -5.92768709    -5.66184217
      314     0.00473168    -5.92754501    -5.92281333    -5.92754501    -5.66213122
      315     0.00457734    -5.92739053    -5.92281319    -5.92739053    -5.66239852
      316     0.00441159    -5.92722461    -5.92281302    -5.92722461    -5.66264409
      317     0.00423571    -5.92704855    -5.92281284    -5.92704855    -5.66286832
      318     0.00405130    -5.92686394    -5.92281264    -5.92686394    -5.66307195
      319     0.00386025    -5.92667267    -5.92281242    -5.92667267    -5.66325609
      320     0.00570027    -5.92647692    -5.92077665    -5.92647692    -5.66342219
      321     0.00544912    -5.92622548    -5.92077636    -5.92622548    -5.66360599
      322     0.00518927    -5.92596532    -5.92077605    -5.92596532    -5.66376598
      323     0.00492428    -5.92570001    -5.92077573    -5.92570001    -5.66390506
      324     0.00465796    -5.92543336    -5.92077540    -5.92543336    -5.66402641
      325     0.00439425    -5.92516932    -5.92077507    -5.92516932    -5.66413344
      326     0.00413717    -5.92491192    -5.92077475    -5.92491192    -5.66422969
      327     0.00389070    -5.92466514    -5.92077444    -5.92466514    -5.66431871
      328     0.00365868    -5.92443282    -5.92077414    -5.92443282    -5.66440398
      329     0.00344473    -5.92421860    -5.92077387    -5.92421860    -5.66448878
      330     0.00325215    -5.92402578    -5.92077363    -5.92402578    -5.66457612
      331     0.00308383    -5.92385725    -5.92077342    -5.92385725    -5.66466866
      332     0.00294219    -5.92371544    -5.92077325    -5.92371544    -5.66476860
      333     0.00282913    -5.92360225    -5.92077312    -5.92360225    -5.66487764
      334     0.00274597    -5.92351899    -5.92077302    -5.92351899    -5.66499696
      335     0.00269340    -5.92346637    -5.92077297    -5.92346637    -5.66512711
      336     0.00267153    -5.92344449    -5.92077296    -5.92344449    -5.66526808
      337     0.00267984    -5.92345283    -5.92077299    -5.92345283    -5.66541925
      338     0.00271723    -5.92349030    -5.92077307    -5.92349030    -5.66557944
      339     0.00278207    -5.92355525    -5.92077318    -5.92355525    -5.66574695
      340     0.00570027    -5.92364554    -5.91794527    -5.92364554    -5.66591959
      341     0.00584959    -5.92379508    -5.91794549    -5.92379508    -5.66616166
      342     0.00600756    -5.92395330    -5.91794574    -5.92395330    -5.66639391
      343     0.00617026    -5.92411623    -5.91794597    -5.92411623    -5.66661241
      344     0.00633382    -5.92428002    -5.91794620    -5.92428002    -5.66681330
      345     0.00649456    -5.92444098    -5.91794642    -5.92444098    -5.66699292
      346     0.00664904    -5.92459568    -5.91794664    -5.92459568    -5.66714790
      347     0.00679417    -5.92474100    -5.91794683    -5.92474100    -5.66727522
      348     0.00692722    -5.92487424    -5.91794702    -5.92487424    -5.66737226
      349     0.00704588    -5.92499305    -5.91794717    -5.92499305    -5.66743685
      350     0.00714827    -5.92509560    -5.91794733    -5.92509560    -5.66746729
      351     0.00723302    -5.92518047    -5.91794745    -5.92518047    -5.66746241
      352     0.00729921    -5.92524676    -5.91794755    -5.92524676    -5.66742151
      353     0.00734638    -5.92529401    -5.91794763    -5.92529401    -5.66734441
      354     0.00737454    -5.92532223    -5.91794769    -5.92532223    -5.66723142
      355     0.00738412    -5.92533185    -5.91794773    -5.92533185    -5.66708331
      356     0.00737598    -5.92532374    -5.91794776    -5.92532374    -5.66690130
      357     0.00735133    -5.92529911    -5.91794778    -5.92529911    -5.66668700
      358     0.00731174    -5.92525952    -5.91794778    -5.92525952    -5.66644238
      359     0.00725904    -5.92520680    -5.91794776    -5.92520680    -5.66616974
      360     0.00570027    -5.92514304    -5.91944277    -5.92514304    -5.66587162
      361     0.00563832    -5.92508107    -5.91944275    -5.92508107    -5.66558745
      362     0.00557586    -5.92501858    -5.91944272    -5.92501858    -5.66528842
      363     0.00551500    -5.92495770    -5.91944270    -5.92495770    -5.66497715
      364     0.00545790    -5.92490058    -5.91944268    -5.92490058    -5.66465626
      365     0.00540665    -5.92484931    -5.91944266    -5.92484931    -5.66432836
      366     0.00536328    -5.92480592    -5.91944264    -5.92480592    -5.66399599
      367     0.00532969    -5.92477232    -5.91944263    -5.92477232    -5.66366159
      368     0.00530766    -5.92475028    -5.91944262    -5.92475028    -5.66332746
      369     0.00529878    -5.92474141    -5.91944263    -5.92474141    -5.66299576
      370     0.00530445    -5.92474711    -5.91944266    -5.92474711    -5.66266841
      371     0.00532586    -5.92476855    -5.91944269    -5.92476855    -5.66234714
      372     0.00536393    -5.92480665    -5.91944272    -5.92480665    -5.66203343
      373     0.00541932    -5.92486210    -5.91944278    -5.92486210    -5.66172848
      374     0.00549240    -5.92493525    -5.91944285    -5.92493525    -5.66143322
      375     0.00558326    -5.92502619    -5.91944293    -5.92502619    -5.66114826
      376     0.00569167    -5.92513470    -5.91944303    -5.92513470    -5.66087392
      377     0.00581708    -5.92526023    -5.91944315    -5.92526023    -5.66061017
      378     0.00595865    -5.92540193    -5.91944328    -5.92540193    -5.66035669
      379     0.00611521    -5.92555863    -5.91944342    -5.92555863    -5.66011282
      380     0.00570027    -5.92572886    -5.92002859    -5.92572886    -5.65987761
      381     0.00587446    -5.92590321    -5.92002875    -5.92590321    -5.65966139
      382     0.00605995    -5.92608888    -5.92002893    -5.92608888    -5.65945222
      383     0.00625452    -5.92628363    -5.92002911    -5.92628363    -5.65924833
      384     0.00645572    -5.92648503    -5.92002931    -5.92648503    -5.65904772
      385     0.00666088    -5.92669039    -5.92002951    -5.92669039    -5.65884818
      386     0.00686719    -5.92689690    -5.92002971    -5.92689690    -5.65864730
      387     0.00707167    -5.92710159    -5.92002992    -5.92710159    -5.65844256
      388     0.00727128    -5.92730141    -5.92003013    -5.92730141    -5.65823135
      389     0.00746293    -5.92749327    -5.92003034    -5.92749327    -5.65801101
      390     0.00764356    -5.92767409    -5.92003053    -5.92767409    -5.65777891
      391     0.00781016    -5.92784088    -5.92003072    -5.92784088    -5.65753248
      392     0.00795986    -5.92799075    -5.92003089    -5.92799075    -5.65726932
      393     0.00809001    -5.92812105    -5.92003104    -5.92812105    -5.65698719
      394     0.00819819    -5.92822936    -5.92003117    -5.92822936    -5.65668417
      395     0.00828231    -5.92831358    -5.92003127    -5.92831358    -5.65635865
      396     0.00834065    -5.92837200    -5.92003135    -5.92837200    -5.65600941
      397     0.00837193    -5.92840332    -5.92003139    -5.92840332    -5.65563568
      398     0.00837532    -5.92840672    -5.92003140    -5.92840672    -5.65523719
      399     0.00835047    -5.92838185    -5.92003138    -5.92838185    -5.65481415
      400     0.00570027    -5.92832889    -5.92262862    -5.92832889    -5.65436732
      401     0.00563713    -5.92826567    -5.92262854    -5.92826567    -5.65398159
      402     0.00555909    -5.92818754    -5.92262845    -5.92818754    -5.65358521
      403     0.00546754    -5.92809587    -5.92262833    -5.92809587    -5.65318010
      404     0.00536411    -5.92799231    -5.92262820    -5.92799231    -5.65276844
      405     0.00525076    -5.92787881    -5.92262805    -5.92787881    -5.65235272
      406     0.00512962    -5.92775751    -5.92262789    -5.92775751    -5.65193562
      407     0.00500301    -5.92763074    -5.92262773    -5.92763074    -5.65152001
      408     0.00487337    -5.92750094    -5.92262757    -5.92750094    -5.65110890
      409     0.00474320    -5.92737060    -5.92262740    -5.92737060    -5.65070531
      410     0.00461498    -5.92724222    -5.92262724    -5.92724222    -5.65031227
      411     0.00449112    -5.92711820    -5.92262708    -5.92711820    -5.64993270
      412     0.00437390    -5.92700085    -5.92262695    -5.92700085    -5.64956940
      413     0.00426543    -5.92689225    -5.92262682    -5.92689225    -5.64922492
      414     0.00416754    -5.92679427    -5.92262673    -5.92679427    -5.64890158
      415     0.00408182    -5.92670846    -5.92262664    -5.92670846    -5.64860136
      416     0.00400950    -5.92663608    -5.92262658    -5.92663608    -5.64832588
      417     0.00395150    -5.92657804    -5.92262654    -5.92657804    -5.64807640
      418     0.00390837    -5.92653490    -5.92262653    -5.92653490    -5.64785378
      419     0.00388031    -5.92650684    -5.92262653    -5.92650684    -5.64765847
      420     0.00570027    -5.92649373    -5.92079346    -5.92649373    -5.64749055
      421     0.00569782    -5.92649134    -5.92079352    -5.92649134    -5.64731511
      422     0.00570398    -5.92649757    -5.92079359    -5.92649757    -5.64716291
      423     0.00571765    -5.92651130    -5.92079365    -5.92651130    -5.64703297
      424     0.00573757    -5.92653129    -5.92079372    -5.92653129    -5.64692414
      425     0.00576242    -5.92655621    -5.92079379    -5.92655621    -5.64683513
      426     0.00579082    -5.92658467    -5.92079385    -5.92658467    -5.64676459
      427     0.00582139    -5.92661530    -5.92079391    -5.92661530    -5.64671113
      428     0.00585279    -5.92664674    -5.92079395    -5.92664674    -5.64667341
      429     0.00588375    -5.92667774    -5.92079399    -5.92667774    -5.64665011
      430     0.00591313    -5.92670715    -5.92079402    -5.92670715    -5.64664006
      431     0.00593990    -5.92673393    -5.92079403    -5.92673393    -5.64664218
      432     0.00596321    -5.92675724    -5.92079403    -5.92675724    -5.64665556
      433     0.00598235    -5.92677637    -5.92079402    -5.92677637    -5.64667947
      434     0.00599679    -5.92679079    -5.92079400    -5.92679079    -5.64671332
      435     0.00600616    -5.92680014    -5.92079398    -5.92680014    -5.64675673
      436     0.00601028    -5.92680423    -5.92079395    -5.92680423    -5.64680948
      437     0.00600911    -5.92680302    -5.92079391    -5.92680302    -5.64687151
      438     0.00600278    -5.92679663    -5.92079385    -5.92679663    -5.64694294
      439     0.00599155    -5.92678536    -5.92079381    -5.92678536    -5.64702404
      440     0.00570027    -5.92676959    -5.92106932    -5.92676959    -5.64711521
      441     0.00568152    -5.92675078    -5.92106926    -5.92675078    -5.64721517
      442     0.00566045    -5.92672965    -5.92106920    -5.92672965    -5.64732725
      443     0.00563777    -5.92670691    -5.92106914    -5.92670691    -5.64745212
      444     0.00561426    -5.92668333    -5.92106907    -5.92668333    -5.64759054
      445     0.00559074    -5.92665976    -5.92106902    -5.92665976    -5.64774332
      446     0.00556811    -5.92663706    -5.92106895    -5.92663706    -5.64791126
      447     0.00554726    -5.92661615    -5.92106889    -5.92661615    -5.64809519
      448     0.00552912    -5.92659796    -5.92106884    -5.92659796    -5.64829591
      449     0.00551461    -5.92658339    -5.92106878    -5.92658339    -5.64851419
      450     0.00550463    -5.92657336    -5.92106873    -5.92657336    -5.64875076
      451     0.00550003    -5.92656872    -5.92106869    -5.92656872    -5.64900625
      452     0.00550164    -5.92657029    -5.92106865    -5.92657029    -5.64928120
      453     0.00551020    -5.92657880    -5.92106860    -5.92657880    -5.64957605
      454     0.00552635    -5.92659492    -5.92106857    -5.92659492    -5.64989111
      455     0.00555063    -5.92661918    -5.92106855    -5.92661918    -5.65022649
      456     0.00558346    -5.92665199    -5.92106853    -5.92665199    -5.65058217
      457     0.00562512    -5.92669364    -5.92106852    -5.92669364    -5.65095793
      458     0.00567574    -5.92674426    -5.92106852    -5.92674426    -5.65135336
      459     0.00573528    -5.92680380    -5.92106852    -5.92680380    -5.65176785
      460     0.00570027    -5.92687209    -5.92117182    -5.92687209    -5.65220056
      461     0.00577637    -5.92694821    -5.92117184    -5.92694821    -5.65264661
      462     0.00586053    -5.92703241    -5.92117188    -5.92703241    -5.65310880
      463     0.00595203    -5.92712396    -5.92117193    -5.92712396    -5.65358567
      464     0.00604996    -5.92722194    -5.92117198    -5.92722194    -5.65407554
      465     0.00615326    -5.92732530    -5.92117204    -5.92732530    -5.65457653
      466     0.00626070    -5.92743281    -5.92117211    -5.92743281    -5.65508658
      467     0.00637092    -5.92754311    -5.92117219    -5.92754311    -5.65560348
      468     0.00648245    -5.92765472    -5.92117227    -5.92765472    -5.65612487
      469     0.00659371    -5.92776605    -5.92117234    -5.92776605    -5.65664831
      470     0.00670304    -5.92787546    -5.92117242    -5.92787546    -5.65717125
      471     0.00680877    -5.92798126    -5.92117249    -5.92798126    -5.65769112
      472     0.00690919    -5.92808176    -5.92117257    -5.92808176    -5.65820531
      473     0.00700265    -5.92817528    -5.92117263    -5.92817528    -5.65871128
      474     0.00708753    -5.92826021    -5.92117268    -5.92826021    -5.65920654
      475     0.00716230    -5.92833503    -5.92117273    -5.92833503    -5.65968872
      476     0.00722558    -5.92839835    -5.92117277    -5.92839835    -5.66015557
      477     0.00727615    -5.92844893    -5.92117278    -5.92844893    -5.66060506
      478     0.00731295    -5.92848573    -5.92117278    -5.92848573    -5.66103536
      479     0.00733517    -5.92850793    -5.92117276    -5.92850793    -5.66144490
      480     0.00570027    -5.92851496    -5.92281469    -5.92851496    -5.66183240
      481     0.00569481    -5.92850944    -5.92281463    -5.92850944    -5.66215485
      482     0.00567953    -5.92849410    -5.92281457    -5.92849410    -5.66245899
      483     0.00565456    -5.92846905    -5.92281449    -5.92846905    -5.66274443
      484     0.00562019    -5.92843459    -5.92281440    -5.92843459    -5.66301097
      485     0.00557694    -5.92839122    -5.92281428    -5.92839122    -5.66325868
      486     0.00552549    -5.92833964    -5.92281415    -5.92833964    -5.66348782
      487     0.00546667    -5.92828069    -5.92281402    -5.92828069    -5.66369886
      488     0.00540150    -5.92821537    -5.92281387    -5.92821537    -5.66389247
      489     0.00533109    -5.92814480    -5.92281371    -5.92814480    -5.66406948
      490     0.00525666    -5.92807021    -5.92281355    -5.92807021    -5.66423084
      491     0.00517950    -5.92799289    -5.92281339    -5.92799289    -5.66437760
      492     0.00510093    -5.92791415    -5.92281322    -5.92791415    -5.66451091
      493     0.00502227    -5.92783533    -5.92281306    -5.92783533    -5.66463190
      494     0.00494481    -5.92775771    -5.92281290    -5.92775771    -5.66474175
      495     0.00486978    -5.92768253    -5.92281275    -5.92768253    -5.66484156
      496     0.00479830    -5.92761090    -5.92281260    -5.92761090    -5.66493238
      497     0.00473138    -5.92754385    -5.92281247    -5.92754385    -5.66501515
      498     0.00466987    -5.92748224    -5.92281237    -5.92748224    -5.66509069
      499     0.00461449    -5.92742675    -5.92281226    -5.92742675    -5.66515967
      500     0.00570027    -5.92737793    -5.92167766    -5.92737793    -5.66522261
      501     0.00565180    -5.92732939    -5.92167759    -5.92732939    -5.66528596
      502     0.00560771    -5.92728525    -5.92167754    -5.92728525    -5.66534192
      503     0.00556807    -5.92724557    -5.92167750    -5.92724557    -5.66539058
      504     0.00553276    -5.92721026    -5.92167750    -5.92721026    -5.66543188
      505     0.00550160    -5.92717909    -5.92167749    -5.92717909    -5.66546567
      506     0.00547427    -5.92715178    -5.92167751    -5.92715178    -5.66549170
      507     0.00545039    -5.92712793    -5.92167754    -5.92712793    -5.66550966
      508     0.00542951    -5.92710709    -5.92167758    -5.92710709    -5.66551919
      509     0.00541115    -5.92708878    -5.92167763    -5.92708878    -5.66551988
      510     0.00539480    -5.92707249    -5.92167769    -5.92707249    -5.66551134
      511     0.00537993    -5.92705770    -5.92167777    -5.92705770    -5.66549315
      512     0.00536605    -5.92704390    -5.92167785    -5.92704390    -5.66546491
      513     0.00535266    -5.92703059    -5.92167793    -5.92703059    -5.66542627
      514     0.00533928    -5.92701730    -5.92167802    -5.92701730    -5.66537689
      515     0.00532549    -5.92700359    -5.92167810    -5.92700359    -5.66531647
      516     0.00531085    -5.92698905    -5.92167820    -5.92698905    -5.66524475
      517     0.00529500    -5.92697330    -5.92167830    -5.92697330    -5.66516152
      518     0.00527758    -5.92695597    -5.92167839    -5.92695597    -5.66506659
      519     0.00525827    -5.92693676    -5.92167849    -5.92693676    -5.66495983
      520     0.00570027    -5.92691535    -5.92121508    -5.92691535    -5.66484114
      521     0.00567454    -5.92688972    -5.92121518    -5.92688972    -5.66470443
      522     0.00564455    -5.92685980    -5.92121525    -5.92685980    -5.66455447
      523     0.00561009    -5.92682542    -5.92121533    -5.92682542    -5.66439132
      524     0.00557104    -5.92678644    -5.92121540    -5.92678644    -5.66421508
      525     0.00552733    -5.92674278    -5.92121545    -5.92674278    -5.66402593
      526     0.00547894    -5.92669445    -5.92121551    -5.92669445    -5.66382416
      527     0.00542595    -5.92664150    -5.92121555    -5.92664150    -5.66361009
      528     0.00536850    -5.92658407    -5.92121557    -5.92658407    -5.66338417
      529     0.00530680    -5.92652238    -5.92121558    -5.92652238    -5.66314692
      530     0.00524115    -5.92645674    -5.92121559    -5.92645674    -5.66289896
      531     0.00517195    -5.92638754    -5.92121559    -5.92638754    -5.66264101
      532     0.00509967    -5.92631524    -5.92121557    -5.92631524    -5.66237389
      533     0.00502487    -5.92624041    -5.92121554    -5.92624041    -5.66209851
      534     0.00494820    -5.92616370    -5.92121550    -5.92616370    -5.66181588
      535     0.00487036    -5.92608583    -5.92121547    -5.92608583    -5.66152707
      536     0.00479215    -5.92600756    -5.92121541    -5.92600756    -5.66123325
      537     0.00471439    -5.92592975    -5.92121536    -5.92592975    -5.66093563
      538     0.00463794    -5.92585324    -5.92121530    -5.92585324    -5.66063545
      539     0.00456370    -5.92577894    -5.92121524    -5.92577894    -5.66033399
      540     0.00570027    -5.92570772    -5.92000745    -5.92570772    -5.66003250
      541     0.00562224    -5.92562961    -5.92000737    -5.92562961    -5.65969247
      542     0.00554500    -5.92555229    -5.92000729    -5.92555229    -5.65935159
      543     0.00546950    -5.92547671    -5.92000721    -5.92547671    -5.65901128
      544     0.00539667    -5.92540383    -5.92000716    -5.92540383    -5.65867286
      545     0.00532741    -5.92533456    -5.92000715    -5.92533456    -5.65833765
      546     0.00526256    -5.92526971    -5.92000715    -5.92526971    -5.65800684
      547     0.00520286    -5.92521001    -5.92000715    -5.92521001    -5.65768152
      548     0.00514891    -5.92515606    -5.92000715    -5.92515606    -5.65736264
      549     0.00510118    -5.92510835    -5.92000717    -5.92510835    -5.65705100
      550     0.00506002    -5.92506721    -5.92000719    -5.92506721    -5.65674724
      551     0.00502561    -5.92503284    -5.92000723    -5.92503284    -5.65645182
      552     0.00499801    -5.92500527    -5.92000726    -5.92500527    -5.65616505
      553     0.00497713    -5.92498443    -5.92000730    -5.92498443    -5.65588706
      554     0.00496274    -5.92497009    -5.92000735    -5.92497009    -5.65561781
      555     0.00495449    -5.92496189    -5.92000740    -5.92496189    -5.65535713
      556     0.00495192    -5.92495938    -5.92000746    -5.92495938    -5.65510469
      557     0.00495447    -5.92496199    -5.92000752    -5.92496199    -5.65486007
      558     0.00496152    -5.92496910    -5.92000758    -5.92496910    -5.65462272
      559     0.00497238    -5.92498003    -5.92000765    -5.92498003    -5.65439205
      560     0.00570027    -5.92499406    -5.91929379    -5.92499406    -5.65416740
      561     0.00571638    -5.92501023    -5.91929385    -5.92501023    -5.65393158
      562     0.00573155    -5.92502545    -5.91929390    -5.92502545    -5.65369806
      563     0.00574513    -5.92503908    -5.91929395    -5.92503908    -5.65346623
      564     0.00575660    -5.92505059    -5.91929399    -5.92505059    -5.65323561
      565     0.00576555    -5.92505957    -5.91929402    -5.92505957    -5.65300583
      566     0.00577175    -5.92506578    -5.91929403    -5.92506578    -5.65277668
      567     0.00577511    -5.92506914    -5.91929403    -5.92506914    -5.65254815
      568     0.00577573    -5.92506975    -5.91929402    -5.92506975    -5.65232041
      569     0.00577388    -5.92506787    -5.91929399    -5.92506787    -5.65209383
      570     0.00577000    -5.92506397    -5.91929397    -5.92506397    -5.65186895
      571     0.00576471    -5.92505863    -5.91929392    -5.92505863    -5.65164654
      572     0.00575872    -5.92505260    -5.91929388    -5.92505260    -5.65142750
      573     0.00575293    -5.92504674    -5.91929381    -5.92504674    -5.65121292
      574     0.00574827    -5.92504203    -5.91929376    -5.92504203    -5.65100399
      575     0.00574577    -5.92503947    -5.91929370    -5.92503947    -5.65080202
      576     0.00574648    -5.92504012    -5.91929364    -5.92504012    -5.65060837
      577     0.00575144    -5.92504502    -5.91929358    -5.92504502    -5.65042441
      578     0.00576161    -5.92505514    -5.91929353    -5.92505514    -5.65025149
      579     0.00577787    -5.92507136    -5.91929349    -5.92507136    -5.65009092
      580     0.00570027    -5.92509446    -5.91939419    -5.92509446    -5.64994389
      581     0.00573078    -5.92512497    -5.91939419    -5.92512497    -5.64981282
      582     0.00576951    -5.92516371    -5.91939420    -5.92516371    -5.64969755
      583     0.00581673    -5.92521095    -5.91939422    -5.92521095    -5.64959880
      584     0.00587249    -5.92526675    -5.91939426    -5.92526675    -5.64951712
      585     0.00593665    -5.92533097    -5.91939432    -5.92533097    -5.64945287
      586     0.00600888    -5.92540326    -5.91939438    -5.92540326    -5.64940621
      587     0.00608867    -5.92548312    -5.91939445    -5.92548312    -5.64937707
      588     0.00617534    -5.92556987    -5.91939453    -5.92556987    -5.64936525
      589     0.00626810    -5.92566272    -5.91939462    -5.92566272    -5.64937038
      590     0.00636608    -5.92576078    -5.91939470    -5.92576078    -5.64939198
      591     0.00646834    -5.92586311    -5.91939477    -5.92586311    -5.64942947
      592     0.00657390    -5.92596874    -5.91939484    -5.92596874    -5.64948219
      593     0.00668183    -5.92607673    -5.91939490    -5.92607673    -5.64954946
      594     0.00679118    -5.92618613    -5.91939495    -5.92618613    -5.64963057
      595     0.00690110    -5.92629608    -5.91939498    -5.92629608    -5.64972478
      596     0.00701076    -5.92640577    -5.91939501    -5.92640577    -5.64983141
      597     0.00711945    -5.92651447    -5.91939502    -5.92651447    -5.64994976
      598     0.00722650    -5.92662153    -5.91939503    -5.92662153    -5.65007915
      599     0.00733132    -5.92672636    -5.91939504    -5.92672636    -5.65021891
      600     0.00570027    -5.92682843    -5.92112816    -5.92682843    -5.65036838
      601     0.00578963    -5.92691779    -5.92112816    -5.92691779    -5.65050987
      602     0.00588130    -5.92700948    -5.92112818    -5.92700948    -5.65066402
      603     0.00597477    -5.92710296    -5.92112819    -5.92710296    -5.65083001
      604     0.00606940    -5.92719762    -5.92112822    -5.92719762    -5.65100692
      605     0.00616445    -5.92729271    -5.92112826    -5.92729271    -5.65119370
      606     0.00625910    -5.92738740    -5.92112830    -5.92738740    -5.65138915
      607     0.00635241    -5.92748076    -5.92112835    -5.92748076    -5.65159196
      608     0.00644338    -5.92757179    -5.92112841    -5.92757179    -5.65180077
      609     0.00653095    -5.92765943    -5.92112848    -5.92765943    -5.65201410
      610     0.00661405    -5.92774260    -5.92112855    -5.92774260    -5.65223047
      611     0.00669160    -5.92782022    -5.92112862    -5.92782022    -5.65244842
      612     0.00676254    -5.92789123    -5.92112869    -5.92789123    -5.65266649
      613     0.00682591    -5.92795466    -5.92112875    -5.92795466    -5.65288334
      614     0.00688084    -5.92800965    -5.92112881    -5.92800965    -5.65309770
      615     0.00692658    -5.92805544    -5.92112886    -5.92805544    -5.65330849
      616     0.00696257    -5.92809148    -5.92112891    -5.92809148    -5.65351479
      617     0.00698841    -5.92811736    -5.92112895    -5.92811736    -5.65371587
      618     0.00700393    -5.92813289    -5.92112896    -5.92813289    -5.65391123
      619     0.00700912    -5.92813810    -5.92112898    -5.92813810    -5.65410059
      620     0.00570027    -5.92813321    -5.92243294    -5.92813321    -5.65428392
      621     0.00568904    -5.92812197    -5.92243293    -5.92812197    -5.65444567
      622     0.00567339    -5.92810632    -5.92243293    -5.92810632    -5.65460577
      623     0.00565396    -5.92808688    -5.92243292    -5.92808688    -5.65476463
      624     0.00563142    -5.92806433    -5.92243291    -5.92806433    -5.65492273
      625     0.00560654    -5.92803943    -5.92243289    -5.92803943    -5.65508061
      626     0.00558010    -5.92801297    -5.92243287    -5.92801297    -5.65523888
      627     0.00555292    -5.92798578    -5.92243286    -5.92798578    -5.65539816
      628     0.00552583    -5.92795868    -5.92243285    -5.92795868    -5.65555908
      629     0.00549963    -5.92793246    -5.92243283    -5.92793246    -5.65572225
      630     0.00547507    -5.92790790    -5.92243283    -5.92790790    -5.65588824
      631     0.00545286    -5.92788569    -5.92243283    -5.92788569    -5.65605755
      632     0.00543362    -5.92786645    -5.92243283    -5.92786645    -5.65623060
      633     0.00541785    -5.92785070    -5.92243285    -5.92785070    -5.65640772
      634     0.00540597    -5.92783884    -5.92243287    -5.92783884    -5.65658910
      635     0.00539827    -5.92783117    -5.92243290    -5.92783117    -5.65677484
      636     0.00539493    -5.92782785    -5.92243292    -5.92782785    -5.65696489
      637     0.00539598    -5.92782894    -5.92243296    -5.92782894    -5.65715909
      638     0.00540138    -5.92783438    -5.92243300    -5.92783438    -5.65735718
      639     0.00541094    -5.92784400    -5.92243306    -5.92784400    -5.65755876
      640     0.00570027    -5.92785751    -5.92215724    -5.92785751    -5.65776334
      641     0.00571724    -5.92787453    -5.92215729    -5.92787453    -5.65797523
      642     0.00573649    -5.92789384    -5.92215735    -5.92789384    -5.65818827
      643     0.00575751    -5.92791492    -5.92215741    -5.92791492    -5.65840177
      644     0.00577978    -5.92793724    -5.92215746    -5.92793724    -5.65861496
      645     0.00580273    -5.92796024    -5.92215751    -5.92796024    -5.65882710
      646     0.00582579    -5.92798335    -5.92215756    -5.92798335    -5.65903742
      647     0.00584841    -5.92800602    -5.92215761    -5.92800602    -5.65924519
      648     0.00587007    -5.92802771    -5.92215764    -5.92802771    -5.65944970
      649     0.00589027    -5.92804794    -5.92215767    -5.92804794    -5.65965028
      650     0.00590858    -5.92806627    -5.92215769    -5.92806627    -5.65984636
      651     0.00592462    -5.92808232    -5.92215770    -5.92808232    -5.66003739
      652     0.00593808    -5.92809578    -5.92215770    -5.92809578    -5.66022293
      653     0.00594871    -5.92810641    -5.92215770    -5.92810641    -5.66040261
      654     0.00595635    -5.92811403    -5.92215768    -5.92811403    -5.66057612
      655     0.00596087    -5.92811853    -5.92215766    -5.92811853    -5.66074323
      656     0.00596222    -5.92811985    -5.92215763    -5.92811985    -5.66090378
      657     0.00596039    -5.92811798    -5.92215759    -5.92811798    -5.66105763
      658     0.00595540    -5.92811295    -5.92215755    -5.92811295    -5.66120471
      659     0.00594730    -5.92810481    -5.92215751    -5.92810481    -5.66134494
      660     0.00570027    -5.92809363    -5.92239336    -5.92809363    -5.66147828
      661     0.00568679    -5.92808010    -5.92239331    -5.92808010    -5.66160236
      662     0.00567116    -5.92806442    -5.92239326    -5.92806442    -5.66171995
      663     0.00565339    -5.92804660    -5.92239321    -5.92804660    -5.66183095
      664     0.00563345    -5.92802661    -5.92239316    -5.92802661    -5.66193518
      665     0.00561125    -5.92800438    -5.92239313    -5.92800438    -5.66203239
      666     0.00558669    -5.92797977    -5.92239308    -5.92797977    -5.66212229
      667     0.00555960    -5.92795264    -5.92239304    -5.92795264    -5.66220453
      668     0.00552978    -5.92792278    -5.92239300    -5.92792278    -5.66227868
      669     0.00549698    -5.92788994    -5.92239296    -5.92788994    -5.66234430
      670     0.00546097    -5.92785390    -5.92239293    -5.92785390    -5.66240089
      671     0.00542149    -5.92781437    -5.92239288    -5.92781437    -5.66244794
      672     0.00537828    -5.92777112    -5.92239284    -5.92777112    -5.66248492
      673     0.00533112    -5.92772392    -5.92239280    -5.92772392    -5.66251133
      674     0.00527981    -5.92767256    -5.92239275    -5.92767256    -5.66252669
      675     0.00522422    -5.92761693    -5.92239271    -5.92761693    -5.66253058
      676     0.00516432    -5.92755698    -5.92239266    -5.92755698    -5.66252264
      677     0.00510014    -5.92749274    -5.92239260    -5.92749274    -5.66250261
      678     0.00503182    -5.92742436    -5.92239254    -5.92742436    -5.66247035
      679     0.00495957    -5.92735205    -5.92239248    -5.92735205    -5.66242580
      680     0.00570027    -5.92727615    -5.92157588    -5.92727615    -5.66236900
      681     0.00561335    -5.92718916    -5.92157581    -5.92718916    -5.66229374
      682     0.00552043    -5.92709616    -5.92157573    -5.92709616    -5.66220402
      683     0.00542217    -5.92699783    -5.92157566    -5.92699783    -5.66210028
      684     0.00531932    -5.92689490    -5.92157558    -5.92689490    -5.66198307
      685     0.00521271    -5.92678822    -5.92157551    -5.92678822    -5.66185308
      686     0.00510321    -5.92667865    -5.92157544    -5.92667865    -5.66171108
      687     0.00499171    -5.92656710    -5.92157539    -5.92656710    -5.66155788
      688     0.00487910    -5.92645443    -5.92157533    -5.92645443    -5.66139435
      689     0.00476621    -5.92634151    -5.92157530    -5.92634151    -5.66122136
      690     0.00465384    -5.92622910    -5.92157526    -5.92622910    -5.66103977
      691     0.00454268    -5.92611792    -5.92157524    -5.92611792    -5.66085043
      692     0.00443336    -5.92600860    -5.92157524    -5.92600860    -5.66065416
      693     0.00432640    -5.92590165    -5.92157525    -5.92590165    -5.66045171
      694     0.00422225    -5.92579752    -5.92157527    -5.92579752    -5.66024382
      695     0.00412125    -5.92569655    -5.92157530    -5.92569655    -5.66003119
      696     0.00402369    -5.92559902    -5.92157533    -5.92559902    -5.65981450
      697     0.00392980    -5.92550516    -5.92157536    -5.92550516    -5.65959442
      698     0.00383977    -5.92541518    -5.92157541    -5.92541518    -5.65937167
      699     0.00375381    -5.92532926    -5.92157545    -5.92532926    -5.65914695
      700     0.00570027    -5.92524761    -5.91954734    -5.92524761    -5.65892106
      701     0.00559862    -5.92514600    -5.91954738    -5.92514600    -5.65863480
      702     0.00549210    -5.92503951    -5.91954741    -5.92503951    -5.65834062
      703     0.00538144    -5.92492886    -5.91954742    -5.92492886    -5.65804004
      704     0.00526763    -5.92481503    -5.91954740    -5.92481503    -5.65773486
      705     0.00515185    -5.92469924    -5.91954739    -5.92469924    -5.65742713
      706     0.00503553    -5.92458288    -5.91954735    -5.92458288    -5.65711910
      707     0.00492027    -5.92446757    -5.91954730    -5.92446757    -5.65681321
      708     0.00480779    -5.92435504    -5.91954725    -5.92435504    -5.65651204
      709     0.00469993    -5.92424711    -5.91954718    -5.92424711    -5.65621822
      710     0.00459855    -5.92414567    -5.91954712    -5.92414567    -5.65593443
      711     0.00450555    -5.92405260    -5.91954705    -5.92405260    -5.65566331
      712     0.00442276    -5.92396974    -5.91954698    -5.92396974    -5.65540743
      713     0.00435197    -5.92389886    -5.91954689    -5.92389886    -5.65516923
      714     0.00429478    -5.92384159    -5.91954681    -5.92384159    -5.65495096
      715     0.00425265    -5.92379939    -5.91954674    -5.92379939    -5.65475466
      716     0.00422682    -5.92377351    -5.91954669    -5.92377351    -5.65458209
      717     0.00421830    -5.92376494    -5.91954664    -5.92376494    -5.65443470
      718     0.00422779    -5.92377441    -5.91954662    -5.92377441    -5.65431358
      719     0.00425573    -5.92380234    -5.91954661    -5.92380234    -5.65421947
      720     0.00570027    -5.92384887    -5.91814860    -5.92384887    -5.65415273
      721     0.00577131    -5.92391993    -5.91814862    -5.92391993    -5.65410374
      722     0.00585566    -5.92400431    -5.91814865    -5.92400431    -5.65407850
      723     0.00595255    -5.92410124    -5.91814869    -5.92410124    -5.65407630
      724     0.00606100    -5.92420973    -5.91814873    -5.92420973    -5.65409608
      725     0.00617980    -5.92432858    -5.91814878    -5.92432858    -5.65413654
      726     0.00630759    -5.92445643    -5.91814884    -5.92445643    -5.65419609
      727     0.00644286    -5.92459175    -5.91814889    -5.92459175    -5.65427297
      728     0.00658399    -5.92473294    -5.91814895    -5.92473294    -5.65436522
      729     0.00672932    -5.92487831    -5.91814899    -5.92487831    -5.65447078
      730     0.00687715    -5.92502618    -5.91814903    -5.92502618    -5.65458753
      731     0.00702584    -5.92517491    -5.91814907    -5.92517491    -5.65471332
      732     0.00717382    -5.92532290    -5.91814908    -5.92532290    -5.65484606
      733     0.00731962    -5.92546871    -5.91814909    -5.92546871    -5.65498370
      734     0.00746194    -5.92561102    -5.91814908    -5.92561102    -5.65512437
      735     0.00759969    -5.92574873    -5.91814904    -5.92574873    -5.65526633
      736     0.00773197    -5.92588096    -5.91814899    -5.92588096    -5.65540810
      737     0.00785814    -5.92600706    -5.91814892    -5.92600706    -5.65554839
      738     0.00797780    -5.92612663    -5.91814883    -5.92612663    -5.65568618
      739     0.00809081    -5.92623953    -5.91814872    -5.92623953    -5.65582070
      740     0.00570027    -5.92634585    -5.92064558    -5.92634585    -5.65595142
      741     0.00578788    -5.92643334    -5.92064546    -5.92643334    -5.65606053
      742     0.00587875    -5.92652410    -5.92064535    -5.92652410    -5.65617307
      743     0.00597323    -5.92661847    -5.92064524    -5.92661847    -5.65628893
      744     0.00607160    -5.92671674    -5.92064514    -5.92671674    -5.65640796
      745     0.00617410    -5.92681913    -5.92064503    -5.92681913    -5.65652999
      746     0.00628080    -5.92692574    -5.92064494    -5.92692574    -5.65665475
      747     0.00639166    -5.92703652    -5.92064486    -5.92703652    -5.65678185
      748     0.00650645    -5.92715125    -5.92064480    -5.92715125    -5.65691080
      749     0.00662473    -5.92726949    -5.92064476    -5.92726949    -5.65704091
      750     0.00674587    -5.92739059    -5.92064472    -5.92739059    -5.65717134
      751     0.00686897    -5.92751368    -5.92064471    -5.92751368    -5.65730105
      752     0.00699293    -5.92763764    -5.92064471    -5.92763764    -5.65742883
      753     0.00711642    -5.92776115    -5.92064473    -5.92776115    -5.65755326
      754     0.00723792    -5.92788268    -5.92064476    -5.92788268    -5.65767280
      755     0.00735574    -5.92800055    -5.92064481    -5.92800055    -5.65778577
      756     0.00746811    -5.92811298    -5.92064487    -5.92811298    -5.65789046
      757     0.00757318    -5.92821810    -5.92064492    -5.92821810    -5.65798509
      758     0.00766909    -5.92831406    -5.92064497    -5.92831406    -5.65806795
      759     0.00775404    -5.92839907    -5.92064503    -5.92839907    -5.65813738
      760     0.00570027    -5.92847142    -5.92277115    -5.92847142    -5.65819191
      761     0.00575286    -5.92852405    -5.92277119    -5.92852405    -5.65822662
      762     0.00579815    -5.92856936    -5.92277121    -5.92856936    -5.65825057
      763     0.00583511    -5.92860634    -5.92277123    -5.92860634    -5.65826297
      764     0.00586291    -5.92863415    -5.92277124    -5.92863415    -5.65826324
      765     0.00588086    -5.92865214    -5.92277128    -5.92865214    -5.65825100
      766     0.00588855    -5.92865988    -5.92277133    -5.92865988    -5.65822611
      767     0.00588584    -5.92865721    -5.92277137    -5.92865721    -5.65818869
      768     0.00587279    -5.92864419    -5.92277140    -5.92864419    -5.65813911
      769     0.00584972    -5.92862112    -5.92277140    -5.92862112    -5.65807795
      770     0.00581715    -5.92858854    -5.92277139    -5.92858854    -5.65800605
      771     0.00577580    -5.92854717    -5.92277137    -5.92854717    -5.65792441
      772     0.00572660    -5.92849793    -5.92277133    -5.92849793    -5.65783422
      773     0.00567058    -5.92844187    -5.92277129    -5.92844187    -5.65773681
      774     0.00560890    -5.92838015    -5.92277125    -5.92838015    -5.65763356
      775     0.00554279    -5.92831401    -5.92277122    -5.92831401    -5.65752595
      776     0.00547351    -5.92824469    -5.92277118    -5.92824469    -5.65741544
      777     0.00540231    -5.92817346    -5.92277115    -5.92817346    -5.65730346
      778     0.00533038    -5.92810151    -5.92277113    -5.92810151    -5.65719138
      779     0.00525886    -5.92802998    -5.92277112    -5.92802998    -5.65708048
      780     0.00570027    -5.92795991    -5.92225964    -5.92795991    -5.65697192
      781     0.00562844    -5.92788808    -5.92225964    -5.92788808    -5.65686106
      782     0.00555820    -5.92781784    -5.92225964    -5.92781784    -5.65675344
      783     0.00549029    -5.92774992    -5.92225963    -5.92774992    -5.65664987
      784     0.00542536    -5.92768498    -5.92225962    -5.92768498    -5.65655104
      785     0.00536394    -5.92762355    -5.92225961    -5.92762355    -5.65645751
      786     0.00530646    -5.92756606    -5.92225960    -5.92756606    -5.65636973
      787     0.00525328    -5.92751287    -5.92225959    -5.92751287    -5.65628805
      788     0.00520467    -5.92746424    -5.92225957    -5.92746424    -5.65621275
      789     0.00516084    -5.92742039    -5.92225955    -5.92742039    -5.65614402
      790     0.00512196    -5.92738148    -5.92225952    -5.92738148    -5.65608200
      791     0.00508813    -5.92734762    -5.92225949    -5.92734762    -5.65602677
      792     0.00505945    -5.92731890    -5.92225945    -5.92731890    -5.65597840
      793     0.00503596    -5.92729537    -5.92225941    -5.92729537    -5.65593692
      794     0.00501771    -5.92727708    -5.92225937    -5.92727708    -5.65590233
      795     0.00500471    -5.92726403    -5.92225932    -5.92726403    -5.65587462
      796     0.00499694    -5.92725621    -5.92225927    -5.92725621    -5.65585374
      797     0.00499435    -5.92725357    -5.92225922    -5.92725357    -5.65583961
      798     0.00499685    -5.92725601    -5.92225916    -5.92725601    -5.65583209
      799     0.00500430    -5.92726341    -5.92225911    -5.92726341    -5.65583102
      800     0.00570027    -5.92727555    -5.92157528    -5.92727555    -5.65583617
      801     0.00571683    -5.92729206    -5.92157523    -5.92729206    -5.65584705
      802     0.00573538    -5.92731056    -5.92157518    -5.92731056    -5.65586204
      803     0.00575558    -5.92733070    -5.92157512    -5.92733070    -5.65588074
      804     0.00577702    -5.92735208    -5.92157506    -5.92735208    -5.65590270
      805     0.00579925    -5.92737426    -5.92157501    -5.92737426    -5.65592742
      806     0.00582177    -5.92739673    -5.92157496    -5.92739673    -5.65595432
      807     0.00584401    -5.92741893    -5.92157492    -5.92741893    -5.65598279
      808     0.00586536    -5.92744024    -5.92157488    -5.92744024    -5.65601215
      809     0.00588517    -5.92746002    -5.92157485    -5.92746002    -5.65604168
      810     0.00590279    -5.92747759    -5.92157480    -5.92747759    -5.65607063
      811     0.00591751    -5.92749227    -5.92157476    -5.92749227    -5.65609827
      812     0.00592867    -5.92750340    -5.92157473    -5.92750340    -5.65612383
      813     0.00593562    -5.92751030    -5.92157468    -5.92751030    -5.65614659
      814     0.00593773    -5.92751237    -5.92157464    -5.92751237    -5.65616587
      815     0.00593443    -5.92750902    -5.92157459    -5.92750902    -5.65618103
      816     0.00592523    -5.92749978    -5.92157455    -5.92749978    -5.65619151
      817     0.00590973    -5.92748422    -5.92157449    -5.92748422    -5.65619686
      818     0.00588761    -5.92746204    -5.92157443    -5.92746204    -5.65619673
      819     0.00585871    -5.92743307    -5.92157436    -5.92743307    -5.65619092
      820     0.00570027    -5.92739725    -5.92169698    -5.92739725    -5.65617935
      821     0.00565843    -5.92735534    -5.92169691    -5.92735534    -5.65616245
      822     0.00561055    -5.92730737    -5.92169682    -5.92730737    -5.65614048
      823     0.00555698    -5.92725371    -5.92169673    -5.92725371    -5.65611382
      824     0.00549819    -5.92719482    -5.92169663    -5.92719482    -5.65608297
      825     0.00543476    -5.92713129    -5.92169653    -5.92713129    -5.65604857
      826     0.00536736    -5.92706378    -5.92169642    -5.92706378    -5.65601134
      827     0.00529673    -5.92699305    -5.92169632    -5.92699305    -5.65597211
      828     0.00522367    -5.92691989    -5.92169622    -5.92691989    -5.65593176
      829     0.00514902    -5.92684513    -5.92169611    -5.92684513    -5.65589122
      830     0.00507363    -5.92676963    -5.92169600    -5.92676963    -5.65585142
      831     0.00499831    -5.92669421    -5.92169590    -5.92669421    -5.65581330
      832     0.00492386    -5.92661967    -5.92169581    -5.92661967    -5.65577774
      833     0.00485100    -5.92654672    -5.92169572    -5.92654672    -5.65574557
      834     0.00478037    -5.92647601    -5.92169564    -5.92647601    -5.65571749
      835     0.00471249    -5.92640806    -5.92169557    -5.92640806    -5.65569411
      836     0.00464776    -5.92634326    -5.92169550    -5.92634326    -5.65567588
      837     0.00458645    -5.92628190    -5.92169545    -5.92628190    -5.65566312
      838     0.00452871    -5.92622410    -5.92169539    -5.92622410    -5.65565596
      839     0.00447452    -5.92616988    -5.92169536    -5.92616988    -5.65565442
      840     0.00570027    -5.92611912    -5.92041885    -5.92611912    -5.65565833
      841     0.00564351    -5.92606232    -5.92041881    -5.92606232    -5.65566632
      842     0.00558438    -5.92600320    -5.92041882    -5.92600320    -5.65567513
      843     0.00552261    -5.92594149    -5.92041888    -5.92594149    -5.65568431
      844     0.00545804    -5.92587697    -5.92041893    -5.92587697    -5.65569346
      845     0.00539050    -5.92580947    -5.92041897    -5.92580947    -5.65570217
      846     0.00531997    -5.92573896    -5.92041899    -5.92573896    -5.65571012
      847     0.00524652    -5.92566553    -5.92041901    -5.92566553    -5.65571710
      848     0.00517041    -5.92558942    -5.92041901    -5.92558942    -5.65572302
      849     0.00509206    -5.92551105    -5.92041899    -5.92551105    -5.65572791
      850     0.00501206    -5.92543102    -5.92041896    -5.92543102    -5.65573200
      851     0.00493117    -5.92535010    -5.92041893    -5.92535010    -5.65573564
      852     0.00485032    -5.92526919    -5.92041887    -5.92526919    -5.65573933
      853     0.00477056    -5.92518936    -5.92041880    -5.92518936    -5.65574372
      854     0.00469303    -5.92511176    -5.92041873    -5.92511176    -5.65574956
      855     0.00461896    -5.92503762    -5.92041866    -5.92503762    -5.65575765
      856     0.00454962    -5.92496820    -5.92041858    -5.92496820    -5.65576889
      857     0.00448626    -5.92490475    -5.92041849    -5.92490475    -5.65578417
      858     0.00443008    -5.92484850    -5.92041842    -5.92484850    -5.65580436
      859     0.00438221    -5.92480055    -5.92041834    -5.92480055    -5.65583028
      860     0.00570027    -5.92476190    -5.91906163    -5.92476190    -5.65586265
      861     0.00566436    -5.92472592    -5.91906156    -5.92472592    -5.65590505
      862     0.00563430    -5.92469580    -5.91906150    -5.92469580    -5.65595059
      863     0.00561076    -5.92467221    -5.91906145    -5.92467221    -5.65599980
      864     0.00559423    -5.92465565    -5.91906142    -5.92465565    -5.65605309
      865     0.00558507    -5.92464645    -5.91906138    -5.92464645    -5.65611074
      866     0.00558343    -5.92464479    -5.91906136    -5.92464479    -5.65617296
      867     0.00558933    -5.92465070    -5.91906137    -5.92465070    -5.65623982
      868     0.00560264    -5.92466405    -5.91906141    -5.92466405    -5.65631134
      869     0.00562317    -5.92468462    -5.91906145    -5.92468462    -5.65638745
      870     0.00565060    -5.92471211    -5.91906151    -5.92471211    -5.65646808
      871     0.00568458    -5.92474614    -5.91906156    -5.92474614    -5.65655311
      872     0.00572472    -5.92478634    -5.91906162    -5.92478634    -5.65664244
      873     0.00577063    -5.92483231    -5.91906168    -5.92483231    -5.65673600
      874     0.00582194    -5.92488368    -5.91906174    -5.92488368    -5.65683377
      875     0.00587831    -5.92494010    -5.91906179    -5.92494010    -5.65693577
      876     0.00593949    -5.92500132    -5.91906183    -5.92500132    -5.65704213
      877     0.00600526    -5.92506714    -5.91906188    -5.92506714    -5.65715303
      878     0.00607549    -5.92513741    -5.91906192    -5.92513741    -5.65726872
      879     0.00615012    -5.92521208    -5.91906196    -5.92521208    -5.65738953
      880     0.00570027    -5.92529115    -5.91959088    -5.92529115    -5.65751582
      881     0.00578108    -5.92537200    -5.91959092    -5.92537200    -5.65764311
      882     0.00586810    -5.92545907    -5.91959097    -5.92545907    -5.65777808
      883     0.00596133    -5.92555236    -5.91959103    -5.92555236    -5.65792100
      884     0.00606073    -5.92565182    -5.91959109    -5.92565182    -5.65807214
      885     0.00616622    -5.92575737    -5.91959115    -5.92575737    -5.65823163
      886     0.00627761    -5.92586884    -5.91959123    -5.92586884    -5.65839953
      887     0.00639469    -5.92598600    -5.91959131    -5.92598600    -5.65857577
      888     0.00651709    -5.92610850    -5.91959141    -5.92610850    -5.65876014
      889     0.00664444    -5.92623589    -5.91959145    -5.92623589    -5.65895230
      890     0.00677616    -5.92636761    -5.91959145    -5.92636761    -5.65915173
      891     0.00691151    -5.92650298    -5.91959147    -5.92650298    -5.65935779
      892     0.00704971    -5.92664118    -5.91959147    -5.92664118    -5.65956966
      893     0.00718986    -5.92678133    -5.91959147    -5.92678133    -5.65978641
      894     0.00733095    -5.92692244    -5.91959149    -5.92692244    -5.66000695
      895     0.00747194    -5.92706343    -5.91959149    -5.92706343    -5.66023011
      896     0.00761169    -5.92720318    -5.91959149    -5.92720318    -5.66045463
      897     0.00774903    -5.92734052    -5.91959149    -5.92734052    -5.66067915
      898     0.00788278    -5.92747426    -5.91959148    -5.92747426    -5.66090231
      899     0.00801175    -5.92760322    -5.91959147    -5.92760322    -5.66112270
      900     0.00570027    -5.92772624    -5.92202597    -5.92772624    -5.66133895
      901     0.00580056    -5.92782652    -5.92202596    -5.92782652    -5.66151761
      902     0.00590043    -5.92792637    -5.92202594    -5.92792637    -5.66169506
      903     0.00599897    -5.92802488    -5.92202591    -5.92802488    -5.66187012
      904     0.00609525    -5.92812113    -5.92202588    -5.92812113    -5.66204162
      905     0.00618839    -5.92821425    -5.92202586    -5.92821425    -5.66220841
      906     0.00627756    -5.92830338    -5.92202582    -5.92830338    -5.66236939
      907     0.00636197    -5.92838775    -5.92202578    -5.92838775    -5.66252351
      908     0.00644090    -5.92846664    -5.92202574    -5.92846664    -5.66266977
      909     0.00651370    -5.92853940    -5.92202570    -5.92853940    -5.66280728
      910     0.00657983    -5.92860548    -5.92202565    -5.92860548    -5.66293520
      911     0.00663881    -5.92866441    -5.92202560    -5.92866441    -5.66305282
      912     0.00669025    -5.92871579    -5.92202554    -5.92871579    -5.66315948
      913     0.00673385    -5.92875934    -5.92202549    -5.92875934    -5.66325464
      914     0.00676940    -5.92879483    -5.92202543    -5.92879483    -5.66333784
      915     0.00679676    -5.92882214    -5.92202538    -5.92882214    -5.66340873
      916     0.00681590    -5.92884122    -5.92202532    -5.92884122    -5.66346700
      917     0.00682683    -5.92885209    -5.92202526    -5.92885209    -5.66351249
      918     0.00682965    -5.92885486    -5.92202521    -5.92885486    -5.66354505
      919     0.00682451    -5.92884967    -5.92202516    -5.92884967    -5.66356461
      920     0.00570027    -5.92883672    -5.92313645    -5.92883672    -5.66357118
      921     0.00568299    -5.92881940    -5.92313641    -5.92881940    -5.66356595
      922     0.00566192    -5.92879830    -5.92313638    -5.92879830    -5.66355016
      923     0.00563725    -5.92877360    -5.92313635    -5.92877360    -5.66352384
      924     0.00560917    -5.92874551    -5.92313634    -5.92874551    -5.66348698
      925     0.00557787    -5.92871419    -5.92313632    -5.92871419    -5.66343959
      926     0.00554348    -5.92867980    -5.92313632    -5.92867980    -5.66338163
      927     0.00550615    -5.92864246    -5.92313631    -5.92864246    -5.66331308
      928     0.00546599    -5.92860231    -5.92313632    -5.92860231    -5.66323389
      929     0.00542312    -5.92855945    -5.92313633    -5.92855945    -5.66314402
      930     0.00537766    -5.92851398    -5.92313632    -5.92851398    -5.66304343
      931     0.00532972    -5.92846604    -5.92313632    -5.92846604    -5.66293211
      932     0.00527945    -5.92841577    -5.92313632    -5.92841577    -5.66281007
      933     0.00522703    -5.92836333    -5.92313630    -5.92836333    -5.66267735
      934     0.00517265    -5.92830893    -5.92313628    -5.92830893    -5.66253406
      935     0.00511656    -5.92825282    -5.92313626    -5.92825282    -5.66238033
      936     0.00505904    -5.92819527    -5.92313623    -5.92819527    -5.66221637
      937     0.00500039    -5.92813658    -5.92313619    -5.92813658    -5.66204240
      938     0.00494093    -5.92807709    -5.92313616    -5.92807709    -5.66185870
      939     0.00488102    -5.92801713    -5.92313611    -5.92801713    -5.66166559
      940     0.00570027    -5.92795706    -5.92225679    -5.92795706    -5.66146338
      941     0.00563375    -5.92789050    -5.92225675    -5.92789050    -5.66123330
      942     0.00556489    -5.92782160    -5.92225671    -5.92782160    -5.66099269
      943     0.00549407    -5.92775073    -5.92225666    -5.92775073    -5.66074199
      944     0.00542163    -5.92767826    -5.92225663    -5.92767826    -5.66048165
      945     0.00534792    -5.92760453    -5.92225661    -5.92760453    -5.66021211
      946     0.00527323    -5.92752984    -5.92225661    -5.92752984    -5.65993381
      947     0.00519780    -5.92745441    -5.92225661    -5.92745441    -5.65964715
      948     0.00512179    -5.92737842    -5.92225663    -5.92737842    -5.65935247
      949     0.00504529    -5.92730196    -5.92225667    -5.92730196    -5.65905012
      950     0.00496834    -5.92722505    -5.92225671    -5.92722505    -5.65874034
      951     0.00489090    -5.92714765    -5.92225675    -5.92714765    -5.65842341
      952     0.00481287    -5.92706969    -5.92225682    -5.92706969    -5.65809956
      953     0.00473415    -5.92699103    -5.92225688    -5.92699103    -5.65776902
      954     0.00465460    -5.92691155    -5.92225695    -5.92691155    -5.65743203
      955     0.00457408    -5.92683110    -5.92225702    -5.92683110    -5.65708888
      956     0.00449248    -5.92674957    -5.92225709    -5.92674957    -5.65673989
      957     0.00440972    -5.92666689    -5.92225717    -5.92666689    -5.65638548
      958     0.00432580    -5.92658303    -5.92225723    -5.92658303    -5.65602612
      959     0.00424078    -5.92649805    -5.92225727    -5.92649805    -5.65566242
      960     0.00570027    -5.92641210    -5.92071183    -5.92641210    -5.65529507
      961     0.00559546    -5.92630728    -5.92071182    -5.92630728    -5.65485861
      962     0.00548371    -5.92619550    -5.92071179    -5.92619550    -5.65441425
      963     0.00536567    -5.92607743    -5.92071176    -5.92607743    -5.65396337
      964     0.00524221    -5.92595393    -5.92071172    -5.92595393    -5.65350759
      965     0.00511437    -5.92582603    -5.92071166    -5.92582603    -5.65304872
      966     0.00498333    -5.92569494    -5.92071161    -5.92569494    -5.65258870
      967     0.00485041    -5.92556195    -5.92071154    -5.92556195    -5.65212964
      968     0.00471704    -5.92542850    -5.92071146    -5.92542850    -5.65167373
      969     0.00458469    -5.92529608    -5.92071139    -5.92529608    -5.65122323
      970     0.00445489    -5.92516620    -5.92071131    -5.92516620    -5.65078044
      971     0.00432918    -5.92504042    -5.92071124    -5.92504042    -5.65034763
      972     0.00420906    -5.92492022    -5.92071116    -5.92492022    -5.64992706
      973     0.00409598    -5.92480708    -5.92071110    -5.92480708    -5.64952087
      974     0.00399131    -5.92470235    -5.92071104    -5.92470235    -5.64913112
      975     0.00389632    -5.92460729    -5.92071097    -5.92460729    -5.64875970
      976     0.00381211    -5.92452304    -5.92071093    -5.92452304    -5.64840836
      977     0.00373968    -5.92445057    -5.92071089    -5.92445057    -5.64807864
      978     0.00367985    -5.92439071    -5.92071086    -5.92439071    -5.64777190
      979     0.00363329    -5.92434413    -5.92071084    -5.92434413    -5.64748930
      980     0.00570027    -5.92431133    -5.91861106    -5.92431133    -5.64723176
      981     0.00567098    -5.92428204    -5.91861106    -5.92428204    -5.64693330
      982     0.00564816    -5.92425922    -5.91861106    -5.92425922    -5.64665428
      983     0.00563197    -5.92424305    -5.91861108    -5.92424305    -5.64639525
      984     0.00562255    -5.92423363    -5.91861108    -5.92423363    -5.64615667
      985     0.00561997    -5.92423107    -5.91861110    -5.92423107    -5.64593890
      986     0.00562429    -5.92423540    -5.91861111    -5.92423540    -5.64574224
      987     0.00563557    -5.92424668    -5.91861111    -5.92424668    -5.64556693
      988     0.00565384    -5.92426496    -5.91861112    -5.92426496    -5.64541319
      989     0.00567918    -5.92429031    -5.91861113    -5.92429031    -5.64528120
      990     0.00571167    -5.92432281    -5.91861114    -5.92432281    -5.64517115
      991     0.00575142    -5.92436257    -5.91861115    -5.92436257    -5.64508321
      992     0.00579857    -5.92440973    -5.91861116    -5.92440973    -5.64501757
      993     0.00585326    -5.92446443    -5.91861117    -5.92446443    -5.64497442
      994     0.00591566    -5.92452685    -5.91861119    -5.92452685    -5.64495394
      995     0.00598595    -5.92459715    -5.91861120    -5.92459715    -5.64495634
      996     0.00606432    -5.92467554    -5.91861122    -5.92467554    -5.64498184
      997     0.00615094    -5.92476217    -5.91861123    -5.92476217    -5.64503062
      998     0.00624595    -5.92485720    -5.91861125    -5.92485720    -5.64510287
      999     0.00634944    -5.92496072    -5.91861128    -5.92496072    -5.64519875
     1000     0.00570027    -5.92507276    -5.91937249    -5.92507276    -5.64531832
