#    Step     Kinetic(H)     Potential(H)   Total(H)       E(0)(H)        E(1)(H)        
        0     0.00997554    -5.05647123    -5.04649569    -5.27510350    -5.05647123
        1     0.00993850    -5.05643425    -5.04649575    -5.27506840    -5.05643425
        2     0.00994546    -5.05644104    -5.04649558    -5.27502429    -5.05644104
        3     0.00999617    -5.05649174    -5.04649556    -5.27497141    -5.05649174
        4     0.01008987    -5.05658560    -5.04649574    -5.27490937    -5.05658560
        5     0.01022526    -5.05672111    -5.04649585    -5.27483718    -5.05672111
        6     0.01040060    -5.05689656    -5.04649597    -5.27475391    -5.05689656
        7     0.01061371    -5.05710989    -5.04649617    -5.27465843    -5.05710989
        8     0.01086207    -5.05735845    -5.04649638    -5.27454925    -5.05735845
        9     0.01114285    -5.05763937    -5.04649652    -5.27442479    -5.05763937
       10     0.01145299    -5.05794967    -5.04649669    -5.27428352    -5.05794967
       11     0.01178928    -5.05828621    -5.04649692    -5.27412394    -5.05828621
       12     0.01214846    -5.05864545    -5.04649699    -5.27394422    -5.05864545
       13     0.01252719    -5.05902445    -5.04649726    -5.27374326    -5.05902445
       14     0.01292219    -5.05941966    -5.04649746    -5.27351946    -5.05941966
       15     0.01333026    -5.05982787    -5.04649761    -5.27327159    -5.05982787
       16     0.01374824    -5.06024595    -5.04649771    -5.27299861    -5.06024595
       17     0.01417309    -5.06067101    -5.04649792    -5.27269973    -5.06067101
       18     0.01460180    -5.06109986    -5.04649805    -5.27237389    -5.06109986
       19     0.01503141    -5.06152978    -5.04649837    -5.27202055    -5.06152978
       20     0.00997547    -5.06195737    -5.05198190    -5.27163847    -5.06195737
       21     0.01031907    -5.06230104    -5.05198196    -5.27131004    -5.06230104
       22     0.01066470    -5.06264696    -5.05198226    -5.27096168    -5.06264696
       23     0.01100970    -5.06299205    -5.05198236    -5.27059209    -5.06299205
       24     0.01135158    -5.06333407    -5.05198248    -5.27020086    -5.06333407
       25     0.01168803    -5.06367060    -5.05198257    -5.26978733    -5.06367060
       26     0.01201681    -5.06399950    -5.05198269    -5.26935117    -5.06399950
       27     0.01233585    -5.06431859    -5.05198274    -5.26889198    -5.06431859
       28     0.01264320    -5.06462617    -5.05198297    -5.26840983    -5.06462617
       29     0.01293706    -5.06492006    -5.05198300    -5.26790424    -5.06492006
       30     0.01321579    -5.06519887    -5.05198308    -5.26737550    -5.06519887
       31     0.01347791    -5.06546107    -5.05198316    -5.26682375    -5.06546107
       32     0.01372210    -5.06570532    -5.05198321    -5.26624922    -5.06570532
       33     0.01394725    -5.06593045    -5.05198320    -5.26565231    -5.06593045
       34     0.01415240    -5.06613568    -5.05198328    -5.26503371    -5.06613568
       35     0.01433677    -5.06632006    -5.05198329    -5.26439388    -5.06632006
       36     0.01449976    -5.06648301    -5.05198325    -5.26373361    -5.06648301
       37     0.01464094    -5.06662412    -5.05198318    -5.26305380    -5.06662412
       38     0.01476006    -5.06674319    -5.05198313    -5.26235545    -5.06674319
       39     0.01485705    -5.06684018    -5.05198314    -5.26163966    -5.06684018
       40     0.00997547    -5.06691522    -5.05693975    -5.26090763    -5.06691522
       41     0.01002167    -5.06696134    -5.05693968    -5.26029949    -5.06696134
       42     0.01005585    -5.06699546    -5.05693960    -5.25968540    -5.06699546
       43     0.01007825    -5.06701785    -5.05693959    -5.25906632    -5.06701785
       44     0.01008916    -5.06702868    -5.05693953    -5.25844310    -5.06702868
       45     0.01008890    -5.06702836    -5.05693946    -5.25781675    -5.06702836
       46     0.01007786    -5.06701729    -5.05693943    -5.25718822    -5.06701729
       47     0.01005644    -5.06699578    -5.05693934    -5.25655830    -5.06699578
       48     0.01002510    -5.06696448    -5.05693938    -5.25592808    -5.06696448
       49     0.00998435    -5.06692359    -5.05693923    -5.25529817    -5.06692359
       50     0.00993473    -5.06687382    -5.05693910    -5.25466958    -5.06687382
       51     0.00987680    -5.06681592    -5.05693913    -5.25404336    -5.06681592
       52     0.00981116    -5.06675018    -5.05693902    -5.25342001    -5.06675018
       53     0.00973846    -5.06667735    -5.05693889    -5.25280046    -5.06667735
       54     0.00965934    -5.06659824    -5.05693890    -5.25218565    -5.06659824
       55     0.00957447    -5.06651316    -5.05693869    -5.25157596    -5.06651316
       56     0.00948456    -5.06642326    -5.05693870    -5.25097258    -5.06642326
       57     0.00939032    -5.06632887    -5.05693855    -5.25037582    -5.06632887
       58     0.00929247    -5.06623097    -5.05693851    -5.24978660    -5.06623097
       59     0.00919173    -5.06613010    -5.05693837    -5.24920535    -5.06613010
       60     0.00997547    -5.06602722    -5.05605175    -5.24863289    -5.06602722
       61     0.00986564    -5.06591723    -5.05605159    -5.24804182    -5.06591723
       62     0.00975401    -5.06580549    -5.05605148    -5.24745943    -5.06580549
       63     0.00964137    -5.06569275    -5.05605139    -5.24688618    -5.06569275
       64     0.00952852    -5.06557978    -5.05605126    -5.24632255    -5.06557978
       65     0.00941625    -5.06546764    -5.05605138    -5.24576929    -5.06546764
       66     0.00930536    -5.06535661    -5.05605125    -5.24522630    -5.06535661
       67     0.00919663    -5.06524764    -5.05605101    -5.24469415    -5.06524764
       68     0.00909084    -5.06514181    -5.05605097    -5.24417354    -5.06514181
       69     0.00898876    -5.06503975    -5.05605099    -5.24366466    -5.06503975
       70     0.00889114    -5.06494192    -5.05605078    -5.24316755    -5.06494192
       71     0.00879872    -5.06484943    -5.05605071    -5.24268285    -5.06484943
       72     0.00871225    -5.06476288    -5.05605064    -5.24221074    -5.06476288
       73     0.00863242    -5.06468305    -5.05605063    -5.24175149    -5.06468305
       74     0.00855992    -5.06461052    -5.05605060    -5.24130524    -5.06461052
       75     0.00849541    -5.06454586    -5.05605045    -5.24087209    -5.06454586
       76     0.00843954    -5.06448981    -5.05605027    -5.24045229    -5.06448981
       77     0.00839290    -5.06444319    -5.05605029    -5.24004623    -5.06444319
       78     0.00835607    -5.06440635    -5.05605028    -5.23965378    -5.06440635
       79     0.00832961    -5.06437977    -5.05605016    -5.23927499    -5.06437977
       80     0.00997547    -5.06436418    -5.05438871    -5.23891015    -5.06436418
       81     0.00996975    -5.06435841    -5.05438866    -5.23852400    -5.06435841
       82     0.00997480    -5.06436332    -5.05438852    -5.23814961    -5.06436332
       83     0.00999109    -5.06437957    -5.05438848    -5.23778726    -5.06437957
       84     0.01001909    -5.06440753    -5.05438844    -5.23743691    -5.06440753
       85     0.01005921    -5.06444763    -5.05438842    -5.23709864    -5.06444763
       86     0.01011188    -5.06450025    -5.05438838    -5.23677250    -5.06450025
       87     0.01017744    -5.06456577    -5.05438833    -5.23645854    -5.06456577
       88     0.01025625    -5.06464447    -5.05438822    -5.23615679    -5.06464447
       89     0.01034859    -5.06473677    -5.05438817    -5.23586742    -5.06473677
       90     0.01045474    -5.06484283    -5.05438809    -5.23559035    -5.06484283
       91     0.01057491    -5.06496296    -5.05438805    -5.23532570    -5.06496296
       92     0.01070927    -5.06509725    -5.05438798    -5.23507337    -5.06509725
       93     0.01085797    -5.06524588    -5.05438791    -5.23483344    -5.06524588
       94     0.01102108    -5.06540899    -5.05438791    -5.23460596    -5.06540899
       95     0.01119863    -5.06558665    -5.05438801    -5.23439091    -5.06558665
       96     0.01139061    -5.06577855    -5.05438795    -5.23418789    -5.06577855
       97     0.01159691    -5.06598470    -5.05438778    -5.23399685    -5.06598470
       98     0.01181742    -5.06620531    -5.05438789    -5.23381800    -5.06620531
       99     0.01205195    -5.06643980    -5.05438785    -5.23365073    -5.06643980
      100     0.00997547    -5.06668819    -5.05671272    -5.23349505    -5.06668819
      101     0.01021234    -5.06692493    -5.05671258    -5.23336653    -5.06692493
      102     0.01046330    -5.06717577    -5.05671247    -5.23325142    -5.06717577
      103     0.01072797    -5.06744051    -5.05671254    -5.23314952    -5.06744051
      104     0.01100594    -5.06771856    -5.05671263    -5.23306027    -5.06771856
      105     0.01129675    -5.06800936    -5.05671262    -5.23298313    -5.06800936
      106     0.01159990    -5.06831262    -5.05671272    -5.23291780    -5.06831262
      107     0.01191487    -5.06862743    -5.05671256    -5.23286338    -5.06862743
      108     0.01224112    -5.06895363    -5.05671251    -5.23281970    -5.06895363
      109     0.01257807    -5.06929064    -5.05671257    -5.23278615    -5.06929064
      110     0.01292516    -5.06963785    -5.05671269    -5.23276208    -5.06963785
      111     0.01328183    -5.06999453    -5.05671269    -5.23274669    -5.06999453
      112     0.01364754    -5.07036026    -5.05671273    -5.23273948    -5.07036026
      113     0.01402174    -5.07073436    -5.05671262    -5.23273963    -5.07073436
      114     0.01440396    -5.07111649    -5.05671253    -5.23274666    -5.07111649
      115     0.01479372    -5.07150648    -5.05671276    -5.23276022    -5.07150648
      116     0.01519061    -5.07190327    -5.05671266    -5.23277901    -5.07190327
      117     0.01559426    -5.07230693    -5.05671267    -5.23280283    -5.07230693
      118     0.01600435    -5.07271712    -5.05671277    -5.23283103    -5.07271712
      119     0.01642062    -5.07313335    -5.05671272    -5.23286274    -5.07313335
      120     0.00997547    -5.07355550    -5.06358003    -5.23289744    -5.07355550
      121     0.01030739    -5.07388740    -5.06358001    -5.23293012    -5.07388740
      122     0.01064869    -5.07422867    -5.06357998    -5.23297231    -5.07422867
      123     0.01099934    -5.07457949    -5.06358015    -5.23302373    -5.07457949
      124     0.01135933    -5.07493941    -5.06358008    -5.23308342    -5.07493941
      125     0.01172863    -5.07530873    -5.06358010    -5.23315115    -5.07530873
      126     0.01210724    -5.07568734    -5.06358010    -5.23322617    -5.07568734
      127     0.01249517    -5.07607508    -5.06357991    -5.23330766    -5.07607508
      128     0.01289242    -5.07647244    -5.06358002    -5.23339539    -5.07647244
      129     0.01329900    -5.07687893    -5.06357994    -5.23348807    -5.07687893
      130     0.01371490    -5.07729488    -5.06357998    -5.23358520    -5.07729488
      131     0.01414014    -5.07772012    -5.06357998    -5.23368568    -5.07772012
      132     0.01457470    -5.07815461    -5.06357991    -5.23378853    -5.07815461
      133     0.01501857    -5.07859850    -5.06357994    -5.23389282    -5.07859850
      134     0.01547174    -5.07905161    -5.06357987    -5.23399731    -5.07905161
      135     0.01593418    -5.07951405    -5.06357987    -5.23410093    -5.07951405
      136     0.01640588    -5.07998582    -5.06357994    -5.23420243    -5.07998582
      137     0.01688680    -5.08046670    -5.06357991    -5.23430033    -5.08046670
      138     0.01737690    -5.08095684    -5.06357993    -5.23439340    -5.08095684
      139     0.01787616    -5.08145590    -5.06357974    -5.23447985    -5.08145590
      140     0.00997547    -5.08196434    -5.07198887    -5.23455868    -5.08196434
      141     0.01035933    -5.08234815    -5.07198882    -5.23461345    -5.08234815
      142     0.01075525    -5.08274412    -5.07198887    -5.23466766    -5.08274412
      143     0.01116323    -5.08315213    -5.07198890    -5.23471995    -5.08315213
      144     0.01158326    -5.08357218    -5.07198892    -5.23476901    -5.08357218
      145     0.01201531    -5.08400414    -5.07198883    -5.23481331    -5.08400414
      146     0.01245935    -5.08444815    -5.07198880    -5.23485157    -5.08444815
      147     0.01291536    -5.08490423    -5.07198888    -5.23488229    -5.08490423
      148     0.01338329    -5.08537207    -5.07198878    -5.23490360    -5.08537207
      149     0.01386313    -5.08585181    -5.07198869    -5.23491403    -5.08585181
      150     0.01435486    -5.08634350    -5.07198865    -5.23491191    -5.08634350
      151     0.01485849    -5.08684732    -5.07198882    -5.23489569    -5.08684732
      152     0.01537406    -5.08736283    -5.07198877    -5.23486312    -5.08736283
      153     0.01590164    -5.08789028    -5.07198864    -5.23481257    -5.08789028
      154     0.01644131    -5.08842993    -5.07198861    -5.23474237    -5.08842993
      155     0.01699323    -5.08898192    -5.07198870    -5.23465061    -5.08898192
      156     0.01755756    -5.08954609    -5.07198852    -5.23453515    -5.08954609
      157     0.01813455    -5.09012311    -5.07198856    -5.23439450    -5.09012311
      158     0.01872447    -5.09071308    -5.07198860    -5.23422658    -5.09071308
      159     0.01932765    -5.09131612    -5.07198846    -5.23402928    -5.09131612
      160     0.00997547    -5.09193305    -5.08195758    -5.23380109    -5.09193305
      161     0.01042444    -5.09238179    -5.08195735    -5.23361810    -5.09238179
      162     0.01088929    -5.09284673    -5.08195744    -5.23341483    -5.09284673
      163     0.01137037    -5.09332785    -5.08195748    -5.23318948    -5.09332785
      164     0.01186808    -5.09382551    -5.08195742    -5.23294056    -5.09382551
      165     0.01238283    -5.09434021    -5.08195737    -5.23266663    -5.09434021
      166     0.01291505    -5.09487236    -5.08195731    -5.23236614    -5.09487236
      167     0.01346521    -5.09542253    -5.08195732    -5.23203763    -5.09542253
      168     0.01403378    -5.09599089    -5.08195711    -5.23167913    -5.09599089
      169     0.01462129    -5.09657852    -5.08195723    -5.23128965    -5.09657852
      170     0.01522827    -5.09718550    -5.08195724    -5.23086701    -5.09718550
      171     0.01585529    -5.09781239    -5.08195710    -5.23040950    -5.09781239
      172     0.01650295    -5.09846009    -5.08195714    -5.22991575    -5.09846009
      173     0.01717188    -5.09912893    -5.08195705    -5.22938369    -5.09912893
      174     0.01786275    -5.09981975    -5.08195700    -5.22881174    -5.09981975
      175     0.01857623    -5.10053309    -5.08195686    -5.22819801    -5.10053309
      176     0.01931305    -5.10127001    -5.08195696    -5.22754110    -5.10127001
      177     0.02007396    -5.10203086    -5.08195690    -5.22683881    -5.10203086
      178     0.02085973    -5.10281662    -5.08195689    -5.22608955    -5.10281662
      179     0.02167113    -5.10362773    -5.08195660    -5.22529173    -5.10362773
      180     0.00997547    -5.10446566    -5.09449020    -5.22444368    -5.10446566
      181     0.01055466    -5.10504462    -5.09448996    -5.22384322    -5.10504462
      182     0.01115919    -5.10564929    -5.09449010    -5.22320554    -5.10564929
      183     0.01178966    -5.10627972    -5.09449006    -5.22252875    -5.10627972
      184     0.01244669    -5.10693684    -5.09449015    -5.22181201    -5.10693684
      185     0.01313088    -5.10762105    -5.09449017    -5.22105377    -5.10762105
      186     0.01384284    -5.10833298    -5.09449015    -5.22025288    -5.10833298
      187     0.01458316    -5.10907328    -5.09449012    -5.21940825    -5.10907328
      188     0.01535243    -5.10984263    -5.09449021    -5.21851877    -5.10984263
      189     0.01615117    -5.11064126    -5.09449009    -5.21758318    -5.11064126
      190     0.01697989    -5.11147010    -5.09449021    -5.21660086    -5.11147010
      191     0.01783904    -5.11232928    -5.09449024    -5.21557077    -5.11232928
      192     0.01872900    -5.11321929    -5.09449029    -5.21449226    -5.11321929
      193     0.01965005    -5.11414045    -5.09449040    -5.21336486    -5.11414045
      194     0.02060236    -5.11509282    -5.09449046    -5.21218814    -5.11509282
      195     0.02158600    -5.11607669    -5.09449070    -5.21096220    -5.11607669
      196     0.02260086    -5.11709154    -5.09449067    -5.20968675    -5.11709154
      197     0.02364671    -5.11813747    -5.09449075    -5.20836253    -5.11813747
      198     0.02472311    -5.11921411    -5.09449100    -5.20699026    -5.11921411
      199     0.02582944    -5.12032071    -5.09449126    -5.20557081    -5.12032071
      200     0.00997547    -5.12145617    -5.11148070    -5.20410517    -5.12145617
      201     0.01068975    -5.12217070    -5.11148095    -5.20318090    -5.12217070
      202     0.01143394    -5.12291493    -5.11148098    -5.20221785    -5.12291493
      203     0.01220793    -5.12368894    -5.11148101    -5.20121672    -5.12368894
      204     0.01301155    -5.12449276    -5.11148120    -5.20017839    -5.12449276
      205     0.01384452    -5.12532580    -5.11148128    -5.19910332    -5.12532580
      206     0.01470649    -5.12618775    -5.11148126    -5.19799256    -5.12618775
      207     0.01559698    -5.12707849    -5.11148151    -5.19684753    -5.12707849
      208     0.01651545    -5.12799701    -5.11148156    -5.19566907    -5.12799701
      209     0.01746126    -5.12894302    -5.11148175    -5.19445897    -5.12894302
      210     0.01843367    -5.12991568    -5.11148201    -5.19321862    -5.12991568
      211     0.01943186    -5.13091400    -5.11148213    -5.19194970    -5.13091400
      212     0.02045494    -5.13193714    -5.11148220    -5.19065403    -5.13193714
      213     0.02150194    -5.13298434    -5.11148240    -5.18933384    -5.13298434
      214     0.02257186    -5.13405438    -5.11148252    -5.18799118    -5.13405438
      215     0.02366365    -5.13514648    -5.11148283    -5.18662831    -5.13514648
      216     0.02477626    -5.13625911    -5.11148285    -5.18524716    -5.13625911
      217     0.02590860    -5.13739173    -5.11148313    -5.18385079    -5.13739173
      218     0.02705964    -5.13854298    -5.11148334    -5.18244097    -5.13854298
      219     0.02822835    -5.13971178    -5.11148344    -5.18102014    -5.13971178
      220     0.00997547    -5.14089734    -5.13092187    -5.17959084    -5.14089734
      221     0.01068361    -5.14160567    -5.13092207    -5.17874753    -5.14160567
      222     0.01141776    -5.14233990    -5.13092214    -5.17788622    -5.14233990
      223     0.01217773    -5.14310013    -5.13092240    -5.17700907    -5.14310013
      224     0.01296329    -5.14388580    -5.13092251    -5.17611637    -5.14388580
      225     0.01377421    -5.14469700    -5.13092279    -5.17520998    -5.14469700
      226     0.01461022    -5.14553304    -5.13092281    -5.17429127    -5.14553304
      227     0.01547104    -5.14639424    -5.13092320    -5.17336119    -5.14639424
      228     0.01635633    -5.14728018    -5.13092384    -5.17242055    -5.14728018
      229     0.01726564    -5.14819009    -5.13092445    -5.17147200    -5.14819009
      230     0.01819833    -5.14912339    -5.13092506    -5.17051648    -5.14912339
      231     0.01915342    -5.15007832    -5.13092489    -5.16955698    -5.15007832
      232     0.02012938    -5.15105417    -5.13092479    -5.16859514    -5.15105417
      233     0.02112360    -5.15204871    -5.13092511    -5.16763473    -5.15204871
      234     0.02213149    -5.15305680    -5.13092532    -5.16668041    -5.15305680
      235     0.02314471    -5.15407084    -5.13092613    -5.16574213    -5.15407084
      236     0.02414720    -5.15507554    -5.13092834    -5.16483482    -5.15507554
      237     0.02510626    -5.15603958    -5.13093331    -5.16399091    -5.15603958
      238     0.02595289    -5.15689679    -5.13094391    -5.16327665    -5.15689679
      239     0.02655305    -5.15751413    -5.13096108    -5.16282546    -5.15751413
      240     0.00997547    -5.15770667    -5.14773120    -5.16282183    -5.15770667
      241     0.00985804    -5.15758567    -5.14772763    -5.16307362    -5.15758567
      242     0.00960286    -5.15732619    -5.14772333    -5.16348199    -5.15732619
      243     0.00925831    -5.15697836    -5.14772005    -5.16399671    -5.15697836
      244     0.00886477    -5.15658279    -5.14771803    -5.16457715    -5.15658279
      245     0.00844983    -5.15616648    -5.14771666    -5.16519557    -5.15616648
      246     0.00803087    -5.15574684    -5.14771597    -5.16583424    -5.15574684
      247     0.00761872    -5.15533423    -5.14771551    -5.16648237    -5.15533423
      248     0.00722017    -5.15493538    -5.14771521    -5.16713207    -5.15493538
      249     0.00683957    -5.15455473    -5.14771516    -5.16777828    -5.15455473
      250     0.00647974    -5.15419480    -5.14771506    -5.16841691    -5.15419480
      251     0.00614254    -5.15385743    -5.14771489    -5.16904507    -5.15385743
      252     0.00582919    -5.15354420    -5.14771501    -5.16966081    -5.15354420
      253     0.00554049    -5.15325531    -5.14771482    -5.17026159    -5.15325531
      254     0.00527697    -5.15299180    -5.14771483    -5.17084625    -5.15299180
      255     0.00503894    -5.15275373    -5.14771479    -5.17141304    -5.15275373
      256     0.00482660    -5.15254135    -5.14771475    -5.17196067    -5.15254135
      257     0.00464003    -5.15235479    -5.14771476    -5.17248795    -5.15235479
      258     0.00447927    -5.15219463    -5.14771536    -5.17299299    -5.15219463
      259     0.00434430    -5.15205967    -5.14771537    -5.17347603    -5.15205967
      260     0.00997547    -5.15195052    -5.14197505    -5.17393549    -5.15195052
      261     0.00983736    -5.15181223    -5.14197487    -5.17460748    -5.15181223
      262     0.00971885    -5.15169367    -5.14197482    -5.17525033    -5.15169367
      263     0.00962001    -5.15159483    -5.14197482    -5.17586279    -5.15159483
      264     0.00954097    -5.15151576    -5.14197480    -5.17644369    -5.15151576
      265     0.00948188    -5.15145641    -5.14197453    -5.17699185    -5.15145641
      266     0.00944297    -5.15141752    -5.14197455    -5.17750693    -5.15141752
      267     0.00942449    -5.15139911    -5.14197461    -5.17798796    -5.15139911
      268     0.00942674    -5.15140121    -5.14197447    -5.17843400    -5.15140121
      269     0.00945003    -5.15142438    -5.14197435    -5.17884476    -5.15142438
      270     0.00949471    -5.15146900    -5.14197430    -5.17921982    -5.15146900
      271     0.00956114    -5.15153517    -5.14197404    -5.17955859    -5.15153517
      272     0.00964967    -5.15162362    -5.14197395    -5.17986116    -5.15162362
      273     0.00976067    -5.15173473    -5.14197406    -5.18012738    -5.15173473
      274     0.00989444    -5.15186838    -5.14197394    -5.18035673    -5.15186838
      275     0.01005127    -5.15202600    -5.14197473    -5.18054872    -5.15202600
      276     0.01023139    -5.15220591    -5.14197452    -5.18070471    -5.15220591
      277     0.01043497    -5.15240944    -5.14197447    -5.18082434    -5.15240944
      278     0.01066209    -5.15263654    -5.14197444    -5.18090764    -5.15263654
      279     0.01091274    -5.15288702    -5.14197429    -5.18095466    -5.15288702
      280     0.00997547    -5.15316125    -5.14318578    -5.18096620    -5.15316125
      281     0.01025715    -5.15344272    -5.14318557    -5.18094265    -5.15344272
      282     0.01056242    -5.15374807    -5.14318565    -5.18088527    -5.15374807
      283     0.01089077    -5.15407647    -5.14318570    -5.18079421    -5.15407647
      284     0.01124150    -5.15442705    -5.14318556    -5.18066986    -5.15442705
      285     0.01161373    -5.15479872    -5.14318499    -5.18051377    -5.15479872
      286     0.01200639    -5.15519145    -5.14318506    -5.18032568    -5.15519145
      287     0.01241813    -5.15560332    -5.14318519    -5.18010713    -5.15560332
      288     0.01284735    -5.15603272    -5.14318536    -5.17985933    -5.15603272
      289     0.01329216    -5.15647746    -5.14318529    -5.17958404    -5.15647746
      290     0.01375027    -5.15693575    -5.14318548    -5.17928255    -5.15693575
      291     0.01421894    -5.15740473    -5.14318578    -5.17895756    -5.15740473
      292     0.01469494    -5.15788080    -5.14318586    -5.17861154    -5.15788080
      293     0.01517436    -5.15836068    -5.14318631    -5.17824860    -5.15836068
      294     0.01565255    -5.15883936    -5.14318680    -5.17787269    -5.15883936
      295     0.01612390    -5.15931105    -5.14318715    -5.17748895    -5.15931105
      296     0.01658168    -5.15976950    -5.14318782    -5.17710432    -5.15976950
      297     0.01701788    -5.16020651    -5.14318863    -5.17672653    -5.16020651
      298     0.01742309    -5.16061241    -5.14318932    -5.17636486    -5.16061241
      299     0.01778651    -5.16097685    -5.14319034    -5.17603041    -5.16097685
      300     0.00997547    -5.16128747    -5.15131200    -5.17573510    -5.16128747
      301     0.01016530    -5.16147763    -5.15131234    -5.17554804    -5.16147763
      302     0.01031616    -5.16162919    -5.15131303    -5.17539501    -5.16162919
      303     0.01042231    -5.16173573    -5.15131342    -5.17528175    -5.16173573
      304     0.01047930    -5.16179303    -5.15131373    -5.17521375    -5.16179303
      305     0.01048433    -5.16179793    -5.15131360    -5.17519412    -5.16179793
      306     0.01043671    -5.16175030    -5.15131358    -5.17522467    -5.16175030
      307     0.01033798    -5.16165122    -5.15131324    -5.17530394    -5.16165122
      308     0.01019169    -5.16150452    -5.15131283    -5.17542903    -5.16150452
      309     0.01000302    -5.16131518    -5.15131216    -5.17559492    -5.16131518
      310     0.00977816    -5.16108991    -5.15131174    -5.17579612    -5.16108991
      311     0.00952390    -5.16083510    -5.15131120    -5.17602577    -5.16083510
      312     0.00924714    -5.16055783    -5.15131069    -5.17627762    -5.16055783
      313     0.00895444    -5.16026458    -5.15131014    -5.17654537    -5.16026458
      314     0.00865185    -5.15996161    -5.15130976    -5.17682352    -5.15996161
      315     0.00834480    -5.15965424    -5.15130945    -5.17710683    -5.15965424
      316     0.00803808    -5.15934735    -5.15130927    -5.17739086    -5.15934735
      317     0.00773587    -5.15904482    -5.15130895    -5.17767138    -5.15904482
      318     0.00744176    -5.15875046    -5.15130870    -5.17794523    -5.15875046
      319     0.00715884    -5.15846739    -5.15130855    -5.17820950    -5.15846739
      320     0.00997547    -5.15819810    -5.14822263    -5.17846157    -5.15819810
      321     0.00966742    -5.15788984    -5.14822242    -5.17874938    -5.15788984
      322     0.00937401    -5.15759647    -5.14822246    -5.17902138    -5.15759647
      323     0.00909729    -5.15731958    -5.14822229    -5.17927503    -5.15731958
      324     0.00883897    -5.15706123    -5.14822226    -5.17950885    -5.15706123
      325     0.00860045    -5.15682254    -5.14822209    -5.17972098    -5.15682254
      326     0.00838290    -5.15660501    -5.14822211    -5.17991038    -5.15660501
      327     0.00818727    -5.15640946    -5.14822219    -5.18007535    -5.15640946
      328     0.00801429    -5.15623646    -5.14822217    -5.18021534    -5.15623646
      329     0.00786455    -5.15608679    -5.14822224    -5.18032926    -5.15608679
      330     0.00773847    -5.15596055    -5.14822208    -5.18041594    -5.15596055
      331     0.00763636    -5.15585855    -5.14822218    -5.18047512    -5.15585855
      332     0.00755840    -5.15578050    -5.14822211    -5.18050564    -5.15578050
      333     0.00750467    -5.15572698    -5.14822230    -5.18050745    -5.15572698
      334     0.00747518    -5.15569736    -5.14822218    -5.18047938    -5.15569736
      335     0.00746985    -5.15569223    -5.14822238    -5.18042168    -5.15569223
      336     0.00748854    -5.15571082    -5.14822229    -5.18033338    -5.15571082
      337     0.00753105    -5.15575328    -5.14822223    -5.18021458    -5.15575328
      338     0.00759713    -5.15581954    -5.14822241    -5.18006529    -5.15581954
      339     0.00768652    -5.15590903    -5.14822251    -5.17988519    -5.15590903
      340     0.00997547    -5.15602144    -5.14604597    -5.17967436    -5.15602144
      341     0.01012582    -5.15617180    -5.14604598    -5.17940241    -5.15617180
      342     0.01029672    -5.15634261    -5.14604590    -5.17909883    -5.15634261
      343     0.01048771    -5.15653361    -5.14604590    -5.17876339    -5.15653361
      344     0.01069831    -5.15674411    -5.14604580    -5.17839710    -5.15674411
      345     0.01092801    -5.15697395    -5.14604594    -5.17800123    -5.15697395
      346     0.01117621    -5.15722227    -5.14604606    -5.17757665    -5.15722227
      347     0.01144225    -5.15748845    -5.14604620    -5.17712481    -5.15748845
      348     0.01172534    -5.15777155    -5.14604621    -5.17664723    -5.15777155
      349     0.01202452    -5.15807080    -5.14604629    -5.17614612    -5.15807080
      350     0.01233856    -5.15838503    -5.14604646    -5.17562388    -5.15838503
      351     0.01266592    -5.15871252    -5.14604659    -5.17508319    -5.15871252
      352     0.01300457    -5.15905141    -5.14604684    -5.17452764    -5.15905141
      353     0.01335180    -5.15939887    -5.14604707    -5.17396117    -5.15939887
      354     0.01370404    -5.15975149    -5.14604745    -5.17338901    -5.15975149
      355     0.01405650    -5.16010430    -5.14604780    -5.17281726    -5.16010430
      356     0.01440273    -5.16045119    -5.14604846    -5.17225406    -5.16045119
      357     0.01473415    -5.16078342    -5.14604927    -5.17170917    -5.16078342
      358     0.01503952    -5.16109001    -5.14605049    -5.17119537    -5.16109001
      359     0.01530458    -5.16135631    -5.14605172    -5.17072772    -5.16135631
      360     0.00997547    -5.16156562    -5.15159015    -5.17032464    -5.16156562
      361     0.01009009    -5.16168123    -5.15159114    -5.17006204    -5.16168123
      362     0.01015001    -5.16174177    -5.15159176    -5.16986517    -5.16174177
      363     0.01814918    -5.16974104    -5.15159186    -5.16974104    -5.16174054
      364     0.01811873    -5.16969146    -5.15157273    -5.16969146    -5.16161422
      365     0.01822950    -5.16980377    -5.15157426    -5.16980377    -5.16134755
      366     0.01848938    -5.17006551    -5.15157613    -5.17006551    -5.16095336
      367     0.01888076    -5.17045841    -5.15157766    -5.17045841    -5.16045018
      368     0.01938522    -5.17096439    -5.15157917    -5.17096439    -5.15985688
      369     0.01998694    -5.17156708    -5.15158014    -5.17156708    -5.15918922
      370     0.02067359    -5.17225448    -5.15158089    -5.17225448    -5.15845987
      371     0.02143614    -5.17301758    -5.15158143    -5.17301758    -5.15767776
      372     0.02226831    -5.17385047    -5.15158217    -5.17385047    -5.15684874
      373     0.02316582    -5.17474809    -5.15158227    -5.17474809    -5.15597749
      374     0.02412596    -5.17570833    -5.15158237    -5.17570833    -5.15506662
      375     0.02514715    -5.17672944    -5.15158229    -5.17672944    -5.15411746
      376     0.02622861    -5.17781128    -5.15158267    -5.17781128    -5.15313035
      377     0.02737021    -5.17895282    -5.15158261    -5.17895282    -5.15210622
      378     0.02857224    -5.18015529    -5.15158305    -5.18015529    -5.15104396
      379     0.02983534    -5.18141818    -5.15158284    -5.18141818    -5.14994331
      380     0.00997547    -5.18274350    -5.17276803    -5.18274350    -5.14880303
      381     0.01077316    -5.18354156    -5.17276840    -5.18354156    -5.14813135
      382     0.01163224    -5.18440049    -5.17276826    -5.18440049    -5.14742882
      383     0.01255413    -5.18532260    -5.17276847    -5.18532260    -5.14669461
      384     0.01354030    -5.18630886    -5.17276856    -5.18630886    -5.14592842
      385     0.01459215    -5.18736075    -5.17276860    -5.18736075    -5.14512866
      386     0.01571097    -5.18847958    -5.17276861    -5.18847958    -5.14429481
      387     0.01689806    -5.18966652    -5.17276847    -5.18966652    -5.14342597
      388     0.01815461    -5.19092321    -5.17276860    -5.19092321    -5.14252104
      389     0.01948173    -5.19225016    -5.17276843    -5.19225016    -5.14157884
      390     0.02088040    -5.19364902    -5.17276861    -5.19364902    -5.14059860
      391     0.02235143    -5.19512003    -5.17276860    -5.19512003    -5.13957915
      392     0.02389544    -5.19666426    -5.17276882    -5.19666426    -5.13851967
      393     0.02551280    -5.19828153    -5.17276873    -5.19828153    -5.13741911
      394     0.02720361    -5.19997244    -5.17276883    -5.19997244    -5.13627707
      395     0.02896764    -5.20173656    -5.17276892    -5.20173656    -5.13509309
      396     0.03080429    -5.20357339    -5.17276909    -5.20357339    -5.13386688
      397     0.03271251    -5.20548187    -5.17276936    -5.20548187    -5.13259852
      398     0.03469078    -5.20746028    -5.17276950    -5.20746028    -5.13128824
      399     0.03673704    -5.20950691    -5.17276987    -5.20950691    -5.12993699
      400     0.00997547    -5.21161874    -5.20164327    -5.21161874    -5.12854549
      401     0.01109829    -5.21274153    -5.20164324    -5.21274153    -5.12781295
      402     0.01229417    -5.21393748    -5.20164330    -5.21393748    -5.12704567
      403     0.01356254    -5.21520592    -5.20164339    -5.21520592    -5.12624365
      404     0.01490251    -5.21654609    -5.20164357    -5.21654609    -5.12540713
      405     0.01631290    -5.21795670    -5.20164380    -5.21795670    -5.12453618
      406     0.01779216    -5.21943602    -5.20164386    -5.21943602    -5.12363080
      407     0.01933841    -5.22098241    -5.20164400    -5.22098241    -5.12269152
      408     0.02094941    -5.22259361    -5.20164420    -5.22259361    -5.12171869
      409     0.02262253    -5.22426695    -5.20164442    -5.22426695    -5.12071273
      410     0.02435476    -5.22599939    -5.20164463    -5.22599939    -5.11967425
      411     0.02614276    -5.22778775    -5.20164499    -5.22778775    -5.11860411
      412     0.02798282    -5.22962812    -5.20164529    -5.22962812    -5.11750307
      413     0.02987094    -5.23151652    -5.20164558    -5.23151652    -5.11637209
      414     0.03180280    -5.23344862    -5.20164582    -5.23344862    -5.11521233
      415     0.03377387    -5.23542007    -5.20164620    -5.23542007    -5.11402518
      416     0.03577939    -5.23742586    -5.20164648    -5.23742586    -5.11281191
      417     0.03781445    -5.23946102    -5.20164657    -5.23946102    -5.11157406
      418     0.03987403    -5.24152110    -5.20164707    -5.24152110    -5.11031277
      419     0.04195302    -5.24360037    -5.20164735    -5.24360037    -5.10902954
      420     0.00997547    -5.24569403    -5.23571856    -5.24569403    -5.10772609
      421     0.01099729    -5.24671602    -5.23571873    -5.24671602    -5.10708806
      422     0.01206379    -5.24778259    -5.23571880    -5.24778259    -5.10642413
      423     0.01317272    -5.24889163    -5.23571891    -5.24889163    -5.10573491
      424     0.01432167    -5.25004073    -5.23571906    -5.25004073    -5.10502078
      425     0.01550811    -5.25122739    -5.23571928    -5.25122739    -5.10428211
      426     0.01672938    -5.25244890    -5.23571953    -5.25244890    -5.10351933
      427     0.01798269    -5.25370231    -5.23571961    -5.25370231    -5.10273267
      428     0.01926517    -5.25498505    -5.23571988    -5.25498505    -5.10192281
      429     0.02057382    -5.25629384    -5.23572001    -5.25629384    -5.10108983
      430     0.02190557    -5.25762583    -5.23572027    -5.25762583    -5.10023451
      431     0.02325724    -5.25897758    -5.23572034    -5.25897758    -5.09935697
      432     0.02462562    -5.26034630    -5.23572068    -5.26034630    -5.09845820
      433     0.02600739    -5.26172819    -5.23572081    -5.26172819    -5.09753825
      434     0.02739919    -5.26312038    -5.23572118    -5.26312038    -5.09659823
      435     0.02879763    -5.26451878    -5.23572116    -5.26451878    -5.09563817
      436     0.03019924    -5.26592074    -5.23572151    -5.26592074    -5.09465964
      437     0.03160053    -5.26732211    -5.23572158    -5.26732211    -5.09366289
      438     0.03299799    -5.26871986    -5.23572187    -5.26871986    -5.09264932
      439     0.03438808    -5.27011011    -5.23572202    -5.27011011    -5.09161976
      440     0.00997547    -5.27148960    -5.26151413    -5.27148960    -5.09057571
      441     0.01070833    -5.27222249    -5.26151416    -5.27222249    -5.09001187
      442     0.01145602    -5.27297023    -5.26151421    -5.27297023    -5.08943102
      443     0.01221669    -5.27373100    -5.26151431    -5.27373100    -5.08883370
      444     0.01298846    -5.27450291    -5.26151445    -5.27450291    -5.08822049
      445     0.01376941    -5.27528406    -5.26151465    -5.27528406    -5.08759204
      446     0.01455758    -5.27607220    -5.26151461    -5.27607220    -5.08694872
      447     0.01535101    -5.27686586    -5.26151485    -5.27686586    -5.08629177
      448     0.01614770    -5.27766260    -5.26151490    -5.27766260    -5.08562158
      449     0.01694571    -5.27846062    -5.26151491    -5.27846062    -5.08493919
      450     0.01774296    -5.27925793    -5.26151497    -5.27925793    -5.08424561
      451     0.01853736    -5.28005228    -5.26151492    -5.28005228    -5.08354160
      452     0.01932699    -5.28084204    -5.26151505    -5.28084204    -5.08282864
      453     0.02010985    -5.28162510    -5.26151524    -5.28162510    -5.08210782
      454     0.02088409    -5.28239925    -5.26151517    -5.28239925    -5.08138015
      455     0.02164775    -5.28316280    -5.26151506    -5.28316280    -5.08064721
      456     0.02239882    -5.28391389    -5.26151507    -5.28391389    -5.07991052
      457     0.02313543    -5.28465023    -5.26151480    -5.28465023    -5.07917115
      458     0.02385573    -5.28537055    -5.26151483    -5.28537055    -5.07843126
      459     0.02455795    -5.28607268    -5.26151473    -5.28607268    -5.07769208
      460     0.00997547    -5.28675500    -5.27677954    -5.28675500    -5.07695542
      461     0.01039672    -5.28717632    -5.27677960    -5.28717632    -5.07649253
      462     0.01081492    -5.28759431    -5.27677939    -5.28759431    -5.07602773
      463     0.01122910    -5.28800854    -5.27677944    -5.28800854    -5.07556253
      464     0.01163831    -5.28841765    -5.27677934    -5.28841765    -5.07509746
      465     0.01204158    -5.28882088    -5.27677931    -5.28882088    -5.07463371
      466     0.01243796    -5.28921738    -5.27677941    -5.28921738    -5.07417233
      467     0.01282652    -5.28960576    -5.27677925    -5.28960576    -5.07371388
      468     0.01320631    -5.28998551    -5.27677920    -5.28998551    -5.07325976
      469     0.01357641    -5.29035562    -5.27677920    -5.29035562    -5.07281086
      470     0.01393593    -5.29071523    -5.27677930    -5.29071523    -5.07236821
      471     0.01428397    -5.29106323    -5.27677926    -5.29106323    -5.07193257
      472     0.01461967    -5.29139899    -5.27677932    -5.29139899    -5.07150513
      473     0.01494218    -5.29172140    -5.27677922    -5.29172140    -5.07108660
      474     0.01525070    -5.29203005    -5.27677935    -5.29203005    -5.07067831
      475     0.01554442    -5.29232375    -5.27677933    -5.29232375    -5.07028078
      476     0.01582261    -5.29260195    -5.27677934    -5.29260195    -5.06989513
      477     0.01608453    -5.29286386    -5.27677933    -5.29286386    -5.06952215
      478     0.01632951    -5.29310900    -5.27677950    -5.29310900    -5.06916290
      479     0.01655690    -5.29333634    -5.27677944    -5.29333634    -5.06881779
      480     0.00997547    -5.29354577    -5.28357030    -5.29354577    -5.06848811
      481     0.01012461    -5.29369495    -5.28357034    -5.29369495    -5.06824513
      482     0.01026334    -5.29383364    -5.28357030    -5.29383364    -5.06801321
      483     0.01039133    -5.29396154    -5.28357021    -5.29396154    -5.06779287
      484     0.01050823    -5.29407850    -5.28357028    -5.29407850    -5.06758476
      485     0.01061374    -5.29418396    -5.28357022    -5.29418396    -5.06738903
      486     0.01070758    -5.29427798    -5.28357040    -5.29427798    -5.06720642
      487     0.01078951    -5.29435987    -5.28357036    -5.29435987    -5.06703684
      488     0.01085929    -5.29442974    -5.28357045    -5.29442974    -5.06688096
      489     0.01091676    -5.29448729    -5.28357054    -5.29448729    -5.06673895
      490     0.01096174    -5.29453223    -5.28357049    -5.29453223    -5.06661094
      491     0.01099412    -5.29456476    -5.28357064    -5.29456476    -5.06649748
      492     0.01101382    -5.29458435    -5.28357053    -5.29458435    -5.06639832
      493     0.01102078    -5.29459128    -5.28357051    -5.29459128    -5.06631392
      494     0.01101499    -5.29458555    -5.28357057    -5.29458555    -5.06624445
      495     0.01099646    -5.29456688    -5.28357041    -5.29456688    -5.06618968
      496     0.01096526    -5.29453562    -5.28357036    -5.29453562    -5.06614995
      497     0.01092147    -5.29449190    -5.28357043    -5.29449190    -5.06612531
      498     0.01086523    -5.29443553    -5.28357030    -5.29443553    -5.06611541
      499     0.01079670    -5.29436699    -5.28357029    -5.29436699    -5.06612050
      500     0.00997547    -5.29428647    -5.28431100    -5.29428647    -5.06614050
      501     0.00988649    -5.29419744    -5.28431095    -5.29419744    -5.06617370
      502     0.00978686    -5.29409768    -5.28431082    -5.29409768    -5.06622069
      503     0.00967684    -5.29398762    -5.28431078    -5.29398762    -5.06628142
      504     0.00955676    -5.29386757    -5.28431081    -5.29386757    -5.06635564
      505     0.00942693    -5.29373768    -5.28431074    -5.29373768    -5.06644295
      506     0.00928772    -5.29359846    -5.28431074    -5.29359846    -5.06654318
      507     0.00913951    -5.29345013    -5.28431063    -5.29345013    -5.06665587
      508     0.00898268    -5.29329340    -5.28431072    -5.29329340    -5.06678097
      509     0.00881766    -5.29312836    -5.28431070    -5.29312836    -5.06691777
      510     0.00864488    -5.29295543    -5.28431055    -5.29295543    -5.06706585
      511     0.00846478    -5.29277537    -5.28431059    -5.29277537    -5.06722508
      512     0.00827784    -5.29258851    -5.28431066    -5.29258851    -5.06739487
      513     0.00808452    -5.29239512    -5.28431060    -5.29239512    -5.06757453
      514     0.00788532    -5.29219585    -5.28431054    -5.29219585    -5.06776374
      515     0.00768072    -5.29199122    -5.28431050    -5.29199122    -5.06796197
      516     0.00747123    -5.29178187    -5.28431064    -5.29178187    -5.06816881
      517     0.00725737    -5.29156799    -5.28431062    -5.29156799    -5.06838342
      518     0.00703964    -5.29135027    -5.28431063    -5.29135027    -5.06860538
      519     0.00681858    -5.29112906    -5.28431048    -5.29112906    -5.06883394
      520     0.00997547    -5.29090537    -5.28092990    -5.29090537    -5.06906900
      521     0.00969540    -5.29062522    -5.28092982    -5.29062522    -5.06936497
      522     0.00940938    -5.29033925    -5.28092987    -5.29033925    -5.06966785
      523     0.00911808    -5.29004797    -5.28092990    -5.29004797    -5.06997670
      524     0.00882219    -5.28975208    -5.28092989    -5.28975208    -5.07029076
      525     0.00852243    -5.28945230    -5.28092987    -5.28945230    -5.07060926
      526     0.00821950    -5.28914948    -5.28092998    -5.28914948    -5.07093160
      527     0.00791414    -5.28884405    -5.28092992    -5.28884405    -5.07125672
      528     0.00760707    -5.28853706    -5.28092999    -5.28853706    -5.07158419
      529     0.00729904    -5.28822891    -5.28092986    -5.28822891    -5.07191298
      530     0.00699079    -5.28792083    -5.28093005    -5.28792083    -5.07224283
      531     0.00668305    -5.28761308    -5.28093004    -5.28761308    -5.07257261
      532     0.00637657    -5.28730658    -5.28093000    -5.28730658    -5.07290179
      533     0.00607210    -5.28700220    -5.28093010    -5.28700220    -5.07322985
      534     0.00577038    -5.28670054    -5.28093016    -5.28670054    -5.07355602
      535     0.00547213    -5.28640231    -5.28093019    -5.28640231    -5.07387966
      536     0.00517808    -5.28610824    -5.28093017    -5.28610824    -5.07420020
      537     0.00488894    -5.28581904    -5.28093010    -5.28581904    -5.07451705
      538     0.00460542    -5.28553574    -5.28093032    -5.28553574    -5.07482998
      539     0.00432820    -5.28525834    -5.28093014    -5.28525834    -5.07513781
      540     0.00997547    -5.28498819    -5.27501272    -5.28498819    -5.07544067
      541     0.00955762    -5.28457035    -5.27501273    -5.28457035    -5.07590793
      542     0.00914059    -5.28415341    -5.27501282    -5.28415341    -5.07636862
      543     0.00872546    -5.28373828    -5.27501282    -5.28373828    -5.07682186
      544     0.00831330    -5.28332616    -5.27501286    -5.28332616    -5.07726714
      545     0.00790519    -5.28291813    -5.27501294    -5.28291813    -5.07770381
      546     0.00750220    -5.28251509    -5.27501289    -5.28251509    -5.07813114
      547     0.00710537    -5.28211838    -5.27501301    -5.28211838    -5.07854887
      548     0.00671575    -5.28172871    -5.27501297    -5.28172871    -5.07895615
      549     0.00633435    -5.28134742    -5.27501307    -5.28134742    -5.07935281
      550     0.00596217    -5.28097531    -5.27501314    -5.28097531    -5.07973820
      551     0.00560017    -5.28061334    -5.27501318    -5.28061334    -5.08011187
      552     0.00524928    -5.28026228    -5.27501301    -5.28026228    -5.08047326
      553     0.00491039    -5.27992363    -5.27501324    -5.27992363    -5.08082257
      554     0.00458440    -5.27959761    -5.27501321    -5.27959761    -5.08115878
      555     0.00427209    -5.27928533    -5.27501324    -5.27928533    -5.08148184
      556     0.00397420    -5.27898739    -5.27501320    -5.27898739    -5.08179122
      557     0.00369148    -5.27870468    -5.27501319    -5.27870468    -5.08208676
      558     0.00342465    -5.27843786    -5.27501321    -5.27843786    -5.08236810
      559     0.00317434    -5.27818758    -5.27501324    -5.27818758    -5.08263496
      560     0.00997547    -5.27795443    -5.26797896    -5.27795443    -5.08288704
      561     0.00956663    -5.27754558    -5.26797896    -5.27754558    -5.08332726
      562     0.00916739    -5.27714651    -5.26797913    -5.27714651    -5.08374691
      563     0.00877878    -5.27675792    -5.26797914    -5.27675792    -5.08414531
      564     0.00840183    -5.27638094    -5.26797911    -5.27638094    -5.08452223
      565     0.00803753    -5.27601686    -5.26797933    -5.27601686    -5.08487776
      566     0.00768686    -5.27566613    -5.26797927    -5.27566613    -5.08521114
      567     0.00735078    -5.27533014    -5.26797936    -5.27533014    -5.08552272
      568     0.00703023    -5.27500964    -5.26797941    -5.27500964    -5.08581218
      569     0.00672612    -5.27470550    -5.26797938    -5.27470550    -5.08607945
      570     0.00643933    -5.27441869    -5.26797936    -5.27441869    -5.08632465
      571     0.00617072    -5.27415021    -5.26797948    -5.27415021    -5.08654797
      572     0.00592112    -5.27390064    -5.26797952    -5.27390064    -5.08674928
      573     0.00569129    -5.27367089    -5.26797960    -5.27367089    -5.08692886
      574     0.00548198    -5.27346149    -5.26797951    -5.27346149    -5.08708667
      575     0.00529388    -5.27327357    -5.26797969    -5.27327357    -5.08722336
      576     0.00512764    -5.27310726    -5.26797962    -5.27310726    -5.08733867
      577     0.00498387    -5.27296341    -5.26797954    -5.27296341    -5.08743312
      578     0.00486310    -5.27284271    -5.26797961    -5.27284271    -5.08750716
      579     0.00476577    -5.27274542    -5.26797964    -5.27274542    -5.08756089
      580     0.00997547    -5.27267195    -5.26269648    -5.27267195    -5.08759463
      581     0.00989545    -5.27259198    -5.26269653    -5.27259198    -5.08761800
      582     0.00983478    -5.27253120    -5.26269642    -5.27253120    -5.08761855
      583     0.00979389    -5.27249019    -5.26269631    -5.27249019    -5.08759703
      584     0.00977313    -5.27246948    -5.26269634    -5.27246948    -5.08755421
      585     0.00977284    -5.27246920    -5.26269635    -5.27246920    -5.08749053
      586     0.00979327    -5.27248961    -5.26269634    -5.27248961    -5.08740665
      587     0.00983462    -5.27253092    -5.26269631    -5.27253092    -5.08730323
      588     0.00989701    -5.27259328    -5.26269627    -5.27259328    -5.08718095
      589     0.00998052    -5.27267689    -5.26269636    -5.27267689    -5.08704063
      590     0.01008517    -5.27278147    -5.26269630    -5.27278147    -5.08688262
      591     0.01021086    -5.27290728    -5.26269642    -5.27290728    -5.08670793
      592     0.01035746    -5.27305387    -5.26269641    -5.27305387    -5.08651691
      593     0.01052476    -5.27322122    -5.26269646    -5.27322122    -5.08631037
      594     0.01071249    -5.27340891    -5.26269642    -5.27340891    -5.08608883
      595     0.01092030    -5.27361662    -5.26269632    -5.27361662    -5.08585289
      596     0.01114777    -5.27384427    -5.26269650    -5.27384427    -5.08560351
      597     0.01139442    -5.27409095    -5.26269652    -5.27409095    -5.08534084
      598     0.01165972    -5.27435626    -5.26269655    -5.27435626    -5.08506561
      599     0.01194308    -5.27463967    -5.26269659    -5.27463967    -5.08477842
      600     0.00997547    -5.27494035    -5.26496489    -5.27494035    -5.08447968
      601     0.01026383    -5.27522876    -5.26496493    -5.27522876    -5.08419963
      602     0.01057020    -5.27553504    -5.26496483    -5.27553504    -5.08390875
      603     0.01089383    -5.27585864    -5.26496482    -5.27585864    -5.08360766
      604     0.01123389    -5.27619863    -5.26496474    -5.27619863    -5.08329669
      605     0.01158955    -5.27655435    -5.26496481    -5.27655435    -5.08297645
      606     0.01195988    -5.27692459    -5.26496472    -5.27692459    -5.08264708
      607     0.01234394    -5.27730861    -5.26496468    -5.27730861    -5.08230920
      608     0.01274074    -5.27770530    -5.26496456    -5.27770530    -5.08196310
      609     0.01314926    -5.27811382    -5.26496456    -5.27811382    -5.08160938
      610     0.01356846    -5.27853286    -5.26496440    -5.27853286    -5.08124821
      611     0.01399726    -5.27896168    -5.26496442    -5.27896168    -5.08088038
      612     0.01443457    -5.27939892    -5.26496435    -5.27939892    -5.08050606
      613     0.01487929    -5.27984351    -5.26496422    -5.27984351    -5.08012577
      614     0.01533029    -5.28029451    -5.26496423    -5.28029451    -5.07974017
      615     0.01578646    -5.28075069    -5.26496423    -5.28075069    -5.07934968
      616     0.01624667    -5.28121080    -5.26496412    -5.28121080    -5.07895472
      617     0.01670981    -5.28167374    -5.26496393    -5.28167374    -5.07855587
      618     0.01717475    -5.28213891    -5.26496416    -5.28213891    -5.07815426
      619     0.01764038    -5.28260427    -5.26496389    -5.28260427    -5.07774960
      620     0.00997547    -5.28306955    -5.27309408    -5.28306955    -5.07734335
      621     0.01032408    -5.28341821    -5.27309412    -5.28341821    -5.07704011
      622     0.01067963    -5.28377372    -5.27309409    -5.28377372    -5.07673480
      623     0.01104134    -5.28413534    -5.27309399    -5.28413534    -5.07642798
      624     0.01140840    -5.28450259    -5.27309418    -5.28450259    -5.07612048
      625     0.01177996    -5.28487415    -5.27309418    -5.28487415    -5.07581236
      626     0.01215514    -5.28524919    -5.27309405    -5.28524919    -5.07550411
      627     0.01253303    -5.28562728    -5.27309425    -5.28562728    -5.07519670
      628     0.01291266    -5.28600685    -5.27309419    -5.28600685    -5.07488998
      629     0.01329306    -5.28638726    -5.27309420    -5.28638726    -5.07458469
      630     0.01367321    -5.28676752    -5.27309430    -5.28676752    -5.07428127
      631     0.01405206    -5.28714641    -5.27309435    -5.28714641    -5.07397996
      632     0.01442854    -5.28752308    -5.27309455    -5.28752308    -5.07368129
      633     0.01480154    -5.28789594    -5.27309440    -5.28789594    -5.07338516
      634     0.01516994    -5.28826455    -5.27309460    -5.28826455    -5.07309251
      635     0.01553262    -5.28862729    -5.27309467    -5.28862729    -5.07280317
      636     0.01588841    -5.28898320    -5.27309480    -5.28898320    -5.07251757
      637     0.01623615    -5.28933114    -5.27309499    -5.28933114    -5.07223596
      638     0.01657468    -5.28966964    -5.27309496    -5.28966964    -5.07195822
      639     0.01690283    -5.28999786    -5.27309503    -5.28999786    -5.07168489
      640     0.00997547    -5.29031467    -5.28033920    -5.29031467    -5.07141612
      641     0.01020991    -5.29054914    -5.28033923    -5.29054914    -5.07121511
      642     0.01044007    -5.29077930    -5.28033923    -5.29077930    -5.07101798
      643     0.01066506    -5.29100442    -5.28033936    -5.29100442    -5.07082490
      644     0.01088398    -5.29122345    -5.28033947    -5.29122345    -5.07063566
      645     0.01109595    -5.29143551    -5.28033955    -5.29143551    -5.07045022
      646     0.01130008    -5.29163957    -5.28033949    -5.29163957    -5.07026834
      647     0.01149550    -5.29183507    -5.28033957    -5.29183507    -5.07009026
      648     0.01168135    -5.29202103    -5.28033968    -5.29202103    -5.06991574
      649     0.01185681    -5.29219646    -5.28033966    -5.29219646    -5.06974449
      650     0.01202110    -5.29236093    -5.28033982    -5.29236093    -5.06957679
      651     0.01217348    -5.29251321    -5.28033973    -5.29251321    -5.06941202
      652     0.01231325    -5.29265311    -5.28033985    -5.29265311    -5.06925063
      653     0.01243980    -5.29277953    -5.28033973    -5.29277953    -5.06909205
      654     0.01255256    -5.29289244    -5.28033987    -5.29289244    -5.06893677
      655     0.01265101    -5.29299096    -5.28033995    -5.29299096    -5.06878440
      656     0.01273469    -5.29307453    -5.28033984    -5.29307453    -5.06863481
      657     0.01280327    -5.29314313    -5.28033986    -5.29314313    -5.06848833
      658     0.01285645    -5.29319633    -5.28033987    -5.29319633    -5.06834485
      659     0.01289399    -5.29323389    -5.28033990    -5.29323389    -5.06820442
      660     0.00997547    -5.29325568    -5.28328022    -5.29325568    -5.06806714
      661     0.00998184    -5.29326200    -5.28328016    -5.29326200    -5.06794963
      662     0.00997664    -5.29325676    -5.28328012    -5.29325676    -5.06783579
      663     0.00995993    -5.29324017    -5.28328024    -5.29324017    -5.06772592
      664     0.00993178    -5.29321183    -5.28328005    -5.29321183    -5.06761965
      665     0.00989234    -5.29317239    -5.28328005    -5.29317239    -5.06751759
      666     0.00984180    -5.29312186    -5.28328006    -5.29312186    -5.06741972
      667     0.00978037    -5.29306048    -5.28328011    -5.29306048    -5.06732617
      668     0.00970832    -5.29298850    -5.28328018    -5.29298850    -5.06723706
      669     0.00962593    -5.29290604    -5.28328011    -5.29290604    -5.06715235
      670     0.00953353    -5.29281358    -5.28328005    -5.29281358    -5.06707229
      671     0.00943146    -5.29271147    -5.28328001    -5.29271147    -5.06699699
      672     0.00932008    -5.29260019    -5.28328011    -5.29260019    -5.06692667
      673     0.00919975    -5.29247980    -5.28328005    -5.29247980    -5.06686105
      674     0.00907088    -5.29235081    -5.28327994    -5.29235081    -5.06680033
      675     0.00893386    -5.29221395    -5.28328009    -5.29221395    -5.06674483
      676     0.00878912    -5.29206910    -5.28327999    -5.29206910    -5.06669404
      677     0.00863707    -5.29191716    -5.28328009    -5.29191716    -5.06664838
      678     0.00847813    -5.29175818    -5.28328005    -5.29175818    -5.06660747
      679     0.00831274    -5.29159270    -5.28327996    -5.29159270    -5.06657135
      680     0.00997547    -5.29142129    -5.28144582    -5.29142129    -5.06654006
      681     0.00977844    -5.29122432    -5.28144588    -5.29122432    -5.06651005
      682     0.00957358    -5.29101936    -5.28144579    -5.29101936    -5.06648378
      683     0.00936136    -5.29080717    -5.28144581    -5.29080717    -5.06646134
      684     0.00914229    -5.29058818    -5.28144589    -5.29058818    -5.06644252
      685     0.00891689    -5.29036282    -5.28144593    -5.29036282    -5.06642707
      686     0.00868571    -5.29013158    -5.28144587    -5.29013158    -5.06641478
      687     0.00844932    -5.28989525    -5.28144593    -5.28989525    -5.06640572
      688     0.00820832    -5.28965418    -5.28144586    -5.28965418    -5.06639953
      689     0.00796333    -5.28940907    -5.28144574    -5.28940907    -5.06639616
      690     0.00771500    -5.28916079    -5.28144579    -5.28916079    -5.06639575
      691     0.00746402    -5.28890974    -5.28144572    -5.28890974    -5.06639797
      692     0.00721109    -5.28865686    -5.28144577    -5.28865686    -5.06640298
      693     0.00695696    -5.28840262    -5.28144566    -5.28840262    -5.06641053
      694     0.00670238    -5.28814813    -5.28144575    -5.28814813    -5.06642097
      695     0.00644814    -5.28789377    -5.28144563    -5.28789377    -5.06643394
      696     0.00619507    -5.28764053    -5.28144546    -5.28764053    -5.06644971
      697     0.00594397    -5.28738946    -5.28144549    -5.28738946    -5.06646856
      698     0.00569570    -5.28714128    -5.28144558    -5.28714128    -5.06649053
      699     0.00545111    -5.28689674    -5.28144562    -5.28689674    -5.06651562
      700     0.00997547    -5.28665655    -5.27668109    -5.28665655    -5.06654386
      701     0.00964594    -5.28632687    -5.27668093    -5.28632687    -5.06658516
      702     0.00931539    -5.28599637    -5.27668098    -5.28599637    -5.06662650
      703     0.00898505    -5.28566602    -5.27668096    -5.28566602    -5.06666790
      704     0.00865618    -5.28533707    -5.27668088    -5.28533707    -5.06670971
      705     0.00833005    -5.28501083    -5.27668078    -5.28501083    -5.06675231
      706     0.00800792    -5.28468875    -5.27668083    -5.28468875    -5.06679627
      707     0.00769104    -5.28437180    -5.27668076    -5.28437180    -5.06684167
      708     0.00738066    -5.28406141    -5.27668075    -5.28406141    -5.06688908
      709     0.00707797    -5.28375868    -5.27668071    -5.28375868    -5.06693874
      710     0.00678411    -5.28346464    -5.27668053    -5.28346464    -5.06699089
      711     0.00650019    -5.28318079    -5.27668059    -5.28318079    -5.06704620
      712     0.00622726    -5.28290774    -5.27668047    -5.28290774    -5.06710453
      713     0.00596630    -5.28264674    -5.27668044    -5.28264674    -5.06716635
      714     0.00571820    -5.28239844    -5.27668024    -5.28239844    -5.06723163
      715     0.00548379    -5.28216428    -5.27668049    -5.28216428    -5.06730108
      716     0.00526383    -5.28194415    -5.27668032    -5.28194415    -5.06737395
      717     0.00505899    -5.28173932    -5.27668033    -5.28173932    -5.06745091
      718     0.00486986    -5.28155007    -5.27668021    -5.28155007    -5.06753161
      719     0.00469696    -5.28137721    -5.27668025    -5.28137721    -5.06761633
      720     0.00997547    -5.28122101    -5.27124554    -5.28122101    -5.06770483
      721     0.00976140    -5.28100692    -5.27124552    -5.28100692    -5.06783826
      722     0.00955759    -5.28080298    -5.27124539    -5.28080298    -5.06797065
      723     0.00936450    -5.28061000    -5.27124550    -5.28061000    -5.06810217
      724     0.00918257    -5.28042800    -5.27124543    -5.28042800    -5.06823226
      725     0.00901224    -5.28025765    -5.27124541    -5.28025765    -5.06836103
      726     0.00885396    -5.28009946    -5.27124549    -5.28009946    -5.06848850
      727     0.00870815    -5.27995343    -5.27124528    -5.27995343    -5.06861419
      728     0.00857524    -5.27982073    -5.27124549    -5.27982073    -5.06873886
      729     0.00845566    -5.27970105    -5.27124539    -5.27970105    -5.06886184
      730     0.00834984    -5.27959523    -5.27124539    -5.27959523    -5.06898363
      731     0.00825819    -5.27950361    -5.27124542    -5.27950361    -5.06910429
      732     0.00818114    -5.27942653    -5.27124540    -5.27942653    -5.06922394
      733     0.00811908    -5.27936433    -5.27124524    -5.27936433    -5.06934273
      734     0.00807242    -5.27931777    -5.27124535    -5.27931777    -5.06946129
      735     0.00804151    -5.27928699    -5.27124548    -5.27928699    -5.06957968
      736     0.00802672    -5.27927211    -5.27124539    -5.27927211    -5.06969796
      737     0.00802833    -5.27927380    -5.27124547    -5.27927380    -5.06981681
      738     0.00804662    -5.27929207    -5.27124545    -5.27929207    -5.06993630
      739     0.00808179    -5.27932720    -5.27124541    -5.27932720    -5.07005680
      740     0.00997547    -5.27937937    -5.26940390    -5.27937937    -5.07017864
      741     0.01005019    -5.27945425    -5.26940406    -5.27945425    -5.07031508
      742     0.01013985    -5.27954407    -5.26940422    -5.27954407    -5.07045272
      743     0.01024434    -5.27964859    -5.26940425    -5.27964859    -5.07059164
      744     0.01036352    -5.27976787    -5.26940435    -5.27976787    -5.07073222
      745     0.01049714    -5.27990153    -5.26940439    -5.27990153    -5.07087442
      746     0.01064482    -5.28004937    -5.26940455    -5.28004937    -5.07101846
      747     0.01080610    -5.28021077    -5.26940468    -5.28021077    -5.07116415
      748     0.01098037    -5.28038517    -5.26940481    -5.28038517    -5.07131137
      749     0.01116694    -5.28057188    -5.26940495    -5.28057188    -5.07145992
      750     0.01136498    -5.28077007    -5.26940509    -5.28077007    -5.07160949
      751     0.01157356    -5.28097880    -5.26940524    -5.28097880    -5.07175964
      752     0.01179162    -5.28119687    -5.26940524    -5.28119687    -5.07190971
      753     0.01201802    -5.28142359    -5.26940557    -5.28142359    -5.07205958
      754     0.01225149    -5.28165709    -5.26940560    -5.28165709    -5.07220793
      755     0.01249070    -5.28189665    -5.26940595    -5.28189665    -5.07235460
      756     0.01273428    -5.28214027    -5.26940599    -5.28214027    -5.07249819
      757     0.01298080    -5.28238683    -5.26940603    -5.28238683    -5.07263816
      758     0.01322882    -5.28263505    -5.26940623    -5.28263505    -5.07277381
      759     0.01347685    -5.28288314    -5.26940629    -5.28288314    -5.07290394
      760     0.00997547    -5.28312992    -5.27315445    -5.28312992    -5.07302799
      761     0.01018579    -5.28334022    -5.27315443    -5.28334022    -5.07312758
      762     0.01039761    -5.28355215    -5.27315454    -5.28355215    -5.07322074
      763     0.01060974    -5.28376436    -5.27315462    -5.28376436    -5.07330664
      764     0.01082101    -5.28397587    -5.27315486    -5.28397587    -5.07338484
      765     0.01103029    -5.28418509    -5.27315480    -5.28418509    -5.07345429
      766     0.01123649    -5.28439143    -5.27315494    -5.28439143    -5.07351496
      767     0.01143859    -5.28459359    -5.27315500    -5.28459359    -5.07356610
      768     0.01163567    -5.28479066    -5.27315499    -5.28479066    -5.07360739
      769     0.01182684    -5.28498180    -5.27315496    -5.28498180    -5.07363854
      770     0.01201135    -5.28516645    -5.27315511    -5.28516645    -5.07365957
      771     0.01218849    -5.28534350    -5.27315501    -5.28534350    -5.07366995
      772     0.01235768    -5.28551267    -5.27315499    -5.28551267    -5.07367002
      773     0.01251846    -5.28567343    -5.27315498    -5.28567343    -5.07365981
      774     0.01267044    -5.28582529    -5.27315484    -5.28582529    -5.07363941
      775     0.01281338    -5.28596835    -5.27315497    -5.28596835    -5.07360950
      776     0.01294712    -5.28610188    -5.27315476    -5.28610188    -5.07356990
      777     0.01307157    -5.28622634    -5.27315477    -5.28622634    -5.07352165
      778     0.01318677    -5.28634150    -5.27315473    -5.28634150    -5.07346508
      779     0.01329281    -5.28644751    -5.27315470    -5.28644751    -5.07340090
      780     0.00997547    -5.28654463    -5.27656916    -5.28654463    -5.07332989
      781     0.01005397    -5.28662294    -5.27656897    -5.28662294    -5.07326351
      782     0.01012966    -5.28669860    -5.27656894    -5.28669860    -5.07319349
      783     0.01020282    -5.28677162    -5.27656880    -5.28677162    -5.07312031
      784     0.01027374    -5.28684251    -5.27656877    -5.28684251    -5.07304487
      785     0.01034273    -5.28691131    -5.27656859    -5.28691131    -5.07296762
      786     0.01041004    -5.28697866    -5.27656862    -5.28697866    -5.07288961
      787     0.01047592    -5.28704453    -5.27656861    -5.28704453    -5.07281121
      788     0.01054060    -5.28710920    -5.27656860    -5.28710920    -5.07273307
      789     0.01060427    -5.28717276    -5.27656849    -5.28717276    -5.07265562
      790     0.01066706    -5.28723555    -5.27656849    -5.28723555    -5.07257959
      791     0.01072908    -5.28729741    -5.27656833    -5.28729741    -5.07250514
      792     0.01079041    -5.28735862    -5.27656821    -5.28735862    -5.07243286
      793     0.01085105    -5.28741923    -5.27656818    -5.28741923    -5.07236310
      794     0.01091099    -5.28747911    -5.27656812    -5.28747911    -5.07229603
      795     0.01097016    -5.28753825    -5.27656809    -5.28753825    -5.07223187
      796     0.01102846    -5.28759656    -5.27656810    -5.28759656    -5.07217080
      797     0.01108578    -5.28765381    -5.27656804    -5.28765381    -5.07211280
      798     0.01114193    -5.28771004    -5.27656811    -5.28771004    -5.07205811
      799     0.01119676    -5.28776461    -5.27656785    -5.28776461    -5.07200629
      800     0.00997547    -5.28781799    -5.27784252    -5.28781799    -5.07195798
      801     0.01002487    -5.28786746    -5.27784259    -5.28786746    -5.07191569
      802     0.01007410    -5.28791659    -5.27784249    -5.28791659    -5.07187666
      803     0.01012295    -5.28796536    -5.27784241    -5.28796536    -5.07184097
      804     0.01017120    -5.28801357    -5.27784236    -5.28801357    -5.07180852
      805     0.01021868    -5.28806106    -5.27784238    -5.28806106    -5.07177917
      806     0.01026519    -5.28810766    -5.27784247    -5.28810766    -5.07175283
      807     0.01031058    -5.28815291    -5.27784233    -5.28815291    -5.07172907
      808     0.01035472    -5.28819699    -5.27784227    -5.28819699    -5.07170810
      809     0.01039749    -5.28823981    -5.27784232    -5.28823981    -5.07168983
      810     0.01043883    -5.28828116    -5.27784232    -5.28828116    -5.07167406
      811     0.01047870    -5.28832097    -5.27784227    -5.28832097    -5.07166070
      812     0.01051709    -5.28835928    -5.27784218    -5.28835928    -5.07164977
      813     0.01055403    -5.28839609    -5.27784206    -5.28839609    -5.07164122
      814     0.01058957    -5.28843180    -5.27784223    -5.28843180    -5.07163541
      815     0.01062380    -5.28846600    -5.27784220    -5.28846600    -5.07163188
      816     0.01065683    -5.28849895    -5.27784212    -5.28849895    -5.07163083
      817     0.01068879    -5.28853080    -5.27784201    -5.28853080    -5.07163232
      818     0.01071980    -5.28856182    -5.27784202    -5.28856182    -5.07163657
      819     0.01075003    -5.28859201    -5.27784198    -5.28859201    -5.07164346
      820     0.00997547    -5.28862151    -5.27864604    -5.28862151    -5.07165307
      821     0.01000391    -5.28864987    -5.27864596    -5.28864987    -5.07166522
      822     0.01003290    -5.28867887    -5.27864597    -5.28867887    -5.07168056
      823     0.01006256    -5.28870846    -5.27864590    -5.28870846    -5.07169891
      824     0.01009292    -5.28873879    -5.27864587    -5.28873879    -5.07172040
      825     0.01012399    -5.28876974    -5.27864575    -5.28876974    -5.07174478
      826     0.01015580    -5.28880163    -5.27864583    -5.28880163    -5.07177224
      827     0.01018829    -5.28883391    -5.27864562    -5.28883391    -5.07180217
      828     0.01022136    -5.28886711    -5.27864575    -5.28886711    -5.07183498
      829     0.01025488    -5.28890061    -5.27864573    -5.28890061    -5.07186997
      830     0.01028868    -5.28893438    -5.27864571    -5.28893438    -5.07190701
      831     0.01032254    -5.28896820    -5.27864567    -5.28896820    -5.07194577
      832     0.01035617    -5.28900176    -5.27864559    -5.28900176    -5.07198586
      833     0.01038924    -5.28903488    -5.27864564    -5.28903488    -5.07202698
      834     0.01042138    -5.28906700    -5.27864562    -5.28906700    -5.07206850
      835     0.01045216    -5.28909784    -5.27864569    -5.28909784    -5.07211001
      836     0.01048111    -5.28912676    -5.27864565    -5.28912676    -5.07215082
      837     0.01050777    -5.28915343    -5.27864566    -5.28915343    -5.07219047
      838     0.01053161    -5.28917715    -5.27864553    -5.28917715    -5.07222820
      839     0.01055212    -5.28919770    -5.27864558    -5.28919770    -5.07226367
      840     0.00997547    -5.28921438    -5.27923891    -5.28921438    -5.07229613
      841     0.00998775    -5.28922661    -5.27923885    -5.28922661    -5.07232419
      842     0.00999601    -5.28923491    -5.27923890    -5.28923491    -5.07234854
      843     0.00999976    -5.28923862    -5.27923885    -5.28923862    -5.07236844
      844     0.00999856    -5.28923760    -5.27923904    -5.28923760    -5.07238365
      845     0.00999199    -5.28923091    -5.27923892    -5.28923091    -5.07239318
      846     0.00997968    -5.28921866    -5.27923898    -5.28921866    -5.07239702
      847     0.00996131    -5.28920019    -5.27923887    -5.28920019    -5.07239443
      848     0.00993663    -5.28917552    -5.27923889    -5.28917552    -5.07238532
      849     0.00990542    -5.28914427    -5.27923885    -5.28914427    -5.07236923
      850     0.00986753    -5.28910642    -5.27923889    -5.28910642    -5.07234601
      851     0.00982287    -5.28906170    -5.27923883    -5.28906170    -5.07231529
      852     0.00977141    -5.28901021    -5.27923880    -5.28901021    -5.07227707
      853     0.00971318    -5.28895197    -5.27923879    -5.28895197    -5.07223121
      854     0.00964828    -5.28888705    -5.27923877    -5.28888705    -5.07217767
      855     0.00957687    -5.28881559    -5.27923872    -5.28881559    -5.07211647
      856     0.00949919    -5.28873782    -5.27923863    -5.28873782    -5.07204767
      857     0.00941551    -5.28865413    -5.27923863    -5.28865413    -5.07197152
      858     0.00932616    -5.28856471    -5.27923854    -5.28856471    -5.07188806
      859     0.00923155    -5.28847007    -5.27923853    -5.28847007    -5.07179763
      860     0.00997547    -5.28837064    -5.27839517    -5.28837064    -5.07170051
      861     0.00986633    -5.28826152    -5.27839519    -5.28826152    -5.07159206
      862     0.00975194    -5.28814702    -5.27839508    -5.28814702    -5.07147675
      863     0.00963286    -5.28802786    -5.27839500    -5.28802786    -5.07135509
      864     0.00950969    -5.28790461    -5.27839493    -5.28790461    -5.07122747
      865     0.00938305    -5.28777806    -5.27839501    -5.28777806    -5.07109450
      866     0.00925358    -5.28764851    -5.27839493    -5.28764851    -5.07095631
      867     0.00912193    -5.28751676    -5.27839483    -5.28751676    -5.07081349
      868     0.00898876    -5.28738364    -5.27839488    -5.28738364    -5.07066672
      869     0.00885475    -5.28724950    -5.27839475    -5.28724950    -5.07051615
      870     0.00872056    -5.28711532    -5.27839477    -5.28711532    -5.07036258
      871     0.00858685    -5.28698161    -5.27839476    -5.28698161    -5.07020636
      872     0.00845426    -5.28684885    -5.27839459    -5.28684885    -5.07004782
      873     0.00832342    -5.28671814    -5.27839472    -5.28671814    -5.06988791
      874     0.00819495    -5.28658963    -5.27839468    -5.28658963    -5.06972668
      875     0.00806943    -5.28646407    -5.27839465    -5.28646407    -5.06956474
      876     0.00794744    -5.28634205    -5.27839461    -5.28634205    -5.06940260
      877     0.00782955    -5.28622414    -5.27839459    -5.28622414    -5.06924072
      878     0.00771627    -5.28611087    -5.27839460    -5.28611087    -5.06907959
      879     0.00760815    -5.28600262    -5.27839447    -5.28600262    -5.06891953
      880     0.00997547    -5.28590023    -5.27592476    -5.28590023    -5.06876134
      881     0.00986219    -5.28578686    -5.27592467    -5.28578686    -5.06858070
      882     0.00975214    -5.28567686    -5.27592471    -5.28567686    -5.06840214
      883     0.00964592    -5.28557066    -5.27592474    -5.28557066    -5.06822613
      884     0.00954413    -5.28546874    -5.27592461    -5.28546874    -5.06805316
      885     0.00944739    -5.28537222    -5.27592482    -5.28537222    -5.06788442
      886     0.00935632    -5.28528090    -5.27592458    -5.28528090    -5.06771978
      887     0.00927156    -5.28519626    -5.27592470    -5.28519626    -5.06756079
      888     0.00919372    -5.28511828    -5.27592456    -5.28511828    -5.06740751
      889     0.00912345    -5.28504811    -5.27592466    -5.28504811    -5.06726117
      890     0.00906136    -5.28498603    -5.27592467    -5.28498603    -5.06712220
      891     0.00900805    -5.28493251    -5.27592446    -5.28493251    -5.06699114
      892     0.00896410    -5.28488861    -5.27592451    -5.28488861    -5.06686919
      893     0.00893007    -5.28485458    -5.27592451    -5.28485458    -5.06675673
      894     0.00890645    -5.28483093    -5.27592448    -5.28483093    -5.06665438
      895     0.00889371    -5.28481812    -5.27592441    -5.28481812    -5.06656275
      896     0.00889225    -5.28481673    -5.27592448    -5.28481673    -5.06648256
      897     0.00890241    -5.28482676    -5.27592436    -5.28482676    -5.06641397
      898     0.00892444    -5.28484882    -5.27592437    -5.28484882    -5.06635772
      899     0.00895856    -5.28488293    -5.27592437    -5.28488293    -5.06631399
      900     0.00997547    -5.28492918    -5.27495372    -5.28492918    -5.06628302
      901     0.01003626    -5.28498995    -5.27495369    -5.28498995    -5.06626393
      902     0.01010829    -5.28506210    -5.27495381    -5.28506210    -5.06625840
      903     0.01019139    -5.28514501    -5.27495361    -5.28514501    -5.06626596
      904     0.01028534    -5.28523905    -5.27495372    -5.28523905    -5.06628717
      905     0.01038980    -5.28534358    -5.27495378    -5.28534358    -5.06632153
      906     0.01050437    -5.28545816    -5.27495379    -5.28545816    -5.06636880
      907     0.01062856    -5.28558231    -5.27495375    -5.28558231    -5.06642862
      908     0.01076183    -5.28571577    -5.27495394    -5.28571577    -5.06650091
      909     0.01090356    -5.28585741    -5.27495385    -5.28585741    -5.06658473
      910     0.01105307    -5.28600704    -5.27495397    -5.28600704    -5.06668000
      911     0.01120965    -5.28616358    -5.27495393    -5.28616358    -5.06678584
      912     0.01137253    -5.28632639    -5.27495386    -5.28632639    -5.06690176
      913     0.01154092    -5.28649498    -5.27495406    -5.28649498    -5.06702744
      914     0.01171400    -5.28666819    -5.27495419    -5.28666819    -5.06716186
      915     0.01189093    -5.28684513    -5.27495421    -5.28684513    -5.06730431
      916     0.01207085    -5.28702493    -5.27495407    -5.28702493    -5.06745408
      917     0.01225292    -5.28720718    -5.27495426    -5.28720718    -5.06761090
      918     0.01243627    -5.28739066    -5.27495439    -5.28739066    -5.06777373
      919     0.01262004    -5.28757435    -5.27495431    -5.28757435    -5.06794166
      920     0.00997547    -5.28775796    -5.27778249    -5.28775796    -5.06811456
      921     0.01013787    -5.28792021    -5.27778234    -5.28792021    -5.06827084
      922     0.01030184    -5.28808443    -5.27778259    -5.28808443    -5.06843153
      923     0.01046663    -5.28824906    -5.27778243    -5.28824906    -5.06859523
      924     0.01063149    -5.28841412    -5.27778262    -5.28841412    -5.06876207
      925     0.01079569    -5.28857838    -5.27778269    -5.28857838    -5.06893091
      926     0.01095847    -5.28874122    -5.27778275    -5.28874122    -5.06910126
      927     0.01111908    -5.28890189    -5.27778281    -5.28890189    -5.06927246
      928     0.01127677    -5.28905961    -5.27778284    -5.28905961    -5.06944383
      929     0.01143082    -5.28921383    -5.27778301    -5.28921383    -5.06961491
      930     0.01158050    -5.28936348    -5.27778298    -5.28936348    -5.06978473
      931     0.01172514    -5.28950823    -5.27778309    -5.28950823    -5.06995300
      932     0.01186408    -5.28964709    -5.27778301    -5.28964709    -5.07011882
      933     0.01199672    -5.28977993    -5.27778321    -5.28977993    -5.07028211
      934     0.01212251    -5.28990575    -5.27778324    -5.28990575    -5.07044193
      935     0.01224094    -5.29002420    -5.27778325    -5.29002420    -5.07059798
      936     0.01235160    -5.29013488    -5.27778328    -5.29013488    -5.07074988
      937     0.01245413    -5.29023730    -5.27778316    -5.29023730    -5.07089719
      938     0.01254825    -5.29033166    -5.27778341    -5.29033166    -5.07104015
      939     0.01263376    -5.29041699    -5.27778324    -5.29041699    -5.07117780
      940     0.00997547    -5.29049384    -5.28051837    -5.29049384    -5.07131073
      941     0.01003722    -5.29055565    -5.28051843    -5.29055565    -5.07142474
      942     0.01009426    -5.29061268    -5.28051842    -5.29061268    -5.07153570
      943     0.01014660    -5.29066514    -5.28051853    -5.29066514    -5.07164385
      944     0.01019428    -5.29071276    -5.28051848    -5.29071276    -5.07174897
      945     0.01023738    -5.29075582    -5.28051844    -5.29075582    -5.07185141
      946     0.01027596    -5.29079442    -5.28051846    -5.29079442    -5.07195130
      947     0.01031012    -5.29082853    -5.28051842    -5.29082853    -5.07204869
      948     0.01033995    -5.29085845    -5.28051850    -5.29085845    -5.07214394
      949     0.01036555    -5.29088397    -5.28051842    -5.29088397    -5.07223693
      950     0.01038701    -5.29090540    -5.28051838    -5.29090540    -5.07232804
      951     0.01040443    -5.29092284    -5.28051841    -5.29092284    -5.07241744
      952     0.01041787    -5.29093643    -5.28051855    -5.29093643    -5.07250537
      953     0.01042742    -5.29094595    -5.28051853    -5.29094595    -5.07259167
      954     0.01043314    -5.29095167    -5.28051853    -5.29095167    -5.07267670
      955     0.01043506    -5.29095349    -5.28051844    -5.29095349    -5.07276045
      956     0.01043320    -5.29095164    -5.28051844    -5.29095164    -5.07284325
      957     0.01042763    -5.29094604    -5.28051842    -5.29094604    -5.07292509
      958     0.01041835    -5.29093692    -5.28051857    -5.29093692    -5.07300625
      959     0.01040542    -5.29092402    -5.28051860    -5.29092402    -5.07308654
      960     0.00997547    -5.29090742    -5.28093195    -5.29090742    -5.07316611
      961     0.00995594    -5.29088793    -5.28093200    -5.29088793    -5.07324367
      962     0.00993335    -5.29086537    -5.28093202    -5.29086537    -5.07332093
      963     0.00990775    -5.29083980    -5.28093205    -5.29083980    -5.07339796
      964     0.00987919    -5.29081115    -5.28093195    -5.29081115    -5.07347470
      965     0.00984775    -5.29077967    -5.28093192    -5.29077967    -5.07355140
      966     0.00981350    -5.29074548    -5.28093198    -5.29074548    -5.07362817
      967     0.00977654    -5.29070852    -5.28093199    -5.29070852    -5.07370491
      968     0.00973695    -5.29066891    -5.28093196    -5.29066891    -5.07378173
      969     0.00969486    -5.29062681    -5.28093195    -5.29062681    -5.07385871
      970     0.00965044    -5.29058238    -5.28093194    -5.29058238    -5.07393592
      971     0.00960384    -5.29053581    -5.28093197    -5.29053581    -5.07401345
      972     0.00955524    -5.29048729    -5.28093205    -5.29048729    -5.07409140
      973     0.00950483    -5.29043670    -5.28093187    -5.29043670    -5.07416952
      974     0.00945282    -5.29038474    -5.28093191    -5.29038474    -5.07424839
      975     0.00939940    -5.29033129    -5.28093189    -5.29033129    -5.07432773
      976     0.00934476    -5.29027670    -5.28093194    -5.29027670    -5.07440775
      977     0.00928908    -5.29022101    -5.28093193    -5.29022101    -5.07448829
      978     0.00923255    -5.29016439    -5.28093184    -5.29016439    -5.07456937
      979     0.00917531    -5.29010715    -5.28093184    -5.29010715    -5.07465112
      980     0.00997547    -5.29004946    -5.28007399    -5.29004946    -5.07473347
      981     0.00991411    -5.28998797    -5.28007386    -5.28998797    -5.07481976
      982     0.00985148    -5.28992546    -5.28007398    -5.28992546    -5.07490646
      983     0.00978769    -5.28986170    -5.28007401    -5.28986170    -5.07499310
      984     0.00972286    -5.28979681    -5.28007395    -5.28979681    -5.07507955
      985     0.00965708    -5.28973100    -5.28007392    -5.28973100    -5.07516581
      986     0.00959045    -5.28966438    -5.28007393    -5.28966438    -5.07525171
      987     0.00952307    -5.28959714    -5.28007407    -5.28959714    -5.07533720
      988     0.00945503    -5.28952905    -5.28007402    -5.28952905    -5.07542179
      989     0.00938642    -5.28946049    -5.28007407    -5.28946049    -5.07550559
      990     0.00931735    -5.28939153    -5.28007417    -5.28939153    -5.07558843
      991     0.00924794    -5.28932192    -5.28007398    -5.28932192    -5.07566979
      992     0.00917829    -5.28925239    -5.28007410    -5.28925239    -5.07575014
      993     0.00910855    -5.28918273    -5.28007417    -5.28918273    -5.07582899
      994     0.00903887    -5.28911318    -5.28007431    -5.28911318    -5.07590637
      995     0.00896941    -5.28904356    -5.28007415    -5.28904356    -5.07598182
      996     0.00890034    -5.28897464    -5.28007430    -5.28897464    -5.07605588
      997     0.00883187    -5.28890610    -5.28007423    -5.28890610    -5.07612798
      998     0.00876419    -5.28883841    -5.28007422    -5.28883841    -5.07619837
      999     0.00869754    -5.28877207    -5.28007453    -5.28877207    -5.07626732
     1000     0.00997547    -5.28870662    -5.27873115    -5.28870662    -5.07633416
