#    Non-Adiabatic Coupling Matrix Eliments: off-diagonal
         0     0.00000177
         1     0.00000187
         2     0.00000198
         3     0.00000211
         4     0.00000226
         5     0.00000243
         6     0.00000261
         7     0.00000281
         8     0.00000302
         9     0.00000326
        10     0.00000351
        11     0.00000378
        12     0.00000407
        13     0.00000438
        14     0.00000471
        15     0.00000505
        16     0.00000542
        17     0.00000580
        18     0.00000619
        19     0.00000661
        20     0.00000704
        21     0.00000608
        22     0.00000651
        23     0.00000696
        24     0.00000742
        25     0.00000789
        26     0.00000838
        27     0.00000887
        28     0.00000938
        29     0.00000990
        30     0.00001044
        31     0.00001099
        32     0.00001155
        33     0.00001212
        34     0.00001271
        35     0.00001331
        36     0.00001392
        37     0.00001455
        38     0.00001520
        39     0.00001586
        40     0.00001654
        41     0.00001407
        42     0.00001463
        43     0.00001523
        44     0.00001582
        45     0.00001642
        46     0.00001704
        47     0.00001767
        48     0.00001831
        49     0.00001897
        50     0.00001964
        51     0.00002033
        52     0.00002103
        53     0.00002174
        54     0.00002246
        55     0.00002320
        56     0.00002396
        57     0.00002472
        58     0.00002549
        59     0.00002627
        60     0.00002706
        61     0.00002921
        62     0.00003007
        63     0.00003094
        64     0.00003180
        65     0.00003267
        66     0.00003352
        67     0.00003436
        68     0.00003519
        69     0.00003599
        70     0.00003677
        71     0.00003751
        72     0.00003823
        73     0.00003889
        74     0.00003952
        75     0.00004009
        76     0.00004061
        77     0.00004107
        78     0.00004147
        79     0.00004180
        80     0.00004206
        81     0.00004633
        82     0.00004650
        83     0.00004660
        84     0.00004663
        85     0.00004659
        86     0.00004648
        87     0.00004631
        88     0.00004612
        89     0.00004586
        90     0.00004555
        91     0.00004522
        92     0.00004487
        93     0.00004452
        94     0.00004418
        95     0.00004385
        96     0.00004356
        97     0.00004330
        98     0.00004310
        99     0.00004297
       100     0.00004292
       101     0.00003878
       102     0.00003897
       103     0.00003929
       104     0.00003971
       105     0.00004025
       106     0.00004091
       107     0.00004170
       108     0.00004263
       109     0.00004371
       110     0.00004495
       111     0.00004635
       112     0.00004793
       113     0.00004968
       114     0.00005163
       115     0.00005378
       116     0.00005613
       117     0.00005871
       118     0.00006151
       119     0.00006456
       120     0.00006787
       121     0.00005545
       122     0.00005887
       123     0.00006249
       124     0.00006634
       125     0.00007043
       126     0.00007476
       127     0.00007935
       128     0.00008422
       129     0.00008939
       130     0.00009487
       131     0.00010068
       132     0.00010684
       133     0.00011338
       134     0.00012032
       135     0.00012768
       136     0.00013550
       137     0.00014380
       138     0.00015262
       139     0.00016199
       140     0.00017195
       141     0.00013519
       142     0.00014417
       143     0.00015363
       144     0.00016361
       145     0.00017413
       146     0.00018524
       147     0.00019698
       148     0.00020940
       149     0.00022254
       150     0.00023645
       151     0.00025119
       152     0.00026681
       153     0.00028338
       154     0.00030097
       155     0.00031966
       156     0.00033951
       157     0.00036061
       158     0.00038307
       159     0.00040696
       160     0.00043241
       161     0.00032571
       162     0.00034674
       163     0.00036896
       164     0.00039246
       165     0.00041734
       166     0.00044368
       167     0.00047159
       168     0.00050118
       169     0.00053256
       170     0.00056585
       171     0.00060119
       172     0.00063869
       173     0.00067851
       174     0.00072079
       175     0.00076567
       176     0.00081332
       177     0.00086389
       178     0.00091754
       179     0.00097434
       180     0.00103460
       181     0.00073274
       182     0.00077903
       183     0.00082773
       184     0.00087894
       185     0.00093279
       186     0.00098937
       187     0.00104875
       188     0.00111103
       189     0.00117627
       190     0.00124452
       191     0.00131578
       192     0.00139006
       193     0.00146732
       194     0.00154749
       195     0.00163046
       196     0.00171608
       197     0.00180417
       198     0.00189449
       199     0.00198675
       200     0.00208061
       201     0.00133457
       202     0.00140510
       203     0.00147695
       204     0.00154997
       205     0.00162397
       206     0.00169873
       207     0.00177396
       208     0.00184937
       209     0.00192458
       210     0.00199910
       211     0.00207245
       212     0.00214394
       213     0.00221279
       214     0.00227806
       215     0.00233850
       216     0.00239261
       217     0.00243845
       218     0.00247340
       219     0.00249411
       220     0.00249601
       221     0.00148043
       222     0.00149797
       223     0.00150401
       224     0.00149523
       225     0.00146739
       226     0.00141476
       227     0.00132914
       228     0.00119909
       229     0.00100845
       230     0.00073261
       231     0.00033448
       232    -0.00024636
       233    -0.00110990
       234    -0.00243042
       235    -0.00452551
       236    -0.00799787
       237    -0.01395593
       238    -0.02390257
       239    -0.03640347
       240    -0.03966237
       241    -0.02059983
       242    -0.01568042
       243    -0.01131734
       244    -0.00802927
       245    -0.00568355
       246    -0.00402855
       247    -0.00285184
       248    -0.00200431
       249    -0.00138518
       250    -0.00092706
       251    -0.00058451
       252    -0.00032635
       253    -0.00013081
       254     0.00001758
       255     0.00013004
       256     0.00021485
       257     0.00027822
       258     0.00032475
       259     0.00035838
       260     0.00038186
       261     0.00060204
       262     0.00060841
       263     0.00060739
       264     0.00060074
       265     0.00058989
       266     0.00057602
       267     0.00056012
       268     0.00054304
       269     0.00052553
       270     0.00050828
       271     0.00049193
       272     0.00047713
       273     0.00046447
       274     0.00045462
       275     0.00044828
       276     0.00044618
       277     0.00044914
       278     0.00045810
       279     0.00047411
       280     0.00049841
       281     0.00050286
       282     0.00054580
       283     0.00060134
       284     0.00067168
       285     0.00075932
       286     0.00086760
       287     0.00100010
       288     0.00116122
       289     0.00135607
       290     0.00159100
       291     0.00187308
       292     0.00221052
       293     0.00261238
       294     0.00308816
       295     0.00364672
       296     0.00429439
       297     0.00503173
       298     0.00584852
       299     0.00671778
       300     0.00758891
       301     0.00614861
       302     0.00660214
       303     0.00695515
       304     0.00717280
       305     0.00723087
       306     0.00712241
       307     0.00685959
       308     0.00647051
       309     0.00599237
       310     0.00546306
       311     0.00491797
       312     0.00438305
       313     0.00387643
       314     0.00340889
       315     0.00298552
       316     0.00260739
       317     0.00227300
       318     0.00197934
       319     0.00172271
       320     0.00149914
       321     0.00156508
       322     0.00135975
       323     0.00118354
       324     0.00103251
       325     0.00090316
       326     0.00079241
       327     0.00069759
       328     0.00061624
       329     0.00054632
       330     0.00048599
       331     0.00043358
       332     0.00038760
       333     0.00034667
       334     0.00030950
       335     0.00027485
       336     0.00024150
       337     0.00020820
       338     0.00017367
       339     0.00013652
       340     0.00009524
       341     0.00006148
       342     0.00000670
       343    -0.00005917
       344    -0.00013902
       345    -0.00023644
       346    -0.00035583
       347    -0.00050268
       348    -0.00068388
       349    -0.00090811
       350    -0.00118644
       351    -0.00153296
       352    -0.00196562
       353    -0.00250708
       354    -0.00318535
       355    -0.00403361
       356    -0.00508766
       357    -0.00637807
       358    -0.00791228
       359    -0.00964129
       360    -0.01141544
       361    -0.01022319
       362    -0.01099105
       363    -0.01130518
       364    -0.01624199
       365    -0.01472332
       366    -0.01251113
       367    -0.01012787
       368    -0.00790857
       369    -0.00599682
       370    -0.00441311
       371    -0.00312313
       372    -0.00207647
       373    -0.00122581
       374    -0.00052991
       375     0.00004374
       376     0.00052066
       377     0.00091971
       378     0.00125628
       379     0.00154139
       380     0.00178429
       381     0.00113007
       382     0.00124674
       383     0.00135926
       384     0.00146671
       385     0.00156971
       386     0.00166760
       387     0.00176016
       388     0.00184732
       389     0.00192887
       390     0.00200478
       391     0.00207484
       392     0.00213899
       393     0.00219699
       394     0.00224873
       395     0.00229392
       396     0.00233236
       397     0.00236372
       398     0.00238767
       399     0.00240391
       400     0.00241211
       401     0.00127618
       402     0.00132655
       403     0.00137313
       404     0.00141561
       405     0.00145370
       406     0.00148712
       407     0.00151559
       408     0.00153884
       409     0.00155664
       410     0.00156878
       411     0.00157509
       412     0.00157553
       413     0.00157002
       414     0.00155863
       415     0.00154145
       416     0.00151872
       417     0.00149091
       418     0.00145803
       419     0.00142066
       420     0.00137929
       421     0.00067120
       422     0.00068338
       423     0.00069297
       424     0.00069997
       425     0.00070442
       426     0.00070638
       427     0.00070594
       428     0.00070317
       429     0.00069818
       430     0.00069109
       431     0.00068204
       432     0.00067116
       433     0.00065858
       434     0.00064447
       435     0.00062897
       436     0.00061223
       437     0.00059440
       438     0.00057561
       439     0.00055603
       440     0.00053578
       441     0.00028421
       442     0.00028466
       443     0.00028430
       444     0.00028318
       445     0.00028132
       446     0.00027877
       447     0.00027555
       448     0.00027170
       449     0.00026728
       450     0.00026230
       451     0.00025682
       452     0.00025089
       453     0.00024455
       454     0.00023786
       455     0.00023085
       456     0.00022357
       457     0.00021608
       458     0.00020842
       459     0.00020065
       460     0.00019282
       461     0.00011958
       462     0.00011776
       463     0.00011579
       464     0.00011367
       465     0.00011142
       466     0.00010907
       467     0.00010664
       468     0.00010426
       469     0.00010173
       470     0.00009916
       471     0.00009660
       472     0.00009405
       473     0.00009153
       474     0.00008907
       475     0.00008667
       476     0.00008437
       477     0.00008217
       478     0.00008009
       479     0.00007814
       480     0.00007633
       481     0.00005804
       482     0.00005726
       483     0.00005654
       484     0.00005589
       485     0.00005530
       486     0.00005478
       487     0.00005433
       488     0.00005396
       489     0.00005367
       490     0.00005346
       491     0.00005333
       492     0.00005327
       493     0.00005330
       494     0.00005341
       495     0.00005359
       496     0.00005384
       497     0.00005417
       498     0.00005456
       499     0.00005501
       500     0.00005553
       501     0.00005408
       502     0.00005463
       503     0.00005522
       504     0.00005585
       505     0.00005650
       506     0.00005718
       507     0.00005788
       508     0.00005858
       509     0.00005929
       510     0.00005999
       511     0.00006069
       512     0.00006137
       513     0.00006203
       514     0.00006266
       515     0.00006325
       516     0.00006380
       517     0.00006430
       518     0.00006474
       519     0.00006512
       520     0.00006543
       521     0.00008152
       522     0.00008250
       523     0.00008339
       524     0.00008413
       525     0.00008481
       526     0.00008538
       527     0.00008583
       528     0.00008613
       529     0.00008629
       530     0.00008630
       531     0.00008614
       532     0.00008581
       533     0.00008531
       534     0.00008462
       535     0.00008374
       536     0.00008267
       537     0.00008141
       538     0.00007994
       539     0.00007827
       540     0.00007639
       541     0.00011976
       542     0.00011947
       543     0.00011888
       544     0.00011798
       545     0.00011678
       546     0.00011525
       547     0.00011339
       548     0.00011120
       549     0.00010868
       550     0.00010582
       551     0.00010263
       552     0.00009911
       553     0.00009526
       554     0.00009109
       555     0.00008662
       556     0.00008184
       557     0.00007677
       558     0.00007143
       559     0.00006582
       560     0.00005997
       561     0.00010571
       562     0.00010060
       563     0.00009510
       564     0.00008924
       565     0.00008303
       566     0.00007649
       567     0.00006965
       568     0.00006252
       569     0.00005513
       570     0.00004751
       571     0.00003968
       572     0.00003167
       573     0.00002352
       574     0.00001525
       575     0.00000690
       576    -0.00000151
       577    -0.00000993
       578    -0.00001833
       579    -0.00002669
       580    -0.00003496
       581    -0.00005923
       582    -0.00006727
       583    -0.00007508
       584    -0.00008262
       585    -0.00008986
       586    -0.00009678
       587    -0.00010334
       588    -0.00010952
       589    -0.00011530
       590    -0.00012066
       591    -0.00012558
       592    -0.00013005
       593    -0.00013406
       594    -0.00013759
       595    -0.00014065
       596    -0.00014323
       597    -0.00014532
       598    -0.00014695
       599    -0.00014810
       600    -0.00014879
       601    -0.00013531
       602    -0.00013591
       603    -0.00013611
       604    -0.00013594
       605    -0.00013541
       606    -0.00013453
       607    -0.00013332
       608    -0.00013182
       609    -0.00013004
       610    -0.00012800
       611    -0.00012574
       612    -0.00012327
       613    -0.00012064
       614    -0.00011786
       615    -0.00011497
       616    -0.00011199
       617    -0.00010895
       618    -0.00010589
       619    -0.00010282
       620    -0.00009978
       621    -0.00007292
       622    -0.00007174
       623    -0.00007054
       624    -0.00006932
       625    -0.00006810
       626    -0.00006689
       627    -0.00006570
       628    -0.00006453
       629    -0.00006339
       630    -0.00006229
       631    -0.00006124
       632    -0.00006025
       633    -0.00005931
       634    -0.00005843
       635    -0.00005762
       636    -0.00005687
       637    -0.00005619
       638    -0.00005560
       639    -0.00005507
       640    -0.00005463
       641    -0.00004142
       642    -0.00004128
       643    -0.00004116
       644    -0.00004105
       645    -0.00004097
       646    -0.00004091
       647    -0.00004087
       648    -0.00004084
       649    -0.00004083
       650    -0.00004083
       651    -0.00004085
       652    -0.00004087
       653    -0.00004091
       654    -0.00004095
       655    -0.00004101
       656    -0.00004106
       657    -0.00004112
       658    -0.00004118
       659    -0.00004124
       660    -0.00004129
       661    -0.00003623
       662    -0.00003617
       663    -0.00003608
       664    -0.00003599
       665    -0.00003587
       666    -0.00003574
       667    -0.00003559
       668    -0.00003542
       669    -0.00003523
       670    -0.00003501
       671    -0.00003478
       672    -0.00003451
       673    -0.00003421
       674    -0.00003389
       675    -0.00003353
       676    -0.00003314
       677    -0.00003271
       678    -0.00003224
       679    -0.00003174
       680    -0.00003119
       681    -0.00003403
       682    -0.00003348
       683    -0.00003288
       684    -0.00003224
       685    -0.00003155
       686    -0.00003081
       687    -0.00003002
       688    -0.00002918
       689    -0.00002829
       690    -0.00002735
       691    -0.00002636
       692    -0.00002532
       693    -0.00002422
       694    -0.00002308
       695    -0.00002189
       696    -0.00002065
       697    -0.00001936
       698    -0.00001803
       699    -0.00001665
       700    -0.00001523
       701    -0.00001971
       702    -0.00001830
       703    -0.00001682
       704    -0.00001530
       705    -0.00001374
       706    -0.00001212
       707    -0.00001047
       708    -0.00000877
       709    -0.00000704
       710    -0.00000528
       711    -0.00000349
       712    -0.00000168
       713     0.00000015
       714     0.00000200
       715     0.00000386
       716     0.00000572
       717     0.00000758
       718     0.00000945
       719     0.00001130
       720     0.00001314
       721     0.00002136
       722     0.00002322
       723     0.00002504
       724     0.00002682
       725     0.00002855
       726     0.00003022
       727     0.00003183
       728     0.00003338
       729     0.00003485
       730     0.00003625
       731     0.00003756
       732     0.00003879
       733     0.00003994
       734     0.00004098
       735     0.00004193
       736     0.00004279
       737     0.00004355
       738     0.00004420
       739     0.00004476
       740     0.00004522
       741     0.00005034
       742     0.00005049
       743     0.00005055
       744     0.00005051
       745     0.00005039
       746     0.00005018
       747     0.00004989
       748     0.00004968
       749     0.00004927
       750     0.00004882
       751     0.00004832
       752     0.00004780
       753     0.00004727
       754     0.00004672
       755     0.00004618
       756     0.00004565
       757     0.00004514
       758     0.00004466
       759     0.00004421
       760     0.00004380
       761     0.00003710
       762     0.00003687
       763     0.00003667
       764     0.00003651
       765     0.00003637
       766     0.00003626
       767     0.00003618
       768     0.00003613
       769     0.00003610
       770     0.00003612
       771     0.00003615
       772     0.00003621
       773     0.00003628
       774     0.00003637
       775     0.00003648
       776     0.00003659
       777     0.00003671
       778     0.00003683
       779     0.00003695
       780     0.00003706
       781     0.00003202
       782     0.00003204
       783     0.00003204
       784     0.00003202
       785     0.00003197
       786     0.00003190
       787     0.00003180
       788     0.00003166
       789     0.00003150
       790     0.00003130
       791     0.00003107
       792     0.00003080
       793     0.00003050
       794     0.00003016
       795     0.00002978
       796     0.00002936
       797     0.00002890
       798     0.00002841
       799     0.00002787
       800     0.00002730
       801     0.00002510
       802     0.00002445
       803     0.00002377
       804     0.00002306
       805     0.00002232
       806     0.00002155
       807     0.00002076
       808     0.00001994
       809     0.00001909
       810     0.00001823
       811     0.00001735
       812     0.00001645
       813     0.00001554
       814     0.00001461
       815     0.00001368
       816     0.00001274
       817     0.00001180
       818     0.00001086
       819     0.00000991
       820     0.00000898
       821     0.00000770
       822     0.00000678
       823     0.00000586
       824     0.00000495
       825     0.00000405
       826     0.00000317
       827     0.00000229
       828     0.00000143
       829     0.00000057
       830    -0.00000026
       831    -0.00000108
       832    -0.00000189
       833    -0.00000269
       834    -0.00000347
       835    -0.00000423
       836    -0.00000498
       837    -0.00000572
       838    -0.00000644
       839    -0.00000715
       840    -0.00000786
       841    -0.00000833
       842    -0.00000902
       843    -0.00000969
       844    -0.00001036
       845    -0.00001103
       846    -0.00001169
       847    -0.00001234
       848    -0.00001299
       849    -0.00001364
       850    -0.00001428
       851    -0.00001492
       852    -0.00001557
       853    -0.00001621
       854    -0.00001685
       855    -0.00001749
       856    -0.00001813
       857    -0.00001877
       858    -0.00001941
       859    -0.00002005
       860    -0.00002069
       861    -0.00002224
       862    -0.00002285
       863    -0.00002346
       864    -0.00002407
       865    -0.00002467
       866    -0.00002526
       867    -0.00002584
       868    -0.00002641
       869    -0.00002697
       870    -0.00002752
       871    -0.00002806
       872    -0.00002858
       873    -0.00002909
       874    -0.00002958
       875    -0.00003005
       876    -0.00003050
       877    -0.00003094
       878    -0.00003136
       879    -0.00003175
       880    -0.00003213
       881    -0.00003732
       882    -0.00003757
       883    -0.00003782
       884    -0.00003805
       885    -0.00003827
       886    -0.00003849
       887    -0.00003870
       888    -0.00003891
       889    -0.00003912
       890    -0.00003932
       891    -0.00003953
       892    -0.00003974
       893    -0.00003995
       894    -0.00004014
       895    -0.00004040
       896    -0.00004063
       897    -0.00004086
       898    -0.00004109
       899    -0.00004132
       900    -0.00004155
       901    -0.00004399
       902    -0.00004424
       903    -0.00004448
       904    -0.00004472
       905    -0.00004494
       906    -0.00004515
       907    -0.00004533
       908    -0.00004550
       909    -0.00004563
       910    -0.00004573
       911    -0.00004580
       912    -0.00004582
       913    -0.00004581
       914    -0.00004576
       915    -0.00004566
       916    -0.00004551
       917    -0.00004532
       918    -0.00004507
       919    -0.00004477
       920    -0.00004442
       921    -0.00003872
       922    -0.00003817
       923    -0.00003758
       924    -0.00003693
       925    -0.00003624
       926    -0.00003550
       927    -0.00003471
       928    -0.00003387
       929    -0.00003299
       930    -0.00003206
       931    -0.00003108
       932    -0.00003005
       933    -0.00002897
       934    -0.00002785
       935    -0.00002669
       936    -0.00002548
       937    -0.00002422
       938    -0.00002292
       939    -0.00002158
       940    -0.00002020
       941    -0.00001648
       942    -0.00001502
       943    -0.00001353
       944    -0.00001202
       945    -0.00001047
       946    -0.00000889
       947    -0.00000729
       948    -0.00000567
       949    -0.00000402
       950    -0.00000236
       951    -0.00000068
       952     0.00000101
       953     0.00000270
       954     0.00000440
       955     0.00000610
       956     0.00000780
       957     0.00000948
       958     0.00001115
       959     0.00001280
       960     0.00001443
       961     0.00001573
       962     0.00001730
       963     0.00001883
       964     0.00002031
       965     0.00002176
       966     0.00002315
       967     0.00002450
       968     0.00002578
       969     0.00002701
       970     0.00002817
       971     0.00002927
       972     0.00003031
       973     0.00003127
       974     0.00003216
       975     0.00003298
       976     0.00003373
       977     0.00003440
       978     0.00003500
       979     0.00003553
       980     0.00003598
       981     0.00003798
       982     0.00003826
       983     0.00003847
       984     0.00003861
       985     0.00003868
       986     0.00003870
       987     0.00003866
       988     0.00003857
       989     0.00003843
       990     0.00003825
       991     0.00003803
       992     0.00003778
       993     0.00003750
       994     0.00003719
       995     0.00003687
       996     0.00003653
       997     0.00003618
       998     0.00003582
       999     0.00003547
      1000     0.00003512
