#    Step     Kinetic(H)     Potential(H)   Total(H)       E(0)(H)        E(1)(H)        
        0     0.00000000   -78.37984738   -78.37984738   -78.37984738     0.00000000
        1     0.00194723   -78.38180322   -78.37985600   -78.38180322     0.00000000
        2     0.00765334   -78.38753405   -78.37988071   -78.38753405     0.00000000
        3     0.01672862   -78.39664694   -78.37991832   -78.39664694     0.00000000
        4     0.02857663   -78.40854089   -78.37996426   -78.40854089     0.00000000
        5     0.04246259   -78.42247602   -78.38001342   -78.42247602     0.00000000
        6     0.05759016   -78.43765120   -78.38006104   -78.43765120     0.00000000
        7     0.07317417   -78.45327749   -78.38010332   -78.45327749     0.00000000
        8     0.08849977   -78.46863758   -78.38013781   -78.46863758     0.00000000
        9     0.10296269   -78.48312605   -78.38016335   -78.48312605     0.00000000
       10     0.11609009   -78.49626995   -78.38017985   -78.49626995     0.00000000
       11     0.12754528   -78.50773323   -78.38018795   -78.50773323     0.00000000
       12     0.13712040   -78.51730921   -78.38018881   -78.51730921     0.00000000
       13     0.14472088   -78.52490481   -78.38018393   -78.52490481     0.00000000
       14     0.15034470   -78.53051959   -78.38017489   -78.53051959     0.00000000
       15     0.15406037   -78.53422339   -78.38016303   -78.53422339     0.00000000
       16     0.15598707   -78.53613647   -78.38014939   -78.53613647     0.00000000
       17     0.15627819   -78.53641303   -78.38013484   -78.53641303     0.00000000
       18     0.15510759   -78.53522771   -78.38012012   -78.53522771     0.00000000
       19     0.15265816   -78.53276398   -78.38010582   -78.53276398     0.00000000
       20     0.00570027   -78.52920513   -78.52350486   -78.52920513     0.00000000
       21     0.00495106   -78.52845512   -78.52350407   -78.52845512     0.00000000
       22     0.00429226   -78.52779562   -78.52350336   -78.52779562     0.00000000
       23     0.00373512   -78.52723785   -78.52350273   -78.52723785     0.00000000
       24     0.00328957   -78.52679176   -78.52350219   -78.52679176     0.00000000
       25     0.00296424   -78.52646598   -78.52350173   -78.52646598     0.00000000
       26     0.00276641   -78.52626777   -78.52350136   -78.52626777     0.00000000
       27     0.00270193   -78.52620301   -78.52350108   -78.52620301     0.00000000
       28     0.00277526   -78.52627616   -78.52350090   -78.52627616     0.00000000
       29     0.00298944   -78.52649024   -78.52350079   -78.52649024     0.00000000
       30     0.00334606   -78.52684684   -78.52350078   -78.52684684     0.00000000
       31     0.00384524   -78.52734610   -78.52350086   -78.52734610     0.00000000
       32     0.00448568   -78.52798671   -78.52350103   -78.52798671     0.00000000
       33     0.00526460   -78.52876589   -78.52350129   -78.52876589     0.00000000
       34     0.00617778   -78.52967942   -78.52350165   -78.52967942     0.00000000
       35     0.00721953   -78.53072162   -78.52350209   -78.53072162     0.00000000
       36     0.00838274   -78.53188536   -78.52350262   -78.53188536     0.00000000
       37     0.00965887   -78.53316211   -78.52350324   -78.53316211     0.00000000
       38     0.01103798   -78.53454192   -78.52350395   -78.53454192     0.00000000
       39     0.01250876   -78.53601350   -78.52350474   -78.53601350     0.00000000
       40     0.00570027   -78.53756422   -78.53186395   -78.53756422     0.00000000
       41     0.00675411   -78.53861866   -78.53186455   -78.53861866     0.00000000
       42     0.00789065   -78.53975588   -78.53186523   -78.53975588     0.00000000
       43     0.00909915   -78.54096513   -78.53186598   -78.54096513     0.00000000
       44     0.01036779   -78.54223458   -78.53186679   -78.54223458     0.00000000
       45     0.01168376   -78.54355142   -78.53186765   -78.54355142     0.00000000
       46     0.01303338   -78.54490195   -78.53186857   -78.54490195     0.00000000
       47     0.01440220   -78.54627174   -78.53186954   -78.54627174     0.00000000
       48     0.01577521   -78.54764574   -78.53187053   -78.54764574     0.00000000
       49     0.01713697   -78.54900850   -78.53187153   -78.54900850     0.00000000
       50     0.01847187   -78.55034441   -78.53187254   -78.55034441     0.00000000
       51     0.01976434   -78.55163788   -78.53187354   -78.55163788     0.00000000
       52     0.02099918   -78.55287368   -78.53187449   -78.55287368     0.00000000
       53     0.02216182   -78.55403721   -78.53187539   -78.55403721     0.00000000
       54     0.02323867   -78.55511488   -78.53187621   -78.55511488     0.00000000
       55     0.02421753   -78.55609445   -78.53187692   -78.55609445     0.00000000
       56     0.02508792   -78.55696542   -78.53187750   -78.55696542     0.00000000
       57     0.02584148   -78.55771940   -78.53187792   -78.55771940     0.00000000
       58     0.02647236   -78.55835053   -78.53187816   -78.55835053     0.00000000
       59     0.02697755   -78.55885576   -78.53187820   -78.55885576     0.00000000
       60     0.00570027   -78.55923522   -78.55353496   -78.55923522     0.00000000
       61     0.00584109   -78.55937584   -78.55353474   -78.55937584     0.00000000
       62     0.00597573   -78.55951023   -78.55353450   -78.55951023     0.00000000
       63     0.00610809   -78.55964232   -78.55353423   -78.55964232     0.00000000
       64     0.00624245   -78.55977639   -78.55353395   -78.55977639     0.00000000
       65     0.00638336   -78.55991701   -78.55353365   -78.55991701     0.00000000
       66     0.00653552   -78.56006887   -78.55353336   -78.56006887     0.00000000
       67     0.00670356   -78.56023663   -78.55353307   -78.56023663     0.00000000
       68     0.00689193   -78.56042474   -78.55353281   -78.56042474     0.00000000
       69     0.00710474   -78.56063732   -78.55353258   -78.56063732     0.00000000
       70     0.00734558   -78.56087798   -78.55353240   -78.56087798     0.00000000
       71     0.00761739   -78.56114965   -78.55353226   -78.56114965     0.00000000
       72     0.00792231   -78.56145449   -78.55353218   -78.56145449     0.00000000
       73     0.00826162   -78.56179378   -78.55353216   -78.56179378     0.00000000
       74     0.00863560   -78.56216781   -78.55353221   -78.56216781     0.00000000
       75     0.00904355   -78.56257587   -78.55353232   -78.56257587     0.00000000
       76     0.00948372   -78.56301622   -78.55353249   -78.56301622     0.00000000
       77     0.00995338   -78.56348611   -78.55353273   -78.56348611     0.00000000
       78     0.01044883   -78.56398186   -78.55353302   -78.56398186     0.00000000
       79     0.01096554   -78.56449890   -78.55353336   -78.56449890     0.00000000
       80     0.00570027   -78.56503195   -78.55933168   -78.56503195     0.00000000
       81     0.00608898   -78.56542095   -78.55933197   -78.56542095     0.00000000
       82     0.00649341   -78.56582568   -78.55933228   -78.56582568     0.00000000
       83     0.00690866   -78.56624127   -78.55933261   -78.56624127     0.00000000
       84     0.00732954   -78.56666250   -78.55933295   -78.56666250     0.00000000
       85     0.00775071   -78.56708401   -78.55933329   -78.56708401     0.00000000
       86     0.00816678   -78.56750041   -78.55933363   -78.56750041     0.00000000
       87     0.00857244   -78.56790639   -78.55933395   -78.56790639     0.00000000
       88     0.00896264   -78.56829690   -78.55933425   -78.56829690     0.00000000
       89     0.00933266   -78.56866719   -78.55933453   -78.56866719     0.00000000
       90     0.00967821   -78.56901298   -78.55933477   -78.56901298     0.00000000
       91     0.00999554   -78.56933051   -78.55933497   -78.56933051     0.00000000
       92     0.01028148   -78.56961661   -78.55933513   -78.56961661     0.00000000
       93     0.01053352   -78.56986877   -78.55933525   -78.56986877     0.00000000
       94     0.01074981   -78.57008513   -78.55933532   -78.57008513     0.00000000
       95     0.01092918   -78.57026453   -78.55933535   -78.57026453     0.00000000
       96     0.01107114   -78.57040648   -78.55933534   -78.57040648     0.00000000
       97     0.01117589   -78.57051118   -78.55933529   -78.57051118     0.00000000
       98     0.01124421   -78.57057942   -78.55933520   -78.57057942     0.00000000
       99     0.01127751   -78.57061260   -78.55933508   -78.57061260     0.00000000
      100     0.00570027   -78.57061264   -78.56491237   -78.57061264     0.00000000
      101     0.00568312   -78.57059537   -78.56491225   -78.57059537     0.00000000
      102     0.00565518   -78.57056730   -78.56491212   -78.57056730     0.00000000
      103     0.00561852   -78.57053050   -78.56491198   -78.57053050     0.00000000
      104     0.00557526   -78.57048711   -78.56491185   -78.57048711     0.00000000
      105     0.00552757   -78.57043928   -78.56491172   -78.57043928     0.00000000
      106     0.00547757   -78.57038916   -78.56491159   -78.57038916     0.00000000
      107     0.00542735   -78.57033881   -78.56491146   -78.57033881     0.00000000
      108     0.00537889   -78.57029024   -78.56491135   -78.57029024     0.00000000
      109     0.00533404   -78.57024528   -78.56491124   -78.57024528     0.00000000
      110     0.00529448   -78.57020563   -78.56491115   -78.57020563     0.00000000
      111     0.00526173   -78.57017280   -78.56491107   -78.57017280     0.00000000
      112     0.00523705   -78.57014805   -78.56491100   -78.57014805     0.00000000
      113     0.00522149   -78.57013245   -78.56491095   -78.57013245     0.00000000
      114     0.00521586   -78.57012678   -78.56491092   -78.57012678     0.00000000
      115     0.00522066   -78.57013156   -78.56491090   -78.57013156     0.00000000
      116     0.00523616   -78.57014707   -78.56491091   -78.57014707     0.00000000
      117     0.00526232   -78.57017325   -78.56491093   -78.57017325     0.00000000
      118     0.00529884   -78.57020980   -78.56491096   -78.57020980     0.00000000
      119     0.00534513   -78.57025615   -78.56491102   -78.57025615     0.00000000
      120     0.00570027   -78.57031143   -78.56461116   -78.57031143     0.00000000
      121     0.00576467   -78.57037592   -78.56461125   -78.57037592     0.00000000
      122     0.00583504   -78.57044638   -78.56461134   -78.57044638     0.00000000
      123     0.00590977   -78.57052123   -78.56461146   -78.57052123     0.00000000
      124     0.00598710   -78.57059868   -78.56461158   -78.57059868     0.00000000
      125     0.00606509   -78.57067679   -78.56461171   -78.57067679     0.00000000
      126     0.00614166   -78.57075350   -78.56461184   -78.57075350     0.00000000
      127     0.00621466   -78.57082664   -78.56461198   -78.57082664     0.00000000
      128     0.00628190   -78.57089402   -78.56461212   -78.57089402     0.00000000
      129     0.00634115   -78.57095340   -78.56461226   -78.57095340     0.00000000
      130     0.00639022   -78.57100261   -78.56461239   -78.57100261     0.00000000
      131     0.00642703   -78.57103954   -78.56461251   -78.57103954     0.00000000
      132     0.00644958   -78.57106221   -78.56461263   -78.57106221     0.00000000
      133     0.00645606   -78.57106879   -78.56461273   -78.57106879     0.00000000
      134     0.00644489   -78.57105770   -78.56461282   -78.57105770     0.00000000
      135     0.00641471   -78.57102759   -78.56461288   -78.57102759     0.00000000
      136     0.00636448   -78.57097741   -78.56461293   -78.57097741     0.00000000
      137     0.00629347   -78.57090643   -78.56461295   -78.57090643     0.00000000
      138     0.00620133   -78.57081429   -78.56461296   -78.57081429     0.00000000
      139     0.00608807   -78.57070100   -78.56461293   -78.57070100     0.00000000
      140     0.00570027   -78.57056698   -78.56486671   -78.57056698     0.00000000
      141     0.00554997   -78.57041661   -78.56486664   -78.57041661     0.00000000
      142     0.00538190   -78.57024844   -78.56486654   -78.57024844     0.00000000
      143     0.00519760   -78.57006402   -78.56486643   -78.57006402     0.00000000
      144     0.00499895   -78.56986524   -78.56486629   -78.56986524     0.00000000
      145     0.00478815   -78.56965429   -78.56486613   -78.56965429     0.00000000
      146     0.00456767   -78.56943364   -78.56486597   -78.56943364     0.00000000
      147     0.00434018   -78.56920597   -78.56486579   -78.56920597     0.00000000
      148     0.00410854   -78.56897414   -78.56486560   -78.56897414     0.00000000
      149     0.00387567   -78.56874109   -78.56486541   -78.56874109     0.00000000
      150     0.00364455   -78.56850978   -78.56486523   -78.56850978     0.00000000
      151     0.00341811   -78.56828316   -78.56486505   -78.56828316     0.00000000
      152     0.00319914   -78.56806403   -78.56486489   -78.56806403     0.00000000
      153     0.00299028   -78.56785502   -78.56486474   -78.56785502     0.00000000
      154     0.00279390   -78.56765850   -78.56486461   -78.56765850     0.00000000
      155     0.00261205   -78.56747655   -78.56486450   -78.56747655     0.00000000
      156     0.00244646   -78.56731087   -78.56486442   -78.56731087     0.00000000
      157     0.00229841   -78.56716277   -78.56486436   -78.56716277     0.00000000
      158     0.00216879   -78.56703313   -78.56486433   -78.56703313     0.00000000
      159     0.00205803   -78.56692236   -78.56486434   -78.56692236     0.00000000
      160     0.00570027   -78.56683047   -78.56113020   -78.56683047     0.00000000
      161     0.00556626   -78.56669655   -78.56113029   -78.56669655     0.00000000
      162     0.00544460   -78.56657500   -78.56113040   -78.56657500     0.00000000
      163     0.00533360   -78.56646412   -78.56113052   -78.56646412     0.00000000
      164     0.00523129   -78.56636195   -78.56113066   -78.56636195     0.00000000
      165     0.00513550   -78.56626631   -78.56113081   -78.56626631     0.00000000
      166     0.00504394   -78.56617489   -78.56113096   -78.56617489     0.00000000
      167     0.00495427   -78.56608537   -78.56113110   -78.56608537     0.00000000
      168     0.00486416   -78.56599540   -78.56113124   -78.56599540     0.00000000
      169     0.00477141   -78.56590278   -78.56113137   -78.56590278     0.00000000
      170     0.00467397   -78.56580546   -78.56113148   -78.56580546     0.00000000
      171     0.00457000   -78.56570158   -78.56113158   -78.56570158     0.00000000
      172     0.00445795   -78.56558961   -78.56113166   -78.56558961     0.00000000
      173     0.00433656   -78.56546827   -78.56113171   -78.56546827     0.00000000
      174     0.00420493   -78.56533668   -78.56113175   -78.56533668     0.00000000
      175     0.00406250   -78.56519426   -78.56113175   -78.56519426     0.00000000
      176     0.00390910   -78.56504084   -78.56113174   -78.56504084     0.00000000
      177     0.00374489   -78.56487660   -78.56113170   -78.56487660     0.00000000
      178     0.00357042   -78.56470207   -78.56113165   -78.56470207     0.00000000
      179     0.00338656   -78.56451813   -78.56113157   -78.56451813     0.00000000
      180     0.00570027   -78.56432598   -78.55862571   -78.56432598     0.00000000
      181     0.00542917   -78.56405472   -78.55862555   -78.56405472     0.00000000
      182     0.00514040   -78.56376576   -78.55862536   -78.56376576     0.00000000
      183     0.00483687   -78.56346202   -78.55862515   -78.56346202     0.00000000
      184     0.00452185   -78.56314678   -78.55862493   -78.56314678     0.00000000
      185     0.00419888   -78.56282357   -78.55862469   -78.56282357     0.00000000
      186     0.00387172   -78.56249616   -78.55862444   -78.56249616     0.00000000
      187     0.00354422   -78.56216841   -78.55862419   -78.56216841     0.00000000
      188     0.00322032   -78.56184427   -78.55862395   -78.56184427     0.00000000
      189     0.00290395   -78.56152766   -78.55862370   -78.56152766     0.00000000
      190     0.00259894   -78.56122241   -78.55862347   -78.56122241     0.00000000
      191     0.00230900   -78.56093225   -78.55862325   -78.56093225     0.00000000
      192     0.00203762   -78.56066067   -78.55862305   -78.56066067     0.00000000
      193     0.00178805   -78.56041092   -78.55862286   -78.56041092     0.00000000
      194     0.00156326   -78.56018596   -78.55862270   -78.56018596     0.00000000
      195     0.00136586   -78.55998842   -78.55862256   -78.55998842     0.00000000
      196     0.00119810   -78.55982054   -78.55862245   -78.55982054     0.00000000
      197     0.00106181   -78.55968417   -78.55862236   -78.55968417     0.00000000
      198     0.00095842   -78.55958072   -78.55862230   -78.55958072     0.00000000
      199     0.00088890   -78.55951117   -78.55862227   -78.55951117     0.00000000
      200     0.00570027   -78.55947603   -78.55377577   -78.55947603     0.00000000
      201     0.00566458   -78.55944040   -78.55377581   -78.55944040     0.00000000
      202     0.00564950   -78.55942538   -78.55377588   -78.55942538     0.00000000
      203     0.00565401   -78.55942998   -78.55377596   -78.55942998     0.00000000
      204     0.00567679   -78.55945286   -78.55377607   -78.55945286     0.00000000
      205     0.00571618   -78.55949237   -78.55377619   -78.55949237     0.00000000
      206     0.00577024   -78.55954657   -78.55377633   -78.55954657     0.00000000
      207     0.00583675   -78.55961323   -78.55377648   -78.55961323     0.00000000
      208     0.00591330   -78.55968994   -78.55377664   -78.55968994     0.00000000
      209     0.00599725   -78.55977406   -78.55377681   -78.55977406     0.00000000
      210     0.00608585   -78.55986283   -78.55377698   -78.55986283     0.00000000
      211     0.00617627   -78.55995342   -78.55377715   -78.55995342     0.00000000
      212     0.00626563   -78.56004295   -78.55377732   -78.56004295     0.00000000
      213     0.00635109   -78.56012857   -78.55377748   -78.56012857     0.00000000
      214     0.00642990   -78.56020753   -78.55377763   -78.56020753     0.00000000
      215     0.00649948   -78.56027725   -78.55377777   -78.56027725     0.00000000
      216     0.00655747   -78.56033535   -78.55377788   -78.56033535     0.00000000
      217     0.00660180   -78.56037978   -78.55377798   -78.56037978     0.00000000
      218     0.00663077   -78.56040881   -78.55377804   -78.56040881     0.00000000
      219     0.00664308   -78.56042116   -78.55377808   -78.56042116     0.00000000
      220     0.00570027   -78.56041601   -78.55471574   -78.56041601     0.00000000
      221     0.00568093   -78.56039664   -78.55471571   -78.56039664     0.00000000
      222     0.00564917   -78.56036482   -78.55471566   -78.56036482     0.00000000
      223     0.00560570   -78.56032127   -78.55471557   -78.56032127     0.00000000
      224     0.00555174   -78.56026720   -78.55471545   -78.56026720     0.00000000
      225     0.00548898   -78.56020429   -78.55471531   -78.56020429     0.00000000
      226     0.00541958   -78.56013472   -78.55471514   -78.56013472     0.00000000
      227     0.00534612   -78.56006106   -78.55471494   -78.56006106     0.00000000
      228     0.00527156   -78.55998629   -78.55471473   -78.55998629     0.00000000
      229     0.00519922   -78.55991372   -78.55471450   -78.55991372     0.00000000
      230     0.00513262   -78.55984689   -78.55471426   -78.55984689     0.00000000
      231     0.00507548   -78.55978950   -78.55471402   -78.55978950     0.00000000
      232     0.00503156   -78.55974535   -78.55471378   -78.55974535     0.00000000
      233     0.00500462   -78.55971818   -78.55471355   -78.55971818     0.00000000
      234     0.00499827   -78.55971161   -78.55471334   -78.55971161     0.00000000
      235     0.00501587   -78.55972902   -78.55471314   -78.55972902     0.00000000
      236     0.00506047   -78.55977345   -78.55471298   -78.55977345     0.00000000
      237     0.00513466   -78.55984751   -78.55471285   -78.55984751     0.00000000
      238     0.00524055   -78.55995330   -78.55471275   -78.55995330     0.00000000
      239     0.00537964   -78.56009233   -78.55471270   -78.56009233     0.00000000
      240     0.00570027   -78.56026548   -78.55456522   -78.56026548     0.00000000
      241     0.00591012   -78.56047537   -78.55456525   -78.56047537     0.00000000
      242     0.00615358   -78.56071890   -78.55456532   -78.56071890     0.00000000
      243     0.00642949   -78.56099492   -78.55456543   -78.56099492     0.00000000
      244     0.00673603   -78.56130162   -78.55456559   -78.56130162     0.00000000
      245     0.00707078   -78.56163655   -78.55456577   -78.56163655     0.00000000
      246     0.00743074   -78.56199673   -78.55456599   -78.56199673     0.00000000
      247     0.00781246   -78.56237870   -78.55456623   -78.56237870     0.00000000
      248     0.00821206   -78.56277856   -78.55456649   -78.56277856     0.00000000
      249     0.00862535   -78.56319212   -78.55456677   -78.56319212     0.00000000
      250     0.00904791   -78.56361496   -78.55456705   -78.56361496     0.00000000
      251     0.00947523   -78.56404256   -78.55456733   -78.56404256     0.00000000
      252     0.00990273   -78.56447034   -78.55456761   -78.56447034     0.00000000
      253     0.01032594   -78.56489381   -78.55456788   -78.56489381     0.00000000
      254     0.01074049   -78.56530862   -78.55456813   -78.56530862     0.00000000
      255     0.01114228   -78.56571065   -78.55456837   -78.56571065     0.00000000
      256     0.01152749   -78.56609607   -78.55456858   -78.56609607     0.00000000
      257     0.01189263   -78.56646140   -78.55456877   -78.56646140     0.00000000
      258     0.01223464   -78.56680358   -78.55456894   -78.56680358     0.00000000
      259     0.01255087   -78.56711995   -78.55456908   -78.56711995     0.00000000
      260     0.00570027   -78.56740834   -78.56170807   -78.56740834     0.00000000
      261     0.00587922   -78.56758734   -78.56170812   -78.56758734     0.00000000
      262     0.00605081   -78.56775897   -78.56170817   -78.56775897     0.00000000
      263     0.00621436   -78.56792257   -78.56170820   -78.56792257     0.00000000
      264     0.00636936   -78.56807760   -78.56170823   -78.56807760     0.00000000
      265     0.00651541   -78.56822366   -78.56170826   -78.56822366     0.00000000
      266     0.00665224   -78.56836051   -78.56170827   -78.56836051     0.00000000
      267     0.00677974   -78.56848801   -78.56170828   -78.56848801     0.00000000
      268     0.00689788   -78.56860616   -78.56170828   -78.56860616     0.00000000
      269     0.00700678   -78.56871506   -78.56170827   -78.56871506     0.00000000
      270     0.00710666   -78.56881492   -78.56170826   -78.56881492     0.00000000
      271     0.00719781   -78.56890606   -78.56170825   -78.56890606     0.00000000
      272     0.00728063   -78.56898886   -78.56170823   -78.56898886     0.00000000
      273     0.00735559   -78.56906379   -78.56170820   -78.56906379     0.00000000
      274     0.00742318   -78.56913136   -78.56170818   -78.56913136     0.00000000
      275     0.00748398   -78.56919213   -78.56170815   -78.56919213     0.00000000
      276     0.00753855   -78.56924667   -78.56170812   -78.56924667     0.00000000
      277     0.00758749   -78.56929558   -78.56170809   -78.56929558     0.00000000
      278     0.00763136   -78.56933942   -78.56170806   -78.56933942     0.00000000
      279     0.00767072   -78.56937876   -78.56170804   -78.56937876     0.00000000
      280     0.00570027   -78.56941410   -78.56371383   -78.56941410     0.00000000
      281     0.00572975   -78.56944357   -78.56371382   -78.56944357     0.00000000
      282     0.00576074   -78.56947455   -78.56371381   -78.56947455     0.00000000
      283     0.00579343   -78.56950724   -78.56371381   -78.56950724     0.00000000
      284     0.00582786   -78.56954168   -78.56371381   -78.56954168     0.00000000
      285     0.00586395   -78.56957778   -78.56371383   -78.56957778     0.00000000
      286     0.00590147   -78.56961533   -78.56371386   -78.56961533     0.00000000
      287     0.00594005   -78.56965394   -78.56371389   -78.56965394     0.00000000
      288     0.00597915   -78.56969308   -78.56371393   -78.56969308     0.00000000
      289     0.00601814   -78.56973212   -78.56371398   -78.56973212     0.00000000
      290     0.00605624   -78.56977028   -78.56371404   -78.56977028     0.00000000
      291     0.00609256   -78.56980666   -78.56371410   -78.56980666     0.00000000
      292     0.00612611   -78.56984027   -78.56371416   -78.56984027     0.00000000
      293     0.00615583   -78.56987007   -78.56371423   -78.56987007     0.00000000
      294     0.00618060   -78.56989491   -78.56371431   -78.56989491     0.00000000
      295     0.00619928   -78.56991366   -78.56371438   -78.56991366     0.00000000
      296     0.00621068   -78.56992513   -78.56371445   -78.56992513     0.00000000
      297     0.00621368   -78.56992820   -78.56371452   -78.56992820     0.00000000
      298     0.00620716   -78.56992174   -78.56371458   -78.56992174     0.00000000
      299     0.00619011   -78.56990475   -78.56371464   -78.56990475     0.00000000
      300     0.00570027   -78.56987628   -78.56417601   -78.56987628     0.00000000
      301     0.00566157   -78.56983762   -78.56417605   -78.56983762     0.00000000
      302     0.00561149   -78.56978758   -78.56417608   -78.56978758     0.00000000
      303     0.00554956   -78.56972567   -78.56417610   -78.56972567     0.00000000
      304     0.00547548   -78.56965159   -78.56417611   -78.56965159     0.00000000
      305     0.00538913   -78.56956523   -78.56417610   -78.56956523     0.00000000
      306     0.00529059   -78.56946668   -78.56417608   -78.56946668     0.00000000
      307     0.00518016   -78.56935621   -78.56417605   -78.56935621     0.00000000
      308     0.00505835   -78.56923435   -78.56417601   -78.56923435     0.00000000
      309     0.00492586   -78.56910181   -78.56417595   -78.56910181     0.00000000
      310     0.00478363   -78.56895951   -78.56417588   -78.56895951     0.00000000
      311     0.00463276   -78.56880855   -78.56417580   -78.56880855     0.00000000
      312     0.00447453   -78.56865024   -78.56417571   -78.56865024     0.00000000
      313     0.00431040   -78.56848601   -78.56417561   -78.56848601     0.00000000
      314     0.00414193   -78.56831743   -78.56417550   -78.56831743     0.00000000
      315     0.00397080   -78.56814619   -78.56417539   -78.56814619     0.00000000
      316     0.00379875   -78.56797403   -78.56417528   -78.56797403     0.00000000
      317     0.00362755   -78.56780272   -78.56417517   -78.56780272     0.00000000
      318     0.00345900   -78.56763406   -78.56417506   -78.56763406     0.00000000
      319     0.00329483   -78.56746979   -78.56417495   -78.56746979     0.00000000
      320     0.00570027   -78.56731159   -78.56161132   -78.56731159     0.00000000
      321     0.00549228   -78.56710347   -78.56161119   -78.56710347     0.00000000
      322     0.00528632   -78.56689738   -78.56161107   -78.56689738     0.00000000
      323     0.00508438   -78.56669532   -78.56161094   -78.56669532     0.00000000
      324     0.00488839   -78.56649922   -78.56161083   -78.56649922     0.00000000
      325     0.00470014   -78.56631087   -78.56161073   -78.56631087     0.00000000
      326     0.00452128   -78.56613192   -78.56161064   -78.56613192     0.00000000
      327     0.00435329   -78.56596384   -78.56161056   -78.56596384     0.00000000
      328     0.00419741   -78.56580790   -78.56161049   -78.56580790     0.00000000
      329     0.00405468   -78.56566513   -78.56161044   -78.56566513     0.00000000
      330     0.00392591   -78.56553632   -78.56161041   -78.56553632     0.00000000
      331     0.00381163   -78.56542202   -78.56161039   -78.56542202     0.00000000
      332     0.00371214   -78.56532253   -78.56161039   -78.56532253     0.00000000
      333     0.00362749   -78.56523789   -78.56161040   -78.56523789     0.00000000
      334     0.00355745   -78.56516788   -78.56161043   -78.56516788     0.00000000
      335     0.00350161   -78.56511208   -78.56161047   -78.56511208     0.00000000
      336     0.00345928   -78.56506981   -78.56161052   -78.56506981     0.00000000
      337     0.00342963   -78.56504022   -78.56161059   -78.56504022     0.00000000
      338     0.00341162   -78.56502228   -78.56161066   -78.56502228     0.00000000
      339     0.00340407   -78.56501481   -78.56161074   -78.56501481     0.00000000
      340     0.00570027   -78.56501654   -78.55931627   -78.56501654     0.00000000
      341     0.00570699   -78.56502337   -78.55931638   -78.56502337     0.00000000
      342     0.00571108   -78.56502755   -78.55931647   -78.56502755     0.00000000
      343     0.00571098   -78.56502753   -78.55931655   -78.56502753     0.00000000
      344     0.00570533   -78.56502195   -78.55931662   -78.56502195     0.00000000
      345     0.00569299   -78.56500967   -78.55931668   -78.56500967     0.00000000
      346     0.00567306   -78.56498977   -78.55931671   -78.56498977     0.00000000
      347     0.00564490   -78.56496163   -78.55931673   -78.56496163     0.00000000
      348     0.00560813   -78.56492487   -78.55931674   -78.56492487     0.00000000
      349     0.00556265   -78.56487937   -78.55931672   -78.56487937     0.00000000
      350     0.00550861   -78.56482530   -78.55931669   -78.56482530     0.00000000
      351     0.00544644   -78.56476309   -78.55931665   -78.56476309     0.00000000
      352     0.00537682   -78.56469341   -78.55931659   -78.56469341     0.00000000
      353     0.00530065   -78.56461716   -78.55931651   -78.56461716     0.00000000
      354     0.00521904   -78.56453547   -78.55931643   -78.56453547     0.00000000
      355     0.00513330   -78.56444963   -78.55931633   -78.56444963     0.00000000
      356     0.00504489   -78.56436112   -78.55931623   -78.56436112     0.00000000
      357     0.00495540   -78.56427152   -78.55931612   -78.56427152     0.00000000
      358     0.00486651   -78.56418252   -78.55931601   -78.56418252     0.00000000
      359     0.00477996   -78.56409586   -78.55931590   -78.56409586     0.00000000
      360     0.00570027   -78.56401331   -78.55831304   -78.56401331     0.00000000
      361     0.00561377   -78.56392669   -78.55831292   -78.56392669     0.00000000
      362     0.00553134   -78.56384414   -78.55831280   -78.56384414     0.00000000
      363     0.00545488   -78.56376756   -78.55831268   -78.56376756     0.00000000
      364     0.00538619   -78.56369877   -78.55831257   -78.56369877     0.00000000
      365     0.00532700   -78.56363947   -78.55831247   -78.56363947     0.00000000
      366     0.00527885   -78.56359123   -78.55831238   -78.56359123     0.00000000
      367     0.00524313   -78.56355544   -78.55831231   -78.56355544     0.00000000
      368     0.00522102   -78.56353327   -78.55831225   -78.56353327     0.00000000
      369     0.00521348   -78.56352568   -78.55831220   -78.56352568     0.00000000
      370     0.00522120   -78.56353337   -78.55831217   -78.56353337     0.00000000
      371     0.00524462   -78.56355678   -78.55831216   -78.56355678     0.00000000
      372     0.00528391   -78.56359607   -78.55831217   -78.56359607     0.00000000
      373     0.00533893   -78.56365112   -78.55831219   -78.56365112     0.00000000
      374     0.00540931   -78.56372153   -78.55831223   -78.56372153     0.00000000
      375     0.00549434   -78.56380663   -78.55831229   -78.56380663     0.00000000
      376     0.00559309   -78.56390545   -78.55831236   -78.56390545     0.00000000
      377     0.00570435   -78.56401680   -78.55831245   -78.56401680     0.00000000
      378     0.00582669   -78.56413924   -78.55831255   -78.56413924     0.00000000
      379     0.00595845   -78.56427111   -78.55831266   -78.56427111     0.00000000
      380     0.00570027   -78.56441058   -78.55871031   -78.56441058     0.00000000
      381     0.00584113   -78.56455157   -78.55871044   -78.56455157     0.00000000
      382     0.00598678   -78.56469735   -78.55871057   -78.56469735     0.00000000
      383     0.00613509   -78.56484579   -78.55871070   -78.56484579     0.00000000
      384     0.00628386   -78.56499469   -78.55871083   -78.56499469     0.00000000
      385     0.00643089   -78.56514184   -78.55871096   -78.56514184     0.00000000
      386     0.00657399   -78.56528507   -78.55871108   -78.56528507     0.00000000
      387     0.00671107   -78.56542226   -78.55871120   -78.56542226     0.00000000
      388     0.00684013   -78.56555143   -78.55871130   -78.56555143     0.00000000
      389     0.00695935   -78.56567074   -78.55871139   -78.56567074     0.00000000
      390     0.00706709   -78.56577856   -78.55871147   -78.56577856     0.00000000
      391     0.00716195   -78.56587348   -78.55871153   -78.56587348     0.00000000
      392     0.00724279   -78.56595436   -78.55871157   -78.56595436     0.00000000
      393     0.00730878   -78.56602037   -78.55871159   -78.56602037     0.00000000
      394     0.00735938   -78.56607097   -78.55871159   -78.56607097     0.00000000
      395     0.00739440   -78.56610597   -78.55871157   -78.56610597     0.00000000
      396     0.00741398   -78.56612551   -78.55871152   -78.56612551     0.00000000
      397     0.00741861   -78.56613007   -78.55871146   -78.56613007     0.00000000
      398     0.00740909   -78.56612046   -78.55871137   -78.56612046     0.00000000
      399     0.00738656   -78.56609782   -78.55871127   -78.56609782     0.00000000
      400     0.00570027   -78.56606357   -78.56036330   -78.56606357     0.00000000
      401     0.00566386   -78.56602705   -78.56036318   -78.56602705     0.00000000
      402     0.00562514   -78.56598820   -78.56036306   -78.56598820     0.00000000
      403     0.00558582   -78.56594876   -78.56036294   -78.56594876     0.00000000
      404     0.00554766   -78.56591048   -78.56036282   -78.56591048     0.00000000
      405     0.00551242   -78.56587512   -78.56036270   -78.56587512     0.00000000
      406     0.00548179   -78.56584438   -78.56036259   -78.56584438     0.00000000
      407     0.00545737   -78.56581985   -78.56036249   -78.56581985     0.00000000
      408     0.00544061   -78.56580301   -78.56036240   -78.56580301     0.00000000
      409     0.00543278   -78.56579511   -78.56036232   -78.56579511     0.00000000
      410     0.00543495   -78.56579721   -78.56036226   -78.56579721     0.00000000
      411     0.00544792   -78.56581014   -78.56036222   -78.56581014     0.00000000
      412     0.00547222   -78.56583442   -78.56036220   -78.56583442     0.00000000
      413     0.00550812   -78.56587032   -78.56036220   -78.56587032     0.00000000
      414     0.00555557   -78.56591778   -78.56036221   -78.56591778     0.00000000
      415     0.00561421   -78.56597646   -78.56036225   -78.56597646     0.00000000
      416     0.00568341   -78.56604571   -78.56036230   -78.56604571     0.00000000
      417     0.00576224   -78.56612461   -78.56036237   -78.56612461     0.00000000
      418     0.00584951   -78.56621196   -78.56036246   -78.56621196     0.00000000
      419     0.00594378   -78.56630633   -78.56036256   -78.56630633     0.00000000
      420     0.00570027   -78.56640607   -78.56070580   -78.56640607     0.00000000
      421     0.00580099   -78.56650691   -78.56070592   -78.56650691     0.00000000
      422     0.00590431   -78.56661036   -78.56070605   -78.56661036     0.00000000
      423     0.00600820   -78.56671438   -78.56070618   -78.56671438     0.00000000
      424     0.00611056   -78.56681687   -78.56070631   -78.56681687     0.00000000
      425     0.00620928   -78.56691572   -78.56070645   -78.56691572     0.00000000
      426     0.00630224   -78.56700882   -78.56070657   -78.56700882     0.00000000
      427     0.00638742   -78.56709412   -78.56070670   -78.56709412     0.00000000
      428     0.00646288   -78.56716969   -78.56070681   -78.56716969     0.00000000
      429     0.00652685   -78.56723377   -78.56070692   -78.56723377     0.00000000
      430     0.00657774   -78.56728474   -78.56070701   -78.56728474     0.00000000
      431     0.00661418   -78.56732126   -78.56070708   -78.56732126     0.00000000
      432     0.00663508   -78.56734221   -78.56070714   -78.56734221     0.00000000
      433     0.00663960   -78.56734677   -78.56070718   -78.56734677     0.00000000
      434     0.00662722   -78.56733441   -78.56070719   -78.56733441     0.00000000
      435     0.00659774   -78.56730493   -78.56070719   -78.56730493     0.00000000
      436     0.00655128   -78.56725844   -78.56070717   -78.56725844     0.00000000
      437     0.00648827   -78.56719540   -78.56070713   -78.56719540     0.00000000
      438     0.00640949   -78.56711655   -78.56070706   -78.56711655     0.00000000
      439     0.00631600   -78.56702299   -78.56070698   -78.56702299     0.00000000
      440     0.00570027   -78.56691606   -78.56121579   -78.56691606     0.00000000
      441     0.00558747   -78.56680315   -78.56121568   -78.56680315     0.00000000
      442     0.00546680   -78.56668236   -78.56121556   -78.56668236     0.00000000
      443     0.00534020   -78.56655563   -78.56121543   -78.56655563     0.00000000
      444     0.00520977   -78.56642506   -78.56121529   -78.56642506     0.00000000
      445     0.00507768   -78.56629283   -78.56121515   -78.56629283     0.00000000
      446     0.00494618   -78.56616119   -78.56121501   -78.56616119     0.00000000
      447     0.00481753   -78.56603240   -78.56121487   -78.56603240     0.00000000
      448     0.00469396   -78.56590870   -78.56121473   -78.56590870     0.00000000
      449     0.00457766   -78.56579226   -78.56121460   -78.56579226     0.00000000
      450     0.00447067   -78.56568515   -78.56121448   -78.56568515     0.00000000
      451     0.00437494   -78.56558931   -78.56121437   -78.56558931     0.00000000
      452     0.00429220   -78.56550646   -78.56121427   -78.56550646     0.00000000
      453     0.00422398   -78.56543817   -78.56121419   -78.56543817     0.00000000
      454     0.00417158   -78.56538570   -78.56121412   -78.56538570     0.00000000
      455     0.00413604   -78.56535011   -78.56121407   -78.56535011     0.00000000
      456     0.00411810   -78.56533214   -78.56121404   -78.56533214     0.00000000
      457     0.00411820   -78.56533223   -78.56121403   -78.56533223     0.00000000
      458     0.00413650   -78.56535054   -78.56121404   -78.56535054     0.00000000
      459     0.00417283   -78.56538690   -78.56121407   -78.56538690     0.00000000
      460     0.00570027   -78.56544083   -78.55974056   -78.56544083     0.00000000
      461     0.00577928   -78.56551991   -78.55974063   -78.56551991     0.00000000
      462     0.00587050   -78.56561121   -78.55974072   -78.56561121     0.00000000
      463     0.00597253   -78.56571334   -78.55974082   -78.56571334     0.00000000
      464     0.00608377   -78.56582469   -78.55974093   -78.56582469     0.00000000
      465     0.00620245   -78.56594349   -78.55974105   -78.56594349     0.00000000
      466     0.00632665   -78.56606782   -78.55974117   -78.56606782     0.00000000
      467     0.00645437   -78.56619567   -78.55974130   -78.56619567     0.00000000
      468     0.00658354   -78.56632497   -78.55974143   -78.56632497     0.00000000
      469     0.00671207   -78.56645363   -78.55974156   -78.56645363     0.00000000
      470     0.00683791   -78.56657960   -78.55974169   -78.56657960     0.00000000
      471     0.00695909   -78.56670089   -78.55974181   -78.56670089     0.00000000
      472     0.00707373   -78.56681564   -78.55974192   -78.56681564     0.00000000
      473     0.00718013   -78.56692214   -78.55974201   -78.56692214     0.00000000
      474     0.00727678   -78.56701888   -78.55974209   -78.56701888     0.00000000
      475     0.00736243   -78.56710459   -78.55974216   -78.56710459     0.00000000
      476     0.00743604   -78.56717825   -78.55974221   -78.56717825     0.00000000
      477     0.00749691   -78.56723915   -78.55974224   -78.56723915     0.00000000
      478     0.00754462   -78.56728687   -78.55974225   -78.56728687     0.00000000
      479     0.00757906   -78.56732130   -78.55974224   -78.56732130     0.00000000
      480     0.00570027   -78.56734267   -78.56164240   -78.56734267     0.00000000
      481     0.00571028   -78.56735264   -78.56164236   -78.56735264     0.00000000
      482     0.00571476   -78.56735708   -78.56164231   -78.56735708     0.00000000
      483     0.00571454   -78.56735680   -78.56164226   -78.56735680     0.00000000
      484     0.00571060   -78.56735279   -78.56164219   -78.56735279     0.00000000
      485     0.00570401   -78.56734613   -78.56164212   -78.56734613     0.00000000
      486     0.00569595   -78.56733800   -78.56164205   -78.56733800     0.00000000
      487     0.00568762   -78.56732960   -78.56164198   -78.56732960     0.00000000
      488     0.00568025   -78.56732216   -78.56164191   -78.56732216     0.00000000
      489     0.00567504   -78.56731688   -78.56164184   -78.56731688     0.00000000
      490     0.00567311   -78.56731489   -78.56164178   -78.56731489     0.00000000
      491     0.00567549   -78.56731722   -78.56164173   -78.56731722     0.00000000
      492     0.00568309   -78.56732478   -78.56164169   -78.56732478     0.00000000
      493     0.00569664   -78.56733829   -78.56164166   -78.56733829     0.00000000
      494     0.00571668   -78.56735832   -78.56164164   -78.56735832     0.00000000
      495     0.00574356   -78.56738520   -78.56164163   -78.56738520     0.00000000
      496     0.00577742   -78.56741906   -78.56164164   -78.56741906     0.00000000
      497     0.00581814   -78.56745981   -78.56164167   -78.56745981     0.00000000
      498     0.00586540   -78.56750711   -78.56164170   -78.56750711     0.00000000
      499     0.00591866   -78.56756042   -78.56164175   -78.56756042     0.00000000
      500     0.00570027   -78.56761897   -78.56191870   -78.56761897     0.00000000
      501     0.00576192   -78.56768070   -78.56191878   -78.56768070     0.00000000
      502     0.00582736   -78.56774622   -78.56191886   -78.56774622     0.00000000
      503     0.00589531   -78.56781426   -78.56191895   -78.56781426     0.00000000
      504     0.00596439   -78.56788343   -78.56191904   -78.56788343     0.00000000
      505     0.00603311   -78.56795225   -78.56191914   -78.56795225     0.00000000
      506     0.00609992   -78.56801916   -78.56191924   -78.56801916     0.00000000
      507     0.00616326   -78.56808260   -78.56191933   -78.56808260     0.00000000
      508     0.00622157   -78.56814100   -78.56191943   -78.56814100     0.00000000
      509     0.00627332   -78.56819284   -78.56191952   -78.56819284     0.00000000
      510     0.00631708   -78.56823668   -78.56191960   -78.56823668     0.00000000
      511     0.00635153   -78.56827121   -78.56191967   -78.56827121     0.00000000
      512     0.00637548   -78.56829521   -78.56191974   -78.56829521     0.00000000
      513     0.00638789   -78.56830768   -78.56191979   -78.56830768     0.00000000
      514     0.00638794   -78.56830777   -78.56191982   -78.56830777     0.00000000
      515     0.00637500   -78.56829484   -78.56191985   -78.56829484     0.00000000
      516     0.00634864   -78.56826849   -78.56191986   -78.56826849     0.00000000
      517     0.00630867   -78.56822852   -78.56191985   -78.56822852     0.00000000
      518     0.00625515   -78.56817498   -78.56191983   -78.56817498     0.00000000
      519     0.00618833   -78.56810813   -78.56191980   -78.56810813     0.00000000
      520     0.00570027   -78.56802847   -78.56232820   -78.56802847     0.00000000
      521     0.00561218   -78.56794033   -78.56232815   -78.56794033     0.00000000
      522     0.00551427   -78.56784235   -78.56232808   -78.56784235     0.00000000
      523     0.00540758   -78.56773558   -78.56232800   -78.56773558     0.00000000
      524     0.00529330   -78.56762122   -78.56232792   -78.56762122     0.00000000
      525     0.00517273   -78.56750056   -78.56232783   -78.56750056     0.00000000
      526     0.00504731   -78.56737505   -78.56232773   -78.56737505     0.00000000
      527     0.00491852   -78.56724616   -78.56232764   -78.56724616     0.00000000
      528     0.00478791   -78.56711545   -78.56232754   -78.56711545     0.00000000
      529     0.00465705   -78.56698448   -78.56232744   -78.56698448     0.00000000
      530     0.00452749   -78.56685483   -78.56232734   -78.56685483     0.00000000
      531     0.00440079   -78.56672804   -78.56232725   -78.56672804     0.00000000
      532     0.00427841   -78.56660557   -78.56232716   -78.56660557     0.00000000
      533     0.00416177   -78.56648884   -78.56232708   -78.56648884     0.00000000
      534     0.00405215   -78.56637915   -78.56232701   -78.56637915     0.00000000
      535     0.00395073   -78.56627767   -78.56232694   -78.56627767     0.00000000
      536     0.00385855   -78.56618543   -78.56232689   -78.56618543     0.00000000
      537     0.00377647   -78.56610331   -78.56232684   -78.56610331     0.00000000
      538     0.00370521   -78.56603202   -78.56232681   -78.56603202     0.00000000
      539     0.00364529   -78.56597208   -78.56232679   -78.56597208     0.00000000
      540     0.00570027   -78.56592382   -78.56022355   -78.56592382     0.00000000
      541     0.00565054   -78.56587409   -78.56022355   -78.56587409     0.00000000
      542     0.00560796   -78.56583152   -78.56022356   -78.56583152     0.00000000
      543     0.00557238   -78.56579596   -78.56022358   -78.56579596     0.00000000
      544     0.00554353   -78.56576713   -78.56022360   -78.56576713     0.00000000
      545     0.00552101   -78.56574465   -78.56022363   -78.56574465     0.00000000
      546     0.00550432   -78.56572799   -78.56022367   -78.56572799     0.00000000
      547     0.00549283   -78.56571654   -78.56022371   -78.56571654     0.00000000
      548     0.00548586   -78.56570962   -78.56022376   -78.56570962     0.00000000
      549     0.00548265   -78.56570646   -78.56022381   -78.56570646     0.00000000
      550     0.00548238   -78.56570624   -78.56022386   -78.56570624     0.00000000
      551     0.00548422   -78.56570814   -78.56022392   -78.56570814     0.00000000
      552     0.00548733   -78.56571130   -78.56022397   -78.56571130     0.00000000
      553     0.00549086   -78.56571488   -78.56022402   -78.56571488     0.00000000
      554     0.00549400   -78.56571807   -78.56022407   -78.56571807     0.00000000
      555     0.00549600   -78.56572012   -78.56022411   -78.56572012     0.00000000
      556     0.00549617   -78.56572032   -78.56022415   -78.56572032     0.00000000
      557     0.00549388   -78.56571806   -78.56022418   -78.56571806     0.00000000
      558     0.00548861   -78.56571282   -78.56022421   -78.56571282     0.00000000
      559     0.00547994   -78.56570418   -78.56022423   -78.56570418     0.00000000
      560     0.00570027   -78.56569182   -78.55999155   -78.56569182     0.00000000
      561     0.00568332   -78.56567488   -78.55999156   -78.56567488     0.00000000
      562     0.00566166   -78.56565321   -78.55999156   -78.56565321     0.00000000
      563     0.00563533   -78.56562688   -78.55999155   -78.56562688     0.00000000
      564     0.00560455   -78.56559608   -78.55999153   -78.56559608     0.00000000
      565     0.00556963   -78.56556114   -78.55999151   -78.56556114     0.00000000
      566     0.00553100   -78.56552248   -78.55999148   -78.56552248     0.00000000
      567     0.00548918   -78.56548063   -78.55999145   -78.56548063     0.00000000
      568     0.00544482   -78.56543623   -78.55999141   -78.56543623     0.00000000
      569     0.00539858   -78.56538995   -78.55999137   -78.56538995     0.00000000
      570     0.00535123   -78.56534256   -78.55999133   -78.56534256     0.00000000
      571     0.00530355   -78.56529483   -78.55999129   -78.56529483     0.00000000
      572     0.00525633   -78.56524757   -78.55999124   -78.56524757     0.00000000
      573     0.00521037   -78.56520157   -78.55999120   -78.56520157     0.00000000
      574     0.00516645   -78.56515762   -78.55999117   -78.56515762     0.00000000
      575     0.00512531   -78.56511644   -78.55999114   -78.56511644     0.00000000
      576     0.00508762   -78.56507873   -78.55999111   -78.56507873     0.00000000
      577     0.00505400   -78.56504508   -78.55999108   -78.56504508     0.00000000
      578     0.00502497   -78.56501604   -78.55999107   -78.56501604     0.00000000
      579     0.00500096   -78.56499202   -78.55999106   -78.56499202     0.00000000
      580     0.00570027   -78.56497336   -78.55927309   -78.56497336     0.00000000
      581     0.00568505   -78.56495814   -78.55927309   -78.56495814     0.00000000
      582     0.00567349   -78.56494660   -78.55927310   -78.56494660     0.00000000
      583     0.00566561   -78.56493873   -78.55927312   -78.56493873     0.00000000
      584     0.00566133   -78.56493447   -78.55927314   -78.56493447     0.00000000
      585     0.00566049   -78.56493365   -78.55927316   -78.56493365     0.00000000
      586     0.00566283   -78.56493602   -78.55927319   -78.56493602     0.00000000
      587     0.00566800   -78.56494123   -78.55927323   -78.56494123     0.00000000
      588     0.00567559   -78.56494885   -78.55927327   -78.56494885     0.00000000
      589     0.00568509   -78.56495840   -78.55927331   -78.56495840     0.00000000
      590     0.00569595   -78.56496930   -78.55927335   -78.56496930     0.00000000
      591     0.00570753   -78.56498093   -78.55927340   -78.56498093     0.00000000
      592     0.00571915   -78.56499261   -78.55927345   -78.56499261     0.00000000
      593     0.00573012   -78.56500362   -78.55927350   -78.56500362     0.00000000
      594     0.00573968   -78.56501324   -78.55927355   -78.56501324     0.00000000
      595     0.00574711   -78.56502071   -78.55927360   -78.56502071     0.00000000
      596     0.00575166   -78.56502531   -78.55927365   -78.56502531     0.00000000
      597     0.00575263   -78.56502633   -78.55927370   -78.56502633     0.00000000
      598     0.00574938   -78.56502312   -78.55927374   -78.56502312     0.00000000
      599     0.00574131   -78.56501509   -78.55927378   -78.56501509     0.00000000
      600     0.00570027   -78.56500174   -78.55930147   -78.56500174     0.00000000
      601     0.00568128   -78.56498278   -78.55930149   -78.56498278     0.00000000
      602     0.00565645   -78.56495796   -78.55930150   -78.56495796     0.00000000
      603     0.00562565   -78.56492716   -78.55930151   -78.56492716     0.00000000
      604     0.00558891   -78.56489042   -78.55930150   -78.56489042     0.00000000
      605     0.00554645   -78.56484794   -78.55930149   -78.56484794     0.00000000
      606     0.00549864   -78.56480010   -78.55930146   -78.56480010     0.00000000
      607     0.00544601   -78.56474743   -78.55930142   -78.56474743     0.00000000
      608     0.00538930   -78.56469067   -78.55930137   -78.56469067     0.00000000
      609     0.00532937   -78.56463069   -78.55930132   -78.56463069     0.00000000
      610     0.00526726   -78.56456851   -78.55930125   -78.56456851     0.00000000
      611     0.00520413   -78.56450531   -78.55930118   -78.56450531     0.00000000
      612     0.00514126   -78.56444236   -78.55930110   -78.56444236     0.00000000
      613     0.00508003   -78.56438105   -78.55930102   -78.56438105     0.00000000
      614     0.00502187   -78.56432280   -78.55930093   -78.56432280     0.00000000
      615     0.00496826   -78.56426910   -78.55930084   -78.56426910     0.00000000
      616     0.00492066   -78.56422142   -78.55930075   -78.56422142     0.00000000
      617     0.00488056   -78.56418123   -78.55930067   -78.56418123     0.00000000
      618     0.00484933   -78.56414992   -78.55930059   -78.56414992     0.00000000
      619     0.00482832   -78.56412883   -78.55930052   -78.56412883     0.00000000
      620     0.00570027   -78.56411917   -78.55841890   -78.56411917     0.00000000
      621     0.00570172   -78.56412056   -78.55841884   -78.56412056     0.00000000
      622     0.00571436   -78.56413314   -78.55841878   -78.56413314     0.00000000
      623     0.00573908   -78.56415781   -78.55841874   -78.56415781     0.00000000
      624     0.00577657   -78.56419528   -78.55841870   -78.56419528     0.00000000
      625     0.00582738   -78.56424605   -78.55841868   -78.56424605     0.00000000
      626     0.00589182   -78.56431049   -78.55841867   -78.56431049     0.00000000
      627     0.00597004   -78.56438871   -78.55841867   -78.56438871     0.00000000
      628     0.00606197   -78.56448065   -78.55841868   -78.56448065     0.00000000
      629     0.00616734   -78.56458604   -78.55841871   -78.56458604     0.00000000
      630     0.00628568   -78.56470442   -78.55841874   -78.56470442     0.00000000
      631     0.00641634   -78.56483513   -78.55841879   -78.56483513     0.00000000
      632     0.00655849   -78.56497733   -78.55841885   -78.56497733     0.00000000
      633     0.00671113   -78.56513005   -78.55841891   -78.56513005     0.00000000
      634     0.00687314   -78.56529212   -78.55841899   -78.56529212     0.00000000
      635     0.00704323   -78.56546230   -78.55841906   -78.56546230     0.00000000
      636     0.00722005   -78.56563920   -78.55841915   -78.56563920     0.00000000
      637     0.00740214   -78.56582137   -78.55841923   -78.56582137     0.00000000
      638     0.00758797   -78.56600729   -78.55841932   -78.56600729     0.00000000
      639     0.00777598   -78.56619539   -78.55841941   -78.56619539     0.00000000
      640     0.00570027   -78.56638409   -78.56068383   -78.56638409     0.00000000
      641     0.00586180   -78.56654570   -78.56068390   -78.56654570     0.00000000
      642     0.00602673   -78.56671071   -78.56068398   -78.56671071     0.00000000
      643     0.00619364   -78.56687770   -78.56068405   -78.56687770     0.00000000
      644     0.00636113   -78.56704526   -78.56068413   -78.56704526     0.00000000
      645     0.00652776   -78.56721197   -78.56068421   -78.56721197     0.00000000
      646     0.00669215   -78.56737643   -78.56068428   -78.56737643     0.00000000
      647     0.00685292   -78.56753727   -78.56068435   -78.56753727     0.00000000
      648     0.00700875   -78.56769317   -78.56068442   -78.56769317     0.00000000
      649     0.00715841   -78.56784289   -78.56068448   -78.56784289     0.00000000
      650     0.00730073   -78.56798526   -78.56068454   -78.56798526     0.00000000
      651     0.00743464   -78.56811923   -78.56068459   -78.56811923     0.00000000
      652     0.00755919   -78.56824382   -78.56068463   -78.56824382     0.00000000
      653     0.00767354   -78.56835821   -78.56068467   -78.56835821     0.00000000
      654     0.00777700   -78.56846169   -78.56068470   -78.56846169     0.00000000
      655     0.00786900   -78.56855372   -78.56068472   -78.56855372     0.00000000
      656     0.00794913   -78.56863386   -78.56068473   -78.56863386     0.00000000
      657     0.00801714   -78.56870187   -78.56068473   -78.56870187     0.00000000
      658     0.00807290   -78.56875763   -78.56068473   -78.56875763     0.00000000
      659     0.00811648   -78.56880119   -78.56068471   -78.56880119     0.00000000
      660     0.00570027   -78.56883276   -78.56313249   -78.56883276     0.00000000
      661     0.00571933   -78.56885180   -78.56313247   -78.56885180     0.00000000
      662     0.00573380   -78.56886624   -78.56313244   -78.56886624     0.00000000
      663     0.00574404   -78.56887646   -78.56313242   -78.56887646     0.00000000
      664     0.00575047   -78.56888286   -78.56313239   -78.56888286     0.00000000
      665     0.00575349   -78.56888586   -78.56313237   -78.56888586     0.00000000
      666     0.00575351   -78.56888586   -78.56313234   -78.56888586     0.00000000
      667     0.00575093   -78.56888325   -78.56313232   -78.56888325     0.00000000
      668     0.00574610   -78.56887840   -78.56313230   -78.56887840     0.00000000
      669     0.00573936   -78.56887164   -78.56313229   -78.56887164     0.00000000
      670     0.00573098   -78.56886325   -78.56313227   -78.56886325     0.00000000
      671     0.00572119   -78.56885345   -78.56313226   -78.56885345     0.00000000
      672     0.00571014   -78.56884240   -78.56313226   -78.56884240     0.00000000
      673     0.00569791   -78.56883017   -78.56313226   -78.56883017     0.00000000
      674     0.00568451   -78.56881677   -78.56313226   -78.56881677     0.00000000
      675     0.00566986   -78.56880213   -78.56313227   -78.56880213     0.00000000
      676     0.00565381   -78.56878610   -78.56313229   -78.56878610     0.00000000
      677     0.00563611   -78.56876842   -78.56313231   -78.56876842     0.00000000
      678     0.00561646   -78.56874879   -78.56313233   -78.56874879     0.00000000
      679     0.00559448   -78.56872684   -78.56313236   -78.56872684     0.00000000
      680     0.00570027   -78.56870213   -78.56300186   -78.56870213     0.00000000
      681     0.00567182   -78.56867372   -78.56300190   -78.56867372     0.00000000
      682     0.00563931   -78.56864124   -78.56300193   -78.56864124     0.00000000
      683     0.00560223   -78.56860418   -78.56300196   -78.56860418     0.00000000
      684     0.00556009   -78.56856208   -78.56300199   -78.56856208     0.00000000
      685     0.00551247   -78.56851448   -78.56300201   -78.56851448     0.00000000
      686     0.00545895   -78.56846099   -78.56300203   -78.56846099     0.00000000
      687     0.00539925   -78.56840130   -78.56300205   -78.56840130     0.00000000
      688     0.00533313   -78.56833518   -78.56300205   -78.56833518     0.00000000
      689     0.00526048   -78.56826253   -78.56300205   -78.56826253     0.00000000
      690     0.00518130   -78.56818335   -78.56300205   -78.56818335     0.00000000
      691     0.00509573   -78.56809776   -78.56300203   -78.56809776     0.00000000
      692     0.00500402   -78.56800603   -78.56300201   -78.56800603     0.00000000
      693     0.00490658   -78.56790856   -78.56300198   -78.56790856     0.00000000
      694     0.00480393   -78.56780586   -78.56300194   -78.56780586     0.00000000
      695     0.00469670   -78.56769859   -78.56300189   -78.56769859     0.00000000
      696     0.00458567   -78.56758751   -78.56300184   -78.56758751     0.00000000
      697     0.00447169   -78.56747347   -78.56300178   -78.56747347     0.00000000
      698     0.00435571   -78.56735742   -78.56300171   -78.56735742     0.00000000
      699     0.00423874   -78.56724039   -78.56300165   -78.56724039     0.00000000
      700     0.00570027   -78.56712342   -78.56142315   -78.56712342     0.00000000
      701     0.00556168   -78.56698475   -78.56142307   -78.56698475     0.00000000
      702     0.00542084   -78.56684382   -78.56142298   -78.56684382     0.00000000
      703     0.00527913   -78.56670202   -78.56142290   -78.56670202     0.00000000
      704     0.00513795   -78.56656076   -78.56142281   -78.56656076     0.00000000
      705     0.00499869   -78.56642142   -78.56142273   -78.56642142     0.00000000
      706     0.00486273   -78.56628538   -78.56142265   -78.56628538     0.00000000
      707     0.00473136   -78.56615394   -78.56142257   -78.56615394     0.00000000
      708     0.00460582   -78.56602832   -78.56142250   -78.56602832     0.00000000
      709     0.00448721   -78.56590965   -78.56142244   -78.56590965     0.00000000
      710     0.00437655   -78.56579894   -78.56142239   -78.56579894     0.00000000
      711     0.00427470   -78.56569704   -78.56142234   -78.56569704     0.00000000
      712     0.00418238   -78.56560469   -78.56142231   -78.56560469     0.00000000
      713     0.00410015   -78.56552243   -78.56142229   -78.56552243     0.00000000
      714     0.00402841   -78.56545068   -78.56142227   -78.56545068     0.00000000
      715     0.00396738   -78.56538966   -78.56142227   -78.56538966     0.00000000
      716     0.00391713   -78.56533941   -78.56142228   -78.56533941     0.00000000
      717     0.00387754   -78.56529984   -78.56142230   -78.56529984     0.00000000
      718     0.00384833   -78.56527066   -78.56142233   -78.56527066     0.00000000
      719     0.00382907   -78.56525143   -78.56142236   -78.56525143     0.00000000
      720     0.00570027   -78.56524156   -78.55954129   -78.56524156     0.00000000
      721     0.00569511   -78.56523647   -78.55954135   -78.56523647     0.00000000
      722     0.00569235   -78.56523377   -78.55954142   -78.56523377     0.00000000
      723     0.00569094   -78.56523242   -78.55954149   -78.56523242     0.00000000
      724     0.00568983   -78.56523138   -78.55954155   -78.56523138     0.00000000
      725     0.00568797   -78.56522959   -78.55954162   -78.56522959     0.00000000
      726     0.00568432   -78.56522600   -78.55954168   -78.56522600     0.00000000
      727     0.00567789   -78.56521963   -78.55954174   -78.56521963     0.00000000
      728     0.00566776   -78.56520956   -78.55954180   -78.56520956     0.00000000
      729     0.00565310   -78.56519495   -78.55954184   -78.56519495     0.00000000
      730     0.00563319   -78.56517507   -78.55954188   -78.56517507     0.00000000
      731     0.00560742   -78.56514933   -78.55954191   -78.56514933     0.00000000
      732     0.00557537   -78.56511729   -78.55954193   -78.56511729     0.00000000
      733     0.00553673   -78.56507867   -78.55954194   -78.56507867     0.00000000
      734     0.00549141   -78.56503334   -78.55954193   -78.56503334     0.00000000
      735     0.00543946   -78.56498137   -78.55954192   -78.56498137     0.00000000
      736     0.00538114   -78.56492302   -78.55954189   -78.56492302     0.00000000
      737     0.00531687   -78.56485872   -78.55954185   -78.56485872     0.00000000
      738     0.00524727   -78.56478907   -78.55954180   -78.56478907     0.00000000
      739     0.00517311   -78.56471485   -78.55954174   -78.56471485     0.00000000
      740     0.00570027   -78.56463700   -78.55893673   -78.56463700     0.00000000
      741     0.00561421   -78.56455086   -78.55893665   -78.56455086     0.00000000
      742     0.00552454   -78.56446111   -78.55893656   -78.56446111     0.00000000
      743     0.00543267   -78.56436913   -78.55893647   -78.56436913     0.00000000
      744     0.00534008   -78.56427645   -78.55893637   -78.56427645     0.00000000
      745     0.00524835   -78.56418462   -78.55893627   -78.56418462     0.00000000
      746     0.00515912   -78.56409528   -78.55893616   -78.56409528     0.00000000
      747     0.00507401   -78.56401007   -78.55893606   -78.56401007     0.00000000
      748     0.00499464   -78.56393060   -78.55893597   -78.56393060     0.00000000
      749     0.00492256   -78.56385844   -78.55893587   -78.56385844     0.00000000
      750     0.00485926   -78.56379505   -78.55893579   -78.56379505     0.00000000
      751     0.00480606   -78.56374177   -78.55893572   -78.56374177     0.00000000
      752     0.00476416   -78.56369981   -78.55893565   -78.56369981     0.00000000
      753     0.00473457   -78.56367017   -78.55893560   -78.56367017     0.00000000
      754     0.00471807   -78.56365364   -78.55893557   -78.56365364     0.00000000
      755     0.00471524   -78.56365079   -78.55893555   -78.56365079     0.00000000
      756     0.00472639   -78.56366194   -78.55893555   -78.56366194     0.00000000
      757     0.00475157   -78.56368714   -78.55893556   -78.56368714     0.00000000
      758     0.00479057   -78.56372616   -78.55893560   -78.56372616     0.00000000
      759     0.00484289   -78.56377854   -78.55893564   -78.56377854     0.00000000
      760     0.00570027   -78.56384351   -78.55814324   -78.56384351     0.00000000
      761     0.00578110   -78.56392442   -78.55814332   -78.56392442     0.00000000
      762     0.00586991   -78.56401333   -78.55814342   -78.56401333     0.00000000
      763     0.00596522   -78.56410874   -78.55814352   -78.56410874     0.00000000
      764     0.00606545   -78.56420908   -78.55814363   -78.56420908     0.00000000
      765     0.00616888   -78.56431262   -78.55814374   -78.56431262     0.00000000
      766     0.00627377   -78.56441762   -78.55814385   -78.56441762     0.00000000
      767     0.00637834   -78.56452230   -78.55814397   -78.56452230     0.00000000
      768     0.00648084   -78.56462491   -78.55814407   -78.56462491     0.00000000
      769     0.00657962   -78.56472379   -78.55814417   -78.56472379     0.00000000
      770     0.00667311   -78.56481737   -78.55814426   -78.56481737     0.00000000
      771     0.00675993   -78.56490426   -78.55814434   -78.56490426     0.00000000
      772     0.00683885   -78.56498325   -78.55814440   -78.56498325     0.00000000
      773     0.00690890   -78.56505335   -78.55814445   -78.56505335     0.00000000
      774     0.00696931   -78.56511379   -78.55814448   -78.56511379     0.00000000
      775     0.00701961   -78.56516410   -78.55814449   -78.56516410     0.00000000
      776     0.00705955   -78.56520404   -78.55814449   -78.56520404     0.00000000
      777     0.00708919   -78.56523366   -78.55814447   -78.56523366     0.00000000
      778     0.00710881   -78.56525324   -78.55814444   -78.56525324     0.00000000
      779     0.00711897   -78.56526336   -78.55814439   -78.56526336     0.00000000
      780     0.00570027   -78.56526478   -78.55956451   -78.56526478     0.00000000
      781     0.00569683   -78.56526127   -78.55956444   -78.56526127     0.00000000
      782     0.00569175   -78.56525613   -78.55956438   -78.56525613     0.00000000
      783     0.00568614   -78.56525045   -78.55956431   -78.56525045     0.00000000
      784     0.00568114   -78.56524537   -78.55956423   -78.56524537     0.00000000
      785     0.00567789   -78.56524205   -78.55956416   -78.56524205     0.00000000
      786     0.00567756   -78.56524165   -78.55956409   -78.56524165     0.00000000
      787     0.00568128   -78.56524531   -78.55956402   -78.56524531     0.00000000
      788     0.00569012   -78.56525409   -78.55956396   -78.56525409     0.00000000
      789     0.00570508   -78.56526899   -78.55956391   -78.56526899     0.00000000
      790     0.00572705   -78.56529092   -78.55956386   -78.56529092     0.00000000
      791     0.00575683   -78.56532065   -78.55956382   -78.56532065     0.00000000
      792     0.00579507   -78.56535886   -78.55956379   -78.56535886     0.00000000
      793     0.00584229   -78.56540606   -78.55956377   -78.56540606     0.00000000
      794     0.00589886   -78.56546262   -78.55956376   -78.56546262     0.00000000
      795     0.00596498   -78.56552875   -78.55956376   -78.56552875     0.00000000
      796     0.00604073   -78.56560450   -78.55956377   -78.56560450     0.00000000
      797     0.00612599   -78.56568979   -78.55956379   -78.56568979     0.00000000
      798     0.00622051   -78.56578433   -78.55956383   -78.56578433     0.00000000
      799     0.00632387   -78.56588773   -78.55956387   -78.56588773     0.00000000
      800     0.00570027   -78.56599942   -78.56029916   -78.56599942     0.00000000
      801     0.00581357   -78.56611278   -78.56029921   -78.56611278     0.00000000
      802     0.00593540   -78.56623468   -78.56029928   -78.56623468     0.00000000
      803     0.00606482   -78.56636417   -78.56029935   -78.56636417     0.00000000
      804     0.00620076   -78.56650018   -78.56029943   -78.56650018     0.00000000
      805     0.00634202   -78.56664154   -78.56029951   -78.56664154     0.00000000
      806     0.00648734   -78.56678695   -78.56029961   -78.56678695     0.00000000
      807     0.00663534   -78.56693504   -78.56029970   -78.56693504     0.00000000
      808     0.00678458   -78.56708438   -78.56029980   -78.56708438     0.00000000
      809     0.00693362   -78.56723351   -78.56029990   -78.56723351     0.00000000
      810     0.00708094   -78.56738093   -78.56029999   -78.56738093     0.00000000
      811     0.00722506   -78.56752515   -78.56030009   -78.56752515     0.00000000
      812     0.00736451   -78.56766469   -78.56030018   -78.56766469     0.00000000
      813     0.00749786   -78.56779813   -78.56030027   -78.56779813     0.00000000
      814     0.00762377   -78.56792411   -78.56030035   -78.56792411     0.00000000
      815     0.00774095   -78.56804137   -78.56030042   -78.56804137     0.00000000
      816     0.00784826   -78.56814875   -78.56030049   -78.56814875     0.00000000
      817     0.00794466   -78.56824521   -78.56030054   -78.56824521     0.00000000
      818     0.00802928   -78.56832987   -78.56030059   -78.56832987     0.00000000
      819     0.00810138   -78.56840200   -78.56030062   -78.56840200     0.00000000
      820     0.00570027   -78.56846106   -78.56276079   -78.56846106     0.00000000
      821     0.00574089   -78.56850169   -78.56276080   -78.56850169     0.00000000
      822     0.00577512   -78.56853593   -78.56276081   -78.56853593     0.00000000
      823     0.00580284   -78.56856365   -78.56276081   -78.56856365     0.00000000
      824     0.00582400   -78.56858481   -78.56276081   -78.56858481     0.00000000
      825     0.00583868   -78.56859948   -78.56276080   -78.56859948     0.00000000
      826     0.00584701   -78.56860779   -78.56276079   -78.56860779     0.00000000
      827     0.00584922   -78.56860998   -78.56276077   -78.56860998     0.00000000
      828     0.00584561   -78.56860636   -78.56276074   -78.56860636     0.00000000
      829     0.00583658   -78.56859730   -78.56276072   -78.56859730     0.00000000
      830     0.00582258   -78.56858326   -78.56276069   -78.56858326     0.00000000
      831     0.00580411   -78.56856476   -78.56276065   -78.56856476     0.00000000
      832     0.00578175   -78.56854236   -78.56276062   -78.56854236     0.00000000
      833     0.00575609   -78.56851667   -78.56276058   -78.56851667     0.00000000
      834     0.00572779   -78.56848833   -78.56276054   -78.56848833     0.00000000
      835     0.00569749   -78.56845799   -78.56276050   -78.56845799     0.00000000
      836     0.00566585   -78.56842630   -78.56276046   -78.56842630     0.00000000
      837     0.00563350   -78.56839392   -78.56276042   -78.56839392     0.00000000
      838     0.00560107   -78.56836145   -78.56276038   -78.56836145     0.00000000
      839     0.00556911   -78.56832946   -78.56276035   -78.56832946     0.00000000
      840     0.00570027   -78.56829845   -78.56259818   -78.56829845     0.00000000
      841     0.00567004   -78.56826820   -78.56259816   -78.56826820     0.00000000
      842     0.00564116   -78.56823930   -78.56259814   -78.56823930     0.00000000
      843     0.00561385   -78.56821198   -78.56259813   -78.56821198     0.00000000
      844     0.00558822   -78.56818635   -78.56259813   -78.56818635     0.00000000
      845     0.00556429   -78.56816242   -78.56259813   -78.56816242     0.00000000
      846     0.00554191   -78.56814006   -78.56259814   -78.56814006     0.00000000
      847     0.00552085   -78.56811902   -78.56259816   -78.56811902     0.00000000
      848     0.00550074   -78.56809893   -78.56259819   -78.56809893     0.00000000
      849     0.00548112   -78.56807933   -78.56259822   -78.56807933     0.00000000
      850     0.00546140   -78.56805965   -78.56259825   -78.56805965     0.00000000
      851     0.00544096   -78.56803925   -78.56259829   -78.56803925     0.00000000
      852     0.00541909   -78.56801742   -78.56259833   -78.56801742     0.00000000
      853     0.00539507   -78.56799344   -78.56259837   -78.56799344     0.00000000
      854     0.00536816   -78.56796657   -78.56259841   -78.56796657     0.00000000
      855     0.00533763   -78.56793608   -78.56259845   -78.56793608     0.00000000
      856     0.00530281   -78.56790129   -78.56259848   -78.56790129     0.00000000
      857     0.00526308   -78.56786159   -78.56259850   -78.56786159     0.00000000
      858     0.00521792   -78.56781644   -78.56259852   -78.56781644     0.00000000
      859     0.00516689   -78.56776542   -78.56259853   -78.56776542     0.00000000
      860     0.00570027   -78.56770823   -78.56200796   -78.56770823     0.00000000
      861     0.00563234   -78.56764030   -78.56200796   -78.56764030     0.00000000
      862     0.00555605   -78.56756398   -78.56200794   -78.56756398     0.00000000
      863     0.00547154   -78.56747944   -78.56200791   -78.56747944     0.00000000
      864     0.00537914   -78.56738700   -78.56200786   -78.56738700     0.00000000
      865     0.00527933   -78.56728715   -78.56200781   -78.56728715     0.00000000
      866     0.00517278   -78.56718053   -78.56200775   -78.56718053     0.00000000
      867     0.00506024   -78.56706792   -78.56200768   -78.56706792     0.00000000
      868     0.00494263   -78.56695024   -78.56200761   -78.56695024     0.00000000
      869     0.00482096   -78.56682849   -78.56200753   -78.56682849     0.00000000
      870     0.00469631   -78.56670375   -78.56200744   -78.56670375     0.00000000
      871     0.00456983   -78.56657718   -78.56200735   -78.56657718     0.00000000
      872     0.00444270   -78.56644996   -78.56200727   -78.56644996     0.00000000
      873     0.00431610   -78.56632328   -78.56200718   -78.56632328     0.00000000
      874     0.00419123   -78.56619833   -78.56200710   -78.56619833     0.00000000
      875     0.00406924   -78.56607626   -78.56200702   -78.56607626     0.00000000
      876     0.00395122   -78.56595817   -78.56200694   -78.56595817     0.00000000
      877     0.00383821   -78.56584509   -78.56200688   -78.56584509     0.00000000
      878     0.00373115   -78.56573796   -78.56200681   -78.56573796     0.00000000
      879     0.00363087   -78.56563764   -78.56200676   -78.56563764     0.00000000
      880     0.00570027   -78.56554484   -78.55984457   -78.56554484     0.00000000
      881     0.00558841   -78.56543294   -78.55984453   -78.56543294     0.00000000
      882     0.00547863   -78.56532312   -78.55984448   -78.56532312     0.00000000
      883     0.00537153   -78.56521598   -78.55984445   -78.56521598     0.00000000
      884     0.00526762   -78.56511203   -78.55984441   -78.56511203     0.00000000
      885     0.00516735   -78.56501174   -78.55984439   -78.56501174     0.00000000
      886     0.00507111   -78.56491547   -78.55984436   -78.56491547     0.00000000
      887     0.00497920   -78.56482355   -78.55984435   -78.56482355     0.00000000
      888     0.00489187   -78.56473620   -78.55984434   -78.56473620     0.00000000
      889     0.00480927   -78.56465360   -78.55984433   -78.56465360     0.00000000
      890     0.00473153   -78.56457585   -78.55984432   -78.56457585     0.00000000
      891     0.00465868   -78.56450300   -78.55984432   -78.56450300     0.00000000
      892     0.00459073   -78.56443506   -78.55984433   -78.56443506     0.00000000
      893     0.00452763   -78.56437197   -78.55984433   -78.56437197     0.00000000
      894     0.00446931   -78.56431365   -78.55984434   -78.56431365     0.00000000
      895     0.00441565   -78.56426000   -78.55984435   -78.56426000     0.00000000
      896     0.00436653   -78.56421090   -78.55984436   -78.56421090     0.00000000
      897     0.00432183   -78.56416620   -78.55984437   -78.56416620     0.00000000
      898     0.00428140   -78.56412579   -78.55984439   -78.56412579     0.00000000
      899     0.00424514   -78.56408954   -78.55984440   -78.56408954     0.00000000
      900     0.00570027   -78.56405733   -78.55835706   -78.56405733     0.00000000
      901     0.00566415   -78.56402122   -78.55835707   -78.56402122     0.00000000
      902     0.00562613   -78.56398319   -78.55835707   -78.56398319     0.00000000
      903     0.00558629   -78.56394335   -78.55835706   -78.56394335     0.00000000
      904     0.00554487   -78.56390192   -78.55835704   -78.56390192     0.00000000
      905     0.00550224   -78.56385925   -78.55835702   -78.56385925     0.00000000
      906     0.00545886   -78.56381584   -78.55835698   -78.56381584     0.00000000
      907     0.00541530   -78.56377225   -78.55835695   -78.56377225     0.00000000
      908     0.00537226   -78.56372916   -78.55835690   -78.56372916     0.00000000
      909     0.00533047   -78.56368733   -78.55835685   -78.56368733     0.00000000
      910     0.00529076   -78.56364756   -78.55835680   -78.56364756     0.00000000
      911     0.00525399   -78.56361074   -78.55835675   -78.56361074     0.00000000
      912     0.00522105   -78.56357774   -78.55835669   -78.56357774     0.00000000
      913     0.00519284   -78.56354948   -78.55835664   -78.56354948     0.00000000
      914     0.00517027   -78.56352686   -78.55835658   -78.56352686     0.00000000
      915     0.00515422   -78.56351075   -78.55835653   -78.56351075     0.00000000
      916     0.00514554   -78.56350203   -78.55835648   -78.56350203     0.00000000
      917     0.00514504   -78.56350148   -78.55835644   -78.56350148     0.00000000
      918     0.00515348   -78.56350988   -78.55835639   -78.56350988     0.00000000
      919     0.00517154   -78.56352790   -78.55835636   -78.56352790     0.00000000
      920     0.00570027   -78.56355616   -78.55785590   -78.56355616     0.00000000
      921     0.00574014   -78.56359600   -78.55785587   -78.56359600     0.00000000
      922     0.00578968   -78.56364553   -78.55785584   -78.56364553     0.00000000
      923     0.00584930   -78.56370512   -78.55785582   -78.56370512     0.00000000
      924     0.00591929   -78.56377509   -78.55785581   -78.56377509     0.00000000
      925     0.00599984   -78.56385564   -78.55785580   -78.56385564     0.00000000
      926     0.00609104   -78.56394684   -78.55785580   -78.56394684     0.00000000
      927     0.00619285   -78.56404866   -78.55785582   -78.56404866     0.00000000
      928     0.00630508   -78.56416092   -78.55785584   -78.56416092     0.00000000
      929     0.00642740   -78.56428326   -78.55785587   -78.56428326     0.00000000
      930     0.00655930   -78.56441521   -78.55785591   -78.56441521     0.00000000
      931     0.00670015   -78.56455611   -78.55785596   -78.56455611     0.00000000
      932     0.00684911   -78.56470513   -78.55785602   -78.56470513     0.00000000
      933     0.00700522   -78.56486131   -78.55785609   -78.56486131     0.00000000
      934     0.00716736   -78.56502353   -78.55785617   -78.56502353     0.00000000
      935     0.00733428   -78.56519054   -78.55785626   -78.56519054     0.00000000
      936     0.00750463   -78.56536098   -78.55785635   -78.56536098     0.00000000
      937     0.00767698   -78.56553342   -78.55785644   -78.56553342     0.00000000
      938     0.00784985   -78.56570639   -78.55785654   -78.56570639     0.00000000
      939     0.00802174   -78.56587837   -78.55785663   -78.56587837     0.00000000
      940     0.00570027   -78.56604786   -78.56034760   -78.56604786     0.00000000
      941     0.00584178   -78.56618945   -78.56034767   -78.56618945     0.00000000
      942     0.00598576   -78.56633351   -78.56034774   -78.56633351     0.00000000
      943     0.00613103   -78.56647884   -78.56034782   -78.56647884     0.00000000
      944     0.00627639   -78.56662428   -78.56034789   -78.56662428     0.00000000
      945     0.00642070   -78.56676865   -78.56034795   -78.56676865     0.00000000
      946     0.00656286   -78.56691088   -78.56034802   -78.56691088     0.00000000
      947     0.00670185   -78.56704992   -78.56034807   -78.56704992     0.00000000
      948     0.00683672   -78.56718485   -78.56034813   -78.56718485     0.00000000
      949     0.00696664   -78.56731481   -78.56034817   -78.56731481     0.00000000
      950     0.00709086   -78.56743907   -78.56034821   -78.56743907     0.00000000
      951     0.00720874   -78.56755698   -78.56034824   -78.56755698     0.00000000
      952     0.00731977   -78.56766803   -78.56034826   -78.56766803     0.00000000
      953     0.00742350   -78.56777178   -78.56034828   -78.56777178     0.00000000
      954     0.00751963   -78.56786792   -78.56034829   -78.56786792     0.00000000
      955     0.00760790   -78.56795620   -78.56034830   -78.56795620     0.00000000
      956     0.00768818   -78.56803648   -78.56034830   -78.56803648     0.00000000
      957     0.00776038   -78.56810868   -78.56034830   -78.56810868     0.00000000
      958     0.00782448   -78.56817278   -78.56034830   -78.56817278     0.00000000
      959     0.00788053   -78.56822882   -78.56034829   -78.56822882     0.00000000
      960     0.00570027   -78.56827688   -78.56257661   -78.56827688     0.00000000
      961     0.00573699   -78.56831360   -78.56257660   -78.56831360     0.00000000
      962     0.00577241   -78.56834901   -78.56257660   -78.56834901     0.00000000
      963     0.00580653   -78.56838313   -78.56257660   -78.56838313     0.00000000
      964     0.00583932   -78.56841593   -78.56257661   -78.56841593     0.00000000
      965     0.00587069   -78.56844730   -78.56257662   -78.56844730     0.00000000
      966     0.00590046   -78.56847709   -78.56257663   -78.56847709     0.00000000
      967     0.00592843   -78.56850507   -78.56257665   -78.56850507     0.00000000
      968     0.00595430   -78.56853096   -78.56257667   -78.56853096     0.00000000
      969     0.00597774   -78.56855443   -78.56257669   -78.56855443     0.00000000
      970     0.00599838   -78.56857509   -78.56257672   -78.56857509     0.00000000
      971     0.00601578   -78.56859252   -78.56257674   -78.56859252     0.00000000
      972     0.00602950   -78.56860627   -78.56257677   -78.56860627     0.00000000
      973     0.00603906   -78.56861586   -78.56257680   -78.56861586     0.00000000
      974     0.00604396   -78.56862079   -78.56257683   -78.56862079     0.00000000
      975     0.00604373   -78.56862059   -78.56257686   -78.56862059     0.00000000
      976     0.00603787   -78.56861476   -78.56257689   -78.56861476     0.00000000
      977     0.00602593   -78.56860284   -78.56257691   -78.56860284     0.00000000
      978     0.00600749   -78.56858442   -78.56257693   -78.56858442     0.00000000
      979     0.00598215   -78.56855909   -78.56257695   -78.56855909     0.00000000
      980     0.00570027   -78.56852655   -78.56282628   -78.56852655     0.00000000
      981     0.00566139   -78.56848768   -78.56282629   -78.56848768     0.00000000
      982     0.00561565   -78.56844194   -78.56282629   -78.56844194     0.00000000
      983     0.00556289   -78.56838918   -78.56282629   -78.56838918     0.00000000
      984     0.00550307   -78.56832936   -78.56282629   -78.56832936     0.00000000
      985     0.00543620   -78.56826248   -78.56282628   -78.56826248     0.00000000
      986     0.00536238   -78.56818864   -78.56282626   -78.56818864     0.00000000
      987     0.00528177   -78.56810801   -78.56282624   -78.56810801     0.00000000
      988     0.00519463   -78.56802085   -78.56282622   -78.56802085     0.00000000
      989     0.00510128   -78.56792748   -78.56282619   -78.56792748     0.00000000
      990     0.00500213   -78.56782829   -78.56282616   -78.56782829     0.00000000
      991     0.00489764   -78.56772377   -78.56282613   -78.56772377     0.00000000
      992     0.00478834   -78.56761444   -78.56282609   -78.56761444     0.00000000
      993     0.00467484   -78.56750089   -78.56282606   -78.56750089     0.00000000
      994     0.00455777   -78.56738379   -78.56282602   -78.56738379     0.00000000
      995     0.00443784   -78.56726382   -78.56282597   -78.56726382     0.00000000
      996     0.00431580   -78.56714174   -78.56282593   -78.56714174     0.00000000
      997     0.00419244   -78.56701833   -78.56282589   -78.56701833     0.00000000
      998     0.00406858   -78.56689442   -78.56282584   -78.56689442     0.00000000
      999     0.00394509   -78.56677088   -78.56282579   -78.56677088     0.00000000
     1000     0.00570027   -78.56664859   -78.56094832   -78.56664859     0.00000000
