#    Non-Adiabatic Coupling Matrix Eliments: off-diagonal
         0     0.00000000
         1     0.00000026
         2     0.00000053
         3     0.00000079
         4     0.00000105
         5     0.00000132
         6     0.00000158
         7     0.00000185
         8     0.00000211
         9     0.00000237
        10     0.00000264
        11     0.00000290
        12     0.00000316
        13     0.00000343
        14     0.00000369
        15     0.00000396
        16     0.00000422
        17     0.00000448
        18     0.00000475
        19     0.00000501
        20     0.00000528
        21     0.00000554
        22     0.00000580
        23     0.00000607
        24     0.00000633
        25     0.00000660
        26     0.00000686
        27     0.00000713
        28     0.00000739
        29     0.00000766
        30     0.00000792
        31     0.00000818
        32     0.00000845
        33     0.00000871
        34     0.00000898
        35     0.00000925
        36     0.00000951
        37     0.00000978
        38     0.00001004
        39     0.00001031
        40     0.00001057
        41     0.00001084
        42     0.00001110
        43     0.00001137
        44     0.00001164
        45     0.00001190
        46     0.00001217
        47     0.00001244
        48     0.00001270
        49     0.00001297
        50     0.00001324
        51     0.00001350
        52     0.00001377
        53     0.00001404
        54     0.00001431
        55     0.00001457
        56     0.00001484
        57     0.00001511
        58     0.00001538
        59     0.00001565
        60     0.00001591
        61     0.00001618
        62     0.00001645
        63     0.00001672
        64     0.00001699
        65     0.00001726
        66     0.00001753
        67     0.00001780
        68     0.00001807
        69     0.00001834
        70     0.00001861
        71     0.00001888
        72     0.00001915
        73     0.00001942
        74     0.00001969
        75     0.00001996
        76     0.00002023
        77     0.00002050
        78     0.00002078
        79     0.00002105
        80     0.00002132
        81     0.00002159
        82     0.00002187
        83     0.00002214
        84     0.00002241
        85     0.00002269
        86     0.00002296
        87     0.00002323
        88     0.00002351
        89     0.00002378
        90     0.00002406
        91     0.00002433
        92     0.00002461
        93     0.00002488
        94     0.00002516
        95     0.00002543
        96     0.00002571
        97     0.00002599
        98     0.00002626
        99     0.00002654
       100     0.00002682
       101     0.00002710
       102     0.00002737
       103     0.00002765
       104     0.00002793
       105     0.00002821
       106     0.00002849
       107     0.00002877
       108     0.00002905
       109     0.00002933
       110     0.00002961
       111     0.00002989
       112     0.00003017
       113     0.00003045
       114     0.00003073
       115     0.00003101
       116     0.00003130
       117     0.00003158
       118     0.00003186
       119     0.00003214
       120     0.00003243
       121     0.00003271
       122     0.00003300
       123     0.00003328
       124     0.00003357
       125     0.00003385
       126     0.00003414
       127     0.00003442
       128     0.00003471
       129     0.00003500
       130     0.00003528
       131     0.00003557
       132     0.00003586
       133     0.00003615
       134     0.00003644
       135     0.00003673
       136     0.00003702
       137     0.00003731
       138     0.00003760
       139     0.00003789
       140     0.00003818
       141     0.00003847
       142     0.00003876
       143     0.00003905
       144     0.00003935
       145     0.00003964
       146     0.00003993
       147     0.00004023
       148     0.00004052
       149     0.00004082
       150     0.00004111
       151     0.00004141
       152     0.00004171
       153     0.00004200
       154     0.00004230
       155     0.00004260
       156     0.00004290
       157     0.00004320
       158     0.00004350
       159     0.00004380
       160     0.00004410
       161     0.00004440
       162     0.00004470
       163     0.00004500
       164     0.00004530
       165     0.00004561
       166     0.00004591
       167     0.00004621
       168     0.00004652
       169     0.00004682
       170     0.00004713
       171     0.00004743
       172     0.00004774
       173     0.00004805
       174     0.00004835
       175     0.00004866
       176     0.00004897
       177     0.00004928
       178     0.00004959
       179     0.00004990
       180     0.00005021
       181     0.00005052
       182     0.00005084
       183     0.00005115
       184     0.00005146
       185     0.00005178
       186     0.00005209
       187     0.00005241
       188     0.00005272
       189     0.00005304
       190     0.00005335
       191     0.00005367
       192     0.00005399
       193     0.00005431
       194     0.00005463
       195     0.00005495
       196     0.00005527
       197     0.00005559
       198     0.00005591
       199     0.00005623
       200     0.00005656
       201     0.00005688
       202     0.00005721
       203     0.00005753
       204     0.00005786
       205     0.00005818
       206     0.00005851
       207     0.00005884
       208     0.00005917
       209     0.00005950
       210     0.00005983
       211     0.00006016
       212     0.00006049
       213     0.00006082
       214     0.00006116
       215     0.00006149
       216     0.00006182
       217     0.00006216
       218     0.00006250
       219     0.00006283
       220     0.00006317
       221     0.00006351
       222     0.00006385
       223     0.00006419
       224     0.00006453
       225     0.00006487
       226     0.00006521
       227     0.00006555
       228     0.00006590
       229     0.00006624
       230     0.00006659
       231     0.00006693
       232     0.00006728
       233     0.00006763
       234     0.00006798
       235     0.00006833
       236     0.00006868
       237     0.00006903
       238     0.00006938
       239     0.00006973
       240     0.00007009
       241     0.00007044
       242     0.00007080
       243     0.00007115
       244     0.00007151
       245     0.00007187
       246     0.00007223
       247     0.00007259
       248     0.00007295
       249     0.00007331
       250     0.00007367
       251     0.00007404
       252     0.00007440
       253     0.00007477
       254     0.00007514
       255     0.00007550
       256     0.00007587
       257     0.00007624
       258     0.00007661
       259     0.00007698
       260     0.00007736
       261     0.00007773
       262     0.00007810
       263     0.00007848
       264     0.00007886
       265     0.00007923
       266     0.00007961
       267     0.00007999
       268     0.00008037
       269     0.00008075
       270     0.00008114
       271     0.00008152
       272     0.00008190
       273     0.00008229
       274     0.00008268
       275     0.00008307
       276     0.00008345
       277     0.00008385
       278     0.00008424
       279     0.00008463
       280     0.00008502
       281     0.00008542
       282     0.00008581
       283     0.00008621
       284     0.00008661
       285     0.00008701
       286     0.00008741
       287     0.00008781
       288     0.00008821
       289     0.00008862
       290     0.00008902
       291     0.00008943
       292     0.00008984
       293     0.00009025
       294     0.00009066
       295     0.00009107
       296     0.00009148
       297     0.00009190
       298     0.00009231
       299     0.00009273
       300     0.00009315
       301     0.00009357
       302     0.00009399
       303     0.00009441
       304     0.00009483
       305     0.00009526
       306     0.00009568
       307     0.00009611
       308     0.00009654
       309     0.00009697
       310     0.00009740
       311     0.00009783
       312     0.00009827
       313     0.00009870
       314     0.00009914
       315     0.00009958
       316     0.00010002
       317     0.00010046
       318     0.00010090
       319     0.00010134
       320     0.00010179
       321     0.00010224
       322     0.00010268
       323     0.00010313
       324     0.00010359
       325     0.00010404
       326     0.00010449
       327     0.00010495
       328     0.00010541
       329     0.00010587
       330     0.00010633
       331     0.00010679
       332     0.00010725
       333     0.00010772
       334     0.00010819
       335     0.00010866
       336     0.00010913
       337     0.00010960
       338     0.00011007
       339     0.00011055
       340     0.00011102
       341     0.00011150
       342     0.00011198
       343     0.00011247
       344     0.00011295
       345     0.00011343
       346     0.00011392
       347     0.00011441
       348     0.00011490
       349     0.00011539
       350     0.00011589
       351     0.00011638
       352     0.00011688
       353     0.00011738
       354     0.00011788
       355     0.00011839
       356     0.00011889
       357     0.00011940
       358     0.00011991
       359     0.00012042
       360     0.00012093
       361     0.00012145
       362     0.00012197
       363     0.00012248
       364     0.00012301
       365     0.00012353
       366     0.00012405
       367     0.00012458
       368     0.00012511
       369     0.00012564
       370     0.00012617
       371     0.00012671
       372     0.00012724
       373     0.00012778
       374     0.00012832
       375     0.00012887
       376     0.00012941
       377     0.00012996
       378     0.00013051
       379     0.00013106
       380     0.00013162
       381     0.00013217
       382     0.00013273
       383     0.00013329
       384     0.00013385
       385     0.00013442
       386     0.00013499
       387     0.00013556
       388     0.00013613
       389     0.00013670
       390     0.00013728
       391     0.00013786
       392     0.00013844
       393     0.00013902
       394     0.00013961
       395     0.00014020
       396     0.00014079
       397     0.00014138
       398     0.00014198
       399     0.00014258
       400     0.00014318
       401     0.00014378
       402     0.00014439
       403     0.00014500
       404     0.00014561
       405     0.00014622
       406     0.00014684
       407     0.00014746
       408     0.00014808
       409     0.00014871
       410     0.00014933
       411     0.00014996
       412     0.00015060
       413     0.00015123
       414     0.00015187
       415     0.00015251
       416     0.00015316
       417     0.00015380
       418     0.00015445
       419     0.00015510
       420     0.00015576
       421     0.00015642
       422     0.00015708
       423     0.00015774
       424     0.00015841
       425     0.00015908
       426     0.00015975
       427     0.00016043
       428     0.00016111
       429     0.00016179
       430     0.00016248
       431     0.00016316
       432     0.00016386
       433     0.00016455
       434     0.00016525
       435     0.00016595
       436     0.00016665
       437     0.00016736
       438     0.00016807
       439     0.00016879
       440     0.00016951
       441     0.00017023
       442     0.00017095
       443     0.00017168
       444     0.00017241
       445     0.00017315
       446     0.00017388
       447     0.00017463
       448     0.00017537
       449     0.00017612
       450     0.00017687
       451     0.00017763
       452     0.00017839
       453     0.00017915
       454     0.00017992
       455     0.00018069
       456     0.00018146
       457     0.00018224
       458     0.00018302
       459     0.00018381
       460     0.00018460
       461     0.00018539
       462     0.00018619
       463     0.00018699
       464     0.00018780
       465     0.00018861
       466     0.00018942
       467     0.00019024
       468     0.00019106
       469     0.00019189
       470     0.00019272
       471     0.00019355
       472     0.00019439
       473     0.00019524
       474     0.00019608
       475     0.00019693
       476     0.00019779
       477     0.00019865
       478     0.00019952
       479     0.00020039
       480     0.00020126
       481     0.00020214
       482     0.00020302
       483     0.00020391
       484     0.00020480
       485     0.00020570
       486     0.00020660
       487     0.00020751
       488     0.00020842
       489     0.00020933
       490     0.00021025
       491     0.00021118
       492     0.00021211
       493     0.00021305
       494     0.00021399
       495     0.00021493
       496     0.00021588
       497     0.00021684
       498     0.00021780
       499     0.00021877
       500     0.00021974
       501     0.00022072
       502     0.00022170
       503     0.00022269
       504     0.00022368
       505     0.00022468
       506     0.00022568
       507     0.00022669
       508     0.00022771
       509     0.00022873
       510     0.00022976
       511     0.00023079
       512     0.00023183
       513     0.00023287
       514     0.00023392
       515     0.00023498
       516     0.00023604
       517     0.00023711
       518     0.00023818
       519     0.00023927
       520     0.00024035
       521     0.00024145
       522     0.00024254
       523     0.00024365
       524     0.00024476
       525     0.00024588
       526     0.00024701
       527     0.00024814
       528     0.00024928
       529     0.00025042
       530     0.00025157
       531     0.00025273
       532     0.00025390
       533     0.00025507
       534     0.00025625
       535     0.00025744
       536     0.00025863
       537     0.00025983
       538     0.00026104
       539     0.00026225
       540     0.00026348
       541     0.00026471
       542     0.00026594
       543     0.00026719
       544     0.00026844
       545     0.00026970
       546     0.00027097
       547     0.00027224
       548     0.00027353
       549     0.00027482
       550     0.00027612
       551     0.00027743
       552     0.00027874
       553     0.00028007
       554     0.00028140
       555     0.00028274
       556     0.00028409
       557     0.00028545
       558     0.00028681
       559     0.00028819
       560     0.00028957
       561     0.00029096
       562     0.00029236
       563     0.00029377
       564     0.00029519
       565     0.00029662
       566     0.00029806
       567     0.00029951
       568     0.00030096
       569     0.00030243
       570     0.00030391
       571     0.00030539
       572     0.00030689
       573     0.00030839
       574     0.00030990
       575     0.00031143
       576     0.00031296
       577     0.00031451
       578     0.00031606
       579     0.00031763
       580     0.00031921
       581     0.00032079
       582     0.00032239
       583     0.00032400
       584     0.00032562
       585     0.00032725
       586     0.00032889
       587     0.00033054
       588     0.00033221
       589     0.00033388
       590     0.00033557
       591     0.00033727
       592     0.00033898
       593     0.00034070
       594     0.00034243
       595     0.00034418
       596     0.00034594
       597     0.00034771
       598     0.00034949
       599     0.00035129
       600     0.00035310
       601     0.00035492
       602     0.00035675
       603     0.00035860
       604     0.00036046
       605     0.00036233
       606     0.00036422
       607     0.00036612
       608     0.00036804
       609     0.00036996
       610     0.00037191
       611     0.00037386
       612     0.00037583
       613     0.00037782
       614     0.00037982
       615     0.00038183
       616     0.00038386
       617     0.00038591
       618     0.00038797
       619     0.00039004
       620     0.00039213
       621     0.00039424
       622     0.00039636
       623     0.00039850
       624     0.00040065
       625     0.00040282
       626     0.00040501
       627     0.00040721
       628     0.00040943
       629     0.00041167
       630     0.00041392
       631     0.00041619
       632     0.00041848
       633     0.00042079
       634     0.00042311
       635     0.00042546
       636     0.00042782
       637     0.00043020
       638     0.00043260
       639     0.00043501
       640     0.00043745
       641     0.00043990
       642     0.00044238
       643     0.00044487
       644     0.00044739
       645     0.00044992
       646     0.00045248
       647     0.00045505
       648     0.00045765
       649     0.00046027
       650     0.00046290
       651     0.00046556
       652     0.00046825
       653     0.00047095
       654     0.00047368
       655     0.00047642
       656     0.00047919
       657     0.00048199
       658     0.00048481
       659     0.00048765
       660     0.00049051
       661     0.00049340
       662     0.00049631
       663     0.00049925
       664     0.00050221
       665     0.00050520
       666     0.00050821
       667     0.00051125
       668     0.00051431
       669     0.00051740
       670     0.00052052
       671     0.00052366
       672     0.00052683
       673     0.00053003
       674     0.00053326
       675     0.00053651
       676     0.00053979
       677     0.00054310
       678     0.00054645
       679     0.00054982
       680     0.00055322
       681     0.00055665
       682     0.00056011
       683     0.00056360
       684     0.00056712
       685     0.00057068
       686     0.00057427
       687     0.00057789
       688     0.00058154
       689     0.00058522
       690     0.00058894
       691     0.00059270
       692     0.00059648
       693     0.00060031
       694     0.00060417
       695     0.00060806
       696     0.00061199
       697     0.00061596
       698     0.00061996
       699     0.00062400
       700     0.00062808
       701     0.00063220
       702     0.00063636
       703     0.00064056
       704     0.00064479
       705     0.00064907
       706     0.00065339
       707     0.00065775
       708     0.00066215
       709     0.00066660
       710     0.00067109
       711     0.00067562
       712     0.00068020
       713     0.00068482
       714     0.00068949
       715     0.00069420
       716     0.00069896
       717     0.00070377
       718     0.00070862
       719     0.00071353
       720     0.00071848
       721     0.00072349
       722     0.00072854
       723     0.00073365
       724     0.00073880
       725     0.00074401
       726     0.00074928
       727     0.00075460
       728     0.00075997
       729     0.00076540
       730     0.00077088
       731     0.00077642
       732     0.00078202
       733     0.00078768
       734     0.00079340
       735     0.00079918
       736     0.00080502
       737     0.00081092
       738     0.00081689
       739     0.00082292
       740     0.00082901
       741     0.00083517
       742     0.00084140
       743     0.00084769
       744     0.00085405
       745     0.00086049
       746     0.00086699
       747     0.00087356
       748     0.00088021
       749     0.00088693
       750     0.00089373
       751     0.00090060
       752     0.00090755
       753     0.00091458
       754     0.00092168
       755     0.00092887
       756     0.00093614
       757     0.00094349
       758     0.00095092
       759     0.00095845
       760     0.00096605
       761     0.00097375
       762     0.00098153
       763     0.00098941
       764     0.00099738
       765     0.00100544
       766     0.00101360
       767     0.00102185
       768     0.00103020
       769     0.00103866
       770     0.00104721
       771     0.00105586
       772     0.00106462
       773     0.00107349
       774     0.00108246
       775     0.00109154
       776     0.00110074
       777     0.00111004
       778     0.00111947
       779     0.00112900
       780     0.00113866
       781     0.00114844
       782     0.00115834
       783     0.00116836
       784     0.00117851
       785     0.00118879
       786     0.00119920
       787     0.00120974
       788     0.00122042
       789     0.00123123
       790     0.00124218
       791     0.00125328
       792     0.00126452
       793     0.00127591
       794     0.00128744
       795     0.00129913
       796     0.00131097
       797     0.00132297
       798     0.00133513
       799     0.00134746
       800     0.00135994
       801     0.00137260
       802     0.00138543
       803     0.00139843
       804     0.00141161
       805     0.00142496
       806     0.00143851
       807     0.00145224
       808     0.00146616
       809     0.00148027
       810     0.00149458
       811     0.00150909
       812     0.00152381
       813     0.00153873
       814     0.00155387
       815     0.00156922
       816     0.00158479
       817     0.00160059
       818     0.00161661
       819     0.00163287
       820     0.00164936
       821     0.00166610
       822     0.00168307
       823     0.00170030
       824     0.00171779
       825     0.00173553
       826     0.00175354
       827     0.00177182
       828     0.00179037
       829     0.00180921
       830     0.00182833
       831     0.00184774
       832     0.00186745
       833     0.00188746
       834     0.00190778
       835     0.00192841
       836     0.00194937
       837     0.00197065
       838     0.00199227
       839     0.00201423
       840     0.00203653
       841     0.00205919
       842     0.00208221
       843     0.00210560
       844     0.00212937
       845     0.00215352
       846     0.00217806
       847     0.00220300
       848     0.00222835
       849     0.00225411
       850     0.00228031
       851     0.00230693
       852     0.00233400
       853     0.00236152
       854     0.00238950
       855     0.00241796
       856     0.00244689
       857     0.00247632
       858     0.00250625
       859     0.00253669
       860     0.00256765
       861     0.00259915
       862     0.00263120
       863     0.00266381
       864     0.00269698
       865     0.00273074
       866     0.00276509
       867     0.00280005
       868     0.00283563
       869     0.00287185
       870     0.00290871
       871     0.00294624
       872     0.00298445
       873     0.00302335
       874     0.00306295
       875     0.00310328
       876     0.00314435
       877     0.00318618
       878     0.00322878
       879     0.00327216
       880     0.00331636
       881     0.00336138
       882     0.00340725
       883     0.00345397
       884     0.00350158
       885     0.00355010
       886     0.00359953
       887     0.00364991
       888     0.00370125
       889     0.00375358
       890     0.00380691
       891     0.00386127
       892     0.00391669
       893     0.00397319
       894     0.00403078
       895     0.00408951
       896     0.00414938
       897     0.00421043
       898     0.00427268
       899     0.00433616
       900     0.00440089
       901     0.00446691
       902     0.00453424
       903     0.00460291
       904     0.00467296
       905     0.00474440
       906     0.00481727
       907     0.00489160
       908     0.00496742
       909     0.00504476
       910     0.00512366
       911     0.00520414
       912     0.00528624
       913     0.00537000
       914     0.00545544
       915     0.00554260
       916     0.00563151
       917     0.00572220
       918     0.00581472
       919     0.00590909
       920     0.00600535
       921     0.00610353
       922     0.00620366
       923     0.00630579
       924     0.00640993
       925     0.00651614
       926     0.00662443
       927     0.00673483
       928     0.00684739
       929     0.00696213
       930     0.00707907
       931     0.00719825
       932     0.00731970
       933     0.00744342
       934     0.00756946
       935     0.00769782
       936     0.00782853
       937     0.00796160
       938     0.00809704
       939     0.00823487
       940     0.00837509
       941     0.00851771
       942     0.00866271
       943     0.00881010
       944     0.00895987
       945     0.00911199
       946     0.00926645
       947     0.00942323
       948     0.00958228
       949     0.00974357
       950     0.00990704
       951     0.01007265
       952     0.01024033
       953     0.01041000
       954     0.01058159
       955     0.01075500
       956     0.01093013
       957     0.01110688
       958     0.01128510
       959     0.01146468
       960     0.01164545
       961     0.01182727
       962     0.01200996
       963     0.01219333
       964     0.01237719
       965     0.01256132
       966     0.01274549
       967     0.01292947
       968     0.01311300
       969     0.01329582
       970     0.01347764
       971     0.01365816
       972     0.01383709
       973     0.01401410
       974     0.01418887
       975     0.01436105
       976     0.01453029
       977     0.01469624
       978     0.01485853
       979     0.01501679
       980     0.01517065
       981     0.01531973
       982     0.01546365
       983     0.01560204
       984     0.01573453
       985     0.01586075
       986     0.01598035
       987     0.01609297
       988     0.01619830
       989     0.01629600
       990     0.01638578
       991     0.01646735
       992     0.01654045
       993     0.01660486
       994     0.01666035
       995     0.01670674
       996     0.01674388
       997     0.01677165
       998     0.01678995
       999     0.01679871
      1000     0.01679791
      1001     0.01678755
      1002     0.01676767
      1003     0.01673833
      1004     0.01669963
      1005     0.01665171
      1006     0.01659472
      1007     0.01652886
      1008     0.01645433
      1009     0.01637139
      1010     0.01628028
      1011     0.01618131
      1012     0.01607476
      1013     0.01596098
      1014     0.01584028
      1015     0.01571302
      1016     0.01557956
      1017     0.01544026
      1018     0.01529550
      1019     0.01514565
      1020     0.01499109
      1021     0.01483219
      1022     0.01466933
      1023     0.01450287
      1024     0.01433319
      1025     0.01416063
      1026     0.01398554
      1027     0.01380827
      1028     0.01429643
      1029     0.01410176
      1030     0.01390564
      1031     0.01370840
      1032     0.01351036
      1033     0.01331184
      1034     0.01311313
      1035     0.01291449
      1036     0.01271620
      1037     0.01251849
      1038     0.01232159
      1039     0.01212571
      1040     0.01193104
      1041     0.01173777
      1042     0.01154606
      1043     0.01135607
      1044     0.01116792
      1045     0.01098174
      1046     0.01079765
      1047     0.01061575
      1048     0.01043612
      1049     0.01025883
      1050     0.01008397
      1051     0.00991159
      1052     0.00974173
      1053     0.00957444
      1054     0.00940976
      1055     0.00924769
      1056     0.00908828
      1057     0.00893152
      1058     0.00877744
      1059     0.00862602
      1060     0.00847726
      1061     0.00833117
      1062     0.00818772
      1063     0.00804691
      1064     0.00790871
      1065     0.00777310
      1066     0.00764007
      1067     0.00750957
      1068     0.00738160
      1069     0.00725610
      1070     0.00713306
      1071     0.00701244
      1072     0.00689420
      1073     0.00677831
      1074     0.00666473
      1075     0.00655343
      1076     0.00644436
      1077     0.00633749
      1078     0.00623278
      1079     0.00613019
      1080     0.00602968
      1081     0.00593122
      1082     0.00583475
      1083     0.00574025
      1084     0.00564768
      1085     0.00555699
      1086     0.00546814
      1087     0.00538111
      1088     0.00529585
      1089     0.00521233
      1090     0.00513050
      1091     0.00505034
      1092     0.00497180
      1093     0.00489485
      1094     0.00481946
      1095     0.00474560
      1096     0.00467322
      1097     0.00460230
      1098     0.00453280
      1099     0.00446469
      1100     0.00439795
      1101     0.00433253
      1102     0.00426842
      1103     0.00420558
      1104     0.00414398
      1105     0.00408360
      1106     0.00402440
      1107     0.00396637
      1108     0.00390947
      1109     0.00385367
      1110     0.00379897
      1111     0.00374532
      1112     0.00369270
      1113     0.00364110
      1114     0.00359049
      1115     0.00354084
      1116     0.00349214
      1117     0.00344436
      1118     0.00339748
      1119     0.00335149
      1120     0.00330635
      1121     0.00326207
      1122     0.00321860
      1123     0.00317594
      1124     0.00313407
      1125     0.00309297
      1126     0.00305262
      1127     0.00301301
      1128     0.00297411
      1129     0.00293592
      1130     0.00289843
      1131     0.00286160
      1132     0.00282543
      1133     0.00278991
      1134     0.00275501
      1135     0.00272074
      1136     0.00268706
      1137     0.00265398
      1138     0.00262147
      1139     0.00258953
      1140     0.00255814
      1141     0.00252729
      1142     0.00249697
      1143     0.00246717
      1144     0.00243787
      1145     0.00240908
      1146     0.00238076
      1147     0.00235293
      1148     0.00232556
      1149     0.00229864
      1150     0.00227217
      1151     0.00224614
      1152     0.00222054
      1153     0.00219536
      1154     0.00217059
      1155     0.00214622
      1156     0.00212224
      1157     0.00209865
      1158     0.00207544
      1159     0.00205260
      1160     0.00203012
      1161     0.00200800
      1162     0.00198623
      1163     0.00196480
      1164     0.00194370
      1165     0.00192294
      1166     0.00190249
      1167     0.00188236
      1168     0.00186254
      1169     0.00184303
      1170     0.00182381
      1171     0.00180488
      1172     0.00178624
      1173     0.00176789
      1174     0.00174980
      1175     0.00173199
      1176     0.00171444
      1177     0.00169715
      1178     0.00168012
      1179     0.00166334
      1180     0.00164680
      1181     0.00163051
      1182     0.00161445
      1183     0.00159862
      1184     0.00158302
      1185     0.00156764
      1186     0.00155249
      1187     0.00153755
      1188     0.00152282
      1189     0.00150830
      1190     0.00149398
      1191     0.00147987
      1192     0.00146595
      1193     0.00145223
      1194     0.00143869
      1195     0.00142534
      1196     0.00141218
      1197     0.00139919
      1198     0.00138638
      1199     0.00137375
      1200     0.00136128
      1201     0.00134899
      1202     0.00133686
      1203     0.00132489
      1204     0.00131308
      1205     0.00130142
      1206     0.00128992
      1207     0.00127858
      1208     0.00126738
      1209     0.00125632
      1210     0.00124542
      1211     0.00123465
      1212     0.00122402
      1213     0.00121353
      1214     0.00120317
      1215     0.00119294
      1216     0.00118285
      1217     0.00117288
      1218     0.00116304
      1219     0.00115332
      1220     0.00114373
      1221     0.00113425
      1222     0.00112489
      1223     0.00111565
      1224     0.00110653
      1225     0.00109751
      1226     0.00108861
      1227     0.00107981
      1228     0.00107112
      1229     0.00106254
      1230     0.00105406
      1231     0.00104568
      1232     0.00103740
      1233     0.00102923
      1234     0.00102115
      1235     0.00101316
      1236     0.00100527
      1237     0.00099748
      1238     0.00098977
      1239     0.00098216
      1240     0.00097463
      1241     0.00096719
      1242     0.00095984
      1243     0.00095258
      1244     0.00094539
      1245     0.00093829
      1246     0.00093127
      1247     0.00092433
      1248     0.00091747
      1249     0.00091069
      1250     0.00090398
      1251     0.00089735
      1252     0.00089080
      1253     0.00088432
      1254     0.00087790
      1255     0.00087157
      1256     0.00086530
      1257     0.00085910
      1258     0.00085296
      1259     0.00084690
      1260     0.00084090
      1261     0.00083497
      1262     0.00082910
      1263     0.00082330
      1264     0.00081755
      1265     0.00081187
      1266     0.00080625
      1267     0.00080069
      1268     0.00079519
      1269     0.00078975
      1270     0.00078437
      1271     0.00077904
      1272     0.00077377
      1273     0.00076855
      1274     0.00076339
      1275     0.00075829
      1276     0.00075323
      1277     0.00074823
      1278     0.00074328
      1279     0.00073838
      1280     0.00073353
      1281     0.00072873
      1282     0.00072398
      1283     0.00071928
      1284     0.00071463
      1285     0.00071002
      1286     0.00070546
      1287     0.00070095
      1288     0.00069648
      1289     0.00069205
      1290     0.00068767
      1291     0.00068334
      1292     0.00067904
      1293     0.00067479
      1294     0.00067058
      1295     0.00066642
      1296     0.00066229
      1297     0.00065820
      1298     0.00065416
      1299     0.00065015
      1300     0.00064618
      1301     0.00064225
      1302     0.00063836
      1303     0.00063451
      1304     0.00063069
      1305     0.00062691
      1306     0.00062317
      1307     0.00061946
      1308     0.00061578
      1309     0.00061214
      1310     0.00060854
      1311     0.00060497
      1312     0.00060143
      1313     0.00059793
      1314     0.00059446
      1315     0.00059102
      1316     0.00058762
      1317     0.00058424
      1318     0.00058090
      1319     0.00057759
      1320     0.00057430
      1321     0.00057105
      1322     0.00056783
      1323     0.00056464
      1324     0.00056147
      1325     0.00055834
      1326     0.00055523
      1327     0.00055216
      1328     0.00054911
      1329     0.00054608
      1330     0.00054309
      1331     0.00054012
      1332     0.00053718
      1333     0.00053426
      1334     0.00053137
      1335     0.00052851
      1336     0.00052567
      1337     0.00052286
      1338     0.00052007
      1339     0.00051730
      1340     0.00051456
      1341     0.00051185
      1342     0.00050916
      1343     0.00050649
      1344     0.00050384
      1345     0.00050122
      1346     0.00049862
      1347     0.00049605
      1348     0.00049349
      1349     0.00049096
      1350     0.00048845
      1351     0.00048596
      1352     0.00048349
      1353     0.00048104
      1354     0.00047862
      1355     0.00047621
      1356     0.00047383
      1357     0.00047146
      1358     0.00046912
      1359     0.00046679
      1360     0.00046449
      1361     0.00046220
      1362     0.00045994
      1363     0.00045769
      1364     0.00045546
      1365     0.00045325
      1366     0.00045106
      1367     0.00044889
      1368     0.00044673
      1369     0.00044459
      1370     0.00044248
      1371     0.00044037
      1372     0.00043829
      1373     0.00043622
      1374     0.00043417
      1375     0.00043214
      1376     0.00043012
      1377     0.00042812
      1378     0.00042613
      1379     0.00042417
      1380     0.00042221
      1381     0.00042028
      1382     0.00041836
      1383     0.00041645
      1384     0.00041456
      1385     0.00041269
      1386     0.00041083
      1387     0.00040898
      1388     0.00040716
      1389     0.00040534
      1390     0.00040354
      1391     0.00040175
      1392     0.00039998
      1393     0.00039823
      1394     0.00039648
      1395     0.00039475
      1396     0.00039304
      1397     0.00039133
      1398     0.00038965
      1399     0.00038797
      1400     0.00038631
      1401     0.00038466
      1402     0.00038302
      1403     0.00038140
      1404     0.00037979
      1405     0.00037819
      1406     0.00037661
      1407     0.00037504
      1408     0.00037347
      1409     0.00037193
      1410     0.00037039
      1411     0.00036887
      1412     0.00036735
      1413     0.00036585
      1414     0.00036437
      1415     0.00036289
      1416     0.00036142
      1417     0.00035997
      1418     0.00035853
      1419     0.00035709
      1420     0.00035567
      1421     0.00035426
      1422     0.00035286
      1423     0.00035148
      1424     0.00035010
      1425     0.00034873
      1426     0.00034738
      1427     0.00034603
      1428     0.00034469
      1429     0.00034337
      1430     0.00034205
      1431     0.00034075
      1432     0.00033946
      1433     0.00033817
      1434     0.00033690
      1435     0.00033563
      1436     0.00033437
      1437     0.00033313
      1438     0.00033189
      1439     0.00033067
      1440     0.00032945
      1441     0.00032824
      1442     0.00032704
      1443     0.00032585
      1444     0.00032467
      1445     0.00032350
      1446     0.00032233
      1447     0.00032118
      1448     0.00032004
      1449     0.00031890
      1450     0.00031777
      1451     0.00031665
      1452     0.00031554
      1453     0.00031444
      1454     0.00031335
      1455     0.00031226
      1456     0.00031118
      1457     0.00031012
      1458     0.00030905
      1459     0.00030800
      1460     0.00030696
      1461     0.00030592
      1462     0.00030489
      1463     0.00030387
      1464     0.00030286
      1465     0.00030185
      1466     0.00030086
      1467     0.00029987
      1468     0.00029888
      1469     0.00029791
      1470     0.00029694
      1471     0.00029598
      1472     0.00029503
      1473     0.00029409
      1474     0.00029315
      1475     0.00029222
      1476     0.00029129
      1477     0.00029038
      1478     0.00028947
      1479     0.00028857
      1480     0.00028767
      1481     0.00028678
      1482     0.00028590
      1483     0.00028503
      1484     0.00028416
      1485     0.00028330
      1486     0.00028244
      1487     0.00028160
      1488     0.00028075
      1489     0.00027992
      1490     0.00027909
      1491     0.00027827
      1492     0.00027746
      1493     0.00027665
      1494     0.00027585
      1495     0.00027505
      1496     0.00027426
      1497     0.00027348
      1498     0.00027270
      1499     0.00027193
      1500     0.00027116
      1501     0.00027040
      1502     0.00026965
      1503     0.00026891
      1504     0.00026816
      1505     0.00026743
      1506     0.00026670
      1507     0.00026598
      1508     0.00026526
      1509     0.00026455
      1510     0.00026384
      1511     0.00026314
      1512     0.00026245
      1513     0.00026176
      1514     0.00026108
      1515     0.00026040
      1516     0.00025973
      1517     0.00025907
      1518     0.00025841
      1519     0.00025775
      1520     0.00025710
      1521     0.00025646
      1522     0.00025582
      1523     0.00025519
      1524     0.00025456
      1525     0.00025393
      1526     0.00025332
      1527     0.00025271
      1528     0.00025210
      1529     0.00025150
      1530     0.00025090
      1531     0.00025031
      1532     0.00024972
      1533     0.00024914
      1534     0.00024857
      1535     0.00024800
      1536     0.00024743
      1537     0.00024687
      1538     0.00024631
      1539     0.00024576
      1540     0.00024522
      1541     0.00024468
      1542     0.00024414
      1543     0.00024361
      1544     0.00024308
      1545     0.00024256
      1546     0.00024204
      1547     0.00024153
      1548     0.00024102
      1549     0.00024052
      1550     0.00024002
      1551     0.00023953
      1552     0.00023904
      1553     0.00023856
      1554     0.00023808
      1555     0.00023760
      1556     0.00023713
      1557     0.00023667
      1558     0.00023621
      1559     0.00023575
      1560     0.00023530
      1561     0.00023485
      1562     0.00023441
      1563     0.00023397
      1564     0.00023353
      1565     0.00023310
      1566     0.00023268
      1567     0.00023226
      1568     0.00023184
      1569     0.00023143
      1570     0.00023102
      1571     0.00023062
      1572     0.00023022
      1573     0.00022982
      1574     0.00022943
      1575     0.00022905
      1576     0.00022866
      1577     0.00022829
      1578     0.00022791
      1579     0.00022754
      1580     0.00022718
      1581     0.00022682
      1582     0.00022646
      1583     0.00022611
      1584     0.00022576
      1585     0.00022541
      1586     0.00022507
      1587     0.00022473
      1588     0.00022440
      1589     0.00022407
      1590     0.00022375
      1591     0.00022343
      1592     0.00022311
      1593     0.00022280
      1594     0.00022249
      1595     0.00022219
      1596     0.00022189
      1597     0.00022159
      1598     0.00022130
      1599     0.00022101
      1600     0.00022072
      1601     0.00022044
      1602     0.00022016
      1603     0.00021989
      1604     0.00021962
      1605     0.00021936
      1606     0.00021909
      1607     0.00021884
      1608     0.00021858
      1609     0.00021833
      1610     0.00021808
      1611     0.00021784
      1612     0.00021760
      1613     0.00021737
      1614     0.00021714
      1615     0.00021691
      1616     0.00021668
      1617     0.00021646
      1618     0.00021625
      1619     0.00021603
      1620     0.00021582
      1621     0.00021562
      1622     0.00021542
      1623     0.00021522
      1624     0.00021502
      1625     0.00021483
      1626     0.00021464
      1627     0.00021446
      1628     0.00021428
      1629     0.00021410
      1630     0.00021393
      1631     0.00021376
      1632     0.00021359
      1633     0.00021343
      1634     0.00021327
      1635     0.00021312
      1636     0.00021297
      1637     0.00021282
      1638     0.00021267
      1639     0.00021253
      1640     0.00021239
      1641     0.00021226
      1642     0.00021213
      1643     0.00021200
      1644     0.00021188
      1645     0.00021176
      1646     0.00021164
      1647     0.00021153
      1648     0.00021142
      1649     0.00021131
      1650     0.00021121
      1651     0.00021111
      1652     0.00021101
      1653     0.00021092
      1654     0.00021083
      1655     0.00021074
      1656     0.00021066
      1657     0.00021058
      1658     0.00021050
      1659     0.00021043
      1660     0.00021036
      1661     0.00021029
      1662     0.00021023
      1663     0.00021017
      1664     0.00021011
      1665     0.00021006
      1666     0.00021001
      1667     0.00020996
      1668     0.00020992
      1669     0.00020988
      1670     0.00020984
      1671     0.00020981
      1672     0.00020978
      1673     0.00020975
      1674     0.00020973
      1675     0.00020970
      1676     0.00020969
      1677     0.00020967
      1678     0.00020966
      1679     0.00020965
      1680     0.00020965
      1681     0.00020965
      1682     0.00020965
      1683     0.00020965
      1684     0.00020966
      1685     0.00020967
      1686     0.00020968
      1687     0.00020970
      1688     0.00020972
      1689     0.00020974
      1690     0.00020977
      1691     0.00020980
      1692     0.00020983
      1693     0.00020986
      1694     0.00020990
      1695     0.00020994
      1696     0.00020999
      1697     0.00021004
      1698     0.00021009
      1699     0.00021014
      1700     0.00021020
      1701     0.00021025
      1702     0.00021032
      1703     0.00021038
      1704     0.00021045
      1705     0.00021052
      1706     0.00021060
      1707     0.00021067
      1708     0.00021075
      1709     0.00021083
      1710     0.00021092
      1711     0.00021101
      1712     0.00021110
      1713     0.00021120
      1714     0.00021129
      1715     0.00021139
      1716     0.00021150
      1717     0.00021160
      1718     0.00021171
      1719     0.00021182
      1720     0.00021194
      1721     0.00021205
      1722     0.00021217
      1723     0.00021230
      1724     0.00021242
      1725     0.00021255
      1726     0.00021268
      1727     0.00021281
      1728     0.00021295
      1729     0.00021309
      1730     0.00021323
      1731     0.00021338
      1732     0.00021352
      1733     0.00021367
      1734     0.00021383
      1735     0.00021398
      1736     0.00021414
      1737     0.00021430
      1738     0.00021446
      1739     0.00021463
      1740     0.00021480
      1741     0.00021497
      1742     0.00021514
      1743     0.00021532
      1744     0.00021550
      1745     0.00021568
      1746     0.00021586
      1747     0.00021605
      1748     0.00021624
      1749     0.00021643
      1750     0.00021663
      1751     0.00021682
      1752     0.00021702
      1753     0.00021723
      1754     0.00021743
      1755     0.00021764
      1756     0.00021785
      1757     0.00021806
      1758     0.00021827
      1759     0.00021849
      1760     0.00021871
      1761     0.00021893
      1762     0.00021915
      1763     0.00021938
      1764     0.00021961
      1765     0.00021984
      1766     0.00022007
      1767     0.00022031
      1768     0.00022055
      1769     0.00022079
      1770     0.00022103
      1771     0.00022128
      1772     0.00022152
      1773     0.00022177
      1774     0.00022202
      1775     0.00022228
      1776     0.00022254
      1777     0.00022279
      1778     0.00022306
      1779     0.00022332
      1780     0.00022358
      1781     0.00022385
      1782     0.00022412
      1783     0.00022439
      1784     0.00022467
      1785     0.00022495
      1786     0.00022522
      1787     0.00022550
      1788     0.00022579
      1789     0.00022607
      1790     0.00022636
      1791     0.00022665
      1792     0.00022694
      1793     0.00022723
      1794     0.00022753
      1795     0.00022783
      1796     0.00022813
      1797     0.00022843
      1798     0.00022873
      1799     0.00022904
      1800     0.00022934
      1801     0.00022965
      1802     0.00022997
      1803     0.00023028
      1804     0.00023059
      1805     0.00023091
      1806     0.00023123
      1807     0.00023155
      1808     0.00023188
      1809     0.00023220
      1810     0.00023253
      1811     0.00023286
      1812     0.00023319
      1813     0.00023352
      1814     0.00023386
      1815     0.00023419
      1816     0.00023453
      1817     0.00023487
      1818     0.00023521
      1819     0.00023556
      1820     0.00023590
      1821     0.00023625
      1822     0.00023660
      1823     0.00023695
      1824     0.00023730
      1825     0.00023765
      1826     0.00023801
      1827     0.00023837
      1828     0.00023873
      1829     0.00023909
      1830     0.00023945
      1831     0.00023981
      1832     0.00024018
      1833     0.00024055
      1834     0.00024092
      1835     0.00024129
      1836     0.00024166
      1837     0.00024203
      1838     0.00024241
      1839     0.00024279
      1840     0.00024316
      1841     0.00024354
      1842     0.00024393
      1843     0.00024431
      1844     0.00024469
      1845     0.00024508
      1846     0.00024547
      1847     0.00024586
      1848     0.00024625
      1849     0.00024664
      1850     0.00024703
      1851     0.00024743
      1852     0.00024782
      1853     0.00024822
      1854     0.00024862
      1855     0.00024902
      1856     0.00024942
      1857     0.00024983
      1858     0.00025023
      1859     0.00025064
      1860     0.00025105
      1861     0.00025145
      1862     0.00025186
      1863     0.00025228
      1864     0.00025269
      1865     0.00025310
      1866     0.00025352
      1867     0.00025393
      1868     0.00025435
      1869     0.00025477
      1870     0.00025519
      1871     0.00025561
      1872     0.00025603
      1873     0.00025646
      1874     0.00025688
      1875     0.00025731
      1876     0.00025774
      1877     0.00025816
      1878     0.00025859
      1879     0.00025902
      1880     0.00025946
      1881     0.00025989
      1882     0.00026032
      1883     0.00026076
      1884     0.00026119
      1885     0.00026163
      1886     0.00026207
      1887     0.00026251
      1888     0.00026295
      1889     0.00026339
      1890     0.00026383
      1891     0.00026428
      1892     0.00026472
      1893     0.00026517
      1894     0.00026561
      1895     0.00026606
      1896     0.00026651
      1897     0.00026696
      1898     0.00026741
      1899     0.00026786
      1900     0.00026831
      1901     0.00026877
      1902     0.00026922
      1903     0.00026967
      1904     0.00027013
      1905     0.00027059
      1906     0.00027104
      1907     0.00027150
      1908     0.00027196
      1909     0.00027242
      1910     0.00027288
      1911     0.00027334
      1912     0.00027380
      1913     0.00027427
      1914     0.00027473
      1915     0.00027519
      1916     0.00027566
      1917     0.00027613
      1918     0.00027659
      1919     0.00027706
      1920     0.00027753
      1921     0.00027800
      1922     0.00027847
      1923     0.00027894
      1924     0.00027941
      1925     0.00027988
      1926     0.00028035
      1927     0.00028082
      1928     0.00028130
      1929     0.00028177
      1930     0.00028225
      1931     0.00028272
      1932     0.00028320
      1933     0.00028367
      1934     0.00028415
      1935     0.00028463
      1936     0.00028511
      1937     0.00028558
      1938     0.00028606
      1939     0.00028654
      1940     0.00028702
      1941     0.00028750
      1942     0.00028799
      1943     0.00028847
      1944     0.00028895
      1945     0.00028943
      1946     0.00028992
      1947     0.00029040
      1948     0.00029088
      1949     0.00029137
      1950     0.00029185
      1951     0.00029234
      1952     0.00029282
      1953     0.00029331
      1954     0.00029380
      1955     0.00029428
      1956     0.00029477
      1957     0.00029526
      1958     0.00029575
      1959     0.00029623
      1960     0.00029672
      1961     0.00029721
      1962     0.00029770
      1963     0.00029819
      1964     0.00029868
      1965     0.00029917
      1966     0.00029966
      1967     0.00030015
      1968     0.00030064
      1969     0.00030113
      1970     0.00030163
      1971     0.00030212
      1972     0.00030261
      1973     0.00030310
      1974     0.00030359
      1975     0.00030409
      1976     0.00030458
      1977     0.00030507
      1978     0.00030557
      1979     0.00030606
      1980     0.00030655
      1981     0.00030705
      1982     0.00030754
      1983     0.00030803
      1984     0.00030853
      1985     0.00030902
      1986     0.00030951
      1987     0.00031001
      1988     0.00031050
      1989     0.00031100
      1990     0.00031149
      1991     0.00031199
      1992     0.00031248
      1993     0.00031298
      1994     0.00031347
      1995     0.00031397
      1996     0.00031446
      1997     0.00031495
      1998     0.00031545
      1999     0.00031594
      2000     0.00031644
      2001     0.00031693
      2002     0.00031743
      2003     0.00031792
      2004     0.00031842
      2005     0.00031891
      2006     0.00031941
      2007     0.00031990
      2008     0.00032039
      2009     0.00032089
      2010     0.00032138
      2011     0.00032188
      2012     0.00032237
      2013     0.00032286
      2014     0.00032336
      2015     0.00032385
      2016     0.00032435
      2017     0.00032484
      2018     0.00032533
      2019     0.00032582
      2020     0.00032632
      2021     0.00032681
      2022     0.00032730
      2023     0.00032779
      2024     0.00032829
      2025     0.00032878
      2026     0.00032927
      2027     0.00032976
      2028     0.00033025
      2029     0.00033074
      2030     0.00033123
      2031     0.00033172
      2032     0.00033221
      2033     0.00033270
      2034     0.00033319
      2035     0.00033368
      2036     0.00033417
      2037     0.00033466
      2038     0.00033515
      2039     0.00033563
      2040     0.00033612
      2041     0.00033661
      2042     0.00033710
      2043     0.00033758
      2044     0.00033807
      2045     0.00033855
      2046     0.00033904
      2047     0.00033952
      2048     0.00034001
      2049     0.00034049
      2050     0.00034098
      2051     0.00034146
      2052     0.00034194
      2053     0.00034243
      2054     0.00034291
      2055     0.00034339
      2056     0.00034387
      2057     0.00034435
      2058     0.00034483
      2059     0.00034531
      2060     0.00034579
      2061     0.00034627
      2062     0.00034675
      2063     0.00034723
      2064     0.00034770
      2065     0.00034818
      2066     0.00034866
      2067     0.00034913
      2068     0.00034961
      2069     0.00035008
      2070     0.00035056
      2071     0.00035103
      2072     0.00035150
      2073     0.00035198
      2074     0.00035245
      2075     0.00035292
      2076     0.00035339
      2077     0.00035386
      2078     0.00035433
      2079     0.00035480
      2080     0.00035527
      2081     0.00035573
      2082     0.00035620
      2083     0.00035667
      2084     0.00035713
      2085     0.00035760
      2086     0.00035806
      2087     0.00035853
      2088     0.00035899
      2089     0.00035945
      2090     0.00035991
      2091     0.00036037
      2092     0.00036083
      2093     0.00036129
      2094     0.00036175
      2095     0.00036221
      2096     0.00036267
      2097     0.00036312
      2098     0.00036358
      2099     0.00036403
      2100     0.00036449
      2101     0.00036494
      2102     0.00036540
      2103     0.00036585
      2104     0.00036630
      2105     0.00036675
      2106     0.00036720
      2107     0.00036765
      2108     0.00036809
      2109     0.00036854
      2110     0.00036899
      2111     0.00036943
      2112     0.00036988
      2113     0.00037032
      2114     0.00037076
      2115     0.00037121
      2116     0.00037165
      2117     0.00037209
      2118     0.00037253
      2119     0.00037297
      2120     0.00037340
      2121     0.00037384
      2122     0.00037428
      2123     0.00037471
      2124     0.00037514
      2125     0.00037558
      2126     0.00037601
      2127     0.00037644
      2128     0.00037687
      2129     0.00037730
      2130     0.00037773
      2131     0.00037816
      2132     0.00037858
      2133     0.00037901
      2134     0.00037943
      2135     0.00037986
      2136     0.00038028
      2137     0.00038070
      2138     0.00038112
      2139     0.00038154
      2140     0.00038196
      2141     0.00038237
      2142     0.00038279
      2143     0.00038321
      2144     0.00038362
      2145     0.00038403
      2146     0.00038444
      2147     0.00038486
      2148     0.00038526
      2149     0.00038567
      2150     0.00038608
      2151     0.00038649
      2152     0.00038689
      2153     0.00038730
      2154     0.00038770
      2155     0.00038810
      2156     0.00038850
      2157     0.00038890
      2158     0.00038930
      2159     0.00038970
      2160     0.00039010
      2161     0.00039049
      2162     0.00039089
      2163     0.00039128
      2164     0.00039167
      2165     0.00039206
      2166     0.00039245
      2167     0.00039284
      2168     0.00039322
      2169     0.00039361
      2170     0.00039400
      2171     0.00039438
      2172     0.00039476
      2173     0.00039514
      2174     0.00039552
      2175     0.00039590
      2176     0.00039628
      2177     0.00039665
      2178     0.00039703
      2179     0.00039740
      2180     0.00039777
      2181     0.00039814
      2182     0.00039851
      2183     0.00039888
      2184     0.00039925
      2185     0.00039961
      2186     0.00039998
      2187     0.00040034
      2188     0.00040070
      2189     0.00040106
      2190     0.00040142
      2191     0.00040178
      2192     0.00040213
      2193     0.00040249
      2194     0.00040284
      2195     0.00040319
      2196     0.00040354
      2197     0.00040389
      2198     0.00040424
      2199     0.00040459
      2200     0.00040493
      2201     0.00040528
      2202     0.00040562
      2203     0.00040596
      2204     0.00040630
      2205     0.00040664
      2206     0.00040697
      2207     0.00040731
      2208     0.00040764
      2209     0.00040798
      2210     0.00040831
      2211     0.00040864
      2212     0.00040896
      2213     0.00040929
      2214     0.00040961
      2215     0.00040994
      2216     0.00041026
      2217     0.00041058
      2218     0.00041090
      2219     0.00041122
      2220     0.00041153
      2221     0.00041185
      2222     0.00041216
      2223     0.00041247
      2224     0.00041278
      2225     0.00041309
      2226     0.00041340
      2227     0.00041370
      2228     0.00041400
      2229     0.00041431
      2230     0.00041461
      2231     0.00041491
      2232     0.00041520
      2233     0.00041550
      2234     0.00041579
      2235     0.00041609
      2236     0.00041638
      2237     0.00041667
      2238     0.00041695
      2239     0.00041724
      2240     0.00041752
      2241     0.00041781
      2242     0.00041809
      2243     0.00041837
      2244     0.00041864
      2245     0.00041892
      2246     0.00041920
      2247     0.00041947
      2248     0.00041974
      2249     0.00042001
      2250     0.00042028
      2251     0.00042054
      2252     0.00042081
      2253     0.00042107
      2254     0.00042133
      2255     0.00042159
      2256     0.00042185
      2257     0.00042210
      2258     0.00042236
      2259     0.00042261
      2260     0.00042286
      2261     0.00042311
      2262     0.00042335
      2263     0.00042360
      2264     0.00042384
      2265     0.00042409
      2266     0.00042433
      2267     0.00042456
      2268     0.00042480
      2269     0.00042503
      2270     0.00042527
      2271     0.00042550
      2272     0.00042573
      2273     0.00042595
      2274     0.00042618
      2275     0.00042640
      2276     0.00042663
      2277     0.00042685
      2278     0.00042706
      2279     0.00042728
      2280     0.00042749
      2281     0.00042771
      2282     0.00042792
      2283     0.00042813
      2284     0.00042833
      2285     0.00042854
      2286     0.00042874
      2287     0.00042894
      2288     0.00042914
      2289     0.00042934
      2290     0.00042954
      2291     0.00042973
      2292     0.00042992
      2293     0.00043011
      2294     0.00043030
      2295     0.00043049
      2296     0.00043067
      2297     0.00043085
      2298     0.00043103
      2299     0.00043121
      2300     0.00043139
      2301     0.00043156
      2302     0.00043173
      2303     0.00043190
      2304     0.00043207
      2305     0.00043224
      2306     0.00043240
      2307     0.00043256
      2308     0.00043272
      2309     0.00043288
      2310     0.00043304
      2311     0.00043319
      2312     0.00043335
      2313     0.00043350
      2314     0.00043364
      2315     0.00043379
      2316     0.00043393
      2317     0.00043408
      2318     0.00043422
      2319     0.00043435
      2320     0.00043449
      2321     0.00043462
      2322     0.00043475
      2323     0.00043488
      2324     0.00043501
      2325     0.00043514
      2326     0.00043526
      2327     0.00043538
      2328     0.00043550
      2329     0.00043562
      2330     0.00043573
      2331     0.00043585
      2332     0.00043596
      2333     0.00043606
      2334     0.00043617
      2335     0.00043628
      2336     0.00043638
      2337     0.00043648
      2338     0.00043657
      2339     0.00043667
      2340     0.00043676
      2341     0.00043685
      2342     0.00043694
      2343     0.00043703
      2344     0.00043712
      2345     0.00043720
      2346     0.00043728
      2347     0.00043736
      2348     0.00043743
      2349     0.00043751
      2350     0.00043758
      2351     0.00043765
      2352     0.00043771
      2353     0.00043778
      2354     0.00043784
      2355     0.00043790
      2356     0.00043796
      2357     0.00043801
      2358     0.00043807
      2359     0.00043812
      2360     0.00043817
      2361     0.00043821
      2362     0.00043826
      2363     0.00043830
      2364     0.00043834
      2365     0.00043838
      2366     0.00043841
      2367     0.00043845
      2368     0.00043848
      2369     0.00043850
      2370     0.00043853
      2371     0.00043855
      2372     0.00043857
      2373     0.00043859
      2374     0.00043861
      2375     0.00043862
      2376     0.00043864
      2377     0.00043865
      2378     0.00043865
      2379     0.00043866
      2380     0.00043866
      2381     0.00043866
      2382     0.00043866
      2383     0.00043865
      2384     0.00043865
      2385     0.00043864
      2386     0.00043862
      2387     0.00043861
      2388     0.00043859
      2389     0.00043857
      2390     0.00043855
      2391     0.00043853
      2392     0.00043850
      2393     0.00043847
      2394     0.00043844
      2395     0.00043841
      2396     0.00043837
      2397     0.00043833
      2398     0.00043829
      2399     0.00043825
      2400     0.00043820
      2401     0.00043816
      2402     0.00043810
      2403     0.00043805
      2404     0.00043800
      2405     0.00043794
      2406     0.00043788
      2407     0.00043781
      2408     0.00043775
      2409     0.00043768
      2410     0.00043761
      2411     0.00043753
      2412     0.00043746
      2413     0.00043738
      2414     0.00043730
      2415     0.00043722
      2416     0.00043713
      2417     0.00043704
      2418     0.00043695
      2419     0.00043686
      2420     0.00043676
      2421     0.00043666
      2422     0.00043656
      2423     0.00043646
      2424     0.00043635
      2425     0.00043624
      2426     0.00043613
      2427     0.00043602
      2428     0.00043590
      2429     0.00043578
      2430     0.00043566
      2431     0.00043553
      2432     0.00043541
      2433     0.00043528
      2434     0.00043514
      2435     0.00043501
      2436     0.00043487
      2437     0.00043473
      2438     0.00043459
      2439     0.00043444
      2440     0.00043430
      2441     0.00043414
      2442     0.00043399
      2443     0.00043384
      2444     0.00043368
      2445     0.00043352
      2446     0.00043335
      2447     0.00043318
      2448     0.00043302
      2449     0.00043284
      2450     0.00043267
      2451     0.00043249
      2452     0.00043231
      2453     0.00043213
      2454     0.00043194
      2455     0.00043175
      2456     0.00043156
      2457     0.00043137
      2458     0.00043117
      2459     0.00043098
      2460     0.00043077
      2461     0.00043057
      2462     0.00043036
      2463     0.00043015
      2464     0.00042994
      2465     0.00042972
      2466     0.00042951
      2467     0.00042929
      2468     0.00042906
      2469     0.00042884
      2470     0.00042861
      2471     0.00042837
      2472     0.00042814
      2473     0.00042790
      2474     0.00042766
      2475     0.00042742
      2476     0.00042717
      2477     0.00042693
      2478     0.00042667
      2479     0.00042642
      2480     0.00042616
      2481     0.00042590
      2482     0.00042564
      2483     0.00042538
      2484     0.00042511
      2485     0.00042484
      2486     0.00042456
      2487     0.00042429
      2488     0.00042401
      2489     0.00042373
      2490     0.00042344
      2491     0.00042315
      2492     0.00042286
      2493     0.00042257
      2494     0.00042227
      2495     0.00042197
      2496     0.00042167
      2497     0.00042137
      2498     0.00042106
      2499     0.00042075
      2500     0.00042044
      2501     0.00042012
      2502     0.00041980
      2503     0.00041948
      2504     0.00041915
      2505     0.00041883
      2506     0.00041850
      2507     0.00041816
      2508     0.00041783
      2509     0.00041749
      2510     0.00041715
      2511     0.00041680
      2512     0.00041645
      2513     0.00041610
      2514     0.00041575
      2515     0.00041539
      2516     0.00041503
      2517     0.00041467
      2518     0.00041430
      2519     0.00041394
      2520     0.00041356
      2521     0.00041319
      2522     0.00041281
      2523     0.00041243
      2524     0.00041205
      2525     0.00041167
      2526     0.00041128
      2527     0.00041088
      2528     0.00041049
      2529     0.00041009
      2530     0.00040969
      2531     0.00040929
      2532     0.00040888
      2533     0.00040847
      2534     0.00040806
      2535     0.00040765
      2536     0.00040723
      2537     0.00040681
      2538     0.00040638
      2539     0.00040596
      2540     0.00040553
      2541     0.00040509
      2542     0.00040466
      2543     0.00040422
      2544     0.00040378
      2545     0.00040333
      2546     0.00040288
      2547     0.00040243
      2548     0.00040198
      2549     0.00040152
      2550     0.00040106
      2551     0.00040060
      2552     0.00040013
      2553     0.00039966
      2554     0.00039919
      2555     0.00039872
      2556     0.00039824
      2557     0.00039776
      2558     0.00039727
      2559     0.00039679
      2560     0.00039630
      2561     0.00039581
      2562     0.00039531
      2563     0.00039481
      2564     0.00039431
      2565     0.00039380
      2566     0.00039330
      2567     0.00039278
      2568     0.00039227
      2569     0.00039175
      2570     0.00039123
      2571     0.00039071
      2572     0.00039018
      2573     0.00038966
      2574     0.00038912
      2575     0.00038859
      2576     0.00038805
      2577     0.00038751
      2578     0.00038697
      2579     0.00038642
      2580     0.00038587
      2581     0.00038531
      2582     0.00038476
      2583     0.00038420
      2584     0.00038364
      2585     0.00038307
      2586     0.00038250
      2587     0.00038193
      2588     0.00038136
      2589     0.00038078
      2590     0.00038020
      2591     0.00037961
      2592     0.00037903
      2593     0.00037844
      2594     0.00037784
      2595     0.00037725
      2596     0.00037665
      2597     0.00037605
      2598     0.00037544
      2599     0.00037483
      2600     0.00037422
      2601     0.00037361
      2602     0.00037299
      2603     0.00037237
      2604     0.00037175
      2605     0.00037112
      2606     0.00037049
      2607     0.00036986
      2608     0.00036922
      2609     0.00036858
      2610     0.00036794
      2611     0.00036730
      2612     0.00036665
      2613     0.00036600
      2614     0.00036534
      2615     0.00036469
      2616     0.00036403
      2617     0.00036336
      2618     0.00036270
      2619     0.00036203
      2620     0.00036136
      2621     0.00036068
      2622     0.00036000
      2623     0.00035932
      2624     0.00035864
      2625     0.00035795
      2626     0.00035726
      2627     0.00035657
      2628     0.00035587
      2629     0.00035517
      2630     0.00035447
      2631     0.00035376
      2632     0.00035305
      2633     0.00035234
      2634     0.00035163
      2635     0.00035091
      2636     0.00035019
      2637     0.00034946
      2638     0.00034874
      2639     0.00034801
      2640     0.00034727
      2641     0.00034654
      2642     0.00034580
      2643     0.00034505
      2644     0.00034431
      2645     0.00034356
      2646     0.00034281
      2647     0.00034206
      2648     0.00034130
      2649     0.00034054
      2650     0.00033977
      2651     0.00033901
      2652     0.00033824
      2653     0.00033747
      2654     0.00033669
      2655     0.00033591
      2656     0.00033513
      2657     0.00033435
      2658     0.00033356
      2659     0.00033277
      2660     0.00033197
      2661     0.00033118
      2662     0.00033038
      2663     0.00032958
      2664     0.00032877
      2665     0.00032796
      2666     0.00032715
      2667     0.00032634
      2668     0.00032552
      2669     0.00032470
      2670     0.00032387
      2671     0.00032305
      2672     0.00032222
      2673     0.00032139
      2674     0.00032055
      2675     0.00031971
      2676     0.00031887
      2677     0.00031803
      2678     0.00031718
      2679     0.00031633
      2680     0.00031548
      2681     0.00031462
      2682     0.00031376
      2683     0.00031290
      2684     0.00031204
      2685     0.00031117
      2686     0.00031030
      2687     0.00030942
      2688     0.00030855
      2689     0.00030767
      2690     0.00030679
      2691     0.00030590
      2692     0.00030501
      2693     0.00030412
      2694     0.00030323
      2695     0.00030233
      2696     0.00030143
      2697     0.00030053
      2698     0.00029962
      2699     0.00029872
      2700     0.00029780
      2701     0.00029689
      2702     0.00029597
      2703     0.00029505
      2704     0.00029413
      2705     0.00029321
      2706     0.00029228
      2707     0.00029135
      2708     0.00029041
      2709     0.00028948
      2710     0.00028854
      2711     0.00028759
      2712     0.00028665
      2713     0.00028570
      2714     0.00028475
      2715     0.00028380
      2716     0.00028284
      2717     0.00028188
      2718     0.00028092
      2719     0.00027995
      2720     0.00027899
      2721     0.00027802
      2722     0.00027704
      2723     0.00027607
      2724     0.00027509
      2725     0.00027411
      2726     0.00027312
      2727     0.00027214
      2728     0.00027115
      2729     0.00027015
      2730     0.00026916
      2731     0.00026816
      2732     0.00026716
      2733     0.00026616
      2734     0.00026515
      2735     0.00026414
      2736     0.00026313
      2737     0.00026212
      2738     0.00026110
      2739     0.00026008
      2740     0.00025906
      2741     0.00025804
      2742     0.00025701
      2743     0.00025598
      2744     0.00025495
      2745     0.00025391
      2746     0.00025288
      2747     0.00025184
      2748     0.00025079
      2749     0.00024975
      2750     0.00024870
      2751     0.00024765
      2752     0.00024660
      2753     0.00024554
      2754     0.00024448
      2755     0.00024342
      2756     0.00024236
      2757     0.00024130
      2758     0.00024023
      2759     0.00023916
      2760     0.00023808
      2761     0.00023701
      2762     0.00023593
      2763     0.00023485
      2764     0.00023377
      2765     0.00023268
      2766     0.00023159
      2767     0.00023050
      2768     0.00022941
      2769     0.00022831
      2770     0.00022722
      2771     0.00022612
      2772     0.00022501
      2773     0.00022391
      2774     0.00022280
      2775     0.00022169
      2776     0.00022058
      2777     0.00021946
      2778     0.00021835
      2779     0.00021723
      2780     0.00021611
      2781     0.00021498
      2782     0.00021386
      2783     0.00021273
      2784     0.00021160
      2785     0.00021047
      2786     0.00020933
      2787     0.00020819
      2788     0.00020705
      2789     0.00020591
      2790     0.00020477
      2791     0.00020362
      2792     0.00020247
      2793     0.00020132
      2794     0.00020017
      2795     0.00019901
      2796     0.00019786
      2797     0.00019670
      2798     0.00019553
      2799     0.00019437
      2800     0.00019320
      2801     0.00019204
      2802     0.00019087
      2803     0.00018969
      2804     0.00018852
      2805     0.00018734
      2806     0.00018616
      2807     0.00018498
      2808     0.00018380
      2809     0.00018262
      2810     0.00018143
      2811     0.00018024
      2812     0.00017905
      2813     0.00017786
      2814     0.00017666
      2815     0.00017547
      2816     0.00017427
      2817     0.00017307
      2818     0.00017187
      2819     0.00017066
      2820     0.00016945
      2821     0.00016825
      2822     0.00016704
      2823     0.00016582
      2824     0.00016461
      2825     0.00016339
      2826     0.00016218
      2827     0.00016096
      2828     0.00015974
      2829     0.00015851
      2830     0.00015729
      2831     0.00015606
      2832     0.00015483
      2833     0.00015360
      2834     0.00015237
      2835     0.00015114
      2836     0.00014990
      2837     0.00014867
      2838     0.00014743
      2839     0.00014619
      2840     0.00014495
      2841     0.00014370
      2842     0.00014246
      2843     0.00014121
      2844     0.00013996
      2845     0.00013871
      2846     0.00013746
      2847     0.00013621
      2848     0.00013495
      2849     0.00013370
      2850     0.00013244
      2851     0.00013118
      2852     0.00012992
      2853     0.00012866
      2854     0.00012739
      2855     0.00012613
      2856     0.00012486
      2857     0.00012359
      2858     0.00012232
      2859     0.00012105
      2860     0.00011978
      2861     0.00011850
      2862     0.00011723
      2863     0.00011595
      2864     0.00011467
      2865     0.00011339
      2866     0.00011211
      2867     0.00011083
      2868     0.00010955
      2869     0.00010826
      2870     0.00010698
      2871     0.00010569
      2872     0.00010440
      2873     0.00010311
      2874     0.00010182
      2875     0.00010053
      2876     0.00009924
      2877     0.00009794
      2878     0.00009665
      2879     0.00009535
      2880     0.00009406
      2881     0.00009276
      2882     0.00009146
      2883     0.00009016
      2884     0.00008885
      2885     0.00008755
      2886     0.00008625
      2887     0.00008494
      2888     0.00008364
      2889     0.00008233
      2890     0.00008102
