#     Density Matrix: coherence Re-Im; see the manual for detail orders
        0     0.00000000     0.00000000
        1    -0.00016196    -0.00079202
        2    -0.00287633     0.00158365
        3    -0.00082329     0.00446479
        4     0.00299928     0.00289587
        5     0.00295844    -0.00156901
        6    -0.00094937    -0.00303468
        7    -0.00298263     0.00006112
        8    -0.00012112     0.00252687
        9     0.00334814     0.00008568
       10     0.00217719    -0.00415790
       11    -0.00189732    -0.00431563
       12    -0.00269744    -0.00065131
       13     0.00101111     0.00073630
       14     0.00357685    -0.00281177
       15     0.00108271    -0.00641644
       16    -0.00262744    -0.00512657
       17    -0.00183319    -0.00153426
       18     0.00228738    -0.00180579
       19     0.00348813    -0.00624377
       20     0.00001719    -0.00888148
       21    -0.00277545    -0.00661942
       22    -0.00062221    -0.00386458
       23     0.00328500    -0.00578193
       24     0.00320512    -0.01059890
       25    -0.00065561    -0.01238978
       26    -0.00265908    -0.00978119
       27    -0.00002081    -0.00768366
       28     0.00342064    -0.01004850
       29     0.00286160    -0.01444937
       30    -0.00094297    -0.01572675
       31    -0.00306852    -0.01292401
       32    -0.00101451    -0.01015136
       33     0.00244616    -0.01107231
       34     0.00309246    -0.01460514
       35     0.00025164    -0.01668749
       36    -0.00286290    -0.01511356
       37    -0.00302381    -0.01166076
       38    -0.00026794    -0.00979308
       39     0.00256931    -0.01108385
       40     0.00286410    -0.01402225
       41     0.00048921    -0.01578883
       42    -0.00244953    -0.01481806
       43    -0.00364068    -0.01185708
       44    -0.00235974    -0.00903297
       45     0.00025224    -0.00809161
       46     0.00226310    -0.00924831
       47     0.00233606    -0.01127989
       48     0.00046615    -0.01250181
       49    -0.00222096    -0.01182796
       50    -0.00426872    -0.00928710
       51    -0.00471202    -0.00584403
       52    -0.00349308    -0.00277876
       53    -0.00135824    -0.00102773
       54     0.00060321    -0.00080285
       55     0.00149829    -0.00160070
       56     0.00100136    -0.00252135
       57    -0.00056527    -0.00270875
       58    -0.00242537    -0.00171665
       59    -0.00370114     0.00033057
       60    -0.00377155     0.00281607
       61    -0.00250381     0.00489233
       62    -0.00028612     0.00581400
       63     0.00213359     0.00521743
       64     0.00393354     0.00325075
       65     0.00452109     0.00051583
       66     0.00374473    -0.00215077
       67     0.00194203    -0.00397640
       68    -0.00019029    -0.00452312
       69    -0.00185607    -0.00383482
       70    -0.00245624    -0.00240770
       71    -0.00181429    -0.00099355
       72    -0.00024598    -0.00030553
       73     0.00155732    -0.00073418
       74     0.00279442    -0.00218172
       75     0.00287342    -0.00408432
       76     0.00166183    -0.00562329
       77    -0.00043606    -0.00605334
       78    -0.00261938    -0.00502236
       79    -0.00400792    -0.00274859
       80    -0.00401717     0.00003328
       81    -0.00263395     0.00235643
       82    -0.00045968     0.00343385
       83     0.00152304     0.00302399
       84     0.00238201     0.00157455
       85     0.00168097     0.00005133
       86    -0.00027681    -0.00049929
       87    -0.00255058     0.00053436
       88    -0.00399559     0.00299027
       89    -0.00383804     0.00596452
       90    -0.00210219     0.00823544
       91     0.00035594     0.00889075
       92     0.00226213     0.00783386
       93     0.00259874     0.00587873
       94     0.00118463     0.00434170
       95    -0.00118016     0.00432147
       96    -0.00312145     0.00605695
       97    -0.00345564     0.00874264
       98    -0.00188879     0.01094425
       99     0.00076972     0.01141059
      100     0.00304028     0.00982269
      101     0.00363398     0.00702254
      102     0.00224255     0.00454787
      103    -0.00023544     0.00371563
      104    -0.00221004     0.00479843
      105    -0.00237812     0.00682043
      106    -0.00056762     0.00814229
      107     0.00210715     0.00750570
      108     0.00392425     0.00488134
      109     0.00366846     0.00154612
      110     0.00146148    -0.00070949
      111    -0.00127086    -0.00075907
      112    -0.00272102     0.00107948
      113    -0.00192469     0.00322138
      114     0.00054859     0.00387657
      115     0.00295023     0.00229428
      116     0.00355053    -0.00068112
      117     0.00186171    -0.00316807
      118    -0.00098841    -0.00356185
      119    -0.00302961    -0.00168580
      120    -0.00284564     0.00105678
      121    -0.00059974     0.00266630
      122     0.00206349     0.00197868
      123     0.00319110    -0.00048816
      124     0.00193010    -0.00289761
      125    -0.00084983    -0.00341639
      126    -0.00317894    -0.00154185
      127    -0.00340920     0.00153056
      128    -0.00140518     0.00376822
      129     0.00136043     0.00376697
      130     0.00287194     0.00175919
      131     0.00202467    -0.00056046
      132    -0.00057933    -0.00126306
      133    -0.00306488     0.00041936
      134    -0.00363168     0.00353384
      135    -0.00184670     0.00608124
      136     0.00104264     0.00644097
      137     0.00300206     0.00452806
      138     0.00266870     0.00185170
      139     0.00033984     0.00043101
      140    -0.00222507     0.00132711
      141    -0.00307596     0.00385311
      142    -0.00150642     0.00605196
      143     0.00139420     0.00612560
      144     0.00350817     0.00379017
      145     0.00325531     0.00054283
      146     0.00081281    -0.00141123
      147    -0.00195956    -0.00082157
      148    -0.00290398     0.00160704
      149    -0.00125171     0.00370098
      150     0.00171030     0.00349846
      151     0.00359969     0.00084600
      152     0.00284798    -0.00240367
      153     0.00003478    -0.00385099
      154    -0.00251653    -0.00254448
      155    -0.00264652     0.00015867
      156    -0.00021349     0.00167706
      157     0.00272550     0.00039518
      158     0.00364424    -0.00291158
      159     0.00173622    -0.00570509
      160    -0.00136372    -0.00587158
      161    -0.00298824    -0.00356102
      162    -0.00175925    -0.00105120
      163     0.00122735    -0.00075102
      164     0.00338605    -0.00312290
      165     0.00287840    -0.00633189
      166     0.00013551    -0.00785814
      167    -0.00258830    -0.00660940
      168    -0.00313708    -0.00374218
      169    -0.00117017    -0.00161416
      170     0.00168449    -0.00186605
      171     0.00321171    -0.00421876
      172     0.00230509    -0.00682933
      173    -0.00032010    -0.00775826
      174    -0.00278816    -0.00634896
      175    -0.00344947    -0.00356402
      176    -0.00195052    -0.00119878
      177     0.00066811    -0.00065285
      178     0.00276116    -0.00210848
      179     0.00312830    -0.00455463
      180     0.00166125    -0.00650443
      181    -0.00071422    -0.00688179
      182    -0.00265128    -0.00556127
      183    -0.00313265    -0.00333315
      184    -0.00195245    -0.00140680
      185     0.00026523    -0.00077341
      186     0.00244458    -0.00175490
      187     0.00359647    -0.00391759
      188     0.00325226    -0.00633370
      189     0.00162033    -0.00802612
      190    -0.00056120    -0.00838351
      191    -0.00237455    -0.00737943
      192    -0.00310760    -0.00553335
      193    -0.00252129    -0.00366088
      194    -0.00091020    -0.00253200
      195     0.00104584    -0.00257671
      196     0.00256097    -0.00374180
      197     0.00303997    -0.00553604
      198     0.00228472    -0.00723059
      199     0.00054539    -0.00813052
      200    -0.00158961    -0.00781731
      201    -0.00341192    -0.00628124
      202    -0.00434024    -0.00390842
      203    -0.00411297    -0.00133513
      204    -0.00286536     0.00077402
      205    -0.00106874     0.00194764
      206     0.00063775     0.00205434
      207     0.00166184     0.00133417
      208     0.00165423     0.00030794
      209     0.00062265    -0.00040346
      210    -0.00107375    -0.00029055
      211    -0.00284124     0.00087120
      212    -0.00404259     0.00293726
      213    -0.00420784     0.00542843
      214    -0.00319438     0.00767532
      215    -0.00124487     0.00903012
      216     0.00107975     0.00908025
      217     0.00307854     0.00779398
      218     0.00413924     0.00554556
      219     0.00395348     0.00300681
      220     0.00264280     0.00092546
      221     0.00073205    -0.00013679
      222    -0.00102594    -0.00001494
      223    -0.00192600     0.00098371
      224    -0.00159141     0.00218226
      225    -0.00014886     0.00279495
      226     0.00178667     0.00225821
      227     0.00333563     0.00050186
      228     0.00371806    -0.00196517
      229     0.00261685    -0.00421981
      230     0.00037414    -0.00530372
      231    -0.00209885    -0.00467191
      232    -0.00370247    -0.00250433
      233    -0.00367971     0.00030090
      234    -0.00204791     0.00250815
      235     0.00032295     0.00316354
      236     0.00209793     0.00215020
      237     0.00219575     0.00034203
      238     0.00046660    -0.00081681
      239    -0.00210703    -0.00015464
      240    -0.00391182     0.00243181
      241    -0.00370322     0.00577648
      242    -0.00150074     0.00809117
      243     0.00128904     0.00815060
      244     0.00274555     0.00622863
      245     0.00180344     0.00403650
      246    -0.00086430     0.00355418
      247    -0.00322206     0.00551982
      248    -0.00337194     0.00875077
      249    -0.00108598     0.01095583
      250     0.00190177     0.01052994
      251     0.00321655     0.00791778
      252     0.00179749     0.00534385
      253    -0.00114402     0.00500886
      254    -0.00306449     0.00720425
      255    -0.00223134     0.00998699
      256     0.00074779     0.01079063
      257     0.00339154     0.00864402
      258     0.00347529     0.00505736
      259     0.00099227     0.00274071
      260    -0.00180961     0.00323233
      261    -0.00239437     0.00553079
      262    -0.00018498     0.00697156
      263     0.00291395     0.00559340
      264     0.00419844     0.00189024
      265     0.00255526    -0.00161616
      266    -0.00056937    -0.00259406
      267    -0.00246470    -0.00092667
      268    -0.00153641     0.00123582
      269     0.00134062     0.00139574
      270     0.00363853    -0.00113456
      271     0.00336967    -0.00469760
      272     0.00073221    -0.00675511
      273    -0.00213896    -0.00601456
      274    -0.00299468    -0.00342213
      275    -0.00127654    -0.00129202
      276     0.00153718    -0.00141315
      277     0.00318869    -0.00370066
      278     0.00239225    -0.00637502
      279    -0.00027968    -0.00738575
      280    -0.00293664    -0.00590983
      281    -0.00379493    -0.00284575
      282    -0.00239609    -0.00007297
      283     0.00018330     0.00088045
      284     0.00215468    -0.00018935
      285     0.00222104    -0.00213530
      286     0.00035771    -0.00328613
      287    -0.00225828    -0.00252032
      288    -0.00403655     0.00008359
      289    -0.00393880     0.00336006
      290    -0.00204332     0.00578672
      291     0.00056676     0.00635867
      292     0.00246687     0.00510907
      293     0.00269539     0.00302341
      294     0.00125412     0.00144344
      295    -0.00093910     0.00131747
      296    -0.00258208     0.00270385
      297    -0.00269437     0.00477161
      298    -0.00111939     0.00626772
      299     0.00142586     0.00618163
      300     0.00375250     0.00425286
      301     0.00482039     0.00107111
      302     0.00424828    -0.00225630
      303     0.00246461    -0.00467213
      304     0.00045259    -0.00567163
      305    -0.00074929    -0.00549998
      306    -0.00052696    -0.00498071
      307     0.00107299    -0.00509750
      308     0.00342837    -0.00655284
      309     0.00566428    -0.00950382
      310     0.00703819    -0.01356231
      311     0.00721268    -0.01801522
      312     0.00632798    -0.02213451
      313     0.00488493    -0.02544049
      314     0.00351771    -0.02782824
      315     0.00276206    -0.02954081
      316     0.00290160    -0.03103236
      317     0.00392055    -0.03279276
      318     0.00555137    -0.03519469
      319     0.00738327    -0.03840381
      320     0.00898423    -0.04236096
      321     0.01000185    -0.04682273
      322     0.01022402    -0.05143550
      323     0.00959654    -0.05581746
      324     0.00820670    -0.05962916
      325     0.00624186    -0.06262186
      326     0.00394117    -0.06465936
      327     0.00155171    -0.06571807
      328    -0.00070890    -0.06587027
      329    -0.00267622    -0.06525712
      330    -0.00424973    -0.06405838
      331    -0.00539160    -0.06246391
      332    -0.00611649    -0.06065089
      333    -0.00648052    -0.05876826
      334    -0.00656484    -0.05692781
      335    -0.00645831    -0.05520339
      336    -0.00624821    -0.05363488
      337    -0.00601443    -0.05223469
      338    -0.00583004    -0.05099520
      339    -0.00577024    -0.04989498
      340    -0.00593275    -0.04890276
      341    -0.00647824    -0.04797853
      342    -0.00771518    -0.04707141
      343    -0.01029814    -0.04611400
      344    -0.01577088    -0.04501288
      345    -0.02847804    -0.04363205
      346    -0.06587392    -0.04174552
      347    -0.29670416    -0.03857505
      348    -0.31728746    -0.03393164
      349    -0.12039955    -0.02962013
      350    -0.09018313    -0.02511784
      351    -0.08399718    -0.01951060
      352    -0.08544854    -0.01232577
      353    -0.08989744    -0.00318574
      354    -0.09518368     0.00817806
      355    -0.09987023     0.02187617
      356    -0.10277054     0.03780458
      357    -0.10282541     0.05559275
      358    -0.09911118     0.07456795
      359    -0.09090993     0.09374798
      360    -0.07780830     0.11187304
      361    -0.05980002     0.12748378
      362    -0.03736546     0.13904568
      363    -0.01152283     0.14511255
      364     0.01618764     0.14451622
      365     0.04379832     0.13655367
      366     0.06906744     0.12114630
      367     0.08969717     0.09894308
      368     0.10359011     0.07134362
      369     0.10911286     0.04042721
      370     0.10533051     0.00878662
      371     0.09217605    -0.02071992
      372     0.07052568    -0.04527216
      373     0.04216146    -0.06240951
      374     0.00961278    -0.07032835
      375    -0.02408985    -0.06811288
      376    -0.05574642    -0.05586870
      377    -0.08236301    -0.03472703
      378    -0.10149633    -0.00671760
      379    -0.11153757     0.02547723
      380    -0.11188814     0.05885510
      381    -0.10300009     0.09046495
      382    -0.08627764     0.11776046
      383    -0.06386062     0.13888199
      384    -0.03833212     0.15282654
      385    -0.01240603     0.15948761
      386     0.01134932     0.15957216
      387     0.03070704     0.15442392
      388     0.04387279     0.14579581
      389     0.04947539     0.13561661
      390     0.04648999     0.12578886
      391     0.03416196     0.11803951
      392     0.01202491     0.11382857
      393    -0.01983814     0.11430727
      394    -0.06021732     0.12030393
      395    -0.10607539     0.13232012
      396    -0.15230959     0.15051984
      397    -0.19264331     0.17469946
      398    -0.22141098     0.20423389
      399    -0.23496685     0.23800587
      400    -0.23184306     0.27433863
      401    -0.21206679     0.31096036
      402    -0.17649205     0.34502928
      403    -0.13252474     0.37362314
      404    -0.08007528     0.39476244
      405    -0.01377578     0.40480272
      406     0.06342385     0.39925616
      407     0.14692005     0.37373400
      408     0.23022125     0.32471152
      409     0.30499745     0.25049186
      410     0.36156142     0.15225171
      411     0.38989996     0.03497117
      412     0.38127010    -0.09203058
      413     0.33020885    -0.21526408
      414     0.23665063    -0.31821504
      415     0.10766256    -0.38360174
      416    -0.04180281    -0.39663572
      417    -0.18972709    -0.34885172
      418    -0.30981763    -0.24172904
      419    -0.37627478    -0.08905959
      420    -0.36996863     0.08305144
      421    -0.28480978     0.23942787
      422    -0.13253221     0.34255792
      423     0.05613589     0.36207125
      424     0.23560642     0.28498372
      425     0.35546120     0.12361685
      426     0.37508079    -0.08240160
      427     0.27925985    -0.27296098
      428     0.08921650    -0.38375031
      429    -0.13709308    -0.36891378
      430    -0.31933818    -0.22283137
      431    -0.38272288     0.00891862
      432    -0.29123918     0.23828244
      433    -0.07195455     0.36565914
      434     0.18501646     0.32479306
      435     0.35884790     0.12239933
      436     0.35514425    -0.15113726
      437     0.16266702    -0.35530914
      438    -0.12468212    -0.37072789
      439    -0.34499065    -0.17471497
      440    -0.35788115     0.12701735
      441    -0.14066678     0.34713834
      442     0.17547118     0.33132546
      443     0.37332413     0.07499895
      444     0.29839146    -0.24769525
      445    -0.00902989    -0.39068842
      446    -0.31442833    -0.22625663
      447    -0.35840834     0.12566906
      448    -0.08544527     0.36456694
      449     0.27097736     0.26180039
      450     0.37058959    -0.10398287
      451     0.09717798    -0.37850879
      452    -0.28243883    -0.26656078
      453    -0.35613919     0.13064649
      454    -0.02210257     0.37284160
      455     0.34244162     0.16177948
      456     0.28563798    -0.26399482
      457    -0.14028282    -0.36529879
      458    -0.38214916     0.00882896
      459    -0.09653948     0.36051418
      460     0.32894319     0.18563770
      461     0.27289255    -0.27694418
      462    -0.19495225    -0.33802548
      463    -0.36554731     0.10689666
      464     0.03256207     0.37395668
      465     0.37899937     0.04125009
      466     0.12418520    -0.36697653
      467    -0.32898585    -0.20085583
      468    -0.26034743     0.27727591
      469     0.22054655     0.30939394
      470     0.35116739    -0.15322865
      471    -0.07385721    -0.37723730
      472    -0.38288934    -0.00924451
      473    -0.09008308     0.37114363
      474     0.34351432     0.16756827
      475     0.23856183    -0.29902946
      476    -0.23943144    -0.29839668
      477    -0.34454508     0.16751091
      478     0.08503894     0.37392118
      479     0.38237381     0.00326386
      480     0.09044503    -0.37011648
      481    -0.34000108    -0.17413337
      482    -0.25352763     0.28933995
      483     0.21452697     0.31950032
      484     0.36052185    -0.12316948
      485    -0.02740365    -0.37736186
      486    -0.37518553    -0.07364447
      487    -0.18322488     0.34260559
      488     0.26570905     0.28176849
      489     0.34293786    -0.15830047
      490    -0.04464712    -0.36960802
      491    -0.37168204    -0.08245414
      492    -0.22815477     0.31922562
      493     0.18770109     0.34541782
      494     0.38263905    -0.01065222
      495     0.16011357    -0.33692869
      496    -0.22176562    -0.30116574
      497    -0.38114564     0.03512863
      498    -0.18819615     0.34137707
      499     0.16446951     0.35375800
      500     0.37606029     0.08234504
      501     0.29150295    -0.24235831
      502    -0.00674578    -0.37671717
      503    -0.29438593    -0.23857934
      504    -0.37824470     0.06167911
      505    -0.21646603     0.32043321
      506     0.07671043     0.37978895
      507     0.31966013     0.21527575
      508     0.37580936    -0.06720161
      509     0.22342759    -0.30565645
      510    -0.04618589    -0.37483266
      511    -0.28834880    -0.24667185
      512    -0.38295930     0.00602947
      513    -0.29021520     0.25521606
      514    -0.06149380     0.38333260
      515     0.19281064     0.33623216
      516     0.35796648     0.14158879
      517     0.36525058    -0.11035304
      518     0.21722668    -0.31046222
      519    -0.01923146    -0.37756353
      520    -0.24524462    -0.28907575
      521    -0.37162167    -0.08532547
      522    -0.35264690     0.15093223
      523    -0.20010019     0.32906432
      524     0.02536789     0.38472174
      525     0.23976828     0.30126749
      526     0.36724109     0.11230791
      527     0.36587636    -0.11345923
      528     0.23972299    -0.29801733
      529     0.03444234    -0.38072584
      530    -0.18030441    -0.33713105
      531    -0.33478534    -0.18464692
      532    -0.38131401     0.02543129
      533    -0.30787681     0.22585765
      534    -0.13986754     0.35497352
      535     0.06958765     0.37507936
      536     0.25691554     0.28245293
      537     0.36733660     0.10673916
      538     0.37034407    -0.09930240
      539     0.26726870    -0.27603724
      540     0.08937489    -0.37414674
      541    -0.11228840    -0.36789244
      542    -0.28187293    -0.26107628
      543    -0.37410966    -0.08461043
      544    -0.36591896     0.11302718
      545    -0.26146068     0.27939387
      546    -0.08980041     0.37189467
      547     0.10365951     0.36825406
      548     0.26936909     0.27125772
      549     0.36616468     0.10700268
      550     0.37107417    -0.08246823
      551     0.28422496    -0.25000921
      552     0.12800254    -0.35491169
      553    -0.05900576    -0.37240943
      554    -0.23160203    -0.29907065
      555    -0.34875082    -0.15305414
      556    -0.38304749     0.03060231
      557    -0.32681462     0.20841220
      558    -0.19358712     0.33859878
      559    -0.01477072     0.39069358
      560     0.16769891     0.35247124
      561     0.31103288     0.23272435
      562     0.38145716     0.05928279
      563     0.36208757    -0.12730239
      564     0.25703595    -0.28305344
      565     0.09075652    -0.37080854
      566    -0.09734141    -0.36911509
      567    -0.26193290    -0.27768979
      568    -0.36251439    -0.11804365
      569    -0.37338862     0.07109295
      570    -0.29047980     0.24271499
      571    -0.13315464     0.35293836
      572     0.05970347     0.37219883
      573     0.23877260     0.29345321
      574     0.35659816     0.13509295
      575     0.38021551    -0.06258852
      576     0.30081392    -0.24699284
      577     0.13759518    -0.36686936
      578    -0.06579352    -0.38670292
      579    -0.25203824    -0.29790615
      580    -0.36588059    -0.12326366
      581    -0.37076798     0.08748043
      582    -0.26153129     0.27068343
      583    -0.06863022     0.36761511
      584     0.14856384     0.34381250
      585     0.31882577     0.20268457
      586     0.38223333    -0.01211787
      587     0.31225291    -0.22813680
      588     0.12860256    -0.36740783
      589    -0.10540093    -0.37486965
      590    -0.30256277    -0.24180820
      591    -0.38366801    -0.01420220
      592    -0.31055094     0.22004604
      593    -0.10665308     0.36333211
      594     0.14612340     0.34951714
      595     0.33724089     0.17721165
      596     0.37527405    -0.08178232
      597     0.23415619    -0.30783006
      598    -0.02545819    -0.38687502
      599    -0.27604985    -0.27014684
      600    -0.38264335    -0.00933205
      601    -0.27734571     0.25816725
      602    -0.00877801     0.37697764
      603     0.27007932     0.26577780
      604     0.38326129    -0.01949854
      605     0.24541121    -0.30130812
      606    -0.06419135    -0.38473980
      607    -0.33269811    -0.19689639
      608    -0.35436846     0.13740353
      609    -0.09627547     0.36288159
      610     0.24573167     0.28598513
      611     0.38113251    -0.04568782
      612     0.17510614    -0.34823335
      613    -0.19856698    -0.33513950
      614    -0.38331190    -0.00132578
      615    -0.18107418     0.33076510
      616     0.21401957     0.31085977
      617     0.37950366    -0.05535438
      618     0.11891128    -0.36962417
      619    -0.28225333    -0.26459770
      620    -0.35071026     0.15032171
      621     0.00834468     0.37870812
      622     0.35871479     0.12966372
      623     0.25233393    -0.29129765
      624    -0.18386949    -0.33920138
      625    -0.37837582     0.05908729
      626    -0.06274755     0.37569864
      627     0.34001917     0.17404244
      628     0.26878906    -0.27428886
      629    -0.18485807    -0.33692655
      630    -0.37357844     0.08482977
      631    -0.01491141     0.38212216
      632     0.36694734     0.10892328
      633     0.19237552    -0.33130392
      634    -0.28053500    -0.26094438
      635    -0.31354541     0.22060266
      636     0.15578180     0.35041120
      637     0.37195946    -0.09058858
      638    -0.02933338    -0.38119273
      639    -0.38211354    -0.02722758
      640    -0.07983689     0.37563371
      641     0.36190761     0.12648606
      642     0.16523232    -0.34449963
      643    -0.32696214    -0.19853092
      644    -0.22935615     0.30808260
      645     0.28598905     0.25610787
      646     0.27684331    -0.26338689
      647    -0.24311048    -0.29467505
      648    -0.31294995     0.22241963
      649     0.19821741     0.32927902
      650     0.34102172    -0.17307303
      651    -0.14954204    -0.35123878
      652    -0.36273800     0.12431390
      653     0.09443164     0.37250112
      654     0.37793259    -0.06228100
      655    -0.02955259    -0.38107254
      656    -0.38285614    -0.00612544
      657    -0.04586072     0.38067493
      658     0.37302132     0.08810527
      659     0.13238927    -0.35971092
      660    -0.33909277    -0.17831566
      661    -0.22369870     0.31016726
      662     0.27337607     0.26759516
      663     0.30979114    -0.22667683
      664    -0.16735697    -0.34585119
      665    -0.36986907     0.09791734
      666     0.02269043     0.38082838
      667     0.37835349     0.05856951
      668     0.14511842    -0.35620235
      669    -0.30891221    -0.22823747
      670    -0.29791196     0.23925488
      671     0.15221742     0.34995218
      672     0.38003919    -0.04910199
      673     0.06548947    -0.37880972
      674    -0.33974458    -0.17841027
      675    -0.27508112     0.26544897
      676     0.16268123     0.34564331
      677     0.38126579    -0.03812861
      678     0.09682707    -0.37174074
      679    -0.31221800    -0.22305496
      680    -0.32029679     0.20894206
      681     0.07549202     0.37437749
      682     0.37597155     0.07254834
      683     0.21512281    -0.31839139
      684    -0.20425699    -0.32548843
      685    -0.37924542     0.05200662
      686    -0.11037826     0.36518878
      687     0.28407035     0.25536986
      688     0.35552168    -0.14437329
      689     0.03146005    -0.38345807
      690    -0.32537322    -0.20393457
      691    -0.33053532     0.19232868
      692     0.01423354     0.38144101
      693     0.34243365     0.17017779
      694     0.31634378    -0.21674345
      695    -0.03209079    -0.38252030
      696    -0.34736415    -0.16251974
      697    -0.31399752     0.21940190
      698     0.03254532     0.38155069
      699     0.34638841     0.16330827
      700     0.31475616    -0.21793721
      701    -0.03217378    -0.38138569
      702    -0.34762855    -0.16070331
      703    -0.31097461     0.22439851
      704     0.04512270     0.38105926
      705     0.35577194     0.14261106
      706     0.29218088    -0.24687833
      707    -0.08562779    -0.37253312
      708    -0.37210804    -0.09038697
      709    -0.24499814     0.29559799
      710     0.16264419     0.34793007
      711     0.38292396    -0.00497492
      712     0.14510603    -0.35309975
      713    -0.27383421    -0.26649159
      714    -0.34829914     0.16150027
      715     0.03306691     0.38350893
      716     0.37255756     0.09059403
      717     0.19300066    -0.32854523
      718    -0.26760971    -0.27178590
      719    -0.33069213     0.19629646
      720     0.11818935     0.36720319
      721     0.37996265    -0.04479648
      722     0.01400620    -0.37960772
      723    -0.37742068    -0.06259777
      724    -0.10742919     0.37102159
      725     0.35685668     0.14273498
      726     0.16326905    -0.34344073
      727    -0.33810630    -0.17683458
      728    -0.19022813     0.33497130
      729     0.32928991     0.19841595
      730     0.19811911    -0.32631745
      731    -0.32889110    -0.19459999
      732    -0.19025822     0.33282735
      733     0.33714212     0.18265008
      734     0.17308896    -0.34303210
      735    -0.34729498    -0.16224309
      736    -0.14592530     0.35080379
      737     0.36009216     0.12836307
      738     0.12000515    -0.36911983
      739    -0.36700575    -0.11494408
      740    -0.10379162     0.36292298
      741     0.36822989     0.09925523
      742     0.11362582    -0.37084656
      743    -0.35994733    -0.13648997
      744    -0.15880032     0.34429675
      745     0.33025984     0.18961757
      746     0.23515323    -0.30585303
      747    -0.26085037    -0.28405472
      748    -0.32512930     0.19983475
      749     0.12703438     0.35853162
      750     0.38132892    -0.03675272
      751     0.07170795    -0.37849582
      752    -0.33706629    -0.18433938
      753    -0.28327552     0.25624131
      754     0.14047057     0.35470824
      755     0.38284624     0.00390963
      756     0.15917499    -0.34951852
      757    -0.24766761    -0.29335241
      758    -0.37221033     0.09047589
      759    -0.09210689     0.37128105
      760     0.28152532     0.25917905
      761     0.36503390    -0.11578111
      762     0.08685560    -0.37307318
      763    -0.27272176    -0.26901729
      764    -0.37320511     0.08727125
      765    -0.12963165     0.36095044
      766     0.22928583     0.30733544
      767     0.38245427    -0.01829856
      768     0.20023765    -0.32563979
      769    -0.15410719    -0.34978703
      770    -0.37563434    -0.07450578
      771    -0.27900859     0.26370854
      772     0.05118261     0.38083927
      773     0.33793223     0.18155356
      774     0.34417239    -0.16672157
      775     0.06635622    -0.37587558
      776    -0.26588326    -0.27436315
      777    -0.37947154     0.05379825
      778    -0.18114974     0.33894573
      779     0.16638570     0.34646269
      780     0.37700163     0.06929661
      781     0.27573134    -0.26448483
      782    -0.05514897    -0.37764439
      783    -0.34061586    -0.17383324
      784    -0.33985335     0.17814276
      785    -0.05062621     0.38111125
      786     0.28279946     0.25978708
      787     0.37318434    -0.08493779
      788     0.13879928    -0.35557855
      789    -0.21844252    -0.31322164
      790    -0.38299895     0.00866740
      791    -0.20469437     0.32524749
      792     0.15973760     0.34962933
      793     0.37928127     0.05520978
      794     0.24833816    -0.29023147
      795    -0.11611284    -0.36361231
      796    -0.37187332    -0.09028619
      797    -0.27001238     0.27291166
      798     0.09744574     0.37166965
      799     0.36993265     0.10086745
      800     0.26733050    -0.27345513
      801    -0.11424665    -0.36470803
      802    -0.37687978    -0.06723815
      803    -0.23033029     0.30669904
      804     0.17490479     0.34143310
      805     0.38284418    -0.01416150
      806     0.14258976    -0.35511046
      807    -0.27096404    -0.27032876
      808    -0.35302681     0.14884756
      809     0.00994953     0.38316696
      810     0.36222134     0.12494180
      811     0.23952543    -0.29886718
      812    -0.20506640    -0.32346902
      813    -0.37140309     0.09358739
      814    -0.02303743     0.38229916
      815     0.35886843     0.13393808
      816     0.23065052    -0.30598448
      817    -0.22977545    -0.30663925
      818    -0.35743987     0.13756771
      819     0.03691426     0.38111666
      820     0.37739047     0.06540963
      821     0.16289894    -0.34679696
      822    -0.29125294    -0.24891997
      823    -0.31747857     0.21434685
      824     0.12075447     0.36351982
      825     0.38267397    -0.01632135
      826     0.09157310    -0.37185201
      827    -0.32993664    -0.19453420
      828    -0.28349369     0.25780609
      829     0.15909396     0.34864172
      830     0.38077322    -0.04142843
      831     0.08402774    -0.37349723
      832    -0.32406070    -0.20401674
      833    -0.30358180     0.23382787
      834     0.11022667     0.36707902
      835     0.38174568     0.03212835
      836     0.17342514    -0.34139699
      837    -0.24797550    -0.29179919
      838    -0.36616328     0.11240916
      839    -0.04500427     0.38040181
      840     0.32835469     0.19732981
      841     0.31643481    -0.21620912
      842    -0.06223749    -0.37825881
      843    -0.36840991    -0.10489504
      844    -0.25196278     0.28778325
      845     0.15254235     0.35065554
      846     0.38299604     0.01197713
      847     0.17531668    -0.34179831
      848    -0.23404887    -0.30443279
      849    -0.37334688     0.08363257
      850    -0.07761632     0.37346159
      851     0.31041825     0.22283013
      852     0.33071969    -0.19526998
      853    -0.04656090    -0.38213928
      854    -0.36840846    -0.10677549
      855    -0.23713732     0.29878368
      856     0.19079522     0.33011600
      857     0.37881622    -0.05866415
      858     0.08196901    -0.37613340
      859    -0.32225992    -0.20906958
      860    -0.30456020     0.23059989
      861     0.11767178     0.36278006
      862     0.38289303     0.00590477
      863     0.12941596    -0.36199711
      864    -0.30178055    -0.23742581
      865    -0.31766198     0.21292112
      866     0.10750453     0.36647150
      867     0.38289850     0.00658630
      868     0.12092604    -0.36439782
      869    -0.31173610    -0.22356332
      870    -0.30431783     0.23193422
      871     0.13358213     0.35827425
      872     0.38233208    -0.02357435
      873     0.08997397    -0.37295286
      874    -0.32949352    -0.19597425
      875    -0.28388716     0.25656888
      876     0.16138632     0.34679070
      877     0.37977932    -0.05099667
      878     0.06602436    -0.37806547
      879    -0.33976609    -0.17756331
      880    -0.27135306     0.26934804
      881     0.17495918     0.33976610
      882     0.37802805    -0.06365864
      883     0.05626216    -0.38021838
      884    -0.34334210    -0.17108228
      885    -0.26690181     0.27313485
      886     0.17914650     0.33697479
      887     0.37744034    -0.06739354
      888     0.05469570    -0.38091250
      889    -0.34315709    -0.17199545
      890    -0.26930894     0.27056427
      891     0.17317057     0.33983875
      892     0.37905623    -0.05679004
      893     0.07024901    -0.37829329
      894    -0.33302785    -0.19105790
      895    -0.28886258     0.25005491
      896     0.14035393     0.35487432
      897     0.38280123    -0.01257908
      898     0.12108128    -0.36466266
      899    -0.29846172    -0.24139450
      900    -0.33023405     0.19324711
      901     0.06320269     0.37687706
      902     0.37495216     0.07708489
      903     0.20988395    -0.32102527
      904    -0.21968613    -0.31440335
      905    -0.37343625     0.08534513
      906    -0.06237359     0.37767105
      907     0.32512780     0.20221396
      908     0.31241631    -0.22157732
      909    -0.08184303    -0.37418473
      910    -0.37621693    -0.07233429
      911    -0.21621883     0.31647863
      912     0.20290946     0.32516948
      913     0.37913318    -0.05392533
      914     0.10478503    -0.36799948
      915    -0.29309550    -0.24618957
      916    -0.34559703     0.16573014
      917     0.00705039     0.38349169
      918     0.35112377     0.15363250
      919     0.28593742    -0.25443850
      920    -0.11152244    -0.36600197
      921    -0.37938487    -0.05225721
      922    -0.20721300     0.32253197
      923     0.20535313     0.32372456
      924     0.37968346    -0.05055245
      925     0.11239767    -0.36589847
      926    -0.28632810    -0.25416129
      927    -0.35000823     0.15595245
      928    -0.00142699     0.38335906
      929     0.34950549     0.15703107
      930     0.28366155    -0.25698237
      931    -0.12418753    -0.36193410
      932    -0.38218117    -0.02632917
      933    -0.17118384     0.34332744
      934     0.25329553     0.28798741
      935     0.36020224    -0.12924066
      936     0.00784512    -0.38202991
      937    -0.35609583    -0.14036659
      938    -0.25423244     0.28782972
      939     0.18654756     0.33584130
      940     0.37649210    -0.06847793
      941     0.04957852    -0.37817404
      942    -0.34795047    -0.15863220
      943    -0.25324743     0.28935236
      944     0.20697410     0.32426131
      945     0.36529803    -0.11318240
      946    -0.01999633    -0.38049855
      947    -0.37617505    -0.06990600
      948    -0.15526604     0.35192474
      949     0.30858283     0.22880405
      950     0.28571530    -0.25414256
      951    -0.19498428    -0.32863534
      952    -0.35941000     0.13194825
      953     0.06736424     0.37705669
      954     0.38345887    -0.00452064
      955     0.05670158    -0.38018790
      956    -0.36577595    -0.11420843
      957    -0.16313081     0.34378986
      958     0.32088242     0.20662783
      959     0.25118226    -0.29315552
      960    -0.25381926    -0.29076290
      961    -0.31718810     0.21026509
      962     0.17143902     0.33812364
      963     0.36202369    -0.12902543
      964    -0.07493214    -0.37966316
      965    -0.38273738     0.01789608
      966    -0.03464281     0.37831334
      967     0.37149433     0.08928202
      968     0.14992550    -0.35453690
      969    -0.32234721    -0.20917731
      970    -0.26164990     0.27883668
      971     0.22598967     0.30826502
      972     0.34724026    -0.16149907
      973    -0.08613412    -0.37332175
      974    -0.38327308     0.00337694
      975    -0.08386468     0.37441531
      976     0.34334492     0.17032318
      977     0.24833441    -0.29037736
      978    -0.21888470    -0.31312354
      979    -0.36108268     0.12983969
      980     0.02533923     0.38394051
      981     0.37394603     0.08431994
      982     0.18629442    -0.33251553
      983    -0.26488742    -0.27454896
      984    -0.34400189     0.17114649
      985     0.05401656     0.38175446
      986     0.37677972     0.07120035
      987     0.18642021    -0.33177776
      988    -0.25456994    -0.28338819
      989    -0.35517963     0.14657448
      990     0.01343363     0.38584724
      991     0.36350589     0.12375301
      992     0.24155672    -0.29405545
      993    -0.19031458    -0.32920540
      994    -0.37906512     0.05865080
      995    -0.08954004     0.37574642
      996     0.31110207     0.22678905
      997     0.32552652    -0.19848452
      998    -0.05969046    -0.37496609
      999    -0.37135842    -0.09051478
     1000    -0.23394782     0.30665743
     1001     0.18348651     0.33959377
     1002     0.38185960    -0.02752573
     1003     0.12869875    -0.35756039
     1004    -0.27512341    -0.26327646
     1005    -0.35676557     0.14213407
     1006    -0.02314939     0.38517471
     1007     0.33715062     0.18481142
     1008     0.30771270    -0.22599121
     1009    -0.07648193    -0.37311754
     1010    -0.37218881    -0.08765421
     1011    -0.23859368     0.30106230
     1012     0.17070156     0.34434632
     1013     0.38318172    -0.00906083
     1014     0.15164988    -0.35115155
     1015    -0.25656100    -0.28379168
     1016    -0.36473042     0.11650870
     1017    -0.04310604     0.38050855
     1018     0.33061859     0.19345309
     1019     0.30994580    -0.22585189
     1020    -0.08472746    -0.37424942
     1021    -0.37705134    -0.06767401
     1022    -0.20549986     0.32214927
     1023     0.22287765     0.31044017
     1024     0.37165040    -0.09440658
     1025     0.04615614    -0.38165179
     1026    -0.34017698    -0.17743505
     1027    -0.28106494     0.25864150
     1028     0.15289732     0.34961931
     1029     0.38171044    -0.03423291
     1030     0.08690671    -0.37479147
     1031    -0.33033878    -0.19562981
     1032    -0.28003461     0.25950669
     1033     0.17506254     0.33886229
     1034     0.37450510    -0.08249713
     1035     0.01389169    -0.38472613
     1036    -0.36921375    -0.10392605
     1037    -0.17926237     0.33652925
     1038     0.29584016     0.24133545
     1039     0.29337926    -0.24821485
     1040    -0.19424008    -0.33208346
     1041    -0.35534478     0.14141848
     1042     0.09596788     0.36912535
     1043     0.37900404    -0.05603212
     1044    -0.01988629    -0.38379390
     1045    -0.38315608    -0.00886320
     1046    -0.02827417     0.38131211
     1047     0.38071494     0.04056520
     1048     0.04683452    -0.38048915
     1049    -0.38022634    -0.04624130
     1050    -0.03818934     0.38058904
     1051     0.38258958     0.02363243
     1052     0.00523478    -0.38455447
     1053    -0.38230476     0.01827413
     1054     0.05020358     0.37758981
     1055     0.37336791    -0.08597155
     1056    -0.12127980    -0.36464389
     1057    -0.34893695     0.15855766
     1058     0.19660272     0.32879626
     1059     0.30310819    -0.23241344
     1060    -0.26737467    -0.27276142
     1061    -0.24330348     0.29851367
     1062     0.31974355     0.21342197
     1063     0.17930392    -0.33512460
     1064    -0.35156266    -0.14876716
     1065    -0.13104979     0.36340011
     1066     0.36446335     0.12137004
     1067     0.11428808    -0.36216093
     1068    -0.36331679    -0.11768681
     1069    -0.13840059     0.36020361
     1070     0.34505604     0.16943835
     1071     0.20380075    -0.32157444
     1072    -0.29209902    -0.24499038
     1073    -0.29413333     0.24765762
     1074     0.18089445     0.33997145
     1075     0.37034236    -0.09601277
     1076     0.00057360    -0.38101253
     1077    -0.36708944    -0.10704842
     1078    -0.21633154     0.31766238
     1079     0.22710138     0.31004180
     1080     0.36864505    -0.10319125
     1081     0.03897059    -0.37992426
     1082    -0.33643456    -0.18182140
     1083    -0.30202232     0.23600695
     1084     0.08966052     0.37289852
     1085     0.37543611     0.07707021
     1086     0.23183326    -0.30501149
     1087    -0.17187336    -0.34238531
     1088    -0.38284971     0.00129067
     1089    -0.17043326     0.34238457
     1090     0.22897489     0.30643181
     1091     0.37761230    -0.06557474
     1092     0.11372056    -0.36670497
     1093    -0.27437687    -0.26819580
     1094    -0.36243942     0.12267213
     1095    -0.05319140     0.37819766
     1096     0.31484345     0.21701751
     1097     0.33608157    -0.18487614
     1098    -0.01453368    -0.38388759
     1099    -0.34939990    -0.15807732
     1100    -0.29521761     0.24291298
     1101     0.08928736     0.37134603
     1102     0.37395745     0.08165961
     1103     0.23736272    -0.30167298
     1104    -0.16810290    -0.34522978
     1105    -0.38302891     0.00240238
     1106    -0.16087735     0.34659809
     1107     0.24620295     0.29240658
     1108     0.36986714    -0.10036498
     1109     0.06448479    -0.37846606
     1110    -0.31684577    -0.21613297
     1111    -0.32631331     0.19974531
     1112     0.05103323     0.37877277
     1113     0.36829852     0.10430305
     1114     0.24175847    -0.29785648
     1115    -0.18021372    -0.33875316
     1116    -0.38110615     0.03755524
     1117    -0.10592494     0.36732582
     1118     0.30486672     0.23111040
     1119     0.32406770    -0.20493824
     1120    -0.08246728    -0.37480370
     1121    -0.38055223    -0.04412896
     1122    -0.15874916     0.34778185
     1123     0.28721443     0.25261379
     1124     0.32194887    -0.20831657
     1125    -0.12030876    -0.36445192
     1126    -0.38143884     0.03389335
     1127    -0.04274794     0.37979219
     1128     0.36739986     0.10744255
     1129     0.16036886    -0.34867529
     1130    -0.32717572    -0.19999639
     1131    -0.22570036     0.30861846
     1132     0.29743457     0.24048205
     1133     0.24709768    -0.29346265
     1134    -0.29551326    -0.24449067
     1135    -0.23121339     0.30464063
     1136     0.32076332     0.20857178
     1137     0.17747580    -0.33998306
     1138    -0.35815852    -0.13642323
     1139    -0.08517337     0.37310889
     1140     0.38200701     0.02635995
     1141    -0.03715384    -0.38124637
     1142    -0.36920421     0.10242518
     1143     0.16524002     0.34580118
     1144     0.31161095    -0.22219062
     1145    -0.27149409    -0.26969383
     1146    -0.22464753     0.31087116
     1147     0.33883394     0.17922300
     1148     0.13556443    -0.35751318
     1149    -0.37010339    -0.09793671
     1150    -0.07006648     0.37729434
     1151     0.37956120     0.05210569
     1152     0.04363619    -0.37978877
     1153    -0.38005710    -0.04680863
     1154    -0.06345583     0.37845911
     1155     0.37196842     0.09208415
     1156     0.13057956    -0.35934522
     1157    -0.33839585    -0.17869852
     1158    -0.23463970     0.30347431
     1159     0.24917122     0.29163006
     1160     0.34063050    -0.17438872
     1161    -0.08082490    -0.37364263
     1162    -0.38188949    -0.02868192
     1163    -0.14628258     0.35474083
     1164     0.28537315     0.25623214
     1165     0.33956848    -0.17648034
     1166    -0.03913692    -0.38029321
     1167    -0.36666645    -0.10995124
     1168    -0.24765635     0.29282234
     1169     0.16484537     0.34637580
     1170     0.38302476    -0.00376125
     1171     0.16004303    -0.34742949
     1172    -0.24381399    -0.29484076
     1173    -0.37250706     0.08951025
     1174    -0.08569716     0.37377603
     1175     0.29553584     0.24411763
     1176     0.35055850    -0.15393483
     1177     0.02048344    -0.38206975
     1178    -0.33184433    -0.19084895
     1179    -0.32069300     0.20973821
     1180     0.04170026     0.38106577
     1181     0.35857307     0.13502223
     1182     0.28176286    -0.25925069
     1183    -0.10560916    -0.36796475
     1184    -0.37659244    -0.06945232
     1185    -0.22917703     0.30692892
     1186     0.17492412     0.34078859
     1187     0.38296784    -0.00901002
     1188     0.15708546    -0.34944952
     1189    -0.24896791    -0.29118155
     1190    -0.36880938     0.10299370
     1191    -0.05954111     0.37809914
     1192     0.32062218     0.20928832
     1193     0.32138943    -0.20874102
     1194    -0.06303248    -0.37816334
     1195    -0.37220545    -0.09066233
     1196    -0.22698833     0.30805838
     1197     0.19917025     0.32671195
     1198     0.37788994    -0.06311007
     1199     0.08026637    -0.37504096
     1200    -0.32061159    -0.21006438
     1201    -0.30895874     0.22576358
     1202     0.10619766     0.36739655
     1203     0.38231392     0.02289158
     1204     0.14709528    -0.35430791
     1205    -0.28886989    -0.25217136
     1206    -0.32783061     0.19740319
     1207     0.09276851     0.37095247
     1208     0.38266606     0.01514381
     1209     0.11801971    -0.36495456
     1210    -0.32229350    -0.20756067
     1211    -0.27850117     0.26256592
     1212     0.19336492     0.33022781
     1213     0.36381067    -0.11978579
     1214    -0.04621684    -0.38037203
     1215    -0.38239517    -0.02329840
     1216    -0.08656912     0.37321736
     1217     0.35548818     0.14260148
     1218     0.19065276    -0.33184852
     1219    -0.30501796    -0.23134194
     1220    -0.26615237     0.27598790
     1221     0.24479066     0.29511726
     1222     0.31786504    -0.21299874
     1223    -0.18222778    -0.33622009
     1224    -0.35220344     0.15130862
     1225     0.11864490     0.36493515
     1226     0.37318313    -0.08543264
     1227    -0.05294347    -0.37855720
     1228    -0.38256153     0.01934974
     1229    -0.01712567     0.38339713
     1230     0.37916868     0.05506097
     1231     0.09300067    -0.37086403
     1232    -0.35919589    -0.13222408
     1233    -0.17355379     0.34201407
     1234     0.31742996     0.21494140
     1235     0.25436077    -0.28596535
     1236    -0.24791139    -0.29154774
     1237    -0.32548905     0.20203633
     1238     0.14797583     0.35346727
     1239     0.37311154    -0.08690202
     1240    -0.02001675    -0.38258642
     1241    -0.37954944    -0.05089478
     1242    -0.12264442     0.36242942
     1243     0.33101449     0.19236085
     1244     0.25746928    -0.28439731
     1245    -0.22191631    -0.31297223
     1246    -0.35312374     0.14694494
     1247     0.06493007     0.37623648
     1248     0.38244895     0.02198231
     1249     0.11187699    -0.36801147
     1250    -0.32962332    -0.19666906
