#     Density Matrix: population Re; see the manual for detail orders
        0     0.00000000     1.00000000
        1     0.00000065     0.99999935
        2     0.00001078     0.99998922
        3     0.00002061     0.99997939
        4     0.00001738     0.99998262
        5     0.00001121     0.99998879
        6     0.00001011     0.99998989
        7     0.00000890     0.99999110
        8     0.00000640     0.99999360
        9     0.00001122     0.99998878
       10     0.00002203     0.99997797
       11     0.00002222     0.99997778
       12     0.00000770     0.99999230
       13     0.00000156     0.99999844
       14     0.00002070     0.99997930
       15     0.00004234     0.99995766
       16     0.00003319     0.99996681
       17     0.00000571     0.99999429
       18     0.00000849     0.99999151
       19     0.00005115     0.99994885
       20     0.00007889     0.99992111
       21     0.00005152     0.99994848
       22     0.00001532     0.99998468
       23     0.00004422     0.99995578
       24     0.00012262     0.99987738
       25     0.00015396     0.99984604
       26     0.00010275     0.99989725
       27     0.00005904     0.99994096
       28     0.00011269     0.99988731
       29     0.00021702     0.99978298
       30     0.00024828     0.99975172
       31     0.00017648     0.99982352
       32     0.00010409     0.99989591
       33     0.00012860     0.99987140
       34     0.00022292     0.99977708
       35     0.00027861     0.99972139
       36     0.00023667     0.99976333
       37     0.00014514     0.99985486
       38     0.00009599     0.99990401
       39     0.00012947     0.99987053
       40     0.00020487     0.99979513
       41     0.00024959     0.99975041
       42     0.00022563     0.99977437
       43     0.00015387     0.99984613
       44     0.00008717     0.99991283
       45     0.00006554     0.99993446
       46     0.00009066     0.99990934
       47     0.00013271     0.99986729
       48     0.00015654     0.99984346
       49     0.00014485     0.99985515
       50     0.00010448     0.99989552
       51     0.00005636     0.99994364
       52     0.00001992     0.99998008
       53     0.00000290     0.99999710
       54     0.00000101     0.99999899
       55     0.00000481     0.99999519
       56     0.00000736     0.99999264
       57     0.00000766     0.99999234
       58     0.00000883     0.99999117
       59     0.00001381     0.99998619
       60     0.00002216     0.99997784
       61     0.00003020     0.99996980
       62     0.00003389     0.99996611
       63     0.00003177     0.99996823
       64     0.00002604     0.99997396
       65     0.00002071     0.99997929
       66     0.00001865     0.99998135
       67     0.00001958     0.99998042
       68     0.00002050     0.99997950
       69     0.00001815     0.99998185
       70     0.00001183     0.99998817
       71     0.00000428     0.99999572
       72     0.00000015     0.99999985
       73     0.00000296     0.99999704
       74     0.00001257     0.99998743
       75     0.00002494     0.99997506
       76     0.00003438     0.99996562
       77     0.00003683     0.99996317
       78     0.00003209     0.99996791
       79     0.00002362     0.99997638
       80     0.00001614     0.99998386
       81     0.00001249     0.99998751
       82     0.00001200     0.99998800
       83     0.00001146     0.99998854
       84     0.00000815     0.99999185
       85     0.00000283     0.99999717
       86     0.00000033     0.99999967
       87     0.00000679     0.99999321
       88     0.00002491     0.99997509
       89     0.00005031     0.99994969
       90     0.00007225     0.99992775
       91     0.00007918     0.99992082
       92     0.00006649     0.99993351
       93     0.00004131     0.99995869
       94     0.00002025     0.99997975
       95     0.00002007     0.99997993
       96     0.00004643     0.99995357
       97     0.00008838     0.99991162
       98     0.00012336     0.99987664
       99     0.00013081     0.99986919
      100     0.00010574     0.99989426
      101     0.00006253     0.99993747
      102     0.00002571     0.99997429
      103     0.00001386     0.99998614
      104     0.00002791     0.99997209
      105     0.00005218     0.99994782
      106     0.00006662     0.99993338
      107     0.00006078     0.99993922
      108     0.00003923     0.99996077
      109     0.00001585     0.99998415
      110     0.00000264     0.99999736
      111     0.00000219     0.99999781
      112     0.00000857     0.99999143
      113     0.00001408     0.99998592
      114     0.00001533     0.99998467
      115     0.00001397     0.99998603
      116     0.00001307     0.99998693
      117     0.00001350     0.99998650
      118     0.00001366     0.99998634
      119     0.00001202     0.99998798
      120     0.00000921     0.99999079
      121     0.00000747     0.99999253
      122     0.00000817     0.99999183
      123     0.00001042     0.99998958
      124     0.00001212     0.99998788
      125     0.00001239     0.99998761
      126     0.00001248     0.99998752
      127     0.00001397     0.99998603
      128     0.00001617     0.99998383
      129     0.00001604     0.99998396
      130     0.00001134     0.99998866
      131     0.00000441     0.99999559
      132     0.00000193     0.99999807
      133     0.00000957     0.99999043
      134     0.00002568     0.99997432
      135     0.00004039     0.99995961
      136     0.00004257     0.99995743
      137     0.00002952     0.99997048
      138     0.00001055     0.99998945
      139     0.00000030     0.99999970
      140     0.00000671     0.99999329
      141     0.00002431     0.99997569
      142     0.00003890     0.99996110
      143     0.00003947     0.99996053
      144     0.00002667     0.99997333
      145     0.00001089     0.99998911
      146     0.00000265     0.99999735
      147     0.00000451     0.99999549
      148     0.00001102     0.99998898
      149     0.00001526     0.99998474
      150     0.00001516     0.99998484
      151     0.00001367     0.99998633
      152     0.00001389     0.99998611
      153     0.00001483     0.99998517
      154     0.00001281     0.99998719
      155     0.00000703     0.99999297
      156     0.00000286     0.99999714
      157     0.00000758     0.99999242
      158     0.00002176     0.99997824
      159     0.00003556     0.99996444
      160     0.00003634     0.99996366
      161     0.00002161     0.99997839
      162     0.00000420     0.99999580
      163     0.00000207     0.99999793
      164     0.00002122     0.99997878
      165     0.00004838     0.99995162
      166     0.00006177     0.99993823
      167     0.00005039     0.99994961
      168     0.00002385     0.99997615
      169     0.00000397     0.99999603
      170     0.00000632     0.99999368
      171     0.00002811     0.99997189
      172     0.00005196     0.99994804
      173     0.00006030     0.99993970
      174     0.00004809     0.99995191
      175     0.00002460     0.99997540
      176     0.00000524     0.99999476
      177     0.00000087     0.99999913
      178     0.00001207     0.99998793
      179     0.00003053     0.99996947
      180     0.00004507     0.99995493
      181     0.00004787     0.99995213
      182     0.00003796     0.99996204
      183     0.00002092     0.99997908
      184     0.00000579     0.99999421
      185     0.00000067     0.99999933
      186     0.00000906     0.99999094
      187     0.00002828     0.99997172
      188     0.00005070     0.99994930
      189     0.00006705     0.99993295
      190     0.00007060     0.99992940
      191     0.00006010     0.99993990
      192     0.00004028     0.99995972
      193     0.00001976     0.99998024
      194     0.00000724     0.99999276
      195     0.00000773     0.99999227
      196     0.00002056     0.99997944
      197     0.00003989     0.99996011
      198     0.00005750     0.99994250
      199     0.00006641     0.99993359
      200     0.00006364     0.99993636
      201     0.00005110     0.99994890
      202     0.00003411     0.99996589
      203     0.00001870     0.99998130
      204     0.00000881     0.99999119
      205     0.00000494     0.99999506
      206     0.00000463     0.99999537
      207     0.00000454     0.99999546
      208     0.00000283     0.99999717
      209     0.00000055     0.99999945
      210     0.00000124     0.99999876
      211     0.00000883     0.99999117
      212     0.00002497     0.99997503
      213     0.00004718     0.99995282
      214     0.00006912     0.99993088
      215     0.00008310     0.99991690
      216     0.00008362     0.99991638
      217     0.00007023     0.99992977
      218     0.00004789     0.99995211
      219     0.00002467     0.99997533
      220     0.00000784     0.99999216
      221     0.00000055     0.99999945
      222     0.00000105     0.99999895
      223     0.00000468     0.99999532
      224     0.00000729     0.99999271
      225     0.00000783     0.99999217
      226     0.00000829     0.99999171
      227     0.00001138     0.99998862
      228     0.00001769     0.99998231
      229     0.00002466     0.99997534
      230     0.00002827     0.99997173
      231     0.00002623     0.99997377
      232     0.00001998     0.99998002
      233     0.00001363     0.99998637
      234     0.00001048     0.99998952
      235     0.00001011     0.99998989
      236     0.00000902     0.99999098
      237     0.00000494     0.99999506
      238     0.00000088     0.99999912
      239     0.00000446     0.99999554
      240     0.00002122     0.99997878
      241     0.00004708     0.99995292
      242     0.00006772     0.99993228
      243     0.00006810     0.99993190
      244     0.00004634     0.99995366
      245     0.00001955     0.99998045
      246     0.00001338     0.99998662
      247     0.00004085     0.99995915
      248     0.00008795     0.99991205
      249     0.00012122     0.99987878
      250     0.00011451     0.99988549
      251     0.00007304     0.99992696
      252     0.00003179     0.99996821
      253     0.00002640     0.99997360
      254     0.00006130     0.99993870
      255     0.00010473     0.99989527
      256     0.00011701     0.99988299
      257     0.00008623     0.99991377
      258     0.00003766     0.99996234
      259     0.00000850     0.99999150
      260     0.00001372     0.99998628
      261     0.00003632     0.99996368
      262     0.00004864     0.99995136
      263     0.00003978     0.99996022
      264     0.00002120     0.99997880
      265     0.00000914     0.99999086
      266     0.00000705     0.99999295
      267     0.00000693     0.99999307
      268     0.00000389     0.99999611
      269     0.00000375     0.99999625
      270     0.00001453     0.99998547
      271     0.00003342     0.99996658
      272     0.00004617     0.99995383
      273     0.00004075     0.99995925
      274     0.00002068     0.99997932
      275     0.00000330     0.99999670
      276     0.00000436     0.99999564
      277     0.00002386     0.99997614
      278     0.00004637     0.99995363
      279     0.00005463     0.99994537
      280     0.00004355     0.99995645
      281     0.00002250     0.99997750
      282     0.00000575     0.99999425
      283     0.00000081     0.99999919
      284     0.00000468     0.99999532
      285     0.00000949     0.99999051
      286     0.00001093     0.99998907
      287     0.00001145     0.99998855
      288     0.00001630     0.99998370
      289     0.00002680     0.99997320
      290     0.00003766     0.99996234
      291     0.00004076     0.99995924
      292     0.00003219     0.99996781
      293     0.00001641     0.99998359
      294     0.00000366     0.99999634
      295     0.00000262     0.99999738
      296     0.00001398     0.99998602
      297     0.00003003     0.99996997
      298     0.00004054     0.99995946
      299     0.00004025     0.99995975
      300     0.00003217     0.99996783
      301     0.00002438     0.99997562
      302     0.00002314     0.99997686
      303     0.00002790     0.99997210
      304     0.00003237     0.99996763
      305     0.00003081     0.99996919
      306     0.00002509     0.99997491
      307     0.00002714     0.99997286
      308     0.00005470     0.99994530
      309     0.00012242     0.99987758
      310     0.00023353     0.99976647
      311     0.00037671     0.99962329
      312     0.00053026     0.99946974
      313     0.00067153     0.99932847
      314     0.00078741     0.99921259
      315     0.00088106     0.99911894
      316     0.00097237     0.99902763
      317     0.00109193     0.99890807
      318     0.00127110     0.99872890
      319     0.00153171     0.99846829
      320     0.00187870     0.99812130
      321     0.00229768     0.99770232
      322     0.00275775     0.99724225
      323     0.00321804     0.99678196
      324     0.00363621     0.99636379
      325     0.00397627     0.99602373
      326     0.00421412     0.99578588
      327     0.00434011     0.99565989
      328     0.00435839     0.99564161
      329     0.00428401     0.99571599
      330     0.00413867     0.99586133
      331     0.00394638     0.99605362
      332     0.00372985     0.99627015
      333     0.00350801     0.99649199
      334     0.00329473     0.99670527
      335     0.00309873     0.99690127
      336     0.00292429     0.99707571
      337     0.00277232     0.99722768
      338     0.00264148     0.99735852
      339     0.00252920     0.99747080
      340     0.00243259     0.99756741
      341     0.00234943     0.99765057
      342     0.00228044     0.99771956
      343     0.00223756     0.99776244
      344     0.00228008     0.99771992
      345     0.00272216     0.99727784
      346     0.00611951     0.99388049
      347     0.09940219     0.90059781
      348     0.11506194     0.88493806
      349     0.01561730     0.98438270
      350     0.00884208     0.99115792
      351     0.00749232     0.99250768
      352     0.00750977     0.99249023
      353     0.00815826     0.99184174
      354     0.00921167     0.99078833
      355     0.01056423     0.98943577
      356     0.01213831     0.98786169
      357     0.01385560     0.98614440
      358     0.01562763     0.98437237
      359     0.01735448     0.98264552
      360     0.01892798     0.98107202
      361     0.02023772     0.97976228
      362     0.02117840     0.97882160
      363     0.02165957     0.97834043
      364     0.02161415     0.97838585
      365     0.02100647     0.97899353
      366     0.01984038     0.98015962
      367     0.01816529     0.98183471
      368     0.01607937     0.98392063
      369     0.01372845     0.98627155
      370     0.01129940     0.98870060
      371     0.00900686     0.99099314
      372     0.00707347     0.99292653
      373     0.00570508     0.99429492
      374     0.00506413     0.99493587
      375     0.00524722     0.99475278
      376     0.00626827     0.99373173
      377     0.00805451     0.99194549
      378     0.01045596     0.98954404
      379     0.01326570     0.98673430
      380     0.01624684     0.98375316
      381     0.01916003     0.98083997
      382     0.02178599     0.97821401
      383     0.02393948     0.97606052
      384     0.02547424     0.97452576
      385     0.02628089     0.97371911
      386     0.02628287     0.97371713
      387     0.02543670     0.97456330
      388     0.02374507     0.97625493
      389     0.02129308     0.97870692
      390     0.01831977     0.98168023
      391     0.01533554     0.98466446
      392     0.01327784     0.98672216
      393     0.01364591     0.98635409
      394     0.01843916     0.98156084
      395     0.02963908     0.97036092
      396     0.04817529     0.95182471
      397     0.07295357     0.92704643
      398     0.10091894     0.89908106
      399     0.12832301     0.87167699
      400     0.15216799     0.84783201
      401     0.17086275     0.82913725
      402     0.18408015     0.81591985
      403     0.19529860     0.80470140
      404     0.20377278     0.79622722
      405     0.20683625     0.79316375
      406     0.20576891     0.79423109
      407     0.20211177     0.79788823
      408     0.19741017     0.80258983
      409     0.19303032     0.80696968
      410     0.19001169     0.80998831
      411     0.18894529     0.81105471
      412     0.18989763     0.81010237
      413     0.19239069     0.80760931
      414     0.19547468     0.80452532
      415     0.19790981     0.80209019
      416     0.19844963     0.80155037
      417     0.19618080     0.80381920
      418     0.19083967     0.80916033
      419     0.18300524     0.81699476
      420     0.17407721     0.82592279
      421     0.16599748     0.83400252
      422     0.16075188     0.83924812
      423     0.15977482     0.84022518
      424     0.16343813     0.83656187
      425     0.17080976     0.82919024
      426     0.17980572     0.82019428
      427     0.18774011     0.81225989
      428     0.19214270     0.80785730
      429     0.19160397     0.80839603
      430     0.18636119     0.81363881
      431     0.17837342     0.82162658
      432     0.17075659     0.82924341
      433     0.16665943     0.83334057
      434     0.16791812     0.83208188
      435     0.17404512     0.82595488
      436     0.18214769     0.81785231
      437     0.18807877     0.81192123
      438     0.18852737     0.81147263
      439     0.18305184     0.81694816
      440     0.17474983     0.82525017
      441     0.16877828     0.83122172
      442     0.16919295     0.83080705
      443     0.17595641     0.82404359
      444     0.18439011     0.81560989
      445     0.18810095     0.81189905
      446     0.18386275     0.81613725
      447     0.17480659     0.82519341
      448     0.16865419     0.83134581
      449     0.17131805     0.82868195
      450     0.18085909     0.81914091
      451     0.18809050     0.81190950
      452     0.18508151     0.81491849
      453     0.17427562     0.82572438
      454     0.16758367     0.83241633
      455     0.17356297     0.82643703
      456     0.18580630     0.81419370
      457     0.18874846     0.81125154
      458     0.17768949     0.82231051
      459     0.16726940     0.83273060
      460     0.17237976     0.82762024
      461     0.18562510     0.81437490
      462     0.18737819     0.81262181
      463     0.17604280     0.82395720
      464     0.16970299     0.83029701
      465     0.17649125     0.82350875
      466     0.18392049     0.81607951
      467     0.18152670     0.81847330
      468     0.17544294     0.82455706
      469     0.17498521     0.82501479
      470     0.17874863     0.82125137
      471     0.18025458     0.81974542
      472     0.17858082     0.82141918
      473     0.17729666     0.82270334
      474     0.17763563     0.82236437
      475     0.17802230     0.82197770
      476     0.17808074     0.82191926
      477     0.17870763     0.82129237
      478     0.17913970     0.82086030
      479     0.17785157     0.82214843
      480     0.17622000     0.82378000
      481     0.17739059     0.82260941
      482     0.18061601     0.81938399
      483     0.18078577     0.81921423
      484     0.17618944     0.82381056
      485     0.17312530     0.82687470
      486     0.17780082     0.82219918
      487     0.18527782     0.81472218
      488     0.18376398     0.81623602
      489     0.17238043     0.82761957
      490     0.16623879     0.83376121
      491     0.17587999     0.82412001
      492     0.19009614     0.80990386
      493     0.19104235     0.80895765
      494     0.17832643     0.82167357
      495     0.16706953     0.83293047
      496     0.16815786     0.83184214
      497     0.17829520     0.82170480
      498     0.18688036     0.81311964
      499     0.18726200     0.81273800
      500     0.18094209     0.81905791
      501     0.17398086     0.82601914
      502     0.17130764     0.82869236
      503     0.17378408     0.82621592
      504     0.17886664     0.82113336
      505     0.18303784     0.81696216
      506     0.18396857     0.81603143
      507     0.18145054     0.81854946
      508     0.17712035     0.82287965
      509     0.17342038     0.82657962
      510     0.17233044     0.82766956
      511     0.17441135     0.82558865
      512     0.17858777     0.82141223
      513     0.18276208     0.81723792
      514     0.18492123     0.81507877
      515     0.18413296     0.81586704
      516     0.18091911     0.81908089
      517     0.17686811     0.82313189
      518     0.17377035     0.82622965
      519     0.17277541     0.82722459
      520     0.17397809     0.82602191
      521     0.17655465     0.82344535
      522     0.17928264     0.82071736
      523     0.18113234     0.81886766
      524     0.18165167     0.81834833
      525     0.18101870     0.81898130
      526     0.17981112     0.82018888
      527     0.17865674     0.82134326
      528     0.17794634     0.82205366
      529     0.17772441     0.82227559
      530     0.17776876     0.82223124
      531     0.17778223     0.82221777
      532     0.17758276     0.82241724
      533     0.17719945     0.82280055
      534     0.17684235     0.82315765
      535     0.17677712     0.82322288
      536     0.17717691     0.82282309
      537     0.17802084     0.82197916
      538     0.17908833     0.82091167
      539     0.18004550     0.81995450
      540     0.18058437     0.81941563
      541     0.18055287     0.81944713
      542     0.18002058     0.81997942
      543     0.17924614     0.82075386
      544     0.17855300     0.82144700
      545     0.17816560     0.82183440
      546     0.17808349     0.82191651
      547     0.17806265     0.82193735
      548     0.17772754     0.82227246
      549     0.17677584     0.82322416
      550     0.17518783     0.82481217
      551     0.17333264     0.82666736
      552     0.17189478     0.82810522
      553     0.17162592     0.82837408
      554     0.17301797     0.82698203
      555     0.17604430     0.82395570
      556     0.18009671     0.81990329
      557     0.18415738     0.81584262
      558     0.18715036     0.81284964
      559     0.18832653     0.81167347
      560     0.18752423     0.81247577
      561     0.18520177     0.81479823
      562     0.18223282     0.81776718
      563     0.17955236     0.82044764
      564     0.17779933     0.82220067
      565     0.17710020     0.82289980
      566     0.17707787     0.82292213
      567     0.17707658     0.82292342
      568     0.17650500     0.82349500
      569     0.17515122     0.82484878
      570     0.17333363     0.82666637
      571     0.17181658     0.82818342
      572     0.17151327     0.82848673
      573     0.17308585     0.82691415
      574     0.17659987     0.82340013
      575     0.18137978     0.81862022
      576     0.18614411     0.81385589
      577     0.18939666     0.81060334
      578     0.18994829     0.81005171
      579     0.18738418     0.81261582
      580     0.18229343     0.81770657
      581     0.17615084     0.82384916
      582     0.17086194     0.82913806
      583     0.16811294     0.83188706
      584     0.16875727     0.83124273
      585     0.17248039     0.82751961
      586     0.17789623     0.82210377
      587     0.18305880     0.81694120
      588     0.18619613     0.81380387
      589     0.18637062     0.81362938
      590     0.18379664     0.81620336
      591     0.17969209     0.82030791
      592     0.17575032     0.82424968
      593     0.17348063     0.82651937
      594     0.17367851     0.82632149
      595     0.17617194     0.82382806
      596     0.17987339     0.82012661
      597     0.18312222     0.81687778
      598     0.18427923     0.81572077
      599     0.18248282     0.81751718
      600     0.17829053     0.82170947
      601     0.17376538     0.82623462
      602     0.17165444     0.82834556
      603     0.17378026     0.82621974
      604     0.17948387     0.82051613
      605     0.18537839     0.81462161
      606     0.18718255     0.81281745
      607     0.18291361     0.81708639
      608     0.17512577     0.82487423
      609     0.16977585     0.83022415
      610     0.17162758     0.82837242
      611     0.17960862     0.82039138
      612     0.18683650     0.81316350
      613     0.18654719     0.81345281
      614     0.17895448     0.82104552
      615     0.17166086     0.82833914
      616     0.17203380     0.82796620
      617     0.17919965     0.82080035
      618     0.18497923     0.81502077
      619     0.18326492     0.81673508
      620     0.17688129     0.82311871
      621     0.17364050     0.82635950
      622     0.17671836     0.82328164
      623     0.18145131     0.81854869
      624     0.18198360     0.81801640
      625     0.17853394     0.82146606
      626     0.17609680     0.82390320
      627     0.17736058     0.82263942
      628     0.17981558     0.82018442
      629     0.18014379     0.81985621
      630     0.17868542     0.82131458
      631     0.17788154     0.82211846
      632     0.17830858     0.82169142
      633     0.17870672     0.82129328
      634     0.17873976     0.82126024
      635     0.17902689     0.82097311
      636     0.17915109     0.82084891
      637     0.17837931     0.82162069
      638     0.17777081     0.82222919
      639     0.17867788     0.82132212
      640     0.17980414     0.82019586
      641     0.17902623     0.82097377
      642     0.17748134     0.82251866
      643     0.17800429     0.82199571
      644     0.17987367     0.82012633
      645     0.17965796     0.82034204
      646     0.17753275     0.82246725
      647     0.17741061     0.82258939
      648     0.17970039     0.82029961
      649     0.18017944     0.81982056
      650     0.17789766     0.82210234
      651     0.17709367     0.82290633
      652     0.17911498     0.82088502
      653     0.18011631     0.81988369
      654     0.17861544     0.82138456
      655     0.17764869     0.82235131
      656     0.17846672     0.82153328
      657     0.17908975     0.82091025
      658     0.17891970     0.82108030
      659     0.17893748     0.82106252
      660     0.17872190     0.82127810
      661     0.17788952     0.82211048
      662     0.17803983     0.82196017
      663     0.17961419     0.82038581
      664     0.18003344     0.81996656
      665     0.17811638     0.82188362
      666     0.17680518     0.82319482
      667     0.17841292     0.82158708
      668     0.18053086     0.81946914
      669     0.17987361     0.82012639
      670     0.17750106     0.82249894
      671     0.17694687     0.82305313
      672     0.17881593     0.82118407
      673     0.18029025     0.81970975
      674     0.17946389     0.82053611
      675     0.17771561     0.82228439
      676     0.17740812     0.82259188
      677     0.17877950     0.82122050
      678     0.17994791     0.82005209
      679     0.17942800     0.82057200
      680     0.17789259     0.82210741
      681     0.17728890     0.82271110
      682     0.17846908     0.82153092
      683     0.18007954     0.81992046
      684     0.18009945     0.81990055
      685     0.17833523     0.82166477
      686     0.17680688     0.82319312
      687     0.17736976     0.82263024
      688     0.17943692     0.82056308
      689     0.18067231     0.81932769
      690     0.17977670     0.82022330
      691     0.17788810     0.82211190
      692     0.17704464     0.82295536
      693     0.17785296     0.82214704
      694     0.17914350     0.82085650
      695     0.17961211     0.82038789
      696     0.17917999     0.82082001
      697     0.17864605     0.82135395
      698     0.17850370     0.82149630
      699     0.17852608     0.82147392
      700     0.17839165     0.82160835
      701     0.17827061     0.82172939
      702     0.17855197     0.82144803
      703     0.17915720     0.82084280
      704     0.17944146     0.82055854
      705     0.17892615     0.82107385
      706     0.17800400     0.82199600
      707     0.17768501     0.82231499
      708     0.17849448     0.82150552
      709     0.17969118     0.82030882
      710     0.17985701     0.82014299
      711     0.17852762     0.82147238
      712     0.17709939     0.82290061
      713     0.17751426     0.82248574
      714     0.17967927     0.82032073
      715     0.18089581     0.81910419
      716     0.17907386     0.82092614
      717     0.17625816     0.82374184
      718     0.17670838     0.82329162
      719     0.18045279     0.81954721
      720     0.18189138     0.81810862
      721     0.17809682     0.82190318
      722     0.17488186     0.82511814
      723     0.17807586     0.82192414
      724     0.18250678     0.81749322
      725     0.18018750     0.81981250
      726     0.17535915     0.82464085
      727     0.17686897     0.82313103
      728     0.18124071     0.81875929
      729     0.18031381     0.81968619
      730     0.17709794     0.82290206
      731     0.17756941     0.82243059
      732     0.17902062     0.82097938
      733     0.17910416     0.82089584
      734     0.18004814     0.81995186
      735     0.17896515     0.82103485
      736     0.17497307     0.82502693
      737     0.17773216     0.82226784
      738     0.18480273     0.81519727
      739     0.18047749     0.81952251
      740     0.17210640     0.82789360
      741     0.17665012     0.82334988
      742     0.18446553     0.81553447
      743     0.18092570     0.81907430
      744     0.17405183     0.82594817
      745     0.17600368     0.82399632
      746     0.18194830     0.81805170
      747     0.18177052     0.81822948
      748     0.17695664     0.82304336
      749     0.17547367     0.82452633
      750     0.17869408     0.82130592
      751     0.18125420     0.81874580
      752     0.17999170     0.82000830
      753     0.17736185     0.82263815
      754     0.17681262     0.82318738
      755     0.17842036     0.82157964
      756     0.17984359     0.82015641
      757     0.17967966     0.82032034
      758     0.17863793     0.82136207
      759     0.17802686     0.82197314
      760     0.17817751     0.82182249
      761     0.17852685     0.82147315
      762     0.17863960     0.82136040
      763     0.17867067     0.82132933
      764     0.17890550     0.82109450
      765     0.17920347     0.82079653
      766     0.17910603     0.82089397
      767     0.17845079     0.82154921
      768     0.17772122     0.82227878
      769     0.17766476     0.82233524
      770     0.17852258     0.82147742
      771     0.17966891     0.82033109
      772     0.18009097     0.81990903
      773     0.17931306     0.82068694
      774     0.17789864     0.82210136
      775     0.17702260     0.82297740
      776     0.17746170     0.82253830
      777     0.17889706     0.82110294
      778     0.18015541     0.81984459
      779     0.18018848     0.81981152
      780     0.17895834     0.82104166
      781     0.17747868     0.82252132
      782     0.17697785     0.82302215
      783     0.17787760     0.82212240
      784     0.17943042     0.82056958
      785     0.18032641     0.81967359
      786     0.17978891     0.82021109
      787     0.17825628     0.82174372
      788     0.17704698     0.82295302
      789     0.17723837     0.82276163
      790     0.17869535     0.82130465
      791     0.18013396     0.81986604
      792     0.18024504     0.81975496
      793     0.17891185     0.82108815
      794     0.17736421     0.82263579
      795     0.17703887     0.82296113
      796     0.17819472     0.82180528
      797     0.17966807     0.82033193
      798     0.18005313     0.81994687
      799     0.17910190     0.82089810
      800     0.17788714     0.82211286
      801     0.17760932     0.82239068
      802     0.17837807     0.82162193
      803     0.17924518     0.82075482
      804     0.17932609     0.82067391
      805     0.17870607     0.82129393
      806     0.17818526     0.82181474
      807     0.17828452     0.82171548
      808     0.17872680     0.82127320
      809     0.17893289     0.82106711
      810     0.17877539     0.82122461
      811     0.17858753     0.82141247
      812     0.17857261     0.82142739
      813     0.17859504     0.82140496
      814     0.17857096     0.82142904
      815     0.17863721     0.82136279
      816     0.17879316     0.82120684
      817     0.17879039     0.82120961
      818     0.17857836     0.82142164
      819     0.17846084     0.82153916
      820     0.17859992     0.82140008
      821     0.17875896     0.82124104
      822     0.17873598     0.82126402
      823     0.17865473     0.82134527
      824     0.17864086     0.82135914
      825     0.17860578     0.82139422
      826     0.17853391     0.82146609
      827     0.17859954     0.82140046
      828     0.17880326     0.82119674
      829     0.17884885     0.82115115
      830     0.17860392     0.82139608
      831     0.17838041     0.82161959
      832     0.17850065     0.82149935
      833     0.17881062     0.82118938
      834     0.17890333     0.82109667
      835     0.17869329     0.82130671
      836     0.17848513     0.82151487
      837     0.17850135     0.82149865
      838     0.17861451     0.82138549
      839     0.17864494     0.82135506
      840     0.17868373     0.82131627
      841     0.17887288     0.82112712
      842     0.17899102     0.82100898
      843     0.17864168     0.82135832
      844     0.17798205     0.82201795
      845     0.17786413     0.82213587
      846     0.17879823     0.82120177
      847     0.17994066     0.82005934
      848     0.17977851     0.82022149
      849     0.17810296     0.82189704
      850     0.17673208     0.82326792
      851     0.17752947     0.82247053
      852     0.17985296     0.82014704
      853     0.18093628     0.81906372
      854     0.17925992     0.82074008
      855     0.17674437     0.82325563
      856     0.17654890     0.82345110
      857     0.17897541     0.82102459
      858     0.18093144     0.81906856
      859     0.17993991     0.82006009
      860     0.17740618     0.82259382
      861     0.17666738     0.82333262
      862     0.17850652     0.82149348
      863     0.18029763     0.81970237
      864     0.17975403     0.82024597
      865     0.17788905     0.82211095
      866     0.17729050     0.82270950
      867     0.17852627     0.82147373
      868     0.17970151     0.82029849
      869     0.17931317     0.82068683
      870     0.17813485     0.82186515
      871     0.17782710     0.82217290
      872     0.17864905     0.82135095
      873     0.17935869     0.82064131
      874     0.17902007     0.82097993
      875     0.17816078     0.82183922
      876     0.17798964     0.82201036
      877     0.17880379     0.82119621
      878     0.17952023     0.82047977
      879     0.17901670     0.82098330
      880     0.17779021     0.82220979
      881     0.17758988     0.82241012
      882     0.17899786     0.82100214
      883     0.18020545     0.81979455
      884     0.17930224     0.82069776
      885     0.17726052     0.82273948
      886     0.17696049     0.82303951
      887     0.17906870     0.82093130
      888     0.18076021     0.81923979
      889     0.17959280     0.82040720
      890     0.17709495     0.82290505
      891     0.17670203     0.82329797
      892     0.17892172     0.82107828
      893     0.18068939     0.81931061
      894     0.17970431     0.82029569
      895     0.17746171     0.82253829
      896     0.17694429     0.82305571
      897     0.17858907     0.82141093
      898     0.18006177     0.81993823
      899     0.17961071     0.82038929
      900     0.17812887     0.82187113
      901     0.17755760     0.82244240
      902     0.17833434     0.82166566
      903     0.17923294     0.82076706
      904     0.17923757     0.82076243
      905     0.17865660     0.82134340
      906     0.17832608     0.82167392
      907     0.17843908     0.82156092
      908     0.17859754     0.82140246
      909     0.17861626     0.82138374
      910     0.17870797     0.82129203
      911     0.17892261     0.82107739
      912     0.17891970     0.82108030
      913     0.17851891     0.82148109
      914     0.17813593     0.82186407
      915     0.17830803     0.82169197
      916     0.17891401     0.82108599
      917     0.17924400     0.82075600
      918     0.17889386     0.82110614
      919     0.17828453     0.82171547
      920     0.17812223     0.82187777
      921     0.17854035     0.82145965
      922     0.17900794     0.82099206
      923     0.17901324     0.82098676
      924     0.17862029     0.82137971
      925     0.17830904     0.82169096
      926     0.17841291     0.82158709
      927     0.17879434     0.82120566
      928     0.17901123     0.82098877
      929     0.17877242     0.82122758
      930     0.17829177     0.82170823
      931     0.17815972     0.82184028
      932     0.17868345     0.82131655
      933     0.17934074     0.82065926
      934     0.17921249     0.82078751
      935     0.17820628     0.82179372
      936     0.17752271     0.82247729
      937     0.17829675     0.82170325
      938     0.17981268     0.82018732
      939     0.17998340     0.82001660
      940     0.17818566     0.82181434
      941     0.17669462     0.82330538
      942     0.17787224     0.82212776
      943     0.18040502     0.81959498
      944     0.18060005     0.81939995
      945     0.17790205     0.82209795
      946     0.17623929     0.82376071
      947     0.17812195     0.82187805
      948     0.18056075     0.81943925
      949     0.17996041     0.82003959
      950     0.17785356     0.82214644
      951     0.17754079     0.82245921
      952     0.17841936     0.82158064
      953     0.17861190     0.82138810
      954     0.17915913     0.82084087
      955     0.18024683     0.81975317
      956     0.17880787     0.82119213
      957     0.17565933     0.82434067
      958     0.17698389     0.82301611
      959     0.18224646     0.81775354
      960     0.18214356     0.81785644
      961     0.17568487     0.82431513
      962     0.17399223     0.82600777
      963     0.18016991     0.81983009
      964     0.18339131     0.81660869
      965     0.17876516     0.82123484
      966     0.17491710     0.82508290
      967     0.17747762     0.82252238
      968     0.18089824     0.81910176
      969     0.18009826     0.81990174
      970     0.17783632     0.82216368
      971     0.17766269     0.82233731
      972     0.17853110     0.82146890
      973     0.17873409     0.82126591
      974     0.17892316     0.82107684
      975     0.17940697     0.82059303
      976     0.17890145     0.82109855
      977     0.17749262     0.82250738
      978     0.17744281     0.82255719
      979     0.17943650     0.82056350
      980     0.18070765     0.81929235
      981     0.17897895     0.82102105
      982     0.17638324     0.82361676
      983     0.17680112     0.82319888
      984     0.18004441     0.81995559
      985     0.18165154     0.81834846
      986     0.17911443     0.82088557
      987     0.17569918     0.82430082
      988     0.17614003     0.82385997
      989     0.18005726     0.81994274
      990     0.18228717     0.81771283
      991     0.17976781     0.82023219
      992     0.17568265     0.82431735
      993     0.17533992     0.82466008
      994     0.17926691     0.82073309
      995     0.18251424     0.81748576
      996     0.18096673     0.81903327
      997     0.17652453     0.82347547
      998     0.17467328     0.82532672
      999     0.17766477     0.82233523
     1000     0.18183395     0.81816605
     1001     0.18218123     0.81781877
     1002     0.17840152     0.82159848
     1003     0.17505816     0.82494184
     1004     0.17597436     0.82402564
     1005     0.17981843     0.82018157
     1006     0.18203059     0.81796941
     1007     0.18035301     0.81964699
     1008     0.17713646     0.82286354
     1009     0.17606510     0.82393490
     1010     0.17783199     0.82216801
     1011     0.17994603     0.82005397
     1012     0.18017726     0.81982274
     1013     0.17892420     0.82107580
     1014     0.17798307     0.82201693
     1015     0.17807029     0.82192971
     1016     0.17844527     0.82155473
     1017     0.17851110     0.82148890
     1018     0.17864778     0.82135222
     1019     0.17918148     0.82081852
     1020     0.17944013     0.82055987
     1021     0.17867071     0.82132929
     1022     0.17752573     0.82247427
     1023     0.17758342     0.82241658
     1024     0.17912092     0.82087908
     1025     0.18029463     0.81970537
     1026     0.17938119     0.82061881
     1027     0.17734372     0.82265628
     1028     0.17690753     0.82309247
     1029     0.17886879     0.82113121
     1030     0.18065915     0.81934085
     1031     0.17967943     0.82032057
     1032     0.17714261     0.82285739
     1033     0.17669603     0.82330397
     1034     0.17915712     0.82084288
     1035     0.18095012     0.81904988
     1036     0.17924996     0.82075004
     1037     0.17656057     0.82343943
     1038     0.17714431     0.82285569
     1039     0.18012815     0.81987185
     1040     0.18063913     0.81936087
     1041     0.17792718     0.82207282
     1042     0.17667873     0.82332127
     1043     0.17872701     0.82127299
     1044     0.18014570     0.81985430
     1045     0.17888809     0.82111191
     1046     0.17781738     0.82218262
     1047     0.17842482     0.82157518
     1048     0.17901007     0.82098993
     1049     0.17861290     0.82138710
     1050     0.17798516     0.82201484
     1051     0.17895994     0.82104006
     1052     0.18048402     0.81951598
     1053     0.17827166     0.82172834
     1054     0.17610876     0.82389124
     1055     0.17874419     0.82125581
     1056     0.18011557     0.81988443
     1057     0.17890426     0.82109574
     1058     0.17868958     0.82131042
     1059     0.17734009     0.82265991
     1060     0.17733610     0.82266390
     1061     0.18110659     0.81889341
     1062     0.18028900     0.81971100
     1063     0.17512832     0.82487168
     1064     0.17708820     0.82291180
     1065     0.18256290     0.81743710
     1066     0.17994410     0.82005590
     1067     0.17476517     0.82523483
     1068     0.17727609     0.82272391
     1069     0.18203989     0.81796011
     1070     0.18027047     0.81972953
     1071     0.17587790     0.82412210
     1072     0.17649131     0.82350869
     1073     0.18038885     0.81961115
     1074     0.18110094     0.81889906
     1075     0.17808684     0.82191316
     1076     0.17622674     0.82377326
     1077     0.17784169     0.82215831
     1078     0.18016993     0.81983007
     1079     0.18015778     0.81984222
     1080     0.17835984     0.82164016
     1081     0.17729448     0.82270552
     1082     0.17789324     0.82210676
     1083     0.17893421     0.82106579
     1084     0.17920772     0.82079228
     1085     0.17889579     0.82110421
     1086     0.17871924     0.82128076
     1087     0.17870287     0.82129713
     1088     0.17840330     0.82159670
     1089     0.17793587     0.82206413
     1090     0.17802168     0.82197832
     1091     0.17889425     0.82110575
     1092     0.17969530     0.82030470
     1093     0.17939378     0.82060622
     1094     0.17814721     0.82185279
     1095     0.17729704     0.82270296
     1096     0.17785562     0.82214438
     1097     0.17926648     0.82073352
     1098     0.17997017     0.82002983
     1099     0.17917096     0.82082904
     1100     0.17775809     0.82224191
     1101     0.17730836     0.82269164
     1102     0.17830522     0.82169478
     1103     0.17960594     0.82039406
     1104     0.17975351     0.82024649
     1105     0.17862315     0.82137685
     1106     0.17752792     0.82247208
     1107     0.17769192     0.82230808
     1108     0.17886892     0.82113108
     1109     0.17967961     0.82032039
     1110     0.17922702     0.82077298
     1111     0.17809716     0.82190284
     1112     0.17762321     0.82237679
     1113     0.17832147     0.82167853
     1114     0.17932203     0.82067797
     1115     0.17942347     0.82057653
     1116     0.17852262     0.82147738
     1117     0.17773978     0.82226022
     1118     0.17806170     0.82193830
     1119     0.17909434     0.82090566
     1120     0.17949831     0.82050169
     1121     0.17870164     0.82129836
     1122     0.17774779     0.82225221
     1123     0.17798425     0.82201575
     1124     0.17913689     0.82086311
     1125     0.17953066     0.82046934
     1126     0.17851026     0.82148974
     1127     0.17761746     0.82238254
     1128     0.17832712     0.82167288
     1129     0.17952009     0.82047991
     1130     0.17913010     0.82086990
     1131     0.17779821     0.82220179
     1132     0.17797350     0.82202650
     1133     0.17934067     0.82065933
     1134     0.17922559     0.82077441
     1135     0.17792166     0.82207834
     1136     0.17811694     0.82188306
     1137     0.17919810     0.82080190
     1138     0.17889071     0.82110929
     1139     0.17823105     0.82176895
     1140     0.17847894     0.82152106
     1141     0.17864226     0.82135774
     1142     0.17875658     0.82124342
     1143     0.17888120     0.82111880
     1144     0.17823931     0.82176069
     1145     0.17819851     0.82180149
     1146     0.17923123     0.82076877
     1147     0.17895378     0.82104622
     1148     0.17780967     0.82219033
     1149     0.17839172     0.82160828
     1150     0.17946970     0.82053030
     1151     0.17872396     0.82127604
     1152     0.17773246     0.82226754
     1153     0.17849486     0.82150514
     1154     0.17946598     0.82053402
     1155     0.17881469     0.82118531
     1156     0.17778890     0.82221110
     1157     0.17820024     0.82179976
     1158     0.17930146     0.82069854
     1159     0.17927330     0.82072670
     1160     0.17819348     0.82180652
     1161     0.17772912     0.82227088
     1162     0.17853809     0.82146191
     1163     0.17943745     0.82056255
     1164     0.17920839     0.82079161
     1165     0.17821135     0.82178865
     1166     0.17774952     0.82225048
     1167     0.17833801     0.82166199
     1168     0.17918634     0.82081366
     1169     0.17929794     0.82070206
     1170     0.17863123     0.82136877
     1171     0.17800780     0.82199220
     1172     0.17809370     0.82190630
     1173     0.17871134     0.82128866
     1174     0.17914571     0.82085429
     1175     0.17896238     0.82103762
     1176     0.17842138     0.82157862
     1177     0.17812560     0.82187440
     1178     0.17835420     0.82164580
     1179     0.17880554     0.82119446
     1180     0.17898603     0.82101397
     1181     0.17876123     0.82123877
     1182     0.17844320     0.82155680
     1183     0.17836566     0.82163434
     1184     0.17851204     0.82148796
     1185     0.17863957     0.82136043
     1186     0.17865176     0.82134824
     1187     0.17866769     0.82133231
     1188     0.17873813     0.82126187
     1189     0.17870841     0.82129159
     1190     0.17848494     0.82151506
     1191     0.17829222     0.82170778
     1192     0.17844158     0.82155842
     1193     0.17885203     0.82114797
     1194     0.17903366     0.82096634
     1195     0.17868482     0.82131518
     1196     0.17816723     0.82183277
     1197     0.17814520     0.82185480
     1198     0.17872704     0.82127296
     1199     0.17921722     0.82078278
     1200     0.17893745     0.82106255
     1201     0.17816883     0.82183117
     1202     0.17791022     0.82208978
     1203     0.17857810     0.82142190
     1204     0.17933057     0.82066943
     1205     0.17912029     0.82087971
     1206     0.17819404     0.82180596
     1207     0.17783814     0.82216186
     1208     0.17853872     0.82146128
     1209     0.17925163     0.82074837
     1210     0.17899304     0.82100696
     1211     0.17829169     0.82170831
     1212     0.17819323     0.82180677
     1213     0.17860747     0.82139253
     1214     0.17878181     0.82121819
     1215     0.17870400     0.82129600
     1216     0.17872973     0.82127027
     1217     0.17860776     0.82139224
     1218     0.17824220     0.82175780
     1219     0.17837141     0.82162859
     1220     0.17907384     0.82092616
     1221     0.17908983     0.82091017
     1222     0.17814079     0.82185921
     1223     0.17789895     0.82210105
     1224     0.17897284     0.82102716
     1225     0.17946026     0.82053974
     1226     0.17838593     0.82161407
     1227     0.17767806     0.82232194
     1228     0.17863997     0.82136003
     1229     0.17951076     0.82048924
     1230     0.17875336     0.82124664
     1231     0.17780325     0.82219675
     1232     0.17829345     0.82170655
     1233     0.17921120     0.82078880
     1234     0.17900403     0.82099597
     1235     0.17824790     0.82175210
     1236     0.17822390     0.82177610
     1237     0.17869299     0.82130701
     1238     0.17880840     0.82119160
     1239     0.17869668     0.82130332
     1240     0.17871047     0.82128953
     1241     0.17851603     0.82148397
     1242     0.17812540     0.82187460
     1243     0.17839976     0.82160024
     1244     0.17933235     0.82066765
     1245     0.17937322     0.82062678
     1246     0.17795837     0.82204163
     1247     0.17715298     0.82284702
     1248     0.17867527     0.82132473
     1249     0.18054563     0.81945437
     1250     0.17957879     0.82042121
