#    Non-Adiabatic Coupling Matrix Eliments: off-diagonal
         0    -0.00039598
         1     0.00032145
         2     0.00025060
         3     0.00018360
         4     0.00012041
         5     0.00006086
         6     0.00000467
         7    -0.00004853
         8    -0.00009920
         9    -0.00014784
        10    -0.00019504
        11    -0.00024141
        12    -0.00028766
        13    -0.00033449
        14    -0.00038268
        15    -0.00043315
        16    -0.00048681
        17    -0.00054471
        18    -0.00060785
        19    -0.00067707
        20    -0.00075304
        21    -0.00083620
        22    -0.00092582
        23    -0.00102066
        24    -0.00111826
        25    -0.00121514
        26    -0.00130695
        27    -0.00138898
        28    -0.00145732
        29    -0.00150889
        30    -0.00154245
        31    -0.00155804
        32    -0.00155735
        33    -0.00154280
        34    -0.00151718
        35    -0.00148314
        36    -0.00144302
        37    -0.00139863
        38    -0.00135129
        39    -0.00130179
        40    -0.00125051
        41    -0.00119746
        42    -0.00114239
        43    -0.00108460
        44    -0.00102389
        45    -0.00095938
        46    -0.00089049
        47    -0.00081682
        48    -0.00073829
        49    -0.00065516
        50    -0.00056814
        51    -0.00047839
        52    -0.00038752
        53    -0.00029748
        54    -0.00021053
        55    -0.00012903
        56    -0.00005540
        57     0.00000811
        58     0.00005957
        59     0.00009745
        60     0.00012097
        61     0.00013000
        62     0.00012522
        63     0.00010797
        64     0.00008023
        65     0.00004439
        66     0.00000326
        67    -0.00004022
        68    -0.00008316
        69    -0.00012295
        70    -0.00015740
        71    -0.00018477
        72    -0.00020389
        73    -0.00021411
        74    -0.00021538
        75    -0.00020809
        76    -0.00019293
        77    -0.00017083
        78    -0.00014275
        79    -0.00010968
        80    -0.00007252
        81    -0.00003210
        82     0.00001085
        83     0.00005570
        84     0.00010192
        85     0.00014904
        86     0.00019664
        87     0.00024434
        88     0.00029178
        89     0.00033859
        90     0.00038440
        91     0.00042858
        92     0.00047077
        93     0.00051017
        94     0.00054599
        95     0.00057724
        96     0.00060284
        97     0.00062170
        98     0.00063278
        99     0.00063528
       100     0.00062871
       101     0.00061302
       102     0.00058861
       103     0.00055624
       104     0.00051705
       105     0.00047239
       106     0.00042378
       107     0.00037280
       108     0.00032092
       109     0.00026950
       110     0.00021975
       111     0.00017272
       112     0.00012923
       113     0.00008996
       114     0.00005537
       115     0.00002577
       116     0.00000120
       117    -0.00001831
       118    -0.00003284
       119    -0.00004249
       120    -0.00004753
       121    -0.00004810
       122    -0.00004439
       123    -0.00003660
       124    -0.00002482
       125    -0.00000926
       126     0.00000992
       127     0.00003248
       128     0.00005818
       129     0.00008647
       130     0.00011688
       131     0.00014872
       132     0.00018109
       133     0.00021294
       134     0.00024313
       135     0.00027016
       136     0.00029276
       137     0.00030918
       138     0.00031932
       139     0.00032212
       140     0.00031739
       141     0.00030545
       142     0.00028710
       143     0.00026344
       144     0.00023576
       145     0.00020538
       146     0.00017348
       147     0.00014098
       148     0.00010847
       149     0.00007622
       150     0.00004424
       151     0.00001233
       152    -0.00001978
       153    -0.00005240
       154    -0.00008574
       155    -0.00011989
       156    -0.00015476
       157    -0.00019006
       158    -0.00022534
       159    -0.00025997
       160    -0.00029288
       161    -0.00032406
       162    -0.00035238
       163    -0.00037714
       164    -0.00039779
       165    -0.00041390
       166    -0.00042519
       167    -0.00043159
       168    -0.00043319
       169    -0.00043024
       170    -0.00042313
       171    -0.00041254
       172    -0.00039909
       173    -0.00038354
       174    -0.00036661
       175    -0.00034944
       176    -0.00033279
       177    -0.00031751
       178    -0.00030433
       179    -0.00029387
       180    -0.00028653
       181    -0.00028244
       182    -0.00028162
       183    -0.00028383
       184    -0.00028866
       185    -0.00029559
       186    -0.00030403
       187    -0.00031337
       188    -0.00032302
       189    -0.00033240
       190    -0.00034091
       191    -0.00034790
       192    -0.00035295
       193    -0.00035537
       194    -0.00035467
       195    -0.00035038
       196    -0.00034212
       197    -0.00032957
       198    -0.00031256
       199    -0.00029097
       200    -0.00026464
       201    -0.00023389
       202    -0.00019892
       203    -0.00016010
       204    -0.00011750
       205    -0.00007210
       206    -0.00002444
       207     0.00002459
       208     0.00007398
       209     0.00012233
       210     0.00016875
       211     0.00021159
       212     0.00024932
       213     0.00028040
       214     0.00030341
       215     0.00031709
       216     0.00032058
       217     0.00031302
       218     0.00029538
       219     0.00026801
       220     0.00023224
       221     0.00018989
       222     0.00014310
       223     0.00009425
       224     0.00004578
       225     0.00000009
       226    -0.00004059
       227    -0.00007434
       228    -0.00009955
       229    -0.00011499
       230    -0.00011985
       231    -0.00011374
       232    -0.00009685
       233    -0.00006978
       234    -0.00003352
       235     0.00001064
       236     0.00006122
       237     0.00011661
       238     0.00017524
       239     0.00023560
       240     0.00029637
       241     0.00035625
       242     0.00041457
       243     0.00047026
       244     0.00052275
       245     0.00057150
       246     0.00061608
       247     0.00065604
       248     0.00069096
       249     0.00072038
       250     0.00074379
       251     0.00076052
       252     0.00077007
       253     0.00077176
       254     0.00076474
       255     0.00074847
       256     0.00072248
       257     0.00068653
       258     0.00064074
       259     0.00058540
       260     0.00052139
       261     0.00044990
       262     0.00037249
       263     0.00029101
       264     0.00020749
       265     0.00012401
       266     0.00004259
       267    -0.00003512
       268    -0.00010712
       269    -0.00017233
       270    -0.00022983
       271    -0.00027894
       272    -0.00031915
       273    -0.00035052
       274    -0.00037279
       275    -0.00038590
       276    -0.00038986
       277    -0.00038477
       278    -0.00037079
       279    -0.00034834
       280    -0.00031772
       281    -0.00027974
       282    -0.00023525
       283    -0.00018530
       284    -0.00013109
       285    -0.00007395
       286    -0.00001513
       287     0.00004350
       288     0.00010052
       289     0.00015424
       290     0.00020296
       291     0.00024496
       292     0.00027859
       293     0.00030234
       294     0.00031492
       295     0.00031535
       296     0.00030300
       297     0.00027764
       298     0.00023942
       299     0.00018883
       300     0.00012666
       301     0.00005383
       302    -0.00002864
       303    -0.00011970
       304    -0.00021841
       305    -0.00032396
       306    -0.00043561
       307    -0.00055276
       308    -0.00067486
       309    -0.00080131
       310    -0.00093165
       311    -0.00106484
       312    -0.00120010
       313    -0.00133630
       314    -0.00147210
       315    -0.00160572
       316    -0.00173565
       317    -0.00185961
       318    -0.00197527
       319    -0.00208012
       320    -0.00217168
       321    -0.00224751
       322    -0.00230544
       323    -0.00234371
       324    -0.00236137
       325    -0.00235756
       326    -0.00233272
       327    -0.00228781
       328    -0.00222437
       329    -0.00214441
       330    -0.00205023
       331    -0.00194430
       332    -0.00182925
       333    -0.00170677
       334    -0.00157926
       335    -0.00144847
       336    -0.00131576
       337    -0.00118191
       338    -0.00104677
       339    -0.00090856
       340    -0.00076272
       341    -0.00059931
       342    -0.00039677
       343    -0.00010535
       344     0.00040602
       345     0.00157425
       346     0.00564065
       347     0.04506635
       348    -0.03990697
       349    -0.00515462
       350    -0.00133769
       351    -0.00022752
       352     0.00024701
       353     0.00049751
       354     0.00064836
       355     0.00074715
       356     0.00081530
       357     0.00086384
       358     0.00089915
       359     0.00092545
       360     0.00094578
       361     0.00096251
       362     0.00097668
       363     0.00099155
       364     0.00100743
       365     0.00102515
       366     0.00104523
       367     0.00106779
       368     0.00109269
       369     0.00111942
       370     0.00114726
       371     0.00117525
       372     0.00120235
       373     0.00122753
       374     0.00125100
       375     0.00127024
       376     0.00128632
       377     0.00129991
       378     0.00131244
       379     0.00132614
       380     0.00134418
       381     0.00137056
       382     0.00141031
       383     0.00146964
       384     0.00155619
       385     0.00167938
       386     0.00185091
       387     0.00208507
       388     0.00239902
       389     0.00281194
       390     0.00334270
       391     0.00400307
       392     0.00478731
       393     0.00564702
       394     0.00647257
       395     0.00709272
       396     0.00732927
       397     0.00709588
       398     0.00645724
       399     0.00558314
       400     0.00464941
       401     0.00377485
       402     0.00301447
       403     0.00436035
       404     0.00351252
       405     0.00274570
       406     0.00207860
       407     0.00151094
       408     0.00103267
       409     0.00062888
       410     0.00028830
       411    -0.00000071
       412    -0.00024697
       413    -0.00045719
       414    -0.00063636
       415    -0.00078797
       416    -0.00091473
       417    -0.00101852
       418    -0.00110084
       419    -0.00116313
       420    -0.00120694
       421    -0.00123403
       422    -0.00124652
       423    -0.00124671
       424    -0.00123708
       425    -0.00122037
       426    -0.00119920
       427    -0.00117611
       428    -0.00115330
       429    -0.00113250
       430    -0.00111500
       431    -0.00110156
       432    -0.00109253
       433    -0.00108782
       434    -0.00108710
       435    -0.00108944
       436    -0.00109489
       437    -0.00110158
       438    -0.00110982
       439    -0.00111924
       440    -0.00112978
       441    -0.00114158
       442    -0.00115498
       443    -0.00117045
       444    -0.00118837
       445    -0.00120971
       446    -0.00123504
       447    -0.00126461
       448    -0.00129913
       449    -0.00133905
       450    -0.00138469
       451    -0.00143648
       452    -0.00149379
       453    -0.00155637
       454    -0.00162336
       455    -0.00169259
       456    -0.00176117
       457    -0.00182450
       458    -0.00187601
       459    -0.00190716
       460    -0.00190849
       461    -0.00187132
       462    -0.00179067
       463    -0.00166766
       464    -0.00150996
       465    -0.00132997
       466    -0.00114164
       467    -0.00095730
       468    -0.00078547
       469    -0.00063061
       470    -0.00049374
       471    -0.00037379
       472    -0.00026863
       473    -0.00017574
       474    -0.00009250
       475    -0.00001638
       476     0.00005503
       477     0.00012402
       478     0.00019281
       479     0.00026360
       480     0.00033876
       481     0.00042093
       482     0.00051322
       483     0.00061940
       484     0.00074389
       485     0.00089176
       486     0.00106778
       487     0.00127434
       488     0.00150677
       489     0.00174617
       490     0.00195541
       491     0.00209019
       492     0.00212570
       493     0.00207066
       494     0.00195269
       495     0.00179981
       496     0.00163345
       497     0.00146704
       498     0.00130867
       499     0.00116349
       500     0.00103316
       501     0.00091991
       502     0.00082444
       503     0.00074700
       504     0.00068716
       505     0.00064381
       506     0.00061529
       507     0.00059925
       508     0.00059276
       509     0.00059260
       510     0.00059556
       511     0.00059883
       512     0.00060008
       513     0.00059732
       514     0.00058955
       515     0.00057580
       516     0.00055600
       517     0.00053055
       518     0.00050012
       519     0.00046558
       520     0.00042782
       521     0.00038766
       522     0.00034588
       523     0.00030311
       524     0.00025996
       525     0.00021696
       526     0.00017458
       527     0.00013331
       528     0.00009360
       529     0.00005586
       530     0.00002048
       531    -0.00001217
       532    -0.00004181
       533    -0.00006822
       534    -0.00009119
       535    -0.00011086
       536    -0.00012655
       537    -0.00013836
       538    -0.00014608
       539    -0.00014934
       540    -0.00014780
       541    -0.00014059
       542    -0.00012702
       543    -0.00010637
       544    -0.00007803
       545    -0.00004169
       546     0.00000269
       547     0.00005474
       548     0.00011374
       549     0.00017835
       550     0.00024645
       551     0.00031523
       552     0.00038155
       553     0.00044216
       554     0.00049352
       555     0.00053356
       556     0.00055970
       557     0.00057044
       558     0.00056513
       559     0.00054381
       560     0.00050712
       561     0.00045624
       562     0.00039277
       563     0.00031862
       564     0.00023595
       565     0.00014702
       566     0.00005411
       567    -0.00004060
       568    -0.00013505
       569    -0.00022742
       570    -0.00031612
       571    -0.00039982
       572    -0.00047742
       573    -0.00054805
       574    -0.00061108
       575    -0.00066605
       576    -0.00071269
       577    -0.00075097
       578    -0.00078081
       579    -0.00080236
       580    -0.00081579
       581    -0.00082130
       582    -0.00081915
       583    -0.00080960
       584    -0.00079304
       585    -0.00077019
       586    -0.00074189
       587    -0.00070932
       588    -0.00067377
       589    -0.00063673
       590    -0.00060002
       591    -0.00056587
       592    -0.00053672
       593    -0.00051480
       594    -0.00050176
       595    -0.00049860
       596    -0.00050581
       597    -0.00052381
       598    -0.00055132
       599    -0.00058779
       600    -0.00063206
       601    -0.00068279
       602    -0.00073856
       603    -0.00079784
       604    -0.00085907
       605    -0.00092057
       606    -0.00098061
       607    -0.00103729
       608    -0.00108877
       609    -0.00113302
       610    -0.00116816
       611    -0.00119247
       612    -0.00120453
       613    -0.00120340
       614    -0.00118861
       615    -0.00116032
       616    -0.00111932
       617    -0.00106704
       618    -0.00100556
       619    -0.00093736
       620    -0.00086509
       621    -0.00079111
       622    -0.00071744
       623    -0.00064540
       624    -0.00057550
       625    -0.00050816
       626    -0.00044309
       627    -0.00037995
       628    -0.00031838
       629    -0.00025809
       630    -0.00019892
       631    -0.00014105
       632    -0.00008500
       633    -0.00003166
       634     0.00001799
       635     0.00006316
       636     0.00010332
       637     0.00013827
       638     0.00016807
       639     0.00019321
       640     0.00021458
       641     0.00023328
       642     0.00025046
       643     0.00026704
       644     0.00028311
       645     0.00029951
       646     0.00031520
       647     0.00032900
       648     0.00033931
       649     0.00034429
       650     0.00034252
       651     0.00033178
       652     0.00031155
       653     0.00028161
       654     0.00024252
       655     0.00019535
       656     0.00014179
       657     0.00008382
       658     0.00002338
       659    -0.00003739
       660    -0.00009656
       661    -0.00015226
       662    -0.00020307
       663    -0.00024755
       664    -0.00028455
       665    -0.00031322
       666    -0.00033305
       667    -0.00034400
       668    -0.00034647
       669    -0.00034140
       670    -0.00033008
       671    -0.00031411
       672    -0.00029525
       673    -0.00027541
       674    -0.00025637
       675    -0.00023964
       676    -0.00022632
       677    -0.00021713
       678    -0.00021247
       679    -0.00021241
       680    -0.00021686
       681    -0.00022520
       682    -0.00023662
       683    -0.00024987
       684    -0.00026354
       685    -0.00027605
       686    -0.00028576
       687    -0.00029118
       688    -0.00029101
       689    -0.00028440
       690    -0.00027103
       691    -0.00025113
       692    -0.00022542
       693    -0.00019510
       694    -0.00016153
       695    -0.00012626
       696    -0.00009075
       697    -0.00005630
       698    -0.00002394
       699     0.00000560
       700     0.00003196
       701     0.00005495
       702     0.00007523
       703     0.00009269
       704     0.00010816
       705     0.00012241
       706     0.00013627
       707     0.00015056
       708     0.00016624
       709     0.00018406
       710     0.00020470
       711     0.00022871
       712     0.00025656
       713     0.00028854
       714     0.00032481
       715     0.00036526
       716     0.00040966
       717     0.00045760
       718     0.00050836
       719     0.00056090
       720     0.00061346
       721     0.00066363
       722     0.00070805
       723     0.00074225
       724     0.00076184
       725     0.00076191
       726     0.00073955
       727     0.00069378
       728     0.00062521
       729     0.00053515
       730     0.00042433
       731     0.00029216
       732     0.00013635
       733    -0.00004685
       734    -0.00026155
       735    -0.00050937
       736    -0.00078293
       737    -0.00105547
       738    -0.00127668
       739    -0.00139659
       740    -0.00140639
       741    -0.00134001
       742    -0.00123815
       743    -0.00112668
       744    -0.00101786
       745    -0.00091557
       746    -0.00082073
       747    -0.00073324
       748    -0.00065310
       749    -0.00057984
       750    -0.00051334
       751    -0.00045241
       752    -0.00039665
       753    -0.00034531
       754    -0.00029770
       755    -0.00025317
       756    -0.00021122
       757    -0.00017152
       758    -0.00013392
       759    -0.00009855
       760    -0.00006539
       761    -0.00003449
       762    -0.00000584
       763     0.00002065
       764     0.00004513
       765     0.00006776
       766     0.00008872
       767     0.00010811
       768     0.00012596
       769     0.00014222
       770     0.00015681
       771     0.00016962
       772     0.00018058
       773     0.00018963
       774     0.00019681
       775     0.00020222
       776     0.00020606
       777     0.00020856
       778     0.00021015
       779     0.00021086
       780     0.00021113
       781     0.00021124
       782     0.00021141
       783     0.00021185
       784     0.00021266
       785     0.00021398
       786     0.00021571
       787     0.00021786
       788     0.00022031
       789     0.00022290
       790     0.00022535
       791     0.00022732
       792     0.00022841
       793     0.00022813
       794     0.00022603
       795     0.00022170
       796     0.00021490
       797     0.00020559
       798     0.00019401
       799     0.00018060
       800     0.00016600
       801     0.00015077
       802     0.00013569
       803     0.00012110
       804     0.00010717
       805     0.00009397
       806     0.00008135
       807     0.00006919
       808     0.00005713
       809     0.00004509
       810     0.00003303
       811     0.00002105
       812     0.00000938
       813    -0.00000164
       814    -0.00001156
       815    -0.00001992
       816    -0.00002629
       817    -0.00003033
       818    -0.00003189
       819    -0.00003094
       820    -0.00002768
       821    -0.00002240
       822    -0.00001553
       823    -0.00000757
       824     0.00000101
       825     0.00000969
       826     0.00001804
       827     0.00002565
       828     0.00003219
       829     0.00003746
       830     0.00004123
       831     0.00004342
       832     0.00004400
       833     0.00004292
       834     0.00004025
       835     0.00003596
       836     0.00002992
       837     0.00002195
       838     0.00001149
       839    -0.00000128
       840    -0.00001695
       841    -0.00003573
       842    -0.00005768
       843    -0.00008259
       844    -0.00011006
       845    -0.00013947
       846    -0.00017007
       847    -0.00020104
       848    -0.00023150
       849    -0.00026129
       850    -0.00028841
       851    -0.00031295
       852    -0.00033420
       853    -0.00035163
       854    -0.00036480
       855    -0.00037341
       856    -0.00037731
       857    -0.00037651
       858    -0.00037119
       859    -0.00036170
       860    -0.00034873
       861    -0.00033259
       862    -0.00031400
       863    -0.00029398
       864    -0.00027306
       865    -0.00025187
       866    -0.00023094
       867    -0.00021071
       868    -0.00019157
       869    -0.00017390
       870    -0.00015804
       871    -0.00014445
       872    -0.00013355
       873    -0.00012581
       874    -0.00012169
       875    -0.00012160
       876    -0.00012586
       877    -0.00013458
       878    -0.00014767
       879    -0.00016476
       880    -0.00018522
       881    -0.00020818
       882    -0.00023257
       883    -0.00025723
       884    -0.00028099
       885    -0.00030278
       886    -0.00032166
       887    -0.00033700
       888    -0.00034815
       889    -0.00035488
       890    -0.00035710
       891    -0.00035486
       892    -0.00034838
       893    -0.00033805
       894    -0.00032429
       895    -0.00030763
       896    -0.00028850
       897    -0.00026680
       898    -0.00024402
       899    -0.00022017
       900    -0.00019590
       901    -0.00017142
       902    -0.00014702
       903    -0.00012291
       904    -0.00009927
       905    -0.00007624
       906    -0.00005363
       907    -0.00003223
       908    -0.00001187
       909     0.00000727
       910     0.00002497
       911     0.00004097
       912     0.00005501
       913     0.00006691
       914     0.00007623
       915     0.00008290
       916     0.00008686
       917     0.00008823
       918     0.00008721
       919     0.00008417
       920     0.00007960
       921     0.00007407
       922     0.00006840
       923     0.00006280
       924     0.00005807
       925     0.00005475
       926     0.00005332
       927     0.00005399
       928     0.00005738
       929     0.00006346
       930     0.00007232
       931     0.00008391
       932     0.00009811
       933     0.00011482
       934     0.00013389
       935     0.00015536
       936     0.00017909
       937     0.00020500
       938     0.00023289
       939     0.00026241
       940     0.00029293
       941     0.00032325
       942     0.00035244
       943     0.00037845
       944     0.00039904
       945     0.00041163
       946     0.00041383
       947     0.00040249
       948     0.00037571
       949     0.00033118
       950     0.00026822
       951     0.00018672
       952     0.00008828
       953    -0.00002550
       954    -0.00015225
       955    -0.00028889
       956    -0.00043107
       957    -0.00057291
       958    -0.00070642
       959    -0.00082181
       960    -0.00090893
       961    -0.00096072
       962    -0.00097283
       963    -0.00094672
       964    -0.00088816
       965    -0.00080497
       966    -0.00070536
       967    -0.00059680
       968    -0.00048541
       969    -0.00037585
       970    -0.00027154
       971    -0.00017467
       972    -0.00008643
       973    -0.00000746
       974     0.00006294
       975     0.00012525
       976     0.00018046
       977     0.00022970
       978     0.00027409
       979     0.00031465
       980     0.00035212
       981     0.00038696
       982     0.00041939
       983     0.00044925
       984     0.00047648
       985     0.00050085
       986     0.00052227
       987     0.00054084
       988     0.00055676
       989     0.00057034
       990     0.00058189
       991     0.00059172
       992     0.00060003
       993     0.00060696
       994     0.00061261
       995     0.00061681
       996     0.00061950
       997     0.00062047
       998     0.00061968
       999     0.00061685
      1000     0.00061167
      1001     0.00060377
      1002     0.00059244
      1003     0.00057744
      1004     0.00055790
      1005     0.00053324
      1006     0.00050312
      1007     0.00046760
      1008     0.00042711
      1009     0.00038233
      1010     0.00033419
      1011     0.00028373
      1012     0.00023199
      1013     0.00018003
      1014     0.00012879
      1015     0.00007907
      1016     0.00003152
      1017    -0.00001336
      1018    -0.00005522
      1019    -0.00009386
      1020    -0.00012921
      1021    -0.00016131
      1022    -0.00019029
      1023    -0.00021635
      1024    -0.00023969
      1025    -0.00026091
      1026    -0.00027983
      1027    -0.00029699
      1028    -0.00031268
      1029    -0.00032720
      1030    -0.00034071
      1031    -0.00035373
      1032    -0.00036634
      1033    -0.00037866
      1034    -0.00039064
      1035    -0.00040206
      1036    -0.00041237
      1037    -0.00042072
      1038    -0.00042579
      1039    -0.00042595
      1040    -0.00041925
      1041    -0.00040357
      1042    -0.00037721
      1043    -0.00033899
      1044    -0.00028980
      1045    -0.00023221
      1046    -0.00017279
      1047    -0.00012064
      1048    -0.00009055
      1049    -0.00009624
      1050    -0.00015148
      1051    -0.00025670
      1052    -0.00038714
      1053    -0.00049112
      1054    -0.00051734
      1055    -0.00044873
      1056    -0.00030320
      1057    -0.00011276
      1058     0.00009637
      1059     0.00030083
      1060     0.00048455
      1061     0.00063694
      1062     0.00075324
      1063     0.00083186
      1064     0.00087439
      1065     0.00088457
      1066     0.00086903
      1067     0.00083458
      1068     0.00078836
      1069     0.00073624
      1070     0.00068284
      1071     0.00063050
      1072     0.00058085
      1073     0.00053362
      1074     0.00048907
      1075     0.00044672
      1076     0.00040595
      1077     0.00036613
      1078     0.00032665
      1079     0.00028719
      1080     0.00024721
      1081     0.00020670
      1082     0.00016574
      1083     0.00012462
      1084     0.00008381
      1085     0.00004392
      1086     0.00000565
      1087    -0.00003031
      1088    -0.00006330
      1089    -0.00009279
      1090    -0.00011843
      1091    -0.00014005
      1092    -0.00015768
      1093    -0.00017152
      1094    -0.00018193
      1095    -0.00018937
      1096    -0.00019433
      1097    -0.00019706
      1098    -0.00019821
      1099    -0.00019812
      1100    -0.00019708
      1101    -0.00019528
      1102    -0.00019288
      1103    -0.00018997
      1104    -0.00018658
      1105    -0.00018276
      1106    -0.00017854
      1107    -0.00017398
      1108    -0.00016918
      1109    -0.00016429
      1110    -0.00015946
      1111    -0.00015490
      1112    -0.00015081
      1113    -0.00014736
      1114    -0.00014471
      1115    -0.00014297
      1116    -0.00014221
      1117    -0.00014244
      1118    -0.00014364
      1119    -0.00014574
      1120    -0.00014864
      1121    -0.00015221
      1122    -0.00015633
      1123    -0.00016084
      1124    -0.00016563
      1125    -0.00017059
      1126    -0.00017562
      1127    -0.00018064
      1128    -0.00018556
      1129    -0.00019026
      1130    -0.00019453
      1131    -0.00019801
      1132    -0.00020013
      1133    -0.00020006
      1134    -0.00019672
      1135    -0.00018881
      1136    -0.00017503
      1137    -0.00015432
      1138    -0.00012619
      1139    -0.00009106
      1140    -0.00005018
      1141    -0.00000609
      1142     0.00003830
      1143     0.00007989
      1144     0.00011597
      1145     0.00014471
      1146     0.00016551
      1147     0.00017887
      1148     0.00018610
      1149     0.00018877
      1150     0.00018831
      1151     0.00018586
      1152     0.00018227
      1153     0.00017805
      1154     0.00017367
      1155     0.00016950
      1156     0.00016572
      1157     0.00016244
      1158     0.00015964
      1159     0.00015719
      1160     0.00015508
      1161     0.00015272
      1162     0.00015003
      1163     0.00014681
      1164     0.00014306
      1165     0.00013829
      1166     0.00013260
      1167     0.00012636
      1168     0.00011972
      1169     0.00011289
      1170     0.00010608
      1171     0.00009950
      1172     0.00009332
      1173     0.00008764
      1174     0.00008247
      1175     0.00007777
      1176     0.00007361
      1177     0.00006932
      1178     0.00006491
      1179     0.00006011
      1180     0.00005467
      1181     0.00004837
      1182     0.00004109
      1183     0.00003280
      1184     0.00002358
      1185     0.00001365
      1186     0.00000327
      1187    -0.00000722
      1188    -0.00001754
      1189    -0.00002744
      1190    -0.00003692
      1191    -0.00004553
      1192    -0.00005346
      1193    -0.00006076
      1194    -0.00006755
      1195    -0.00007394
      1196    -0.00008011
      1197    -0.00008618
      1198    -0.00009207
      1199    -0.00009839
      1200    -0.00010451
      1201    -0.00011078
      1202    -0.00011685
      1203    -0.00012240
      1204    -0.00012701
      1205    -0.00013019
      1206    -0.00013141
      1207    -0.00013013
      1208    -0.00012586
      1209    -0.00011824
      1210    -0.00010704
      1211    -0.00009230
      1212    -0.00007447
      1213    -0.00005351
      1214    -0.00003036
      1215    -0.00000575
      1216     0.00001947
      1217     0.00004450
      1218     0.00006861
      1219     0.00009123
      1220     0.00011186
      1221     0.00013015
      1222     0.00014583
      1223     0.00015874
      1224     0.00016877
      1225     0.00017586
      1226     0.00018004
      1227     0.00018128
      1228     0.00017973
      1229     0.00017549
      1230     0.00016888
      1231     0.00015968
      1232     0.00014813
      1233     0.00013431
      1234     0.00011828
      1235     0.00010008
      1236     0.00007972
      1237     0.00005727
      1238     0.00003279
      1239     0.00000635
      1240    -0.00002196
      1241    -0.00005206
      1242    -0.00008388
      1243    -0.00011736
      1244    -0.00015243
      1245    -0.00018899
      1246    -0.00022677
      1247    -0.00026586
      1248    -0.00030588
      1249    -0.00034649
      1250    -0.00038725
