#     Density Matrix: coherence Re-Im; see the manual for detail orders
        0     0.00000000     0.00000000
        1    -0.00000954     0.00000551
        2    -0.00001875     0.00003008
        3    -0.00000892     0.00005400
        4    -0.00000006     0.00005893
        5    -0.00001023     0.00006513
        6    -0.00001926     0.00009051
        7    -0.00000970     0.00011510
        8    -0.00000171     0.00012188
        9    -0.00001244     0.00013105
       10    -0.00002220     0.00015991
       11    -0.00001345     0.00018929
       12    -0.00000410     0.00020099
       13    -0.00001119     0.00021087
       14    -0.00001705     0.00023409
       15    -0.00000079     0.00025010
       16     0.00002759     0.00023027
       17     0.00005327     0.00017095
       18     0.00009184     0.00006967
       19     0.00016723    -0.00010938
       20     0.00025770    -0.00040703
       21    -0.00011222    -0.00059841
       22    -0.00050728    -0.00008674
       23    -0.00007688     0.00039290
       24     0.00048101     0.00006407
       25     0.00027500    -0.00054876
       26    -0.00036628    -0.00047552
       27    -0.00043495     0.00016626
       28     0.00017005     0.00037666
       29     0.00050586    -0.00015997
       30     0.00005845    -0.00060549
       31    -0.00048250    -0.00027407
       32    -0.00029638     0.00033172
       33     0.00033135     0.00030422
       34     0.00046177    -0.00030580
       35    -0.00009203    -0.00058830
       36    -0.00050999    -0.00013149
       37    -0.00018485     0.00039230
       38     0.00040806     0.00022568
       39     0.00042043    -0.00038915
       40    -0.00015754    -0.00058231
       41    -0.00053049    -0.00008375
       42    -0.00018336     0.00043675
       43     0.00041816     0.00026677
       44     0.00044714    -0.00035689
       45    -0.00012997    -0.00058386
       46    -0.00052640    -0.00011528
       47    -0.00021139     0.00040826
       48     0.00038939     0.00028366
       49     0.00048109    -0.00032457
       50    -0.00004989    -0.00062334
       51    -0.00050803    -0.00023737
       52    -0.00030607     0.00032138
       53     0.00029176     0.00033218
       54     0.00052976    -0.00022092
       55     0.00011774    -0.00065305
       56    -0.00042833    -0.00044575
       57    -0.00044317     0.00012879
       58     0.00008317     0.00036477
       59     0.00051951    -0.00002322
       60     0.00035840    -0.00058357
       61    -0.00025958    -0.00065822
       62    -0.00062612    -0.00009760
       63    -0.00027516     0.00047020
       64     0.00039047     0.00039852
       65     0.00062127    -0.00023142
       66     0.00016452    -0.00071800
       67    -0.00046815    -0.00053022
       68    -0.00058131     0.00011385
       69    -0.00005739     0.00050383
       70     0.00053188     0.00021680
       71     0.00055621    -0.00043813
       72    -0.00000334    -0.00076855
       73    -0.00055252    -0.00043732
       74    -0.00052078     0.00019752
       75     0.00005184     0.00047336
       76     0.00057538     0.00010841
       77     0.00052350    -0.00052684
       78    -0.00004349    -0.00080190
       79    -0.00055898    -0.00045771
       80    -0.00052131     0.00015420
       81     0.00000188     0.00044188
       82     0.00050535     0.00015935
       83     0.00053718    -0.00041858
       84     0.00007403    -0.00075491
       85    -0.00044772    -0.00054922
       86    -0.00054784    -0.00000622
       87    -0.00014064     0.00036710
       88     0.00040123     0.00022812
       89     0.00059459    -0.00030199
       90     0.00027520    -0.00076153
       91    -0.00027082    -0.00076272
       92    -0.00057005    -0.00032277
       93    -0.00037165     0.00016612
       94     0.00015040     0.00028105
       95     0.00055858    -0.00007927
       96     0.00052117    -0.00062434
       97     0.00007658    -0.00092312
       98    -0.00041277    -0.00075441
       99    -0.00056010    -0.00027255
      100    -0.00025656     0.00012886
      101     0.00023438     0.00013691
      102     0.00053635    -0.00023398
      103     0.00044789    -0.00070453
      104     0.00004094    -0.00093600
      105    -0.00038127    -0.00077415
      106    -0.00051297    -0.00035375
      107    -0.00026488     0.00000939
      108     0.00018122     0.00004904
      109     0.00051027    -0.00026731
      110     0.00049680    -0.00072520
      111     0.00015522    -0.00101927
      112    -0.00027943    -0.00096272
      113    -0.00051678    -0.00060698
      114    -0.00040451    -0.00019840
      115    -0.00002201    -0.00001028
      116     0.00037968    -0.00016598
      117     0.00054416    -0.00056627
      118     0.00037096    -0.00096020
      119    -0.00002791    -0.00110676
      120    -0.00040477    -0.00092257
      121    -0.00051632    -0.00053101
      122    -0.00030003    -0.00018834
      123     0.00009447    -0.00010262
      124     0.00043149    -0.00032052
      125     0.00051490    -0.00071016
      126     0.00029938    -0.00104344
      127    -0.00008917    -0.00112920
      128    -0.00043053    -0.00091953
      129    -0.00053613    -0.00053150
      130    -0.00035203    -0.00017708
      131     0.00001605    -0.00004413
      132     0.00036503    -0.00019547
      133     0.00050652    -0.00053907
      134     0.00036659    -0.00088166
      135     0.00002144    -0.00103370
      136    -0.00034674    -0.00090845
      137    -0.00054723    -0.00056423
      138    -0.00047935    -0.00017053
      139    -0.00018165     0.00008152
      140     0.00019107     0.00007677
      141     0.00045949    -0.00017019
      142     0.00048845    -0.00053035
      143     0.00025331    -0.00081150
      144    -0.00012826    -0.00085996
      145    -0.00046834    -0.00063801
      146    -0.00060208    -0.00023994
      147    -0.00046752     0.00015652
      148    -0.00013373     0.00037788
      149     0.00023474     0.00033853
      150     0.00045831     0.00008051
      151     0.00042828    -0.00024837
      152     0.00015738    -0.00046610
      153    -0.00022807    -0.00044288
      154    -0.00054941    -0.00016126
      155    -0.00066052     0.00027752
      156    -0.00051619     0.00070303
      157    -0.00019255     0.00095694
      158     0.00014923     0.00096782
      159     0.00033818     0.00078504
      160     0.00027223     0.00055677
      161     0.00001743     0.00045047
      162    -0.00031057     0.00054972
      163     0.01055793    -0.00215512
      164     0.01298170    -0.01518025
      165    -0.00593385    -0.01851380
      166    -0.01960030    -0.00588976
      167    -0.01755973     0.01256918
      168    -0.00139692     0.02202293
      169     0.01601691     0.01473908
      170     0.02075398    -0.00359855
      171     0.00903520    -0.01843694
      172    -0.00977992    -0.01806183
      173    -0.02078186    -0.00291283
      174    -0.01539716     0.01494436
      175     0.00200703     0.02152236
      176     0.01784052     0.01183838
      177     0.02002109    -0.00651520
      178     0.00711625    -0.01957131
      179    -0.01098437    -0.01772146
      180    -0.02087013    -0.00264965
      181    -0.01548081     0.01443618
      182     0.00110339     0.02115886
      183     0.01687386     0.01280310
      184     0.02069798    -0.00456272
      185     0.01006396    -0.01869279
      186    -0.00745448    -0.01988104
      187    -0.01976021    -0.00754562
      188    -0.01862161     0.00971953
      189    -0.00503805     0.02027837
      190     0.01181763     0.01728224
      191     0.02095440     0.00291774
      192     0.01671022    -0.01343535
      193     0.00205696    -0.02150063
      194    -0.01371389    -0.01653817
      195    -0.02102216    -0.00192017
      196    -0.01575254     0.01337679
      197    -0.00132368     0.02039591
      198     0.01377889     0.01534760
      199     0.02112956     0.00137942
      200     0.01698972    -0.01366269
      201     0.00370639    -0.02176709
      202    -0.01160603    -0.01870424
      203    -0.02081126    -0.00623626
      204    -0.01933012     0.00907568
      205    -0.00813000     0.01946042
      206     0.00702969     0.01987360
      207     0.01867260     0.01033431
      208     0.02130877    -0.00435795
      209     0.01392721    -0.01717198
      210     0.00020059    -0.02225357
      211    -0.01348517    -0.01752814
      212    -0.02106900    -0.00538370
      213    -0.01945194     0.00868139
      214    -0.00961620     0.01864080
      215     0.00409132     0.02050847
      216     0.01600243     0.01381301
      217     0.02150088     0.00149993
      218     0.01873083    -0.01150630
      219     0.00905484    -0.02034511
      220    -0.00374744    -0.02200546
      221    -0.01521539    -0.01616475
      222    -0.02149710    -0.00494188
      223    -0.02050706     0.00777142
      224    -0.01277291     0.01773876
      225    -0.00100493     0.02181875
      226     0.01092349     0.01891127
      227     0.01928408     0.01016752
      228     0.02164097    -0.00152840
      229     0.01749330    -0.01256503
      230     0.00827126    -0.01973173
      231    -0.00323732    -0.02111467
      232    -0.01379137    -0.01652425
      233    -0.02062853    -0.00739049
      234    -0.02215833     0.00377357
      235    -0.01825910     0.01413291
      236    -0.01015605     0.02127925
      237     0.00002439     0.02377365
      238     0.00985964     0.02137702
      239     0.01721940     0.01496246
      240     0.02069836     0.00618459
      241     0.02020909    -0.00308588
      242     0.01604932    -0.01122380
      243     0.00877623    -0.01672329
      244    -0.00016853    -0.01860740
      245    -0.00913395    -0.01661459
      246    -0.01658011    -0.01118147
      247    -0.02134192    -0.00329842
      248    -0.02279409     0.00571755
      249    -0.02090094     0.01447943
      250    -0.01615877     0.02176564
      251    -0.00945745     0.02669619
      252    -0.00189782     0.02882867
      253     0.00539702     0.02817105
      254     0.01144452     0.02512373
      255     0.01551804     0.02037250
      256     0.01720538     0.01475830
      257     0.01641235     0.00914819
      258     0.01332137     0.00432636
      259     0.00832035     0.00091700
      260     0.00191759    -0.00065662
      261    -0.00350350    -0.00035146
      262    -0.00732345     0.00120800
      263    -0.01090892     0.00378883
      264    -0.01404629     0.00725188
      265    -0.01658734     0.01141285
      266    -0.01845550     0.01606549
      267    -0.01964494     0.02100356
      268    -0.02021387     0.02603964
      269    -0.02027366     0.03101966
      270    -0.01997571     0.03583233
      271    -0.01949777     0.04041385
      272    -0.01903124     0.04474806
      273    -0.01877027     0.04886322
      274    -0.01890355     0.05282614
      275    -0.01960884     0.05673493
      276    -0.02105018     0.06071102
      277    -0.02337727     0.06489143
      278    -0.02672636     0.06942164
      279    -0.03122182     0.07444951
      280    -0.03697731     0.08012016
      281    -0.03891756     0.08636075
      282    -0.03638025     0.09228399
      283    -0.03389446     0.09766794
      284    -0.03160502     0.10255066
      285    -0.02964191     0.10698911
      286    -0.02811802     0.11105450
      287    -0.02712780     0.11482776
      288    -0.02674673     0.11839530
      289    -0.02703155     0.12184506
      290    -0.02802102     0.12526318
      291    -0.02973708     0.12873109
      292    -0.03218648     0.13232321
      293    -0.03536263     0.13610513
      294    -0.03924783     0.14013234
      295    -0.04381574     0.14444935
      296    -0.04903426     0.14908929
      297    -0.05486873     0.15407382
      298    -0.06128578     0.15941329
      299    -0.06825757     0.16510723
      300    -0.07576691     0.17114496
      301    -0.07949533     0.17744455
      302    -0.07875795     0.18358577
      303    -0.07713571     0.18939352
      304    -0.07462313     0.19479640
      305    -0.07119827     0.19973056
      306    -0.06680517     0.20413978
      307    -0.06132702     0.20797513
      308    -0.05454277     0.21119390
      309    -0.04605270     0.21375810
      310    -0.03514169     0.21563228
      311    -0.02050695     0.21678096
      312     0.00033620     0.21716562
      313     0.03249472     0.21674136
      314     0.08755366     0.21545278
      315     0.19305731     0.21322988
      316     0.37327918     0.21002457
      317     0.45365760     0.20587678
      318     0.38375057     0.20074683
      319     0.32920281     0.19425243
      320     0.30701966     0.18593727
      321     0.30293063     0.17582963
      322     0.30839182     0.16389353
      323     0.31788365     0.14965219
      324     0.32984006     0.13265074
      325     0.34304635     0.11242737
      326     0.35646149     0.08852775
      327     0.36908813     0.06052872
      328     0.37987823     0.02807390
      329     0.38766551    -0.00907590
      330     0.39112140    -0.05097472
      331     0.38873646    -0.09740417
      332     0.37883360    -0.14776649
      333     0.35962333    -0.20096137
      334     0.32931432    -0.25525474
      335     0.28629405    -0.30815589
      336     0.22939213    -0.35632946
      337     0.15823281    -0.39558122
      338     0.07366801    -0.42096983
      339    -0.02174144    -0.42710656
      340    -0.12326522    -0.40870679
      341    -0.22286397    -0.36252056
      342    -0.31024671    -0.28899940
      343    -0.37591444    -0.19118966
      344    -0.41209412    -0.07494453
      345    -0.41238212     0.05105947
      346    -0.37284848     0.17550887
      347    -0.29321945     0.28507744
      348    -0.17797091     0.36559229
      349    -0.03708760     0.40379041
      350     0.11382421     0.38961048
      351     0.25441287     0.31880499
      352     0.36174152     0.19545095
      353     0.41386076     0.03371403
      354     0.39460078    -0.14195260
      355     0.29890922    -0.29901512
      356     0.13748397    -0.40205409
      357    -0.06106680    -0.42087504
      358    -0.25248948    -0.34037821
      359    -0.38503153    -0.16966466
      360    -0.41344342     0.05336170
      361    -0.31920419     0.26398895
      362    -0.12475333     0.39392614
      363     0.11321597     0.39737194
      364     0.31725153     0.26654917
      365     0.41458410     0.03955469
      366     0.36397142    -0.20713934
      367     0.17567366    -0.38198044
      368    -0.08495903    -0.41205858
      369    -0.31587583    -0.27591935
      370    -0.41639946    -0.02096273
      371    -0.33284710     0.24666265
      372    -0.09182186     0.40239450
      373     0.19918170     0.36194166
      374     0.39364170     0.13232527
      375     0.37935805    -0.17565061
      376     0.14934210    -0.39244455
      377    -0.17465348    -0.38176552
      378    -0.39593807    -0.13360373
      379    -0.36081811     0.20557378
      380    -0.07497521     0.40691859
      381     0.26796458     0.31573348
      382     0.41495237    -0.01033429
      383     0.25057296    -0.33217139
      384    -0.10799875    -0.40205406
      385    -0.38462419    -0.15709487
      386    -0.35362267     0.21556771
      387    -0.03007383     0.41233465
      388     0.32208594     0.26010487
      389     0.39728927    -0.12138562
      390     0.11782246    -0.39943494
      391    -0.27281962    -0.31422648
      392    -0.40914391     0.06780116
      393    -0.14817033     0.38608985
      394     0.26407381     0.31857174
      395     0.40733968    -0.08051459
      396     0.11800222    -0.39926070
      397    -0.30368469    -0.28422769
      398    -0.38562302     0.15194856
      399    -0.01850310     0.41319697
      400     0.37402461     0.17834694
      401     0.30782956    -0.27890388
      402    -0.14361411    -0.38991507
      403    -0.41491905    -0.00895782
      404    -0.15587406     0.38404070
      405     0.30632368     0.27942585
      406     0.36730321    -0.19389508
      407    -0.06152794    -0.41109621
      408    -0.40860414    -0.07333589
      409    -0.19517937     0.36556996
      410     0.29161501     0.29461448
      411     0.36640560    -0.19565335
      412    -0.08698340    -0.40653327
      413    -0.41441725    -0.02310580
      414    -0.12502593     0.39500034
      415     0.35494806     0.21433628
      416     0.28892676    -0.29870076
      417    -0.23067842    -0.34577287
      418    -0.38355031     0.15777009
      419     0.08601048     0.40524484
      420     0.41469906    -0.01732557
      421     0.04893556    -0.41273819
      422    -0.40016355    -0.11143097
      423    -0.16825169     0.37934205
      424     0.35259149     0.21910399
      425     0.26417421    -0.32085332
      426    -0.28494962    -0.30252642
      427    -0.33345976     0.24713546
      428     0.20958933     0.35812298
      429     0.37792865    -0.17265328
      430    -0.13641457    -0.39271331
      431    -0.40233319     0.10252130
      432     0.07250274     0.40846413
      433     0.41282377    -0.04589592
      434    -0.02206418    -0.41520617
      435    -0.41529763     0.00217459
      436    -0.01264300     0.41462176
      437     0.41463169     0.02326344
      438     0.03061047    -0.41468138
      439    -0.41398637    -0.03362040
      440    -0.03121059     0.41362988
      441     0.41432118     0.02562723
      442     0.01854516    -0.41495355
      443    -0.41502045    -0.00919819
      444     0.00304567     0.41484825
      445     0.41475643    -0.01779240
      446    -0.03458971    -0.41395457
      447    -0.41154851     0.05403819
      448     0.07673756     0.40767863
      449     0.40244849    -0.10209961
      450    -0.12942840    -0.39472861
      451    -0.38328994     0.15910800
      452     0.19142421     0.36804250
      453     0.34888247    -0.22527969
      454    -0.25935727    -0.32444689
      455    -0.29337403     0.29337036
      456     0.32679947     0.25565988
      457     0.21148137    -0.35754711
      458    -0.38320688    -0.15995107
      459    -0.10052146     0.40242747
      460     0.41366094     0.03447406
      461    -0.03527102    -0.41390239
      462    -0.40131044     0.10640086
      463     0.17694446     0.37545047
      464     0.33619451    -0.24388709
      465    -0.30384851    -0.28319281
      466    -0.21674511     0.35396545
      467     0.39128791     0.13874835
      468     0.05205294    -0.41215607
      469    -0.41324480     0.04029198
      470     0.13423028     0.39272124
      471     0.34979718    -0.22393946
      472    -0.30286905    -0.28425805
      473    -0.19765609     0.36495343
      474     0.40429564     0.09443052
      475    -0.01881881    -0.41500569
      476    -0.39284953     0.13427055
      477     0.24244192     0.33689587
      478     0.24942241    -0.33215666
      479    -0.39250843    -0.13565843
      480    -0.00472595     0.41501840
      481     0.39456268    -0.12931246
      482    -0.25090318    -0.33088911
      483    -0.22918457     0.34610464
      484     0.40298618     0.09980184
      485    -0.04285586    -0.41305286
      486    -0.37307803     0.18210063
      487     0.30055732     0.28634806
      488     0.16244314    -0.38216216
      489    -0.41487313    -0.01617237
      490     0.13376029     0.39297597
      491     0.31805548    -0.26693020
      492    -0.36441025    -0.19901883
      493    -0.05149265     0.41192053
      494     0.40195715    -0.10400558
      495    -0.24527251    -0.33504150
      496    -0.22014696     0.35196800
      497     0.40858717     0.07366153
      498    -0.08326352    -0.40678661
      499    -0.34689224     0.22809870
      500     0.34023425     0.23791250
      501     0.09576006    -0.40401038
      502    -0.41091835     0.05936172
      503     0.20570402     0.36062915
      504     0.26077042    -0.32308637
      505    -0.39573666    -0.12559750
      506     0.02610041     0.41435670
      507     0.37711935    -0.17366711
      508    -0.29744927    -0.28966285
      509    -0.16415490     0.38135684
      510     0.41481475     0.01750412
      511    -0.13096991    -0.39398088
      512    -0.32206814     0.26202404
      513     0.35890552     0.20873316
      514     0.06874761    -0.40943893
      515    -0.40743780     0.07985670
      516     0.21808089     0.35331723
      517     0.25402276    -0.32838331
      518    -0.39677647    -0.12223755
      519     0.02523995     0.41444479
      520     0.37892317    -0.16966124
      521    -0.29257003    -0.29455694
      522    -0.17196786     0.37794134
      523     0.41433165     0.02669504
      524    -0.12257779    -0.39663808
      525    -0.32675977     0.25619288
      526     0.35621409     0.21333940
      527     0.07095370    -0.40903071
      528    -0.40712676     0.08148113
      529     0.22332403     0.35006566
      530     0.24493249    -0.33519032
      531    -0.40147518    -0.10577470
      532     0.04836968     0.41242027
      533     0.36584818    -0.19624851
      534    -0.31715639    -0.26788403
      535    -0.13205088     0.39369165
      536     0.41456094    -0.02276370
      537    -0.17473474    -0.37656690
      538    -0.28497330     0.30201122
      539     0.38615427     0.15259860
      540    -0.00177099    -0.41512129
      541    -0.38484331     0.15587887
      542     0.28750802     0.29960035
      543     0.17161185    -0.37799821
      544    -0.41473109    -0.01943717
      545     0.13504297     0.39267834
      546     0.31526992    -0.27009796
      547    -0.36705099    -0.19398738
      548    -0.04630897     0.41266109
      549     0.40110758    -0.10715560
      550    -0.24542078    -0.33482882
      551    -0.22369551     0.34983351
      552     0.40678366     0.08318398
      553    -0.06770130    -0.40957670
      554    -0.35884111     0.20889516
      555     0.32216760     0.26195083
      556     0.13200146    -0.39359758
      557    -0.41495663     0.01391393
      558     0.15721070     0.38432029
      559     0.30623119    -0.28032468
      560    -0.36860532    -0.19103987
      561    -0.05362189     0.41177031
      562     0.40551952    -0.08895172
      563    -0.22000000    -0.35202453
      564    -0.25885199     0.32466676
      565     0.39178587     0.13745145
      566     0.00185706    -0.41511016
      567    -0.39338387     0.13278932
      568     0.25214001     0.32989672
      569     0.23206470    -0.34421559
      570    -0.40015184    -0.11062069
      571     0.02177651     0.41464041
      572     0.38640218    -0.15184656
      573    -0.26657271    -0.31826509
      574    -0.21674166     0.35412238
      575     0.40495447     0.09157954
      576    -0.04469535    -0.41276090
      577    -0.37523620     0.17766128
      578     0.29230906     0.29482279
      579     0.17908924    -0.37458129
      580    -0.41320566    -0.04039016
      581     0.10525888     0.40158432
      582     0.33909437    -0.23958884
      583    -0.34437646    -0.23193033
      584    -0.09299300     0.40459361
      585     0.41090209    -0.05946740
      586    -0.20453841    -0.36133492
      587    -0.26204533     0.32199223
      588     0.39536658     0.12667954
      589    -0.02583222    -0.41441409
      590    -0.37675747     0.17438540
      591     0.29878497     0.28822632
      592     0.16157687    -0.38249275
      593    -0.41493463    -0.01420575
      594     0.13430129     0.39280522
      595     0.31994777    -0.26463953
      596    -0.36032629    -0.20629781
      597    -0.06657959     0.40974618
      598     0.40714237    -0.08135061
      599    -0.21879384    -0.35290900
      600    -0.25370200     0.32857920
      601     0.39683074     0.12198114
      602    -0.02560780    -0.41444459
      603    -0.37856110     0.17040079
      604     0.29373232     0.29334358
      605     0.16946929    -0.37907810
      606    -0.41455399    -0.02270514
      607     0.12777785     0.39494914
      608     0.32240834    -0.26164575
      609    -0.36045186    -0.20608726
      610    -0.06132171     0.41054583
      611     0.40483788    -0.09212789
      612    -0.23307289    -0.34364928
      613    -0.23504185     0.34216071
      614     0.40437039     0.09401441
      615    -0.05986252    -0.41090447
      616    -0.36072227     0.20547299
      617     0.32286777     0.26093707
      618     0.12551624    -0.39581092
      619    -0.41429226     0.02696348
      620     0.17567741     0.37610808
      621     0.28679461    -0.30023814
      622    -0.38372003    -0.15855607
      623    -0.00884202     0.41503058
      624     0.39017262    -0.14192680
      625    -0.27329636    -0.31257322
      626    -0.19274550     0.36767543
      627     0.41249662     0.04699106
      628    -0.10496798    -0.40171940
      629    -0.33676968     0.24276524
      630     0.34794103     0.22646547
      631     0.08568777    -0.40626412
      632    -0.40977042     0.06671306
      633     0.21027293     0.35795162
      634     0.25771946    -0.32552232
      635    -0.39671825    -0.12242485
      636     0.02975574     0.41407675
      637     0.37502757    -0.17812404
      638    -0.30233399    -0.28455802
      639    -0.15474071     0.38523434
      640     0.41515610     0.00326606
      641    -0.14898239    -0.38753618
      642    -0.30576602     0.28082839
      643     0.37366991     0.18091741
      644     0.03026327    -0.41407967
      645    -0.39587477     0.12508625
      646     0.26304687     0.32119249
      647     0.20029776    -0.36366870
      648    -0.41212230    -0.05022773
      649     0.10750485     0.40100036
      650     0.33150355    -0.24995156
      651    -0.35613799    -0.21339084
      652    -0.06371260     0.41024475
      653     0.40401481    -0.09560059
      654    -0.24099749    -0.33806970
      655    -0.22194767     0.35085736
      656     0.40874167     0.07277037
      657    -0.08731491    -0.40589113
      658    -0.34261265     0.23447731
      659     0.34676903     0.22828586
      660     0.07994154    -0.40740844
      661    -0.40732426     0.08031692
      662     0.22860663     0.34655148
      663     0.23419896    -0.34281763
      664    -0.40595017    -0.08701518
      665     0.07310587     0.40866965
      666     0.35062245    -0.22234206
      667    -0.33849609    -0.24040118
      668    -0.09430201     0.40430133
      669     0.40989380    -0.06599568
      670    -0.21661836    -0.35419612
      671    -0.24517848     0.33502186
      672     0.40322031     0.09887021
      673    -0.06291204    -0.41039685
      674    -0.35471062     0.21572090
      675     0.33595102     0.24390783
      676     0.09441360    -0.40431770
      677    -0.40906139     0.07092006
      678     0.22599537     0.34824054
      679     0.23045938    -0.34536461
      680    -0.40854184    -0.07391299
      681     0.09614964     0.40384218
      682     0.33069727    -0.25106773
      683    -0.36364980    -0.20037038
      684    -0.03469618     0.41366399
      685     0.39180014    -0.13740716
      686    -0.28546994    -0.30152103
      687    -0.15873181     0.38356250
      688     0.41502986    -0.01106850
      689    -0.17801813    -0.37514620
      690    -0.27173475     0.31381807
      691     0.39639005     0.12339188
      692    -0.04455881    -0.41285193
      693    -0.36114879     0.20472231
      694     0.33138347     0.25003522
      695     0.09735738    -0.40366889
      696    -0.40878957     0.07246170
      697     0.23134244     0.34467652
      698     0.22091111    -0.35159210
      699    -0.41114742    -0.05775260
      700     0.11661022     0.39839132
      701     0.31474535    -0.27080671
      702    -0.37668892    -0.17462735
      703    -0.00307702     0.41510029
      704     0.37932538    -0.16881918
      705    -0.31012373    -0.27608668
      706    -0.12426447     0.39608198
      707     0.41231079    -0.04870668
      708    -0.21229581    -0.35684331
      709    -0.24020908     0.33857520
      710     0.40671895     0.08329642
      711    -0.08679443    -0.40604466
      712    -0.33757601     0.24164132
      713     0.35598221     0.21360313
      714     0.05515579    -0.41152832
      715    -0.39984798     0.11172954
      716     0.26009814     0.32356882
      717     0.19556702    -0.36625066
      718    -0.41355514    -0.03664973
      719     0.12773263     0.39501561
      720     0.31409900    -0.27150732
      721    -0.37220262    -0.18395323
      722    -0.02528227     0.41439723
      723     0.39193370    -0.13695239
      724    -0.27755216    -0.30876159
      725    -0.17820065     0.37499020
      726     0.41465615     0.02068951
      727    -0.13951498    -0.39101903
      728    -0.30829352     0.27808807
      729     0.37436048     0.17952229
      730     0.02441489    -0.41443445
      731    -0.39306412     0.13370304
      732     0.27151162     0.31411054
      733     0.18976638    -0.36923844
      734    -0.41337068    -0.03862668
      735     0.11728187     0.39829410
      736     0.32691976    -0.25588145
      737    -0.35806490    -0.21010632
      738    -0.06476721     0.41012485
      739     0.40555748    -0.08880008
      740    -0.22966983    -0.34582653
      741    -0.23982798     0.33893956
      742     0.40237753     0.10232277
      743    -0.04818099    -0.41232657
      744    -0.36825687     0.19175790
      745     0.30979732     0.27643605
      746     0.14909404    -0.38744074
      747    -0.41516209    -0.00289662
      748     0.14334662     0.38967703
      749     0.31438629    -0.27113299
      750    -0.36435077    -0.19900845
      751    -0.05822862     0.41109748
      752     0.40525804    -0.09017476
      753    -0.22733625    -0.34737729
      754    -0.24455688     0.33551885
      755     0.40044252     0.10963371
      756    -0.04018576    -0.41321118
      757    -0.37150750     0.18534598
      758     0.30647371     0.28008399
      759     0.15046670    -0.38694665
      760    -0.41517132     0.00032077
      761     0.15187902     0.38639114
      762     0.30367910    -0.28311487
      763    -0.37519014    -0.17777584
      764    -0.02587027     0.41435003
      765     0.39411958    -0.13055774
      766    -0.26875303    -0.31647220
      767    -0.19191036     0.36812811
      768     0.41340090     0.03831055
      769    -0.12161583    -0.39699575
      770    -0.32055255     0.26380565
      771     0.36645410     0.19510291
      772     0.03948588    -0.41333706
      773    -0.39663701     0.12261523
      774     0.26619629     0.31855273
      775     0.19097569    -0.36869893
      776    -0.41382177    -0.03351097
      777     0.12940905     0.39442802
      778     0.31356849    -0.27217663
      779    -0.37231387    -0.18378027
      780    -0.02528946     0.41433113
      781     0.39194701    -0.13698348
      782    -0.27765414    -0.30873731
      783    -0.17772651     0.37513223
      784     0.41470997     0.01950768
      785    -0.14130033    -0.39046410
      786    -0.30628967     0.28019240
      787     0.37623684     0.17545518
      788     0.01818676    -0.41485676
      789    -0.39018943     0.14175418
      790     0.28030988     0.30617036
      791     0.17559108    -0.37629937
      792    -0.41478780    -0.01791615
      793     0.14314747     0.38962319
      794     0.30415787    -0.28267527
      795    -0.37849634    -0.17069857
      796    -0.00935139     0.41497744
      797     0.38542426    -0.15440742
      798    -0.29391054    -0.29331632
      799    -0.15262016     0.38601634
      800     0.41494382    -0.01379361
      801    -0.17817218    -0.37507817
      802    -0.27262298     0.31303726
      803     0.39588809     0.12497201
      804    -0.04276578    -0.41303866
      805    -0.36227781     0.20271150
      806     0.32897827     0.25318446
      807     0.10464981    -0.40183148
      808    -0.41093734     0.05908127
      809     0.21243265     0.35664356
      810     0.24890421    -0.33233960
      811    -0.40171479    -0.10490007
      812     0.05365971     0.41163817
      813     0.36185204    -0.20358387
      814    -0.32354425    -0.26020809
      815    -0.12155848     0.39693832
      816     0.41376025    -0.03419601
      817    -0.18494853    -0.37173052
      818    -0.27675835     0.30944340
      819     0.39001757     0.14228282
      820    -0.01263602    -0.41499821
      821    -0.38053364     0.16599053
      822     0.29577963     0.29132023
      823     0.16000836    -0.38311173
      824    -0.41513459    -0.00540029
      825     0.15016552     0.38704673
      826     0.30280227    -0.28404397
      827    -0.37669915    -0.17454604
      828    -0.02090432     0.41463525
      829     0.39235139    -0.13574140
      830    -0.27260605    -0.31313425
      831    -0.18858418     0.36986566
      832     0.41352709     0.03687040
      833    -0.11999345    -0.39744704
      834    -0.32417972     0.25937566
      835     0.36131226     0.20450058
      836     0.05575948    -0.41139743
      837    -0.40278569     0.10065658
      838     0.24245577     0.33702932
      839     0.22376278    -0.34969043
      840    -0.40752642    -0.07927858
      841     0.07592617     0.40818661
      842     0.35196348    -0.22017334
      843    -0.33358850    -0.24712868
      844    -0.10858313     0.40074460
      845     0.41278024    -0.04443169
      846    -0.19099058    -0.36859949
      847    -0.27477507     0.31126276
      848     0.38927404     0.14436074
      849    -0.00491971    -0.41510366
      850    -0.38595613     0.15301985
      851     0.28040473     0.30620547
      852     0.18675115    -0.37075461
      853    -0.41287189    -0.04357481
      854     0.10459439     0.40181984
      855     0.33951303    -0.23890375
      856    -0.34260569    -0.23444828
      857    -0.10031729     0.40291135
      858     0.41260964    -0.04597990
      859    -0.18630231    -0.37097584
      860    -0.28355532     0.30329655
      861     0.38260055     0.16123039
      862     0.01902312    -0.41468207
      863    -0.39574731     0.12553057
      864     0.25461649     0.32796828
      865     0.21942926    -0.35239597
      866    -0.40669464    -0.08339201
      867     0.06337930     0.41033944
      868     0.36230131    -0.20269724
      869    -0.31694519    -0.26812093
      870    -0.13926348     0.39114302
      871     0.41508516    -0.00822656
      872    -0.15545233    -0.38493709
      873    -0.30385583     0.28292502
      874     0.37326381     0.18178351
      875     0.03450506    -0.41371142
      876    -0.39798064     0.11822368
      877     0.25537566     0.32734591
      878     0.21083744    -0.35763393
      879    -0.41015992    -0.06426136
      880     0.09193462     0.40486800
      881     0.34187105    -0.23554913
      882    -0.34582302    -0.22970749
      883    -0.08421732     0.40654058
      884     0.40856964    -0.07370801
      885    -0.22115152    -0.35135570
      886    -0.24307190     0.33657349
      887     0.40308341     0.09943570
      888    -0.05860619    -0.41100485
      889    -0.35929862     0.20800989
      890     0.32710567     0.25566757
      891     0.11535424    -0.39881684
      892    -0.41311625     0.04119911
      893     0.19144644     0.36838991
      894     0.27152674    -0.31406433
      895    -0.39200245    -0.13673623
      896     0.01666878     0.41482929
      897     0.38003664    -0.16713970
      898    -0.29398223    -0.29315268
      899    -0.16673081     0.38021223
      900     0.41475722     0.01841153
      901    -0.13168369    -0.39373110
      902    -0.32067143     0.26368837
      903     0.36052983     0.20586434
      904     0.06478897    -0.41008097
      905    -0.40657009     0.08404541
      906     0.22153837     0.35111695
      907     0.25137138    -0.33041635
      908    -0.39733373    -0.12036940
      909     0.02521849     0.41440083
      910     0.37999766    -0.16722325
      911    -0.28821073    -0.29882421
      912    -0.18119322     0.37354315
      913     0.41306903     0.04167597
      914    -0.10268811    -0.40226163
      915    -0.34265968     0.23441326
      916     0.33763272     0.24159756
      917     0.11131561    -0.39995909
      918    -0.41389494     0.03246810
      919     0.17241152     0.37767881
      920     0.29552653    -0.29158836
      921    -0.37546808    -0.17715854
      922    -0.03672289     0.41354644
      923     0.40067212    -0.10874272
      924    -0.24127282    -0.33785796
      925    -0.23230002     0.34409751
      926     0.40375362     0.09668533
      927    -0.05214919    -0.41187763
      928    -0.36644234     0.19515033
      929     0.31338889     0.27230734
      930     0.14095229    -0.39051058
      931    -0.41502927     0.01068304
      932     0.16215745     0.38218516
      933     0.29503453    -0.29210002
      934    -0.38117595    -0.16453220
      935    -0.00853144     0.41507212
      936     0.38700107    -0.15032276
      937    -0.28772161    -0.29930830
      938    -0.16386710     0.38145053
      939     0.41516655     0.00094537
      940    -0.16357974    -0.38159300
      941    -0.28459770     0.30226306
      942     0.39109440     0.13930928
      943    -0.03027821    -0.41407214
      944    -0.36635747     0.19529988
      945     0.32714079     0.25561217
      946     0.10085785    -0.40274257
      947    -0.40905146     0.07098845
      948     0.23014384     0.34552800
      949     0.22402941    -0.34954699
      950    -0.40985956    -0.06619147
      951     0.10093833     0.40270087
      952     0.33142304    -0.25005309
      953    -0.35839812    -0.20956660
      954    -0.05764639     0.41113883
      955     0.40273686    -0.10085032
      956    -0.24321624    -0.33647953
      957    -0.22286972     0.35025333
      958     0.40780117     0.07784550
      959    -0.07884198    -0.40764045
      960    -0.34862513     0.22541553
      961     0.34039012     0.23766842
      962     0.08975381    -0.40538372
      963    -0.40862136     0.07342256
      964     0.22649219     0.34791769
      965     0.23166593    -0.34455685
      966    -0.40782316    -0.07779309
      967     0.08901654     0.40548294
      968     0.33772434    -0.24150674
      969    -0.35480327    -0.21562915
      970    -0.05924778     0.41088640
      971     0.40144441    -0.10591105
      972    -0.25347169    -0.32885085
      973    -0.20547944     0.36071811
      974     0.41197257     0.05139903
      975    -0.10929015    -0.40056744
      976    -0.32951475     0.25251879
      977     0.35772354     0.21067354
      978     0.06238631    -0.41050025
      979    -0.40445475     0.09367122
      980     0.23556893     0.34182312
      981     0.23248674    -0.34401293
      982    -0.40484038    -0.09207900
      983     0.06005006     0.41076355
      984     0.36196096    -0.20339247
      985    -0.31912221    -0.26561333
      986    -0.13488247     0.39260686
      987     0.41497503    -0.01279535
      988    -0.15818815    -0.38389598
      989    -0.30384308     0.28288270
      990     0.37139304     0.18552216
      991     0.04424475    -0.41284745
      992    -0.40238441     0.10220576
      993     0.23564037     0.34178030
      994     0.23895999    -0.33954399
      995    -0.40121019    -0.10679725
      996     0.03836333     0.41336034
      997     0.37480738    -0.17859813
      998    -0.29672641    -0.29041141
      999    -0.17057450     0.37848363
     1000     0.41407908     0.03004976
