#    Step        Prob(0)        Prob(1)        
        0    -0.00000000     0.00000000
        1     0.00000000     0.00000000
        2     0.00000000     0.00000000
        3     0.00000000     0.00000000
        4     0.00000000     0.00000000
        5     0.00000000     0.00000000
        6     0.00000001     0.00000000
        7     0.00000000     0.00000000
        8     0.00000000     0.00000000
        9     0.00000001     0.00000000
       10     0.00000001     0.00000000
       11     0.00000001     0.00000000
       12     0.00000000     0.00000000
       13     0.00000001     0.00000000
       14     0.00000001     0.00000000
       15     0.00000000     0.00000000
       16     0.00000000     0.00000000
       17     0.00000000     0.00000000
       18     0.00000000     0.00000000
       19     0.00000008     0.00000000
       20     0.00000033     0.00000000
       21     0.00000000     0.00000000
       22     0.00000000     0.00000000
       23     0.00000000     0.00000000
       24     0.00000015     0.00000000
       25     0.00000009     0.00000000
       26     0.00000000     0.00000000
       27     0.00000000     0.00000000
       28     0.00000005     0.00000000
       29     0.00000014     0.00000000
       30     0.00000002     0.00000000
       31     0.00000000     0.00000000
       32     0.00000000     0.00000000
       33     0.00000008     0.00000000
       34     0.00000010     0.00000000
       35     0.00000000     0.00000000
       36     0.00000000     0.00000000
       37     0.00000000     0.00000000
       38     0.00000009     0.00000000
       39     0.00000010     0.00000000
       40     0.00000000     0.00000000
       41     0.00000000     0.00000000
       42     0.00000000     0.00000000
       43     0.00000007     0.00000000
       44     0.00000007     0.00000000
       45     0.00000000     0.00000000
       46     0.00000000     0.00000000
       47     0.00000000     0.00000000
       48     0.00000008     0.00000000
       49     0.00000010     0.00000000
       50     0.00000000     0.00000000
       51     0.00000000     0.00000000
       52     0.00000000     0.00000000
       53     0.00000008     0.00000000
       54     0.00000016     0.00000000
       55     0.00000004     0.00000000
       56     0.00000000     0.00000000
       57     0.00000000     0.00000000
       58     0.00000003     0.00000000
       59     0.00000020     0.00000000
       60     0.00000015     0.00000000
       61     0.00000000     0.00000000
       62     0.00000000     0.00000000
       63     0.00000000     0.00000000
       64     0.00000009     0.00000000
       65     0.00000014     0.00000000
       66     0.00000004     0.00000000
       67     0.00000000     0.00000000
       68     0.00000000     0.00000000
       69     0.00000000     0.00000000
       70     0.00000015     0.00000000
       71     0.00000016     0.00000000
       72     0.00000000     0.00000000
       73     0.00000000     0.00000000
       74     0.00000000     0.00000000
       75     0.00000002     0.00000000
       76     0.00000020     0.00000000
       77     0.00000018     0.00000000
       78     0.00000000     0.00000000
       79     0.00000000     0.00000000
       80     0.00000000     0.00000000
       81     0.00000000     0.00000000
       82     0.00000016     0.00000000
       83     0.00000018     0.00000000
       84     0.00000003     0.00000000
       85     0.00000000     0.00000000
       86     0.00000000     0.00000000
       87     0.00000000     0.00000000
       88     0.00000017     0.00000000
       89     0.00000026     0.00000000
       90     0.00000013     0.00000000
       91     0.00000000     0.00000000
       92     0.00000000     0.00000000
       93     0.00000000     0.00000000
       94     0.00000008     0.00000000
       95     0.00000032     0.00000000
       96     0.00000031     0.00000000
       97     0.00000005     0.00000000
       98     0.00000000     0.00000000
       99     0.00000000     0.00000000
      100     0.00000000     0.00000000
      101     0.00000015     0.00000000
      102     0.00000036     0.00000000
      103     0.00000031     0.00000000
      104     0.00000003     0.00000000
      105     0.00000000     0.00000000
      106     0.00000000     0.00000000
      107     0.00000000     0.00000000
      108     0.00000014     0.00000000
      109     0.00000042     0.00000000
      110     0.00000041     0.00000000
      111     0.00000013     0.00000000
      112     0.00000000     0.00000000
      113     0.00000000     0.00000000
      114     0.00000000     0.00000000
      115     0.00000000     0.00000000
      116     0.00000034     0.00000000
      117     0.00000050     0.00000000
      118     0.00000034     0.00000000
      119     0.00000000     0.00000000
      120     0.00000000     0.00000000
      121     0.00000000     0.00000000
      122     0.00000000     0.00000000
      123     0.00000009     0.00000000
      124     0.00000042     0.00000000
      125     0.00000049     0.00000000
      126     0.00000028     0.00000000
      127     0.00000000     0.00000000
      128     0.00000000     0.00000000
      129     0.00000000     0.00000000
      130     0.00000000     0.00000000
      131     0.00000001     0.00000000
      132     0.00000030     0.00000000
      133     0.00000041     0.00000000
      134     0.00000029     0.00000000
      135     0.00000002     0.00000000
      136     0.00000000     0.00000000
      137     0.00000000     0.00000000
      138     0.00000000     0.00000000
      139     0.00000000     0.00000000
      140     0.00000011     0.00000000
      141     0.00000027     0.00000000
      142     0.00000026     0.00000000
      143     0.00000013     0.00000000
      144     0.00000000     0.00000000
      145     0.00000000     0.00000000
      146     0.00000000     0.00000000
      147     0.00000000     0.00000000
      148     0.00000000     0.00000000
      149     0.00000004     0.00000000
      150     0.00000004     0.00000000
      151     0.00000001     0.00000000
      152     0.00000000     0.00000000
      153     0.00000003     0.00000000
      154     0.00000013     0.00000000
      155     0.00000023     0.00000000
      156     0.00000024     0.00000000
      157     0.00000012     0.00000000
      158     0.00000000     0.00000000
      159     0.00000000     0.00000000
      160     0.00000000     0.00000000
      161     0.00000000     0.00000000
      162     0.00000045     0.00000000
      163     0.00047712     0.00000000
      164     0.00000000     0.00000000
      165     0.00002069     0.00000000
      166     0.00005106     0.00000000
      167     0.00003741     0.00000000
      168     0.00000255     0.00000000
      169     0.00000000     0.00000000
      170     0.00000000     0.00000000
      171     0.00000000     0.00000000
      172     0.00001158     0.00000000
      173     0.00002239     0.00000000
      174     0.00001506     0.00000000
      175     0.00000000     0.00000000
      176     0.00000000     0.00000000
      177     0.00000000     0.00000000
      178     0.00000000     0.00000000
      179     0.00000566     0.00000000
      180     0.00000874     0.00000000
      181     0.00000204     0.00000000
      182     0.00000000     0.00000000
      183     0.00000000     0.00000000
      184     0.00000125     0.00000000
      185     0.00000128     0.00000000
      186     0.00000000     0.00000000
      187     0.00000000     0.00000000
      188     0.00000000     0.00000000
      189     0.00000000     0.00000000
      190     0.00000580     0.00000000
      191     0.00001194     0.00000000
      192     0.00001089     0.00000000
      193     0.00000151     0.00000000
      194     0.00000000     0.00000000
      195     0.00000000     0.00000000
      196     0.00000000     0.00000000
      197     0.00000000     0.00000000
      198     0.00001651     0.00000000
      199     0.00002746     0.00000000
      200     0.00002384     0.00000000
      201     0.00000261     0.00000000
      202     0.00000000     0.00000000
      203     0.00000000     0.00000000
      204     0.00000000     0.00000000
      205     0.00000000     0.00000000
      206     0.00000573     0.00000000
      207     0.00001559     0.00000000
      208     0.00001818     0.00000000
      209     0.00001212     0.00000000
      210     0.00000018     0.00000000
      211     0.00000000     0.00000000
      212     0.00000000     0.00000000
      213     0.00000000     0.00000000
      214     0.00000000     0.00000000
      215     0.00000376     0.00000000
      216     0.00001465     0.00000000
      217     0.00001950     0.00000000
      218     0.00001674     0.00000000
      219     0.00000792     0.00000000
      220     0.00000000     0.00000000
      221     0.00000000     0.00000000
      222     0.00000000     0.00000000
      223     0.00000000     0.00000000
      224     0.00000000     0.00000000
      225     0.00000000     0.00000000
      226     0.00000000     0.00000000
      227     0.00000000     0.00000000
      228     0.00000000     0.00000000
      229     0.00000000     0.00000000
      230     0.00000000     0.00000000
      231     0.00000225     0.00000000
      232     0.00001191     0.00000000
      233     0.00002160     0.00000000
      234     0.00002765     0.00000000
      235     0.00002682     0.00000000
      236     0.00001738     0.00000000
      237     0.00000000     0.00000000
      238     0.00000000     0.00000000
      239     0.00000000     0.00000000
      240     0.00000000     0.00000000
      241     0.00000000     0.00000000
      242     0.00000000     0.00000000
      243     0.00000000     0.00000000
      244     0.00000044     0.00000000
      245     0.00002662     0.00000000
      246     0.00005412     0.00000000
      247     0.00007773     0.00000000
      248     0.00009234     0.00000000
      249     0.00009394     0.00000000
      250     0.00008042     0.00000000
      251     0.00005204     0.00000000
      252     0.00001153     0.00000000
      253     0.00000000     0.00000000
      254     0.00000000     0.00000000
      255     0.00000000     0.00000000
      256     0.00000000     0.00000000
      257     0.00000000     0.00000000
      258     0.00000000     0.00000000
      259     0.00000000     0.00000000
      260     0.00000000     0.00000000
      261     0.00002626     0.00000000
      262     0.00005985     0.00000000
      263     0.00009710     0.00000000
      264     0.00013609     0.00000000
      265     0.00017486     0.00000000
      266     0.00021166     0.00000000
      267     0.00024514     0.00000000
      268     0.00027451     0.00000000
      269     0.00029976     0.00000000
      270     0.00032176     0.00000000
      271     0.00034238     0.00000000
      272     0.00036463     0.00000000
      273     0.00039275     0.00000000
      274     0.00043241     0.00000000
      275     0.00049089     0.00000000
      276     0.00057735     0.00000000
      277     0.00070324     0.00000000
      278     0.00088273     0.00000000
      279     0.00113325     0.00000000
      280     0.00147603     0.00000000
      281     0.00089952     0.00000000
      282     0.00088412     0.00000000
      283     0.00086548     0.00000000
      284     0.00084728     0.00000000
      285     0.00083356     0.00000000
      286     0.00082861     0.00000000
      287     0.00083684     0.00000000
      288     0.00086265     0.00000000
      289     0.00091032     0.00000000
      290     0.00098389     0.00000000
      291     0.00108699     0.00000000
      292     0.00122280     0.00000000
      293     0.00139391     0.00000000
      294     0.00160231     0.00000000
      295     0.00184939     0.00000000
      296     0.00213605     0.00000000
      297     0.00246292     0.00000000
      298     0.00283065     0.00000000
      299     0.00324047     0.00000000
      300     0.00369497     0.00000000
      301     0.00246763     0.00000000
      302     0.00229233     0.00000000
      303     0.00207479     0.00000000
      304     0.00181850     0.00000000
      305     0.00152677     0.00000000
      306     0.00120275     0.00000000
      307     0.00085004     0.00000000
      308     0.00047501     0.00000000
      309     0.00009355     0.00000000
      310     0.00000000     0.00000000
      311     0.00000000     0.00000000
      312     0.00001399     0.00000000
      313     0.00258043     0.00000000
      314     0.01384242     0.00000000
      315     0.06949136     0.00000000
      316     0.35175761     0.00000000
      317     0.67436705     0.00000000
      318     0.00000000     0.00000000
      319     0.00000000     0.00000000
      320     0.00000000     0.00000000
      321     0.00000000     0.00000000
      322     0.00000000     0.00099695
      323     0.00000000     0.00387810
      324     0.00000000     0.00590823
      325     0.00000000     0.00739081
      326     0.00000000     0.00849153
      327     0.00000000     0.00930228
      328     0.00000000     0.00987214
      329     0.00000000     0.01022313
      330     0.00000000     0.01035864
      331     0.00000000     0.01026884
      332     0.00000000     0.00993459
      333     0.00000000     0.00933143
      334     0.00000000     0.00843428
      335     0.00000000     0.00722342
      336     0.00000000     0.00569205
      337     0.00000000     0.00385524
      338     0.00000000     0.00175955
      339     0.00000000     0.00000000
      340     0.00000000     0.00000000
      341     0.00000000     0.00000000
      342     0.00000000     0.00000000
      343     0.00000000     0.00000000
      344     0.00000000     0.00000000
      345     0.00000000     0.00000000
      346     0.00000000     0.00000000
      347     0.00000000     0.00000000
      348     0.00000000     0.00000000
      349     0.00000000     0.00000000
      350     0.00000000     0.00212501
      351     0.00000000     0.00483350
      352     0.00000000     0.00697844
      353     0.00000000     0.00808665
      354     0.00000000     0.00778380
      355     0.00000000     0.00592592
      356     0.00000000     0.00272394
      357     0.00000000     0.00000000
      358     0.00000000     0.00000000
      359     0.00000000     0.00000000
      360     0.00000000     0.00000000
      361     0.00000000     0.00000000
      362     0.00000000     0.00000000
      363     0.00000000     0.00109062
      364     0.00000000     0.00328414
      365     0.00000000     0.00456729
      366     0.00000000     0.00422714
      367     0.00000000     0.00212960
      368     0.00000000     0.00000000
      369     0.00000000     0.00000000
      370     0.00000000     0.00000000
      371     0.00000000     0.00000000
      372     0.00000000     0.00000000
      373     0.00000000     0.00262550
      374     0.00000000     0.00520006
      375     0.00000000     0.00500787
      376     0.00000000     0.00195929
      377     0.00000000     0.00000000
      378     0.00000000     0.00000000
      379     0.00000000     0.00000000
      380     0.00000000     0.00000000
      381     0.00000000     0.00128540
      382     0.00000000     0.00216154
      383     0.00000000     0.00139993
      384     0.00000000     0.00000000
      385     0.00000000     0.00000000
      386     0.00000000     0.00000000
      387     0.00000000     0.00000000
      388     0.00000000     0.00220323
      389     0.00000000     0.00278424
      390     0.00000000     0.00084117
      391     0.00000000     0.00000000
      392     0.00000000     0.00000000
      393     0.00000000     0.00000000
      394     0.00000000     0.00192826
      395     0.00000000     0.00298150
      396     0.00000000     0.00086357
      397     0.00000000     0.00000000
      398     0.00000000     0.00000000
      399     0.00000000     0.00000000
      400     0.00000000     0.00267255
      401     0.00000000     0.00084777
      402     0.00000000     0.00000000
      403     0.00000000     0.00000000
      404     0.00000000     0.00000000
      405     0.00000000     0.00105929
      406     0.00000000     0.00132764
      407     0.00000000     0.00000000
      408     0.00000000     0.00000000
      409     0.00000000     0.00000000
      410     0.00000000     0.00120313
      411     0.00000000     0.00155450
      412     0.00000000     0.00000000
      413     0.00000000     0.00000000
      414     0.00000000     0.00000000
      415     0.00000000     0.00164052
      416     0.00000000     0.00136257
      417     0.00000000     0.00000000
      418     0.00000000     0.00000000
      419     0.00000000     0.00042509
      420     0.00000000     0.00208304
      421     0.00000000     0.00010227
      422     0.00000000     0.00000000
      423     0.00000000     0.00000000
      424     0.00000000     0.00086367
      425     0.00000000     0.00067773
      426     0.00000000     0.00000000
      427     0.00000000     0.00000000
      428     0.00000000     0.00060347
      429     0.00000000     0.00112608
      430     0.00000000     0.00000000
      431     0.00000000     0.00000000
      432     0.00000000     0.00023476
      433     0.00000000     0.00136965
      434     0.00000000     0.00000000
      435     0.00000000     0.00000000
      436     0.00000000     0.00000000
      437     0.00000000     0.00147711
      438     0.00000000     0.00011055
      439     0.00000000     0.00000000
      440     0.00000000     0.00000000
      441     0.00000000     0.00071722
      442     0.00000000     0.00003344
      443     0.00000000     0.00000000
      444     0.00000000     0.00000589
      445     0.00000000     0.00082909
      446     0.00000000     0.00000000
      447     0.00000000     0.00000000
      448     0.00000000     0.00016655
      449     0.00000000     0.00089541
      450     0.00000000     0.00000000
      451     0.00000000     0.00000000
      452     0.00000000     0.00045425
      453     0.00000000     0.00084530
      454     0.00000000     0.00000000
      455     0.00000000     0.00000000
      456     0.00000000     0.00083721
      457     0.00000000     0.00055202
      458     0.00000000     0.00000000
      459     0.00000000     0.00000000
      460     0.00000000     0.00113266
      461     0.00000000     0.00000000
      462     0.00000000     0.00000000
      463     0.00000000     0.00026833
      464     0.00000000     0.00052416
      465     0.00000000     0.00000000
      466     0.00000000     0.00000000
      467     0.00000000     0.00065276
      468     0.00000000     0.00008845
      469     0.00000000     0.00000000
      470     0.00000000     0.00023426
      471     0.00000000     0.00061649
      472     0.00000000     0.00000000
      473     0.00000000     0.00000000
      474     0.00000000     0.00071677
      475     0.00000000     0.00000000
      476     0.00000000     0.00000000
      477     0.00000000     0.00041558
      478     0.00000000     0.00041855
      479     0.00000000     0.00000000
      480     0.00000000     0.00000000
      481     0.00000000     0.00033082
      482     0.00000000     0.00000000
      483     0.00000000     0.00000000
      484     0.00000000     0.00031911
      485     0.00000000     0.00000000
      486     0.00000000     0.00000000
      487     0.00000000     0.00021569
      488     0.00000000     0.00011177
      489     0.00000000     0.00000000
      490     0.00000000     0.00008331
      491     0.00000000     0.00018714
      492     0.00000000     0.00000000
      493     0.00000000     0.00000000
      494     0.00000000     0.00019330
      495     0.00000000     0.00000000
      496     0.00000000     0.00000000
      497     0.00000000     0.00015252
      498     0.00000000     0.00000000
      499     0.00000000     0.00000000
      500     0.00000000     0.00009138
      501     0.00000000     0.00001689
      502     0.00000000     0.00000000
      503     0.00000000     0.00002730
      504     0.00000000     0.00002875
      505     0.00000000     0.00000000
      506     0.00000000     0.00000167
      507     0.00000000     0.00001526
      508     0.00000000     0.00000000
      509     0.00000000     0.00000130
      510     0.00000000     0.00000000
      511     0.00000000     0.00000750
      512     0.00000000     0.00002641
      513     0.00000000     0.00000000
      514     0.00000000     0.00000000
      515     0.00000000     0.00006322
      516     0.00000000     0.00000000
      517     0.00000000     0.00000000
      518     0.00000000     0.00008887
      519     0.00000000     0.00000000
      520     0.00000000     0.00000000
      521     0.00000000     0.00009679
      522     0.00000000     0.00006088
      523     0.00000000     0.00000000
      524     0.00000000     0.00004865
      525     0.00000000     0.00013613
      526     0.00000000     0.00000000
      527     0.00000000     0.00000000
      528     0.00000000     0.00019083
      529     0.00000000     0.00000000
      530     0.00000000     0.00000000
      531     0.00000000     0.00020503
      532     0.00000000     0.00000000
      533     0.00000000     0.00000000
      534     0.00000000     0.00017216
      535     0.00000000     0.00007282
      536     0.00000000     0.00000000
      537     0.00000000     0.00009874
      538     0.00000000     0.00016253
      539     0.00000000     0.00000000
      540     0.00000000     0.00000102
      541     0.00000000     0.00022457
      542     0.00000000     0.00000000
      543     0.00000000     0.00000000
      544     0.00000000     0.00024100
      545     0.00000000     0.00000000
      546     0.00000000     0.00000000
      547     0.00000000     0.00020783
      548     0.00000000     0.00002586
      549     0.00000000     0.00000000
      550     0.00000000     0.00013208
      551     0.00000000     0.00011766
      552     0.00000000     0.00000000
      553     0.00000000     0.00003363
      554     0.00000000     0.00017228
      555     0.00000000     0.00000000
      556     0.00000000     0.00000000
      557     0.00000000     0.00017475
      558     0.00000000     0.00000000
      559     0.00000000     0.00000000
      560     0.00000000     0.00012876
      561     0.00000000     0.00003446
      562     0.00000000     0.00000000
      563     0.00000000     0.00013349
      564     0.00000000     0.00015146
      565     0.00000000     0.00000000
      566     0.00000000     0.00000000
      567     0.00000000     0.00019634
      568     0.00000000     0.00000000
      569     0.00000000     0.00000000
      570     0.00000000     0.00014885
      571     0.00000000     0.00000000
      572     0.00000000     0.00000000
      573     0.00000000     0.00005320
      574     0.00000000     0.00002939
      575     0.00000000     0.00000000
      576     0.00000000     0.00000040
      577     0.00000000     0.00000000
      578     0.00000000     0.00003017
      579     0.00000000     0.00002693
      580     0.00000000     0.00000000
      581     0.00000000     0.00002660
      582     0.00000000     0.00009393
      583     0.00000000     0.00000000
      584     0.00000000     0.00000000
      585     0.00000000     0.00013321
      586     0.00000000     0.00000000
      587     0.00000000     0.00000000
      588     0.00000000     0.00014191
      589     0.00000000     0.00000000
      590     0.00000000     0.00000000
      591     0.00000000     0.00011911
      592     0.00000000     0.00006691
      593     0.00000000     0.00000000
      594     0.00000000     0.00006030
      595     0.00000000     0.00014995
      596     0.00000000     0.00000000
      597     0.00000000     0.00000000
      598     0.00000000     0.00021692
      599     0.00000000     0.00000000
      600     0.00000000     0.00000000
      601     0.00000000     0.00021446
      602     0.00000000     0.00000000
      603     0.00000000     0.00000000
      604     0.00000000     0.00017513
      605     0.00000000     0.00010352
      606     0.00000000     0.00000000
      607     0.00000000     0.00008089
      608     0.00000000     0.00020665
      609     0.00000000     0.00000000
      610     0.00000000     0.00000000
      611     0.00000000     0.00026345
      612     0.00000000     0.00000000
      613     0.00000000     0.00000000
      614     0.00000000     0.00025902
      615     0.00000000     0.00000000
      616     0.00000000     0.00000000
      617     0.00000000     0.00019757
      618     0.00000000     0.00007516
      619     0.00000000     0.00000000
      620     0.00000000     0.00009965
      621     0.00000000     0.00012147
      622     0.00000000     0.00000000
      623     0.00000000     0.00000000
      624     0.00000000     0.00015289
      625     0.00000000     0.00000000
      626     0.00000000     0.00000000
      627     0.00000000     0.00014609
      628     0.00000000     0.00000000
      629     0.00000000     0.00000000
      630     0.00000000     0.00010875
      631     0.00000000     0.00002556
      632     0.00000000     0.00000000
      633     0.00000000     0.00005664
      634     0.00000000     0.00006572
      635     0.00000000     0.00000000
      636     0.00000000     0.00000674
      637     0.00000000     0.00007985
      638     0.00000000     0.00000000
      639     0.00000000     0.00000000
      640     0.00000000     0.00007213
      641     0.00000000     0.00000000
      642     0.00000000     0.00000000
      643     0.00000000     0.00005091
      644     0.00000000     0.00000382
      645     0.00000000     0.00000000
      646     0.00000000     0.00002843
      647     0.00000000     0.00002000
      648     0.00000000     0.00000000
      649     0.00000000     0.00000916
      650     0.00000000     0.00002616
      651     0.00000000     0.00000000
      652     0.00000000     0.00000000
      653     0.00000000     0.00002611
      654     0.00000000     0.00000000
      655     0.00000000     0.00000000
      656     0.00000000     0.00002398
      657     0.00000000     0.00000000
      658     0.00000000     0.00000000
      659     0.00000000     0.00002183
      660     0.00000000     0.00000534
      661     0.00000000     0.00000000
      662     0.00000000     0.00002038
      663     0.00000000     0.00002255
      664     0.00000000     0.00000000
      665     0.00000000     0.00000833
      666     0.00000000     0.00004351
      667     0.00000000     0.00000000
      668     0.00000000     0.00000000
      669     0.00000000     0.00006406
      670     0.00000000     0.00000000
      671     0.00000000     0.00000000
      672     0.00000000     0.00007580
      673     0.00000000     0.00000000
      674     0.00000000     0.00000000
      675     0.00000000     0.00007467
      676     0.00000000     0.00002231
      677     0.00000000     0.00000000
      678     0.00000000     0.00006123
      679     0.00000000     0.00006735
      680     0.00000000     0.00000000
      681     0.00000000     0.00003996
      682     0.00000000     0.00014967
      683     0.00000000     0.00000000
      684     0.00000000     0.00000000
      685     0.00000000     0.00022187
      686     0.00000000     0.00000000
      687     0.00000000     0.00000000
      688     0.00000000     0.00027420
      689     0.00000000     0.00000000
      690     0.00000000     0.00000000
      691     0.00000000     0.00027608
      692     0.00000000     0.00000000
      693     0.00000000     0.00000000
      694     0.00000000     0.00022018
      695     0.00000000     0.00006355
      696     0.00000000     0.00000000
      697     0.00000000     0.00014851
      698     0.00000000     0.00014186
      699     0.00000000     0.00000000
      700     0.00000000     0.00007535
      701     0.00000000     0.00017731
      702     0.00000000     0.00000000
      703     0.00000000     0.00000000
      704     0.00000000     0.00020808
      705     0.00000000     0.00000000
      706     0.00000000     0.00000000
      707     0.00000000     0.00021065
      708     0.00000000     0.00000000
      709     0.00000000     0.00000000
      710     0.00000000     0.00018183
      711     0.00000000     0.00000000
      712     0.00000000     0.00000000
      713     0.00000000     0.00012940
      714     0.00000000     0.00001835
      715     0.00000000     0.00000000
      716     0.00000000     0.00006972
      717     0.00000000     0.00004585
      718     0.00000000     0.00000000
      719     0.00000000     0.00002113
      720     0.00000000     0.00004094
      721     0.00000000     0.00000000
      722     0.00000000     0.00000000
      723     0.00000000     0.00000738
      724     0.00000000     0.00000362
      725     0.00000000     0.00000788
      726     0.00000000     0.00000000
      727     0.00000000     0.00001445
      728     0.00000000     0.00004049
      729     0.00000000     0.00000000
      730     0.00000000     0.00000000
      731     0.00000000     0.00008063
      732     0.00000000     0.00000000
      733     0.00000000     0.00000000
      734     0.00000000     0.00010835
      735     0.00000000     0.00000000
      736     0.00000000     0.00000000
      737     0.00000000     0.00010753
      738     0.00000000     0.00002000
      739     0.00000000     0.00000000
      740     0.00000000     0.00007325
      741     0.00000000     0.00009022
      742     0.00000000     0.00000000
      743     0.00000000     0.00001784
      744     0.00000000     0.00013377
      745     0.00000000     0.00000000
      746     0.00000000     0.00000000
      747     0.00000000     0.00013586
      748     0.00000000     0.00000000
      749     0.00000000     0.00000000
      750     0.00000000     0.00009868
      751     0.00000000     0.00001445
      752     0.00000000     0.00000000
      753     0.00000000     0.00004496
      754     0.00000000     0.00004168
      755     0.00000000     0.00000000
      756     0.00000000     0.00000451
      757     0.00000000     0.00003026
      758     0.00000000     0.00000000
      759     0.00000000     0.00000000
      760     0.00000000     0.00000000
      761     0.00000000     0.00000716
      762     0.00000000     0.00002430
      763     0.00000000     0.00000000
      764     0.00000000     0.00000000
      765     0.00000000     0.00007110
      766     0.00000000     0.00000000
      767     0.00000000     0.00000000
      768     0.00000000     0.00011633
      769     0.00000000     0.00000000
      770     0.00000000     0.00000000
      771     0.00000000     0.00013950
      772     0.00000000     0.00001631
      773     0.00000000     0.00000000
      774     0.00000000     0.00012664
      775     0.00000000     0.00009666
      776     0.00000000     0.00000000
      777     0.00000000     0.00007302
      778     0.00000000     0.00018566
      779     0.00000000     0.00000000
      780     0.00000000     0.00000000
      781     0.00000000     0.00024610
      782     0.00000000     0.00000000
      783     0.00000000     0.00000000
      784     0.00000000     0.00028703
      785     0.00000000     0.00000000
      786     0.00000000     0.00000000
      787     0.00000000     0.00028096
      788     0.00000000     0.00001387
      789     0.00000000     0.00000000
      790     0.00000000     0.00022090
      791     0.00000000     0.00014008
      792     0.00000000     0.00000000
      793     0.00000000     0.00011568
      794     0.00000000     0.00024608
      795     0.00000000     0.00000000
      796     0.00000000     0.00000000
      797     0.00000000     0.00030633
      798     0.00000000     0.00000000
      799     0.00000000     0.00000000
      800     0.00000000     0.00031657
      801     0.00000000     0.00000000
      802     0.00000000     0.00000000
      803     0.00000000     0.00028691
      804     0.00000000     0.00000000
      805     0.00000000     0.00000000
      806     0.00000000     0.00021244
      807     0.00000000     0.00006426
      808     0.00000000     0.00000000
      809     0.00000000     0.00011610
      810     0.00000000     0.00012756
      811     0.00000000     0.00000000
      812     0.00000000     0.00002383
      813     0.00000000     0.00014830
      814     0.00000000     0.00000000
      815     0.00000000     0.00000000
      816     0.00000000     0.00012725
      817     0.00000000     0.00000000
      818     0.00000000     0.00000000
      819     0.00000000     0.00008309
      820     0.00000000     0.00000000
      821     0.00000000     0.00000000
      822     0.00000000     0.00005059
      823     0.00000000     0.00002410
      824     0.00000000     0.00000000
      825     0.00000000     0.00001691
      826     0.00000000     0.00002866
      827     0.00000000     0.00000000
      828     0.00000000     0.00000000
      829     0.00000000     0.00001663
      830     0.00000000     0.00000000
      831     0.00000000     0.00000000
      832     0.00000000     0.00000000
      833     0.00000000     0.00000341
      834     0.00000000     0.00001520
      835     0.00000000     0.00000000
      836     0.00000000     0.00000000
      837     0.00000000     0.00004191
      838     0.00000000     0.00000000
      839     0.00000000     0.00000000
      840     0.00000000     0.00006638
      841     0.00000000     0.00000000
      842     0.00000000     0.00000000
      843     0.00000000     0.00007252
      844     0.00000000     0.00002569
      845     0.00000000     0.00000000
      846     0.00000000     0.00005215
      847     0.00000000     0.00007970
      848     0.00000000     0.00000000
      849     0.00000000     0.00000158
      850     0.00000000     0.00012926
      851     0.00000000     0.00000000
      852     0.00000000     0.00000000
      853     0.00000000     0.00015242
      854     0.00000000     0.00000000
      855     0.00000000     0.00000000
      856     0.00000000     0.00013411
      857     0.00000000     0.00003973
      858     0.00000000     0.00000000
      859     0.00000000     0.00007455
      860     0.00000000     0.00011333
      861     0.00000000     0.00000000
      862     0.00000000     0.00000000
      863     0.00000000     0.00016356
      864     0.00000000     0.00000000
      865     0.00000000     0.00000000
      866     0.00000000     0.00015119
      867     0.00000000     0.00000000
      868     0.00000000     0.00000000
      869     0.00000000     0.00009783
      870     0.00000000     0.00003959
      871     0.00000000     0.00000000
      872     0.00000000     0.00003632
      873     0.00000000     0.00006340
      874     0.00000000     0.00000000
      875     0.00000000     0.00000000
      876     0.00000000     0.00005635
      877     0.00000000     0.00000000
      878     0.00000000     0.00000000
      879     0.00000000     0.00003836
      880     0.00000000     0.00000000
      881     0.00000000     0.00000000
      882     0.00000000     0.00002226
      883     0.00000000     0.00000488
      884     0.00000000     0.00000000
      885     0.00000000     0.00001046
      886     0.00000000     0.00001030
      887     0.00000000     0.00000000
      888     0.00000000     0.00000188
      889     0.00000000     0.00000946
      890     0.00000000     0.00000000
      891     0.00000000     0.00000000
      892     0.00000000     0.00000313
      893     0.00000000     0.00000000
      894     0.00000000     0.00000134
      895     0.00000000     0.00000000
      896     0.00000000     0.00000026
      897     0.00000000     0.00000746
      898     0.00000000     0.00000000
      899     0.00000000     0.00000000
      900     0.00000000     0.00001047
      901     0.00000000     0.00000000
      902     0.00000000     0.00000000
      903     0.00000000     0.00000610
      904     0.00000000     0.00000086
      905     0.00000000     0.00000000
      906     0.00000000     0.00000085
      907     0.00000000     0.00000000
      908     0.00000000     0.00000289
      909     0.00000000     0.00000000
      910     0.00000000     0.00000000
      911     0.00000000     0.00000711
      912     0.00000000     0.00000545
      913     0.00000000     0.00000000
      914     0.00000000     0.00000405
      915     0.00000000     0.00001477
      916     0.00000000     0.00000000
      917     0.00000000     0.00000000
      918     0.00000000     0.00002027
      919     0.00000000     0.00000000
      920     0.00000000     0.00000000
      921     0.00000000     0.00002269
      922     0.00000000     0.00000205
      923     0.00000000     0.00000000
      924     0.00000000     0.00001019
      925     0.00000000     0.00000781
      926     0.00000000     0.00000000
      927     0.00000000     0.00000070
      928     0.00000000     0.00000079
      929     0.00000000     0.00000295
      930     0.00000000     0.00000296
      931     0.00000000     0.00000000
      932     0.00000000     0.00000700
      933     0.00000000     0.00001564
      934     0.00000000     0.00000000
      935     0.00000000     0.00000000
      936     0.00000000     0.00002906
      937     0.00000000     0.00000000
      938     0.00000000     0.00000000
      939     0.00000000     0.00003622
      940     0.00000000     0.00000000
      941     0.00000000     0.00000000
      942     0.00000000     0.00003343
      943     0.00000000     0.00000000
      944     0.00000000     0.00000000
      945     0.00000000     0.00003393
      946     0.00000000     0.00001095
      947     0.00000000     0.00000000
      948     0.00000000     0.00002550
      949     0.00000000     0.00002380
      950     0.00000000     0.00000000
      951     0.00000000     0.00000861
      952     0.00000000     0.00002411
      953     0.00000000     0.00000000
      954     0.00000000     0.00000000
      955     0.00000000     0.00003691
      956     0.00000000     0.00000000
      957     0.00000000     0.00000000
      958     0.00000000     0.00009179
      959     0.00000000     0.00000000
      960     0.00000000     0.00000000
      961     0.00000000     0.00009629
      962     0.00000000     0.00002505
      963     0.00000000     0.00000000
      964     0.00000000     0.00006356
      965     0.00000000     0.00006607
      966     0.00000000     0.00000000
      967     0.00000000     0.00002651
      968     0.00000000     0.00010292
      969     0.00000000     0.00000000
      970     0.00000000     0.00000000
      971     0.00000000     0.00013102
      972     0.00000000     0.00000000
      973     0.00000000     0.00000000
      974     0.00000000     0.00014459
      975     0.00000000     0.00000000
      976     0.00000000     0.00000000
      977     0.00000000     0.00013590
      978     0.00000000     0.00002435
      979     0.00000000     0.00000000
      980     0.00000000     0.00009675
      981     0.00000000     0.00008435
      982     0.00000000     0.00000000
      983     0.00000000     0.00002237
      984     0.00000000     0.00013616
      985     0.00000000     0.00000000
      986     0.00000000     0.00000000
      987     0.00000000     0.00015754
      988     0.00000000     0.00000000
      989     0.00000000     0.00000000
      990     0.00000000     0.00013713
      991     0.00000000     0.00001603
      992     0.00000000     0.00000000
      993     0.00000000     0.00008093
      994     0.00000000     0.00007925
      995     0.00000000     0.00000000
      996     0.00000000     0.00001166
      997     0.00000000     0.00010803
      998     0.00000000     0.00000000
      999     0.00000000     0.00000000
     1000     0.00000000     0.00009820
