#     BO State Coefficients: state Re-Im; see the manual for detail orders
        0     0.00000000     0.00000000     1.00000000     0.00000000
        1    -0.00001155     0.00001280     0.31405342    -0.94940531
        2     0.00000635     0.00005861    -0.80198097    -0.59734958
        3     0.00008354     0.00005714    -0.82115170     0.57070998
        4     0.00011490    -0.00003732     0.27683157     0.96091845
        5     0.00002332    -0.00010813     0.99869799     0.05101287
        6    -0.00008286    -0.00003961     0.37841210    -0.92563722
        7    -0.00005276     0.00008932    -0.74428897    -0.66785771
        8     0.00008125     0.00010541    -0.88256069     0.47019849
        9     0.00014300    -0.00001484     0.13213621     0.99123156
       10     0.00005323    -0.00011415     0.97328289     0.22960925
       11    -0.00007008    -0.00006671     0.56721193    -0.82357186
       12    -0.00007118     0.00006334    -0.55559339    -0.83145413
       13     0.00004683     0.00011191    -0.97937182     0.20206638
       14     0.00013495     0.00002271    -0.18781855     0.98220373
       15     0.00008726    -0.00009128     0.83209692     0.55463024
       16    -0.00003494    -0.00009197     0.83779832    -0.54597982
       17    -0.00008368     0.00001903    -0.16534196    -0.98623629
       18    -0.00000211     0.00010786    -0.96858778    -0.24867189
       19     0.00011153     0.00006995    -0.62454762     0.78098672
       20     0.00012383    -0.00004852     0.45043554     0.89280894
       21     0.00007063    -0.00009155     0.99939350    -0.03482269
       22     0.00005943    -0.00008458     0.38831039    -0.92152864
       23     0.00005992    -0.00007793    -0.67210753    -0.74045355
       24     0.00005966    -0.00007732    -0.95513884     0.29615838
       25     0.00005565    -0.00007155    -0.13683407     0.99059398
       26     0.00006212    -0.00005904     0.83817999     0.54539371
       27     0.00008341    -0.00005949     0.85117705    -0.52487867
       28     0.00009534    -0.00008555    -0.10911170    -0.99402949
       29     0.00007224    -0.00011339    -0.94411504    -0.32961611
       30     0.00002971    -0.00010286    -0.70555698     0.70865319
       31     0.00001907    -0.00005243     0.33168587     0.94338989
       32     0.00006595    -0.00001602     0.99354416     0.11344598
       33     0.00012631    -0.00004562     0.53782112    -0.84305897
       34     0.00012635    -0.00012077    -0.51954071    -0.85444568
       35     0.00005187    -0.00015761    -0.99620781     0.08700561
       36    -0.00002061    -0.00010251    -0.36602897     0.93060345
       37    -0.00000229    -0.00000525     0.66795451     0.74420211
       38     0.00010040     0.00002434     0.96534936    -0.26096093
       39     0.00017856    -0.00005956     0.20489022    -0.97878494
       40     0.00013679    -0.00017457    -0.77773402    -0.62859347
       41     0.00002617    -0.00019195    -0.91512255     0.40317574
       42    -0.00003121    -0.00010864    -0.06336761     0.99799025
       43     0.00001936    -0.00001328     0.85553230     0.51774945
       44     0.00013384    -0.00001384     0.85602491    -0.51693455
       45     0.00018961    -0.00012091    -0.05732501    -0.99835554
       46     0.00011784    -0.00022520    -0.90844448    -0.41800545
       47    -0.00001335    -0.00021041    -0.79720551     0.60370798
       48    -0.00006427    -0.00008335     0.15322809     0.98819084
       49     0.00002589     0.00002516     0.94158272     0.33678181
       50     0.00016768    -0.00000267     0.74728699    -0.66450141
       51     0.00021238    -0.00014272    -0.22123794    -0.97521983
       52     0.00011052    -0.00025080    -0.95992433    -0.28025918
       53    -0.00003388    -0.00021452    -0.71369525     0.70045631
       54    -0.00007296    -0.00007170     0.25866841     0.96596617
       55     0.00003040     0.00003142     0.96725734     0.25379763
       56     0.00016812    -0.00000603     0.70247582    -0.71170759
       57     0.00020360    -0.00013965    -0.26236589    -0.96496844
       58     0.00011009    -0.00023383    -0.96500323    -0.26223786
       59    -0.00001236    -0.00020283    -0.71783831     0.69620983
       60    -0.00004650    -0.00008857     0.22801064     0.97365864
       61     0.00000765    -0.00002201     0.95120338     0.30856463
       62     0.00006140    -0.00003267     0.75780848    -0.65247705
       63     0.00007964    -0.00008233    -0.16121181    -0.98691982
       64     0.00004813    -0.00012226    -0.92498568    -0.38000195
       65    -0.00000032    -0.00011667    -0.81015892     0.58621030
       66    -0.00002027    -0.00007446     0.06866484     0.99763978
       67     0.00000386    -0.00003684     0.88134910     0.47246563
       68     0.00004670    -0.00003718     0.87047335    -0.49221554
       69     0.00006851    -0.00007216     0.05281093    -0.99860452
       70     0.00005135    -0.00010816    -0.81165616    -0.58413548
       71     0.00001281    -0.00011309    -0.93146570     0.36382913
       72    -0.00001188    -0.00008394    -0.20451978     0.97886243
       73    -0.00000108    -0.00004756     0.70513950     0.70906860
       74     0.00003542    -0.00003648     0.98076530    -0.19519076
       75     0.00006537    -0.00006114     0.38368853    -0.92346256
       76     0.00006149    -0.00010087    -0.55019285    -0.83503761
       77     0.00002502    -0.00012070    -0.99987050    -0.01609263
       78    -0.00001378    -0.00010087    -0.58034515     0.81437062
       79    -0.00001986    -0.00005516     0.33737035     0.94137200
       80     0.00001635    -0.00002199     0.96431561     0.26475536
       81     0.00006315    -0.00003146     0.77344403    -0.63386459
       82     0.00008133    -0.00007406    -0.06627155    -0.99780162
       83     0.00005561    -0.00011645    -0.84837575    -0.52939453
       84     0.00000269    -0.00012073    -0.92693179     0.37522986
       85    -0.00003444    -0.00007765    -0.24521812     0.96946793
       86    -0.00002086    -0.00001832     0.63381456     0.77348504
       87     0.00003869     0.00000783     0.99895811    -0.04563643
       88     0.00009911    -0.00002627     0.56420587    -0.82563413
       89     0.00010895    -0.00009944    -0.31632242    -0.94865173
       90     0.00005354    -0.00015488    -0.94538486    -0.32595620
       91    -0.00002877    -0.00014422    -0.83621133     0.54840732
       92    -0.00007321    -0.00006870    -0.08224459     0.99661217
       93    -0.00003955     0.00001718     0.73192695     0.68138311
       94     0.00005306     0.00004545     0.98887798    -0.14872904
       95     0.00013668    -0.00001178     0.50308015    -0.86423975
       96     0.00014501    -0.00011718    -0.35469646    -0.93498149
       97     0.00006546    -0.00019316    -0.94825944    -0.31749643
       98    -0.00004783    -0.00017949    -0.84864418     0.52896410
       99    -0.00011180    -0.00008028    -0.13718564     0.99054535
      100    -0.00007577     0.00003601     0.66946627     0.74284245
      101     0.00001746     0.00007913     0.99955273    -0.02990535
      102     0.00009088     0.00004251     0.62627797    -0.77959983
      103     0.00011095    -0.00003749    -0.18319186    -0.98307717
      104     0.00006336    -0.00010508    -0.86346766    -0.50440419
      105    -0.00001881    -0.00011342    -0.94731940     0.32029041
      106    -0.00007890    -0.00005725    -0.38313814     0.92369105
      107    -0.00007640     0.00002440     0.43964598     0.89817115
      108    -0.00001423     0.00007609     0.96366847     0.26710126
      109     0.00006463     0.00006419     0.84102458    -0.54099690
      110     0.00010766    -0.00000136     0.15969925    -0.98716571
      111     0.00008820    -0.00007565    -0.62502952    -0.78060111
      112     0.00002177    -0.00011033    -0.99799590    -0.06327855
      113    -0.00004667    -0.00008540    -0.72088427     0.69305545
      114    -0.00007376    -0.00002032     0.02067662     0.99978621
      115    -0.00004548     0.00004143     0.74672871     0.66512873
      116     0.00001630     0.00006196     0.99582026    -0.09133457
      117     0.00007090     0.00003241     0.61591875    -0.78780968
      118     0.00008608    -0.00002445    -0.14831287    -0.98894049
      119     0.00005715    -0.00007171    -0.81797492    -0.57525387
      120     0.00000654    -0.00008275    -0.98149369     0.19149444
      121    -0.00002996    -0.00005914    -0.54437855     0.83883967
      122    -0.00003634    -0.00002477     0.22210159     0.97502353
      123    -0.00001857     0.00000045     0.85248410     0.52275315
      124     0.00000774     0.00000480     0.97043234    -0.24137332
      125     0.00002590    -0.00000835     0.51076551    -0.85972007
      126     0.00002874    -0.00002625    -0.24926355    -0.96843569
      127     0.00002068    -0.00003744    -0.86084992    -0.50885893
      128     0.00001136    -0.00003907    -0.96936881     0.24560967
      129     0.00000706    -0.00003624    -0.51729525     0.85580700
      130     0.00000666    -0.00003545     0.23010566     0.97316565
      131     0.00000447    -0.00003805     0.84412480     0.53614674
      132    -0.00000299    -0.00003914     0.97932410    -0.20229755
      133    -0.00001250    -0.00003250     0.56526031    -0.82491259
      134    -0.00001563    -0.00001730    -0.16160543    -0.98685545
      135    -0.00000546    -0.00000089    -0.79684079    -0.60418934
      136     0.00001667     0.00000501    -0.99421813     0.10737932
      137     0.00003986    -0.00000743    -0.65208839     0.75814295
      138     0.00004939    -0.00003535     0.03899773     0.99923930
      139     0.00003632    -0.00006485     0.70664615     0.70756710
      140     0.00000444    -0.00007872     0.99903249     0.04397812
      141    -0.00002445    -0.00006972     0.76807190    -0.64036361
      142    -0.00003647    -0.00004800     0.13889453    -0.99030718
      143    -0.00003071    -0.00002326    -0.56018409    -0.82836814
      144    -0.00000973    -0.00000859    -0.97018394    -0.24236980
      145     0.00001549    -0.00001160    -0.88516353     0.46528004
      146     0.00003195    -0.00003015    -0.35298687     0.93562827
      147     0.00003200    -0.00005386     0.35469751     0.93498111
      148     0.00001743    -0.00007054     0.88343817     0.46854775
      149    -0.00000241    -0.00007325     0.97365359    -0.22803219
      150    -0.00001693    -0.00006379     0.58587876    -0.81039871
      151    -0.00002088    -0.00005035    -0.08570763    -0.99632033
      152    -0.00001686    -0.00004122    -0.71352254    -0.70063228
      153    -0.00001224    -0.00003880    -0.99749885    -0.07068264
      154    -0.00001253    -0.00003835    -0.80711030     0.59040068
      155    -0.00001602    -0.00003239    -0.23797442     0.97127142
      156    -0.00001401    -0.00001816     0.43968760     0.89815077
      157     0.00000283    -0.00000259     0.91163761     0.41099498
      158     0.00003541    -0.00000061     0.96513945    -0.26173619
      159     0.00007084    -0.00002606     0.58213551    -0.81309178
      160     0.00008564    -0.00008009    -0.05937978    -0.99823546
      161     0.00006363    -0.00013373    -0.67197902    -0.74057017
      162     0.00001084    -0.00016151    -0.98735619    -0.15851725
      163    -0.00006068    -0.00014793    -0.87140860     0.49055787
      164    -0.00011770    -0.00008208    -0.37930011     0.92527369
      165    -0.00012252     0.00002052     0.27348229     0.96187703
      166    -0.00005325     0.00011816     0.80755863     0.58978729
      167     0.00007903     0.00015806     0.99957826    -0.02903904
      168     0.00022668     0.00010168     0.77401446    -0.63316787
      169     0.00032070    -0.00005117     0.22982457    -0.97323202
      170     0.00030056    -0.00025256    -0.40586939    -0.91393101
      171     0.00014642    -0.00041889    -0.87441418    -0.48518002
      172    -0.00010195    -0.00046392    -0.99075266     0.13567953
      173    -0.00035182    -0.00033979    -0.71439341     0.69974411
      174    -0.00049123    -0.00006751    -0.15995436     0.98712429
      175    -0.00043856     0.00026029     0.45337039     0.89132207
      176    -0.00018643     0.00051125     0.89016685     0.45563437
      177     0.00018355     0.00057058     0.98877448    -0.14941443
      178     0.00052888     0.00039926     0.71871046    -0.69530917
      179     0.00071144     0.00006146     0.18623036    -0.98250585
      180     0.00066960    -0.00030241    -0.41049780    -0.91186129
      181     0.00048139    -0.00052373    -0.85716438    -0.51504244
      182     0.00026344    -0.00057718    -0.99802736     0.06277721
      183     0.00006023    -0.00050025    -0.78764547     0.61612853
      184    -0.00006088    -0.00032643    -0.30397400     0.95268027
      185    -0.00006305    -0.00011474     0.28247226     0.95927546
      186     0.00005844     0.00006842     0.76991837     0.63814237
      187     0.00027787     0.00015923     0.99473741     0.10245672
      188     0.00053749     0.00010748     0.88518810    -0.46523299
      189     0.00075063    -0.00010440     0.48231752    -0.87599614
      190     0.00082099    -0.00044084    -0.07725798    -0.99701070
      191     0.00067769    -0.00080716    -0.60912961    -0.79306999
      192     0.00031296    -0.00106867    -0.94233400    -0.33467207
      193    -0.00019633    -0.00109378    -0.97361715     0.22818506
      194    -0.00069670    -0.00080703    -0.69776735     0.71632366
      195    -0.00099904    -0.00023177    -0.20571963     0.97861043
      196    -0.00094111     0.00049628     0.34719445     0.93779256
      197    -0.00045234     0.00115360     0.79132703     0.61139185
      198     0.00040158     0.00148953     0.99471118     0.10270001
      199     0.00141295     0.00130724     0.90109637    -0.43361461
      200     0.00227260     0.00054117     0.54347178    -0.83942418
      201     0.00261380    -0.00052320     0.03009396    -0.99954352
      202     0.00234773    -0.00157914    -0.48950636    -0.87199514
      203     0.00147076    -0.00245357    -0.86752160    -0.49739128
      204     0.00010766    -0.00279710    -0.99988315     0.01502852
      205    -0.00142164    -0.00234553    -0.85384570     0.52051897
      206    -0.00265903    -0.00102495    -0.47436455     0.88032389
      207    -0.00311899     0.00098025     0.03132138     0.99950402
      208    -0.00242959     0.00322202     0.52537637     0.85086038
      209    -0.00046955     0.00505690     0.87766990     0.47923871
      210     0.00253528     0.00578108     0.99988586    -0.01372647
      211     0.00598541     0.00480765     0.86653566    -0.49905612
      212     0.00896523     0.00185031     0.51814609    -0.85524314
      213     0.01037961    -0.00292414     0.04702797    -0.99883536
      214     0.00914510    -0.00880221    -0.42936340    -0.90304261
      215     0.00440004    -0.01449441    -0.79956648    -0.60038654
      216    -0.00430368    -0.01813773    -0.98527880    -0.16993586
      217    -0.01684575    -0.01722298    -0.95782370     0.28634480
      218    -0.03238818    -0.00813066    -0.74056210     0.67115771
      219    -0.04900951     0.01610533    -0.39796111     0.91595067
      220    -0.06138576     0.08426964    -0.01596098     0.99442228
      221    -0.05222766     0.15046346     0.33897287     0.92721649
      222    -0.03806168     0.17518336     0.63993298     0.74722679
      223    -0.02069253     0.18945138     0.86002051     0.47333362
      224    -0.00210547     0.19573600     0.97060552     0.14002827
      225     0.01582586     0.19511236     0.95785702    -0.21021568
      226     0.03139003     0.18863591     0.82416849    -0.53308297
      227     0.04316513     0.17762039     0.58740431    -0.78838059
      228     0.05014321     0.16364848     0.27814138    -0.94516782
      229     0.05182282     0.14847524    -0.06462945    -0.98544027
      230     0.04825174     0.13388145    -0.39869261    -0.90597557
      231     0.04001375     0.12151046    -0.68396226    -0.71821287
      232     0.02816037     0.11271329    -0.88730863    -0.44630271
      233     0.01409539     0.10842158    -0.98627928    -0.12369016
      234    -0.00057469     0.10906319    -0.97132787     0.21125118
      235    -0.01420832     0.11452901    -0.84637352     0.51993566
      236    -0.02529706     0.12419343    -0.62773834     0.76803687
      237    -0.03261774     0.13698606    -0.34170931     0.92919624
      238    -0.03535339     0.15150597    -0.02110751     0.98759838
      239    -0.03317189     0.16616663     0.29866790     0.93919421
      240    -0.02625567     0.17935649     0.58361960     0.79153652
      241    -0.01634938     0.18867854     0.80485924     0.56243641
      242    -0.00495646     0.19358562     0.94113365     0.27706948
      243     0.00774645     0.19454170     0.98024986    -0.03469483
      244     0.02047272     0.19130629     0.92015370    -0.34102777
      245     0.03191790     0.18406080     0.76873781    -0.61167397
      246     0.04089074     0.17338917     0.54261036    -0.82087644
      247     0.04643015     0.16021818     0.26507241    -0.94968995
      248     0.04789681     0.14572500    -0.03643918    -0.98749294
      249     0.04503171     0.13122329    -0.33315887    -0.93260804
      250     0.03797816     0.11803932    -0.59775573    -0.79203060
      251     0.02726765     0.10738975    -0.80678600    -0.58036219
      252     0.01377278     0.10027134    -0.94263577    -0.31810968
      253     0.00000000     0.00000000    -0.99955882    -0.02970114
      254    -0.01557144     0.00185238    -0.96486052     0.26229427
      255    -0.03014855     0.00823150    -0.84760708     0.52970325
      256    -0.04243944     0.01868190    -0.65944675     0.75031984
      257    -0.05134021     0.03239038    -0.41757705     0.90661152
      258    -0.05602977     0.04825799    -0.14305869     0.98694784
      259    -0.05603868     0.06499578     0.14108197     0.98627131
      260    -0.05128661     0.08123497     0.41179243     0.90619951
      261    -0.04311792     0.09418190     0.64789709     0.75465222
      262    -0.03283263     0.10320722     0.83162884     0.54466848
      263    -0.02031451     0.10909063     0.94956321     0.29328529
      264    -0.00651734     0.11131339     0.99355356     0.02044942
      265     0.00749725     0.10964349     0.96127519    -0.25272931
      266     0.02064452     0.10415316     0.85620767    -0.50560295
      267     0.03190219     0.09521183     0.68718908    -0.71950547
      268     0.00000000     0.00000000     0.46961914    -0.88286911
      269     0.00507280    -0.01376828     0.21591175    -0.97630262
      270     0.00628765    -0.02848623    -0.05244789    -0.99819749
      271     0.00352261    -0.04307793    -0.31585433    -0.94782273
      272    -0.00304833    -0.05647555    -0.55544035    -0.82963078
      273    -0.01297081    -0.06770115    -0.75438506    -0.65280280
      274    -0.02554607    -0.07593694    -0.89903556    -0.43048350
      275    -0.03988428    -0.08058390    -0.97977394    -0.17876944
      276    -0.05497110    -0.08130340    -0.99158097     0.08446966
      277    -0.06974217    -0.07803932    -0.93427276     0.34085232
      278    -0.08316013    -0.07101936    -0.81240695     0.57274391
      279    -0.09428856    -0.06073597    -0.63487676     0.76442940
      280    -0.10235760    -0.04790866    -0.41423045     0.90312835
      281    -0.10671301    -0.03382949    -0.16579875     0.97978501
      282    -0.10723853    -0.01952681     0.09343808     0.98964030
      283    -0.10405350    -0.00559405     0.34598558     0.93243528
      284     0.00000000     0.00000000     0.57767717     0.81626533
      285     0.00969105     0.01050175     0.76731984     0.64110534
      286     0.02169409     0.01814134     0.90548589     0.42343306
      287     0.03517882     0.02243600     0.98316418     0.17789680
      288     0.04922372     0.02313875     0.99538156    -0.07910234
      289     0.06288163     0.02025228     0.94149541    -0.33048772
      290     0.07524589     0.01402517     0.82520851    -0.55961796
      291     0.08551288     0.00493089     0.65430830    -0.75136135
      292     0.09303675    -0.00636889     0.44014926    -0.89306899
      293     0.09737175    -0.01907368     0.19691047    -0.97538772
      294     0.09829996    -0.03230276    -0.05932299    -0.99286174
      295     0.09584224    -0.04515852    -0.31159988    -0.94428835
      296     0.09025204    -0.05678999    -0.54320070    -0.83280398
      297     0.08199253    -0.06645194    -0.73872354    -0.66569430
      298     0.07169905    -0.07355539    -0.88509236    -0.45393873
      299     0.00000000     0.00000000    -0.97715153    -0.21254383
      300    -0.01207430    -0.00103121    -0.99892780     0.04468098
      301    -0.02480076     0.00125087    -0.95384762     0.29926256
      302    -0.03725339     0.00701427    -0.84456832     0.53410424
      303    -0.04758387     0.01560374    -0.67811605     0.73324683
      304    -0.05517466     0.02632003    -0.46541855     0.88297711
      305    -0.05962534     0.03833740    -0.22064740     0.97277427
      306    -0.06077572     0.05076854     0.03968080     0.99606943
      307    -0.05871009     0.06273260     0.29778084     0.95075986
      308    -0.05374243     0.07342124     0.53578755     0.83943599
      309    -0.04638425     0.08215713     0.73698159     0.66929579
      310    -0.03729766     0.08844073     0.88697039     0.45174180
      311    -0.02723800     0.09198132     0.97474372     0.20167353
      312    -0.01699078     0.09271039     0.99352189    -0.06348504
      313    -0.00730821     0.09077653     0.94133132    -0.32496392
      314     0.00114909     0.08652254     0.82125603    -0.56396016
      315     0.00786060     0.08044728     0.64133264    -0.76299338
      316     0.01248038     0.07315590     0.41408002    -0.90721012
      317     0.01485527     0.06530316     0.15568448    -0.98553395
      318     0.01502535     0.05753490    -0.11510953    -0.99157136
      319     0.01320728     0.05043337    -0.37833988    -0.92419748
      320     0.00976261     0.04447098    -0.61429758    -0.78775980
      321     0.00450779     0.03940337    -0.80509631    -0.59181669
      322    -0.00226130     0.03572657    -0.93588965    -0.35046979
      323    -0.00931543     0.03413715    -0.99603799    -0.08158553
      324    -0.01606052     0.03451089    -0.98016725     0.19448193
      325    -0.02199259     0.03656482    -0.88871851     0.45646330
      326    -0.02673761     0.03989728    -0.72805664     0.68383246
      327    -0.03007617     0.04403746    -0.51010395     0.85845797
      328    -0.03195086     0.04849868    -0.25151142     0.96611026
      329    -0.03245630     0.05282994     0.02758552     0.99769466
      330    -0.03181362     0.05666022     0.30512778     0.95009186
      331    -0.03033284     0.05973102     0.55889583     0.82652742
      332    -0.02836769     0.06191394     0.76833172     0.63641834
      333    -0.02626839     0.06321204     0.91625702     0.39469897
      334    -0.02433794     0.06374538     0.99034503     0.12066859
      335    -0.02279690     0.06372293     0.98421024    -0.16355392
      336    -0.02176065     0.06340493     0.89801008    -0.43483811
      337    -0.02123147     0.06306037     0.73849955    -0.67096277
      338    -0.02110613     0.06292519     0.51852419    -0.85248320
      339    -0.02119750     0.06316630     0.25598756    -0.96438118
      340    -0.02126736     0.06385603    -0.02762256    -0.99735004
      341    -0.02106269     0.06497501    -0.30902473    -0.94859809
      342    -0.02035612     0.06638351    -0.56509175    -0.82210107
      343    -0.01899696     0.06784015    -0.77479479    -0.62827531
      344    -0.01692998     0.06906159    -0.92096780    -0.38309552
      345    -0.01421370     0.06974737    -0.99173517    -0.10674558
      346    -0.01102227     0.06962262    -0.98148622     0.17808984
      347    -0.00763206     0.06847934    -0.89130737     0.44813335
      348    -0.00439440     0.06621107    -0.72884277     0.68145799
      349    -0.00169755     0.06283648    -0.50760108     0.85929613
      350     0.00007785     0.05850890    -0.24577600     0.96755923
      351     0.00060469     0.05351024     0.03531015     0.99794262
      352    -0.00034851     0.04822974     0.31299832     0.94852824
      353    -0.00288441     0.04312957     0.56516674     0.82384348
      354    -0.00695618     0.03870075     0.77201672     0.63438478
      355    -0.01236202     0.03541414     0.91763037     0.39566086
      356    -0.01875569     0.03367169     0.99117334     0.12684581
      357    -0.02567209     0.03376279     0.98764946    -0.15082959
      358    -0.03256562     0.03583062     0.90816255    -0.41580817
      359    -0.03885735     0.03985164     0.75967922    -0.64791160
      360    -0.04398671     0.04563057     0.55433262    -0.82987852
      361    -0.04730226     0.05243889     0.30829829    -0.94866476
      362    -0.04860355     0.05973147     0.04043344    -0.99621031
      363    -0.04786775     0.06733392    -0.22913611    -0.96988219
      364    -0.04503645     0.07466768    -0.48057533    -0.87260747
      365    -0.04021723     0.08115120    -0.69583558    -0.71246747
      366    -0.03367891     0.08624761    -0.85993673    -0.50193217
      367    -0.02583324     0.08950885    -0.96196510    -0.25679554
      368    -0.01720494     0.09061266    -0.99572457     0.00509107
      369    -0.00839256     0.08938938    -0.96000952     0.26518076
      370    -0.00002380     0.08583658    -0.85849956     0.50557946
      371     0.00729115     0.08012062    -0.69930549     0.71028118
      372     0.01300446     0.07256549    -0.49422061     0.86620501
      373     0.01667026     0.06362994    -0.25775044     0.96396994
      374     0.01797619     0.05387518    -0.00600554     0.99836780
      375     0.01676483     0.04392590     0.24445418     0.96852032
      376     0.01304383     0.03442753     0.47773801     0.87773059
      377     0.00698441     0.02600314     0.67962993     0.73306085
      378    -0.00109100     0.01921292     0.83841934     0.54468586
      379    -0.01073094     0.01451882     0.94551305     0.32508325
      380    -0.02138459     0.01225669     0.99580415     0.08812812
      381    -0.03171107     0.01256497     0.98779342    -0.15198914
      382    -0.04111057     0.01519350     0.92333953    -0.38147502
      383    -0.04975150     0.02003675     0.80741496    -0.58754097
      384    -0.05712404     0.02686663     0.64774153    -0.75924037
      385    -0.06278768     0.03534159     0.45417917    -0.88799209
      386    -0.06639520     0.04502738     0.23804601    -0.96793508
      387    -0.06771063     0.05542243     0.01140176    -0.99609920
      388    -0.06662041     0.06598623    -0.21365872    -0.97239780
      389    -0.06313751     0.07616895    -0.42566070    -0.89945812
      390    -0.05739858     0.08544039    -0.61432106    -0.78231386
      391    -0.04965481     0.09331701    -0.77100873    -0.62799034
      392    -0.04025673     0.09938591    -0.88907918    -0.44501690
      393    -0.02963470     0.10332397    -0.96407764    -0.24289966
      394    -0.01827648     0.10491162    -0.99381172    -0.03158782
      395    -0.00670226     0.10404150    -0.97830279     0.17903659
      396     0.00456080     0.10072112    -0.91963156     0.37962119
      397     0.00000000     0.00000000    -0.82552934     0.56435920
      398     0.00919906    -0.00778647    -0.69342492     0.72042809
      399     0.01670098    -0.01736021    -0.53413573     0.84505545
      400     0.02217928    -0.02833103    -0.35503910     0.93415880
      401     0.02533499    -0.03998262    -0.16388933     0.98534249
      402     0.02612171    -0.05181425     0.03150589     0.99781778
      403     0.02459120    -0.06361446     0.22354291     0.97230501
      404     0.02081304    -0.07492419     0.40513175     0.91094536
      405     0.01494784    -0.08531408     0.56994067     0.81710813
      406     0.00723766    -0.09440260     0.71257864     0.69517440
      407    -0.00200878    -0.10187231     0.82872482     0.55030280
      408    -0.01242847    -0.10747838     0.91520702     0.38818815
      409    -0.02362083    -0.11105767     0.97003061     0.21482287
      410    -0.03517004    -0.11253522     0.99236254     0.03626959
      411    -0.04666196    -0.11192281     0.98247665    -0.14154710
      412    -0.05770199    -0.10931517     0.94166657    -0.31302514
      413    -0.06793145    -0.10488260     0.87213298    -0.47304230
      414    -0.07704185    -0.09886040     0.77685158    -0.61708411
      415    -0.08478629    -0.09153580     0.65942863    -0.74134092
      416    -0.09098777    -0.08323297     0.52394975    -0.84277527
      417    -0.09554403    -0.07429683     0.37482677    -0.91916060
      418    -0.09842869    -0.06507652     0.21664800    -0.96909261
      419    -0.09968888    -0.05590925     0.05403518    -0.99197605
      420    -0.09943939    -0.04710521    -0.10848823    -0.98798948
      421    -0.09771045    -0.03829275    -0.26657078    -0.95808473
      422     0.00000000     0.00000000    -0.41820439    -0.90835295
      423     0.00420946     0.00753351    -0.55553205    -0.83145034
      424     0.00918220     0.01386102    -0.67772106    -0.73513109
      425     0.01461104     0.01891857    -0.78232432    -0.62241246
      426     0.02018955     0.02271156    -0.86747297    -0.49655534
      427     0.02562636     0.02531181    -0.93188456    -0.36096227
      428     0.03065815     0.02685180    -0.97485571    -0.21907855
      429     0.03506093     0.02751666    -0.99623947    -0.07429993
      430     0.03865910     0.02753420    -0.99640946     0.07011085
      431     0.04133219     0.02716375    -0.97621257     0.21109904
      432     0.04301899     0.02668417    -0.93691193     0.34588055
      433     0.04371918     0.02638171    -0.88012356     0.47199063
      434     0.04349264     0.02653819    -0.80774758     0.58732271
      435     0.04245664     0.02741990    -0.72189700     0.69015238
      436     0.04078092     0.02926771    -0.62482788     0.77914725
      437     0.03868162     0.03228828    -0.51886970     0.85336711
      438     0.03641372     0.03664707    -0.40636116     0.91225087
      439     0.03426278     0.04246273    -0.28959215     0.95559372
      440     0.03253620     0.04980296    -0.17075159     0.98351663
      441     0.03147334     0.05954807    -0.05215889     0.99636485
      442     0.03156497     0.07172857     0.06406297     0.99486411
      443     0.03325326     0.08543858     0.17629141     0.98005908
      444     0.03685999     0.10052703     0.28312567     0.95308736
      445     0.04268446     0.11679012     0.38340955     0.91516950
      446     0.05099389     0.13397283     0.47622068     0.86756254
      447     0.06201261     0.15177093     0.56085262     0.81151979
      448     0.07591000     0.16983381     0.63679121     0.74825872
      449     0.09278695     0.18776875     0.70368906     0.67893681
      450     0.11266105     0.20514737     0.76133916     0.60463602
      451     0.13545119     0.22151486     0.80964961     0.52635697
      452     0.16096293     0.23640304     0.84862369     0.44501952
      453     0.18887558     0.24934661     0.87834665     0.36146846
      454     0.21873407     0.25990273     0.89897896     0.27648291
      455     0.24994187     0.26766805     0.91075973     0.19078679
      456     0.28170858     0.27223461     0.91405245     0.10505580
      457     0.31333215     0.27348179     0.90919476     0.01988874
      458     0.34408650     0.27140410     0.89656423    -0.06416285
      459     0.37327084     0.26612430     0.87655981    -0.14659342
      460     0.40027192     0.25790113     0.84957002    -0.22693651
      461     0.42698177     0.24630134     0.81467987    -0.30548145
      462     0.45257612     0.23137883     0.77200730    -0.38163258
      463     0.47426047     0.21448636     0.72305045    -0.45417028
      464     0.49195434     0.19625299     0.66807131    -0.52263411
      465     0.50574585     0.17728463     0.60728968    -0.58650707
      466     0.51585583     0.15813611     0.54092320    -0.64520370
      467     0.52260096     0.13929513     0.46923167    -0.69807359
      468     0.52636089     0.12117540     0.39255732    -0.74441889
      469     0.52755144     0.10411663     0.31135812    -0.78352111
      470     0.52660513     0.08838513     0.22622680    -0.81467573
      471     0.52395569     0.07417904     0.13789914    -0.83722860
      472     0.52002670     0.06163654     0.04725182    -0.85061180
      473     0.51522506     0.05084003    -0.04471264    -0.85437650
      474     0.50993625     0.04182131    -0.13688829    -0.84822025
      475     0.50452136     0.03456628    -0.22809408    -0.83200749
      476     0.49931518     0.02901893    -0.31710594    -0.80578290
      477     0.49462495     0.02508499    -0.40269077    -0.76977727
      478     0.49072930     0.02263511    -0.48364030    -0.72440629
      479     0.48787731     0.02150803    -0.55880334    -0.67026261
      480     0.48688468     0.02153982    -0.62687590    -0.60787001
      481     0.48767446     0.02263692    -0.68691070    -0.53834458
      482     0.49035680     0.02452629    -0.73811050    -0.46275431
      483     0.49480010     0.02679619    -0.77995867    -0.38225554
      484     0.50103243     0.02917195    -0.81196477    -0.29804146
      485     0.50905700     0.03137286    -0.83379490    -0.21133569
      486     0.51884296     0.03311754    -0.84527193    -0.12337174
      487     0.53031940     0.03412995    -0.84637192    -0.03537020
      488     0.54337202     0.03414599    -0.83721600     0.05148081
      489     0.55783978     0.03292061    -0.81806102     0.13604108
      490     0.57351320     0.03023550    -0.78928953     0.21723366
      491     0.59249757     0.02379967    -0.74932690     0.29477009
      492     0.61591860     0.01308244    -0.69700279     0.36696081
      493     0.63693680     0.00048504    -0.63762574     0.43329515
      494     0.65512082    -0.01343843    -0.57183599     0.49359875
      495     0.67023836    -0.02810293    -0.50013759     0.54758849
      496     0.68225198    -0.04294562    -0.42291964     0.59483350
      497     0.69129052    -0.05746686    -0.34049992     0.63472417
      498     0.69760791    -0.07125496    -0.25319097     0.66645350
      499     0.70154020    -0.08399554    -0.16138362     0.68901482
      500     0.70346830    -0.09546954    -0.06564068     0.70121981
      501     0.70251801    -0.10275550     0.02958382     0.70358692
      502     0.70162775    -0.10643501     0.12272246     0.69377899
      503     0.70105189    -0.10946968     0.21520833     0.67099032
      504     0.70088575    -0.11185565     0.30528946     0.63485891
      505     0.70120666    -0.11362303     0.39103881     0.58522447
      506     0.70206837    -0.11483288     0.47036074     0.52218215
      507     0.70349757    -0.11557389     0.54100963     0.44614171
      508     0.70549216    -0.11595833     0.60062303     0.35789167
      509     0.70802091    -0.11611733     0.64677246     0.25866685
      510     0.71102371    -0.11619554     0.67703706     0.15021550
      511     0.71441200    -0.11634476     0.68910387     0.03486030
      512     0.71806946    -0.11671658     0.68089721    -0.08445404
      513     0.72185294    -0.11745384     0.65073892    -0.20413670
      514     0.72559372    -0.11868119     0.59753802    -0.31996380
      515     0.72909990    -0.12049472     0.52100367    -0.42714112
      516     0.73216017    -0.12295131     0.42187034    -0.52043240
      517     0.73454968    -0.12605785     0.30211681    -0.59436657
      518     0.73603905    -0.12976167     0.16515545    -0.64353097
      519     0.73640672    -0.13394281     0.01595904    -0.66295533
      520     0.73545496    -0.13840977    -0.13891064    -0.64857734
      521     0.73838347    -0.14263167    -0.28649560    -0.59360453
      522     0.74146367    -0.14574427    -0.41687875    -0.50517556
      523     0.74417398    -0.14872235    -0.52348190    -0.38736734
      524     0.74643460    -0.15131856    -0.59936743    -0.24636715
      525     0.74825173    -0.15328873    -0.63914741    -0.09006943
      526     0.74971489    -0.15441280    -0.63942026     0.07229112
      527     0.75098711    -0.15451636    -0.59912974     0.23062222
      528     0.75228884    -0.15349152    -0.51981406     0.37455999
      529     0.75387629    -0.15131528    -0.40571268     0.49413708
      530     0.75601532    -0.14806356    -0.26370311     0.58049865
      531     0.75895279    -0.14391890    -0.10304462     0.62662575
      532     0.76288628    -0.13916966     0.06508454     0.62801301
      533     0.76793494    -0.13419900     0.22824981     0.58323972
      534     0.77411362    -0.12946233     0.37360556     0.49437486
      535     0.78131239    -0.12545318     0.48888783     0.36715275
      536     0.78928416    -0.12265844     0.56349040     0.21086488
      537     0.79764343    -0.12150569     0.58954438     0.03793082
      538     0.80587842    -0.12230706     0.56290852    -0.13687570
      539     0.81337823    -0.12520519     0.48395483    -0.29753528
      540     0.81947759    -0.13012803     0.35802986    -0.42817962
      541     0.82859942    -0.13610279     0.19524458    -0.50673324
      542     0.83512891    -0.14127508     0.01973594    -0.53123587
      543     0.83985658    -0.14668737    -0.15348956    -0.49956451
      544     0.84274662    -0.15184564    -0.30695329    -0.41533206
      545     0.84394772    -0.15621849    -0.42507886    -0.28749954
      546     0.84379259    -0.15929772    -0.49582541    -0.12959729
      547     0.84277679    -0.16066350    -0.51204160     0.04156831
      548     0.84151586    -0.16004663    -0.47236178     0.20763065
      549     0.84068247    -0.15737955    -0.38149860     0.35063297
      550     0.84092985    -0.15282864    -0.24985669     0.45502971
      551     0.84280984    -0.14680145    -0.09248388     0.50947782
      552     0.84669621    -0.13992469     0.07253421     0.50819819
      553     0.85272290    -0.13299156     0.22606636     0.45174208
      554     0.86074492    -0.12688039     0.35009529     0.34706315
      555     0.87032799    -0.12245091     0.42981251     0.20687234
      556     0.88076830    -0.12042848     0.45542144     0.04832696
      557     0.89114367    -0.12128969     0.42344792    -0.10882846
      558     0.90039423    -0.12516420     0.33740379    -0.24450529
      559     0.90743089    -0.13176677     0.20768997    -0.34069279
      560     0.91126755    -0.14037204     0.05067446    -0.38382189
      561     0.91393886    -0.14800431    -0.10620848    -0.36267097
      562     0.91434223    -0.15326245    -0.23898213    -0.28874981
      563     0.91272922    -0.15742670    -0.33513210    -0.17270982
      564     0.90966010    -0.15971128    -0.38215770    -0.03108544
      565     0.90597380    -0.15949574    -0.37455683     0.11610236
      566     0.90268879    -0.15644341    -0.31472215     0.24825064
      567     0.90085529    -0.15058976    -0.21258806     0.34725897
      568     0.90138615    -0.14238591    -0.08405758     0.40020443
      569     0.90489994    -0.13268826     0.05146415     0.40112512
      570     0.91160338    -0.12269021     0.17393427     0.35167209
      571     0.92122349    -0.11379406     0.26543090     0.26066192
      572     0.93298277    -0.10742329     0.31244163     0.14277119
      573     0.94559920    -0.10477696     0.30754721     0.01669290
      574     0.95731101    -0.10651447     0.25060290    -0.09699735
      575     0.96601739    -0.11234425     0.14970238    -0.17826491
      576     0.96984144    -0.12060353     0.02196313    -0.21066559
      577     0.96833111    -0.12848553    -0.10732862    -0.18522119
      578     0.96303706    -0.13355659    -0.20947488    -0.10412751
      579     0.95620105    -0.13492986    -0.25917252     0.01740939
      580     0.94953355    -0.13274747    -0.24025026     0.15180234
      581     0.94682504    -0.12918864    -0.14520026     0.25641671
      582     0.94686612    -0.12586496    -0.00378084     0.29595315
      583     0.94857590    -0.12226874     0.13889529     0.25683109
      584     0.95185679    -0.11947862     0.24083482     0.14728239
      585     0.95600779    -0.11845398     0.26835192    -0.00224030
      586     0.95985569    -0.11962486     0.20812209    -0.14509356
      587     0.96213242    -0.12260027     0.07540278    -0.23148391
      588     0.96201517    -0.12620046    -0.08623160    -0.22619541
      589     0.95957182    -0.12890376    -0.21670697    -0.12507528
      590     0.95580977    -0.12954337    -0.26119653     0.03771713
      591     0.95223569    -0.12788157    -0.19447181     0.19767196
      592     0.95014919    -0.12472345    -0.03727824     0.28332121
      593     0.95004907    -0.12149749     0.14501321     0.24822629
      594     0.95144938    -0.11953395     0.26602624     0.09841619
      595     0.95318457    -0.11942773     0.25892530    -0.10066720
      596     0.95404078    -0.12081305     0.11636625    -0.24833302
      597     0.95337644    -0.12264703    -0.09428018    -0.25911836
      598     0.95139943    -0.12382093    -0.25703001    -0.11594430
      599     0.94897305    -0.12375558    -0.26961020     0.10698154
      600     0.94708360    -0.12265600    -0.11150769     0.27487124
      601     0.94659693    -0.12169845     0.12576856     0.27078776
      602     0.94645583    -0.12132950     0.28554107     0.08925700
      603     0.94640207    -0.12131812     0.25656102    -0.15421243
      604     0.94613887    -0.12163032     0.05186609    -0.29552870
      605     0.94550036    -0.12200373    -0.19256967    -0.23251039
      606     0.94458950    -0.12213176    -0.30468029    -0.00210323
      607     0.94372716    -0.12188825    -0.19804407     0.23516133
      608     0.94324115    -0.12142453     0.05689652     0.30383385
      609     0.94325053    -0.12105923     0.27286150     0.14549812
      610     0.94361847    -0.12103984     0.28136756    -0.12556210
      611     0.94412957    -0.12136264     0.06893242    -0.29856119
      612     0.94466866    -0.12178599    -0.19853775    -0.23098065
      613     0.94534499    -0.12203960    -0.30124392     0.02610153
      614     0.94642251    -0.12204917    -0.15052615     0.25832210
      615     0.94807047    -0.12197926     0.12524332     0.26570201
      616     0.95019929    -0.12206956     0.28361310     0.04223669
      617     0.95252802    -0.12241891     0.18374491    -0.20962296
      618     0.95480915    -0.12291185    -0.07874983    -0.25890275
      619     0.95699464    -0.12334224    -0.25463622    -0.06409635
      620     0.95919849    -0.12360363    -0.17810882     0.18148731
      621     0.96149298    -0.12379958     0.06659816     0.23615588
      622     0.96368752    -0.12403359     0.22982684     0.05569244
      623     0.96572270    -0.12430510     0.15406562    -0.16790384
      624     0.96755734    -0.12459439    -0.07158943    -0.20780758
      625     0.96920327    -0.12484583    -0.20964476    -0.03328087
      626     0.97072165    -0.12502880    -0.12245691     0.16453445
      627     0.97216747    -0.12516871     0.08721294     0.17781201
      628     0.97354334    -0.12531726     0.19106348     0.00192362
      629     0.97481103    -0.12549705     0.08286373    -0.16470441
      630     0.97594466    -0.12568155    -0.10899498    -0.14091225
      631     0.97696533    -0.12582959    -0.16816934     0.03774551
      632     0.97792109    -0.12593250    -0.03450591     0.16315850
      633     0.97883860    -0.12602092     0.13044576     0.09475032
      634     0.97970300    -0.12612705     0.13413201    -0.07926284
      635     0.98048595    -0.12624917    -0.02045371    -0.14929870
      636     0.98118535    -0.12635868    -0.14139855    -0.03626618
      637     0.98182982    -0.12643729    -0.08323392     0.11443746
      638     0.98244632    -0.12649760     0.07445944     0.11512329
      639     0.98303358    -0.12656438     0.12963613    -0.02865167
      640     0.98357230    -0.12664377     0.01631386    -0.12759605
      641     0.98405517    -0.12671645    -0.11163595    -0.05581919
      642     0.98449397    -0.12677279    -0.08658022     0.08487726
      643     0.98490152    -0.12681906     0.05115000     0.10615832
      644     0.98528242    -0.12686445     0.11361567    -0.01467836
      645     0.98563233    -0.12691294     0.02056706    -0.10954002
      646     0.98594938    -0.12695909    -0.09560763    -0.05142366
      647     0.98624065    -0.12699656    -0.07560029     0.07406649
      648     0.98651562    -0.12702719     0.04754740     0.09159836
      649     0.98677639    -0.12705817     0.09884933    -0.01890476
      650     0.99181164    -0.12770935     0.00000000     0.00000000
      651     0.99181163    -0.12770935    -0.00002991     0.00002962
      652     0.99181163    -0.12770935    -0.00000792     0.00006514
      653     0.99181163    -0.12770935     0.00003379     0.00005179
      654     0.99181164    -0.12770935     0.00003309     0.00000638
      655     0.99181164    -0.12770935    -0.00000975    -0.00000587
      656     0.99181164    -0.12770935    -0.00003076     0.00003136
      657     0.99181164    -0.12770935     0.00000193     0.00005932
      658     0.99181164    -0.12770934     0.00003824     0.00003248
      659     0.99181164    -0.12770934     0.00002158    -0.00001052
      660     0.99181164    -0.12770934    -0.00002291    -0.00000506
      661     0.99181164    -0.12770934    -0.00002223     0.00003602
      662     0.99181164    -0.12770934     0.00002103     0.00003933
      663     0.99181164    -0.12770934     0.00003355    -0.00000272
      664     0.99181164    -0.12770934    -0.00000484    -0.00002391
      665     0.99181164    -0.12770934    -0.00003300     0.00000921
      666     0.99181164    -0.12770934    -0.00000565     0.00004304
      667     0.99181164    -0.12770934     0.00003323     0.00002231
      668     0.99181164    -0.12770934     0.00002055    -0.00002025
      669     0.99181164    -0.12770934    -0.00002338    -0.00001605
      670     0.99181164    -0.12770934    -0.00002693     0.00002763
      671     0.99181164    -0.12770934     0.00001581     0.00003862
      672     0.99181164    -0.12770934     0.00003452    -0.00000195
      673     0.99181164    -0.12770934    -0.00000195    -0.00002779
      674     0.99181164    -0.12770934    -0.00003337     0.00000347
      675     0.99181164    -0.12770934    -0.00000745     0.00003941
      676     0.99181164    -0.12770934     0.00003260     0.00001941
      677     0.99181164    -0.12770934     0.00001963    -0.00002374
      678     0.99181164    -0.12770934    -0.00002482    -0.00001814
      679     0.99181164    -0.12770934    -0.00002601     0.00002642
      680     0.99181164    -0.12770934     0.00001812     0.00003424
      681     0.99181164    -0.12770934     0.00003339    -0.00000885
      682     0.99181164    -0.12770934    -0.00000646    -0.00003127
      683     0.99181164    -0.12770934    -0.00003451     0.00000467
      684     0.99181164    -0.12770934    -0.00000301     0.00003766
      685     0.99181164    -0.12770934     0.00003439     0.00001124
      686     0.99181164    -0.12770934     0.00001382    -0.00002976
      687     0.99181164    -0.12770934    -0.00002967    -0.00001549
      688     0.99181164    -0.12770934    -0.00002165     0.00002947
      689     0.99181164    -0.12770934     0.00002426     0.00002774
      690     0.99181164    -0.12770934     0.00002930    -0.00001818
      691     0.99181164    -0.12770934    -0.00001537    -0.00002983
      692     0.99181164    -0.12770934    -0.00003320     0.00001264
      693     0.99181164    -0.12770934     0.00000640     0.00003625
      694     0.99181164    -0.12770934     0.00003548     0.00000032
      695     0.99181164    -0.12770934     0.00000412    -0.00003366
      696     0.99181164    -0.12770934    -0.00003393    -0.00000752
      697     0.99181164    -0.12770934    -0.00001345     0.00003381
      698     0.99181164    -0.12770934     0.00003041     0.00001942
      699     0.99181164    -0.12770934     0.00002249    -0.00002606
      700     0.99181164    -0.12770934    -0.00002363    -0.00002480
      701     0.99181164    -0.12770934    -0.00002904     0.00002098
      702     0.99181164    -0.12770934     0.00001530     0.00003308
      703     0.99181164    -0.12770934     0.00003365    -0.00000880
      704     0.99181164    -0.12770934    -0.00000507    -0.00003309
      705     0.99181164    -0.12770934    -0.00003486     0.00000161
      706     0.99181164    -0.12770934    -0.00000508     0.00003629
      707     0.99181164    -0.12770934     0.00003360     0.00001217
      708     0.99181164    -0.12770934     0.00001560    -0.00002963
      709     0.99181164    -0.12770934    -0.00002851    -0.00001819
      710     0.99181164    -0.12770934    -0.00002416     0.00002722
      711     0.99181164    -0.12770934     0.00002110     0.00003024
      712     0.99181164    -0.12770934     0.00003104    -0.00001366
      713     0.99181164    -0.12770934    -0.00001080    -0.00003033
      714     0.99181164    -0.12770934    -0.00003413     0.00000836
      715     0.99181164    -0.12770934     0.00000004     0.00003783
      716     0.99181164    -0.12770934     0.00003457     0.00000921
      717     0.99181164    -0.12770934     0.00001200    -0.00002941
      718     0.99181164    -0.12770934    -0.00003000    -0.00001355
      719     0.99181164    -0.12770934    -0.00002175     0.00003068
      720     0.99181164    -0.12770934     0.00002301     0.00003041
      721     0.99181164    -0.12770934     0.00002969    -0.00001297
      722     0.99181164    -0.12770934    -0.00001246    -0.00002621
      723     0.99181164    -0.12770934    -0.00003344     0.00001320
      724     0.99181164    -0.12770934     0.00000102     0.00004140
      725     0.99181164    -0.12770934     0.00003469     0.00001326
      726     0.99181164    -0.12770934     0.00001305    -0.00002464
      727     0.99181164    -0.12770934    -0.00002861    -0.00001025
      728     0.99181164    -0.12770934    -0.00002299     0.00003375
      729     0.99181164    -0.12770934     0.00002080     0.00003730
      730     0.99181164    -0.12770934     0.00003263    -0.00000444
      731     0.99181164    -0.12770934    -0.00000614    -0.00002406
      732     0.99181164    -0.12770934    -0.00003357     0.00001016
      733     0.99181164    -0.12770934    -0.00000613     0.00004436
      734     0.99181164    -0.12770934     0.00003274     0.00002504
      735     0.99181164    -0.12770934     0.00002191    -0.00001673
      736     0.99181164    -0.12770934    -0.00002133    -0.00001493
      737     0.99181164    -0.12770934    -0.00002913     0.00002777
      738     0.99181164    -0.12770934     0.00001065     0.00004486
      739     0.99181164    -0.12770934     0.00003607     0.00000999
      740     0.99181164    -0.12770934     0.00000785    -0.00002256
      741     0.99181164    -0.12770934    -0.00003505     0.00000060
      742     0.99181164    -0.12770934    -0.00002590     0.00005280
      743     0.99181164    -0.12770934     0.00002617     0.00005685
      744     0.99181164    -0.12770934     0.00004180     0.00000801
      745     0.99181164    -0.12770934    -0.00000229    -0.00001830
      746     0.99181164    -0.12770934    -0.00003893     0.00001842
      747     0.99181164    -0.12770933    -0.00001281     0.00006327
      748     0.99181164    -0.12770933     0.00003683     0.00004950
      749     0.99181164    -0.12770933     0.00003602    -0.00000179
      750     0.99181164    -0.12770933    -0.00001363    -0.00001415
      751     0.99181164    -0.12770933    -0.00003822     0.00003036
      752     0.99181164    -0.12770933    -0.00000146     0.00006542
      753     0.99181164    -0.12770933     0.00004246     0.00003886
      754     0.99181164    -0.12770933     0.00002925    -0.00001104
      755     0.99181164    -0.12770933    -0.00002154    -0.00001248
      756     0.99181164    -0.12770933    -0.00003580     0.00003509
      757     0.99181164    -0.12770933     0.00000703     0.00006080
      758     0.99181164    -0.12770933     0.00004468     0.00002565
      759     0.99181164    -0.12770933     0.00002270    -0.00002148
      760     0.99181164    -0.12770933    -0.00002720    -0.00001491
      761     0.99181164    -0.12770933    -0.00004086     0.00003791
      762     0.99181164    -0.12770932     0.00000240     0.00007184
      763     0.99181164    -0.12770932     0.00004862     0.00003881
      764     0.99181164    -0.12770932     0.00003197    -0.00001641
      765     0.99181164    -0.12770932    -0.00002381    -0.00001822
      766     0.99181164    -0.12770932    -0.00003986     0.00003266
      767     0.99181164    -0.12770932     0.00000612     0.00006092
      768     0.99181164    -0.12770932     0.00004897     0.00002327
      769     0.99181164    -0.12770932     0.00002825    -0.00003109
      770     0.99181164    -0.12770932    -0.00002723    -0.00002998
      771     0.99181164    -0.12770932    -0.00004020     0.00002073
      772     0.99181164    -0.12770932     0.00000691     0.00004581
      773     0.99181164    -0.12770932     0.00004782     0.00000592
      774     0.99181164    -0.12770932     0.00002504    -0.00004781
      775     0.99181164    -0.12770932    -0.00003023    -0.00004512
      776     0.99181164    -0.12770932    -0.00004168     0.00000566
      777     0.99181164    -0.12770932     0.00000597     0.00002940
      778     0.99181164    -0.12770932     0.00004583    -0.00001134
      779     0.99181164    -0.12770932     0.00002185    -0.00006427
      780     0.99181164    -0.12770932    -0.00003332    -0.00006001
      781     0.99181164    -0.12770932    -0.00003874    -0.00001144
      782     0.99181164    -0.12770932     0.00001153     0.00000150
      783     0.99181164    -0.12770932     0.00004139    -0.00004475
      784     0.99181164    -0.12770931     0.00000834    -0.00008921
      785     0.99181164    -0.12770931    -0.00004223    -0.00007282
      786     0.99181164    -0.12770930    -0.00004016    -0.00002117
      787     0.99181164    -0.12770930     0.00001112    -0.00000903
      788     0.99181164    -0.12770930     0.00003896    -0.00005551
      789     0.99181164    -0.12770930     0.00000346    -0.00009663
      790     0.99181164    -0.12770929    -0.00004586    -0.00007521
      791     0.99181164    -0.12770929    -0.00003953    -0.00002194
      792     0.99181164    -0.12770929     0.00001326    -0.00001256
      793     0.99181164    -0.12770928     0.00003705    -0.00006019
      794     0.99181164    -0.12770928    -0.00000256    -0.00009604
      795     0.99181164    -0.12770927    -0.00004913    -0.00006728
      796     0.99181165    -0.12770927    -0.00003571    -0.00001333
      797     0.99181165    -0.12770927     0.00001851    -0.00000991
      798     0.99181164    -0.12770927     0.00003510    -0.00005963
      799     0.99181164    -0.12770926    -0.00001017    -0.00008740
      800     0.99181165    -0.12770926    -0.00005125    -0.00004925
      801     0.99181165    -0.12770926    -0.00002982     0.00000414
      802     0.99181165    -0.12770926     0.00002401     0.00000186
      803     0.99181165    -0.12770926     0.00003355    -0.00004860
      804     0.99181165    -0.12770926    -0.00001508    -0.00006850
      805     0.99181165    -0.12770925    -0.00004895    -0.00002449
      806     0.99181165    -0.12770925    -0.00001717     0.00002172
      807     0.99181165    -0.12770925     0.00003353     0.00000477
      808     0.99181165    -0.12770925     0.00002771    -0.00004664
      809     0.99181165    -0.12770925    -0.00002565    -0.00005164
      810     0.99181165    -0.12770925    -0.00004558     0.00000104
      811     0.99181165    -0.12770925    -0.00000120     0.00003520
      812     0.99181165    -0.12770925     0.00004011     0.00000254
      813     0.99181165    -0.12770925     0.00001558    -0.00004272
      814     0.99181165    -0.12770925    -0.00003652    -0.00002705
      815     0.99181165    -0.12770925    -0.00003551     0.00002966
      816     0.99181165    -0.12770925     0.00001767     0.00004399
      817     0.99181165    -0.12770925     0.00004167    -0.00000245
      818     0.99181165    -0.12770925    -0.00000012    -0.00003443
      819     0.99181165    -0.12770925    -0.00004241     0.00000124
      820     0.99181165    -0.12770925    -0.00001846     0.00005216
      821     0.99181165    -0.12770925     0.00003681     0.00004017
      822     0.99181165    -0.12770925     0.00003690    -0.00001702
      823     0.99181165    -0.12770925    -0.00001995    -0.00002828
      824     0.99181165    -0.12770925    -0.00004378     0.00002587
      825     0.99181165    -0.12770925     0.00000351     0.00006132
      826     0.99181165    -0.12770925     0.00004738     0.00002308
      827     0.99181165    -0.12770925     0.00001837    -0.00002715
      828     0.99181165    -0.12770925    -0.00003726    -0.00000845
      829     0.99181165    -0.12770925    -0.00003059     0.00005031
      830     0.99181165    -0.12770925     0.00002805     0.00005594
      831     0.99181165    -0.12770925     0.00004505    -0.00000019
      832     0.99181165    -0.12770925    -0.00000680    -0.00002782
      833     0.99181165    -0.12770925    -0.00004414     0.00001769
      834     0.99181165    -0.12770925    -0.00000672     0.00006321
      835     0.99181165    -0.12770925     0.00004537     0.00003518
      836     0.99181165    -0.12770925     0.00002808    -0.00002158
      837     0.99181165    -0.12770925    -0.00003068    -0.00001576
      838     0.99181165    -0.12770925    -0.00003577     0.00004270
      839     0.99181165    -0.12770924     0.00002116     0.00005830
      840     0.99181165    -0.12770924     0.00004772     0.00000474
      841     0.99181165    -0.12770924     0.00000190    -0.00003284
      842     0.99181165    -0.12770924    -0.00004233     0.00000330
      843     0.99181165    -0.12770924    -0.00001452     0.00005298
      844     0.99181165    -0.12770924     0.00004000     0.00003427
      845     0.99181165    -0.12770924     0.00003221    -0.00002340
      846     0.99181165    -0.12770924    -0.00002530    -0.00002698
      847     0.99181165    -0.12770924    -0.00003867     0.00002822
      848     0.99181165    -0.12770924     0.00001390     0.00005068
      849     0.99181165    -0.12770924     0.00004629     0.00000225
      850     0.99181165    -0.12770924     0.00000529    -0.00003922
      851     0.99181165    -0.12770924    -0.00004209    -0.00000725
      852     0.99181165    -0.12770924    -0.00001832     0.00004423
      853     0.99181165    -0.12770924     0.00003747     0.00002916
      854     0.99181165    -0.12770924     0.00003354    -0.00002941
      855     0.99181165    -0.12770924    -0.00002389    -0.00003699
      856     0.99181165    -0.12770924    -0.00004068     0.00001719
      857     0.99181165    -0.12770924     0.00001057     0.00004237
      858     0.99181165    -0.12770924     0.00004540    -0.00000461
      859     0.99181165    -0.12770924     0.00000629    -0.00004824
      860     0.99181165    -0.12770924    -0.00004268    -0.00001848
      861     0.99181165    -0.12770924    -0.00002139     0.00003415
      862     0.99181165    -0.12770924     0.00003487     0.00002184
      863     0.99181165    -0.12770924     0.00003345    -0.00003653
      864     0.99181165    -0.12770924    -0.00002355    -0.00004623
      865     0.99181165    -0.12770924    -0.00004250     0.00000744
      866     0.99181165    -0.12770924     0.00000762     0.00003487
      867     0.99181165    -0.12770924     0.00004406    -0.00001027
      868     0.99181165    -0.12770924     0.00000660    -0.00005472
      869     0.99181165    -0.12770924    -0.00004325    -0.00002624
      870     0.99181165    -0.12770924    -0.00002355     0.00002734
      871     0.99181165    -0.12770924     0.00003307     0.00001694
      872     0.99181165    -0.12770924     0.00003316    -0.00004102
      873     0.99181165    -0.12770924    -0.00002358    -0.00005165
      874     0.99181165    -0.12770924    -0.00004382     0.00000207
      875     0.99181165    -0.12770924     0.00000565     0.00003127
      876     0.99181165    -0.12770924     0.00004321    -0.00001240
      877     0.99181165    -0.12770924     0.00000688    -0.00005712
      878     0.99181165    -0.12770924    -0.00004347    -0.00002931
      879     0.99181165    -0.12770924    -0.00002503     0.00002514
      880     0.99181165    -0.12770924     0.00003161     0.00001680
      881     0.99181165    -0.12770924     0.00003341    -0.00004031
      882     0.99181165    -0.12770924    -0.00002268    -0.00005211
      883     0.99181165    -0.12770924    -0.00004463     0.00000146
      884     0.99181165    -0.12770924     0.00000371     0.00003305
      885     0.99181165    -0.12770924     0.00004279    -0.00000835
      886     0.99181165    -0.12770924     0.00000832    -0.00005347
      887     0.99181165    -0.12770924    -0.00004286    -0.00002680
      888     0.99181165    -0.12770924    -0.00002641     0.00002906
      889     0.99181165    -0.12770924     0.00003071     0.00002359
      890     0.99181165    -0.12770924     0.00003463    -0.00003272
      891     0.99181165    -0.12770924    -0.00002095    -0.00004564
      892     0.99181165    -0.12770924    -0.00004437     0.00000770
      893     0.99181165    -0.12770924     0.00000308     0.00004117
      894     0.99181165    -0.12770924     0.00004353     0.00000136
      895     0.99181165    -0.12770924     0.00001063    -0.00004453
      896     0.99181165    -0.12770924    -0.00004126    -0.00001931
      897     0.99181165    -0.12770924    -0.00002653     0.00003718
      898     0.99181165    -0.12770924     0.00003083     0.00003363
      899     0.99181165    -0.12770924     0.00003666    -0.00002254
      900     0.99181165    -0.12770924    -0.00001838    -0.00003737
      901     0.99181165    -0.12770924    -0.00004358     0.00001507
      902     0.99181165    -0.12770924     0.00000279     0.00005005
      903     0.99181165    -0.12770924     0.00004476     0.00001135
      904     0.99181165    -0.12770924     0.00001349    -0.00003614
      905     0.99181165    -0.12770924    -0.00003932    -0.00001316
      906     0.99181165    -0.12770924    -0.00002652     0.00004341
      907     0.99181165    -0.12770924     0.00003104     0.00004125
      908     0.99181165    -0.12770924     0.00003878    -0.00001543
      909     0.99181165    -0.12770924    -0.00001588    -0.00003279
      910     0.99181165    -0.12770924    -0.00004276     0.00001813
      911     0.99181165    -0.12770924     0.00000255     0.00005367
      912     0.99181165    -0.12770924     0.00004554     0.00001534
      913     0.99181165    -0.12770924     0.00001548    -0.00003382
      914     0.99181165    -0.12770924    -0.00003803    -0.00001306
      915     0.99181165    -0.12770924    -0.00002676     0.00004302
      916     0.99181165    -0.12770924     0.00003076     0.00004146
      917     0.99181165    -0.12770924     0.00003972    -0.00001584
      918     0.99181165    -0.12770924    -0.00001467    -0.00003521
      919     0.99181165    -0.12770924    -0.00004278     0.00001440
      920     0.99181165    -0.12770924     0.00000169     0.00005018
      921     0.99181165    -0.12770924     0.00004532     0.00001204
      922     0.99181165    -0.12770924     0.00001605    -0.00003828
      923     0.99181165    -0.12770924    -0.00003794    -0.00001901
      924     0.99181165    -0.12770924    -0.00002772     0.00003676
      925     0.99181165    -0.12770924     0.00002971     0.00003568
      926     0.99181165    -0.12770924     0.00003944    -0.00002185
      927     0.99181165    -0.12770924    -0.00001476    -0.00004229
      928     0.99181165    -0.12770924    -0.00004364     0.00000669
      929     0.99181165    -0.12770924     0.00000025     0.00004291
      930     0.99181165    -0.12770924     0.00004430     0.00000527
      931     0.99181165    -0.12770924     0.00001554    -0.00004537
      932     0.99181165    -0.12770924    -0.00003877    -0.00002653
      933     0.99181165    -0.12770924    -0.00002912     0.00002955
      934     0.99181165    -0.12770924     0.00002836     0.00002926
      935     0.99181165    -0.12770924     0.00003873    -0.00002797
      936     0.99181165    -0.12770924    -0.00001528    -0.00004881
      937     0.99181165    -0.12770924    -0.00004483     0.00000017
      938     0.99181165    -0.12770924    -0.00000143     0.00003742
      939     0.99181165    -0.12770924     0.00004328     0.00000087
      940     0.99181165    -0.12770924     0.00001557    -0.00004996
      941     0.99181165    -0.12770924    -0.00003914    -0.00003200
      942     0.99181165    -0.12770924    -0.00003099     0.00002481
      943     0.99181165    -0.12770924     0.00002656     0.00002668
      944     0.99181165    -0.12770924     0.00003884    -0.00002977
      945     0.99181165    -0.12770924    -0.00001436    -0.00005211
      946     0.99181165    -0.12770923    -0.00004582    -0.00000390
      947     0.99181165    -0.12770924    -0.00000405     0.00003568
      948     0.99181165    -0.12770924     0.00004242     0.00000176
      949     0.99181165    -0.12770924     0.00001749    -0.00005005
      950     0.99181165    -0.12770923    -0.00003803    -0.00003494
      951     0.99181165    -0.12770923    -0.00003343     0.00002246
      952     0.99181165    -0.12770923     0.00002370     0.00002861
      953     0.99181165    -0.12770923     0.00004015    -0.00002624
      954     0.99181165    -0.12770923    -0.00001084    -0.00005239
      955     0.99181165    -0.12770923    -0.00004662    -0.00000671
      956     0.99181165    -0.12770923    -0.00000889     0.00003759
      957     0.99181165    -0.12770923     0.00004152     0.00000907
      958     0.99181165    -0.12770923     0.00002285    -0.00004559
      959     0.99181165    -0.12770923    -0.00003453    -0.00003744
      960     0.99181165    -0.12770923    -0.00003770     0.00002064
      961     0.99181165    -0.12770923     0.00001895     0.00003479
      962     0.99181165    -0.12770923     0.00004380    -0.00001832
      963     0.99181165    -0.12770923    -0.00000372    -0.00005268
      964     0.99181165    -0.12770923    -0.00004696    -0.00001250
      965     0.99181165    -0.12770923    -0.00001638     0.00003808
      966     0.99181165    -0.12770923     0.00003887     0.00001844
      967     0.99181165    -0.12770923     0.00003023    -0.00003918
      968     0.99181165    -0.12770923    -0.00002830    -0.00004182
      969     0.99181165    -0.12770923    -0.00004304     0.00001538
      970     0.99181165    -0.12770923     0.00000952     0.00004180
      971     0.99181165    -0.12770923     0.00004557    -0.00000377
      972     0.99181165    -0.12770923     0.00000785    -0.00004782
      973     0.99181165    -0.12770923    -0.00004351    -0.00001942
      974     0.99181165    -0.12770923    -0.00002691     0.00003724
      975     0.99181165    -0.12770923     0.00003133     0.00003340
      976     0.99181165    -0.12770923     0.00003911    -0.00002368
      977     0.99181165    -0.12770923    -0.00001566    -0.00004259
      978     0.99181165    -0.12770923    -0.00004637     0.00000762
      979     0.99181165    -0.12770923    -0.00000456     0.00004898
      980     0.99181165    -0.12770923     0.00004401     0.00001773
      981     0.99181165    -0.12770923     0.00002279    -0.00003535
      982     0.99181165    -0.12770923    -0.00003461    -0.00002487
      983     0.99181165    -0.12770923    -0.00003767     0.00003426
      984     0.99181165    -0.12770923     0.00001847     0.00005101
      985     0.99181165    -0.12770923     0.00004621     0.00000087
      986     0.99181165    -0.12770923     0.00000254    -0.00003629
      987     0.99181165    -0.12770923    -0.00004425    -0.00000101
      988     0.99181165    -0.12770923    -0.00002123     0.00005338
      989     0.99181165    -0.12770923     0.00003595     0.00004409
      990     0.99181165    -0.12770923     0.00003881    -0.00001271
      991     0.99181165    -0.12770923    -0.00001679    -0.00002733
      992     0.99181165    -0.12770923    -0.00004456     0.00002443
      993     0.99181165    -0.12770923    -0.00000143     0.00006419
      994     0.99181165    -0.12770923     0.00004620     0.00003225
      995     0.99181165    -0.12770923     0.00002514    -0.00002049
      996     0.99181165    -0.12770923    -0.00003186    -0.00001125
      997     0.99181165    -0.12770923    -0.00003688     0.00004719
      998     0.99181165    -0.12770923     0.00001798     0.00006643
      999     0.99181165    -0.12770923     0.00004866     0.00001835
     1000     0.99181165    -0.12770923     0.00000833    -0.00002191
