#    Step     Kinetic(H)     Potential(H)   Total(H)       E(0)(H)        E(1)(H)        
        0     0.00000000    -5.49642686    -5.49642686    -5.73863614    -5.49642686
        1     0.00204657    -5.49848216    -5.49643559    -5.74056713    -5.49848216
        2     0.00804943    -5.50451017    -5.49646074    -5.74622665    -5.50451017
        3     0.01761333    -5.51411276    -5.49649943    -5.75522968    -5.51411276
        4     0.03012783    -5.52667522    -5.49654739    -5.76698252    -5.52667522
        5     0.04483141    -5.54143095    -5.49659954    -5.78074615    -5.54143095
        6     0.06088686    -5.55753762    -5.49665076    -5.79571050    -5.55753762
        7     0.07745460    -5.57415128    -5.49669668    -5.81106643    -5.57415128
        8     0.09375728    -5.59049219    -5.49673491    -5.82606916    -5.59049219
        9     0.10912987    -5.60589319    -5.49676332    -5.84008448    -5.60589319
       10     0.12304832    -5.61982981    -5.49678149    -5.85261710    -5.61982981
       11     0.13514071    -5.63193094    -5.49679023    -5.86332004    -5.63193094
       12     0.14518332    -5.64197357    -5.49679025    -5.87198866    -5.64197357
       13     0.15308420    -5.64986726    -5.49678306    -5.87854496    -5.64986726
       14     0.15885977    -5.65563059    -5.49677082    -5.88301434    -5.65563059
       15     0.16260988    -5.65936505    -5.49675517    -5.88550011    -5.65936505
       16     0.16449229    -5.66123005    -5.49673776    -5.88615941    -5.66123005
       17     0.16469981    -5.66141969    -5.49671988    -5.88518082    -5.66141969
       18     0.16344173    -5.66014393    -5.49670220    -5.88276660    -5.66014393
       19     0.16092864    -5.65761430    -5.49668566    -5.87911919    -5.65761430
       20     0.00570027    -5.65403263    -5.64833236    -5.87443081    -5.65403263
       21     0.00496809    -5.65329962    -5.64833153    -5.87347621    -5.65329962
       22     0.00431638    -5.65264716    -5.64833078    -5.87257947    -5.65264716
       23     0.00375479    -5.65208490    -5.64833011    -5.87175046    -5.65208490
       24     0.00329165    -5.65162117    -5.64832952    -5.87099780    -5.65162117
       25     0.00293392    -5.65126295    -5.64832903    -5.87032883    -5.65126295
       26     0.00268726    -5.65101588    -5.64832862    -5.86974956    -5.65101588
       27     0.00255597    -5.65088426    -5.64832829    -5.86926475    -5.65088426
       28     0.00254303    -5.65087107    -5.64832804    -5.86887784    -5.65087107
       29     0.00265013    -5.65097800    -5.64832787    -5.86859098    -5.65097800
       30     0.00287768    -5.65120547    -5.64832779    -5.86840508    -5.65120547
       31     0.00322489    -5.65155266    -5.64832777    -5.86831977    -5.65155266
       32     0.00368973    -5.65201756    -5.64832783    -5.86833347    -5.65201756
       33     0.00426902    -5.65259697    -5.64832795    -5.86844337    -5.65259697
       34     0.00495847    -5.65328660    -5.64832813    -5.86864550    -5.65328660
       35     0.00575268    -5.65408105    -5.64832837    -5.86893470    -5.65408105
       36     0.00664522    -5.65497388    -5.64832866    -5.86930468    -5.65497388
       37     0.00762867    -5.65595766    -5.64832899    -5.86974808    -5.65595766
       38     0.00869464    -5.65702401    -5.64832937    -5.87025641    -5.65702401
       39     0.00983382    -5.65816360    -5.64832978    -5.87082015    -5.65816360
       40     0.00570027    -5.65936626    -5.65366599    -5.87142876    -5.65936626
       41     0.00661902    -5.66028534    -5.65366632    -5.87190602    -5.66028534
       42     0.00760117    -5.66126782    -5.65366665    -5.87243004    -5.66126782
       43     0.00863723    -5.66230423    -5.65366700    -5.87299081    -5.66230423
       44     0.00971699    -5.66338436    -5.65366737    -5.87357753    -5.66338436
       45     0.01082957    -5.66449731    -5.65366774    -5.87417857    -5.66449731
       46     0.01196350    -5.66563162    -5.65366812    -5.87478156    -5.66563162
       47     0.01310675    -5.66677526    -5.65366851    -5.87537349    -5.66677526
       48     0.01424685    -5.66791574    -5.65366889    -5.87594076    -5.66791574
       49     0.01537098    -5.66904026    -5.65366928    -5.87646931    -5.66904026
       50     0.01646618    -5.67013582    -5.65366964    -5.87694486    -5.67013582
       51     0.01751950    -5.67118949    -5.65366999    -5.87735305    -5.67118949
       52     0.01851809    -5.67218838    -5.65367029    -5.87767958    -5.67218838
       53     0.01944938    -5.67311994    -5.65367056    -5.87791045    -5.67311994
       54     0.02030130    -5.67397204    -5.65367074    -5.87803215    -5.67397204
       55     0.02106261    -5.67473346    -5.65367085    -5.87803215    -5.67473346
       56     0.02172313    -5.67539398    -5.65367085    -5.87789904    -5.67539398
       57     0.02227399    -5.67594475    -5.65367076    -5.87762296    -5.67594475
       58     0.02270798    -5.67637853    -5.65367055    -5.87719586    -5.67637853
       59     0.02301983    -5.67669005    -5.65367022    -5.87661187    -5.67669005
       60     0.00570027    -5.67687624    -5.67117597    -5.87586760    -5.67687624
       61     0.00575262    -5.67692812    -5.67117550    -5.87543823    -5.67692812
       62     0.00578861    -5.67696356    -5.67117495    -5.87496939    -5.67696356
       63     0.00581146    -5.67698583    -5.67117437    -5.87446412    -5.67698583
       64     0.00582496    -5.67699874    -5.67117378    -5.87392607    -5.67699874
       65     0.00583340    -5.67700655    -5.67117315    -5.87335940    -5.67700655
       66     0.00584141    -5.67701393    -5.67117252    -5.87276878    -5.67701393
       67     0.00585389    -5.67702578    -5.67117189    -5.87215916    -5.67702578
       68     0.00587590    -5.67704715    -5.67117125    -5.87153575    -5.67704715
       69     0.00591248    -5.67708312    -5.67117064    -5.87090383    -5.67708312
       70     0.00596857    -5.67713861    -5.67117004    -5.87026862    -5.67713861
       71     0.00604882    -5.67721828    -5.67116946    -5.86963514    -5.67721828
       72     0.00615738    -5.67732639    -5.67116901    -5.86900807    -5.67732639
       73     0.00629791    -5.67746660    -5.67116869    -5.86839157    -5.67746660
       74     0.00647349    -5.67764191    -5.67116842    -5.86778922    -5.67764191
       75     0.00668631    -5.67785453    -5.67116822    -5.86720383    -5.67785453
       76     0.00693772    -5.67810581    -5.67116809    -5.86663741    -5.67810581
       77     0.00722810    -5.67839614    -5.67116804    -5.86609108    -5.67839614
       78     0.00755690    -5.67872496    -5.67116806    -5.86556503    -5.67872496
       79     0.00792258    -5.67909073    -5.67116815    -5.86505852    -5.67909073
       80     0.00570027    -5.67949100    -5.67379073    -5.86456993    -5.67949100
       81     0.00606170    -5.67985261    -5.67379091    -5.86418170    -5.67985261
       82     0.00645453    -5.68024567    -5.67379114    -5.86381017    -5.68024567
       83     0.00687456    -5.68066598    -5.67379142    -5.86345186    -5.68066598
       84     0.00731695    -5.68110869    -5.67379174    -5.86310267    -5.68110869
       85     0.00777639    -5.68156847    -5.67379208    -5.86275805    -5.68156847
       86     0.00824723    -5.68203967    -5.67379244    -5.86241309    -5.68203967
       87     0.00872361    -5.68251642    -5.67379281    -5.86206271    -5.68251642
       88     0.00919968    -5.68299285    -5.67379317    -5.86170180    -5.68299285
       89     0.00966968    -5.68346320    -5.67379352    -5.86132536    -5.68346320
       90     0.01012813    -5.68392197    -5.67379384    -5.86092863    -5.68392197
       91     0.01056994    -5.68436408    -5.67379414    -5.86050725    -5.68436408
       92     0.01099054    -5.68478495    -5.67379441    -5.86005733    -5.68478495
       93     0.01138596    -5.68518059    -5.67379463    -5.85957556    -5.68518059
       94     0.01175290    -5.68554771    -5.67379481    -5.85905926    -5.68554771
       95     0.01208877    -5.68588371    -5.67379494    -5.85850642    -5.68588371
       96     0.01239171    -5.68618674    -5.67379503    -5.85791573    -5.68618674
       97     0.01266064    -5.68645572    -5.67379508    -5.85728662    -5.68645572
       98     0.01289526    -5.68669034    -5.67379508    -5.85661923    -5.68669034
       99     0.01309598    -5.68689102    -5.67379504    -5.85591439    -5.68689102
      100     0.00570027    -5.68705890    -5.68135863    -5.85517361    -5.68705890
      101     0.00579639    -5.68715495    -5.68135856    -5.85467144    -5.68715495
      102     0.00588629    -5.68724477    -5.68135848    -5.85415999    -5.68724477
      103     0.00597157    -5.68732997    -5.68135840    -5.85364097    -5.68732997
      104     0.00605399    -5.68741230    -5.68135831    -5.85311623    -5.68741230
      105     0.00613543    -5.68749364    -5.68135821    -5.85258769    -5.68749364
      106     0.00621783    -5.68757594    -5.68135811    -5.85205733    -5.68757594
      107     0.00630319    -5.68766120    -5.68135801    -5.85152715    -5.68766120
      108     0.00639353    -5.68775144    -5.68135791    -5.85099913    -5.68775144
      109     0.00649083    -5.68784864    -5.68135781    -5.85047521    -5.68784864
      110     0.00659704    -5.68795477    -5.68135773    -5.84995725    -5.68795477
      111     0.00671402    -5.68807166    -5.68135764    -5.84944699    -5.68807166
      112     0.00684353    -5.68820110    -5.68135757    -5.84894606    -5.68820110
      113     0.00698720    -5.68834470    -5.68135750    -5.84845590    -5.68834470
      114     0.00714649    -5.68850394    -5.68135745    -5.84797779    -5.68850394
      115     0.00732271    -5.68868012    -5.68135741    -5.84751282    -5.68868012
      116     0.00751699    -5.68887436    -5.68135737    -5.84706183    -5.68887436
      117     0.00773022    -5.68908758    -5.68135736    -5.84662546    -5.68908758
      118     0.00796314    -5.68932050    -5.68135736    -5.84620412    -5.68932050
      119     0.00821624    -5.68957360    -5.68135736    -5.84579796    -5.68957360
      120     0.00570027    -5.68984719    -5.68414692    -5.84540690    -5.68984719
      121     0.00594376    -5.69009070    -5.68414694    -5.84510163    -5.69009070
      122     0.00620893    -5.69035592    -5.68414699    -5.84481408    -5.69035592
      123     0.00649543    -5.69064247    -5.68414704    -5.84454349    -5.69064247
      124     0.00680268    -5.69094978    -5.68414710    -5.84428885    -5.69094978
      125     0.00712989    -5.69127707    -5.68414718    -5.84404895    -5.69127707
      126     0.00747610    -5.69162337    -5.68414727    -5.84382232    -5.69162337
      127     0.00784017    -5.69198753    -5.68414736    -5.84360730    -5.69198753
      128     0.00822080    -5.69236827    -5.68414747    -5.84340209    -5.69236827
      129     0.00861659    -5.69276417    -5.68414758    -5.84320467    -5.69276417
      130     0.00902601    -5.69317370    -5.68414769    -5.84301294    -5.69317370
      131     0.00944746    -5.69359526    -5.68414780    -5.84282466    -5.69359526
      132     0.00987930    -5.69402722    -5.68414792    -5.84263753    -5.69402722
      133     0.01031987    -5.69446790    -5.68414803    -5.84244918    -5.69446790
      134     0.01076750    -5.69491564    -5.68414814    -5.84225725    -5.69491564
      135     0.01122060    -5.69536884    -5.68414824    -5.84205937    -5.69536884
      136     0.01167761    -5.69582596    -5.68414835    -5.84185322    -5.69582596
      137     0.01213711    -5.69628555    -5.68414844    -5.84163656    -5.69628555
      138     0.01259779    -5.69674631    -5.68414852    -5.84140724    -5.69674631
      139     0.01305851    -5.69720710    -5.68414859    -5.84116325    -5.69720710
      140     0.00570027    -5.69766694    -5.69196667    -5.84090275    -5.69766694
      141     0.00600123    -5.69796794    -5.69196671    -5.84072699    -5.69796794
      142     0.00630765    -5.69827440    -5.69196675    -5.84054878    -5.69827440
      143     0.00661913    -5.69858590    -5.69196677    -5.84036708    -5.69858590
      144     0.00693534    -5.69890215    -5.69196681    -5.84018092    -5.69890215
      145     0.00725608    -5.69922290    -5.69196682    -5.83998936    -5.69922290
      146     0.00758121    -5.69954804    -5.69196683    -5.83979157    -5.69954804
      147     0.00791070    -5.69987754    -5.69196684    -5.83958676    -5.69987754
      148     0.00824462    -5.70021146    -5.69196684    -5.83937424    -5.70021146
      149     0.00858315    -5.70054999    -5.69196684    -5.83915339    -5.70054999
      150     0.00892653    -5.70089336    -5.69196683    -5.83892365    -5.70089336
      151     0.00927511    -5.70124193    -5.69196682    -5.83868454    -5.70124193
      152     0.00962931    -5.70159611    -5.69196680    -5.83843564    -5.70159611
      153     0.00998960    -5.70195639    -5.69196679    -5.83817657    -5.70195639
      154     0.01035651    -5.70232327    -5.69196676    -5.83790699    -5.70232327
      155     0.01073058    -5.70269733    -5.69196675    -5.83762660    -5.70269733
      156     0.01111239    -5.70307911    -5.69196672    -5.83733508    -5.70307911
      157     0.01150250    -5.70346920    -5.69196670    -5.83703215    -5.70346920
      158     0.01190142    -5.70386810    -5.69196668    -5.83671747    -5.70386810
      159     0.01230966    -5.70427631    -5.69196665    -5.83639069    -5.70427631
      160     0.00570027    -5.70469425    -5.69899398    -5.83605140    -5.70469425
      161     0.00598918    -5.70498315    -5.69899397    -5.83581874    -5.70498315
      162     0.00628994    -5.70528390    -5.69899396    -5.83558316    -5.70528390
      163     0.00660260    -5.70559654    -5.69899394    -5.83534415    -5.70559654
      164     0.00692708    -5.70592102    -5.69899394    -5.83510107    -5.70592102
      165     0.00726322    -5.70625715    -5.69899393    -5.83485319    -5.70625715
      166     0.00761070    -5.70660462    -5.69899392    -5.83459967    -5.70660462
      167     0.00796908    -5.70696300    -5.69899392    -5.83433958    -5.70696300
      168     0.00833781    -5.70733173    -5.69899392    -5.83407187    -5.70733173
      169     0.00871620    -5.70771012    -5.69899392    -5.83379544    -5.70771012
      170     0.00910345    -5.70809737    -5.69899392    -5.83350911    -5.70809737
      171     0.00949862    -5.70849256    -5.69899394    -5.83321167    -5.70849256
      172     0.00990069    -5.70889464    -5.69899395    -5.83290190    -5.70889464
      173     0.01030850    -5.70930246    -5.69899396    -5.83257860    -5.70930246
      174     0.01072075    -5.70971475    -5.69899400    -5.83224068    -5.70971475
      175     0.01113603    -5.71013009    -5.69899406    -5.83188717    -5.71013009
      176     0.01155274    -5.71054693    -5.69899419    -5.83151735    -5.71054693
      177     0.01196906    -5.71096348    -5.69899442    -5.83113084    -5.71096348
      178     0.01238289    -5.71137771    -5.69899482    -5.83072777    -5.71137771
      179     0.01279179    -5.71178723    -5.69899544    -5.83030895    -5.71178723
      180     0.00570027    -5.71218932    -5.70648905    -5.82987594    -5.71218932
      181     0.00596103    -5.71245024    -5.70648921    -5.82958451    -5.71245024
      182     0.00622047    -5.71270982    -5.70648935    -5.82928837    -5.71270982
      183     0.00647767    -5.71296714    -5.70648947    -5.82898823    -5.71296714
      184     0.00673203    -5.71322159    -5.70648956    -5.82868455    -5.71322159
      185     0.00698326    -5.71347297    -5.70648971    -5.82837739    -5.71347297
      186     0.00723161    -5.71372144    -5.70648983    -5.82806639    -5.71372144
      187     0.00747765    -5.71396743    -5.70648978    -5.82775079    -5.71396743
      188     0.00772188    -5.71421150    -5.70648962    -5.82742960    -5.71421150
      189     0.00796467    -5.71445419    -5.70648952    -5.82710169    -5.71445419
      190     0.00820643    -5.71469596    -5.70648953    -5.82676599    -5.71469596
      191     0.00844766    -5.71493721    -5.70648955    -5.82642142    -5.71493721
      192     0.00868868    -5.71517828    -5.70648960    -5.82606702    -5.71517828
      193     0.00892981    -5.71541946    -5.70648965    -5.82570189    -5.71541946
      194     0.00917134    -5.71566106    -5.70648972    -5.82532517    -5.71566106
      195     0.00941360    -5.71590338    -5.70648978    -5.82493603    -5.71590338
      196     0.00965696    -5.71614682    -5.70648986    -5.82453363    -5.71614682
      197     0.00990187    -5.71639179    -5.70648992    -5.82411715    -5.71639179
      198     0.01014888    -5.71663888    -5.70649000    -5.82368566    -5.71663888
      199     0.01039868    -5.71688873    -5.70649005    -5.82323818    -5.71688873
      200     0.00570027    -5.71714224    -5.71144197    -5.82277352    -5.71714224
      201     0.00589060    -5.71733258    -5.71144198    -5.82242204    -5.71733258
      202     0.00608820    -5.71753021    -5.71144201    -5.82205982    -5.71753021
      203     0.00629419    -5.71773622    -5.71144203    -5.82168555    -5.71773622
      204     0.00650989    -5.71795191    -5.71144202    -5.82129764    -5.71795191
      205     0.00673699    -5.71817898    -5.71144199    -5.82089401    -5.71817898
      206     0.00697761    -5.71841950    -5.71144189    -5.82047209    -5.71841950
      207     0.00723448    -5.71867628    -5.71144180    -5.82002847    -5.71867628
      208     0.00751114    -5.71895273    -5.71144159    -5.81955896    -5.71895273
      209     0.00781226    -5.71925353    -5.71144127    -5.81905792    -5.71925353
      210     0.00814408    -5.71958493    -5.71144085    -5.81851792    -5.71958493
      211     0.00851503    -5.71995523    -5.71144020    -5.81792920    -5.71995523
      212     0.00893673    -5.72037589    -5.71143916    -5.81727847    -5.72037589
      213     0.00942549    -5.72086329    -5.71143780    -5.81654704    -5.72086329
      214     0.01000471    -5.72144031    -5.71143560    -5.81570910    -5.72144031
      215     0.01070903    -5.72214111    -5.71143208    -5.81472669    -5.72214111
      216     0.01159157    -5.72301805    -5.71142648    -5.81354246    -5.72301805
      217     0.01273837    -5.72415515    -5.71141678    -5.81206570    -5.72415515
      218     0.01430095    -5.72569858    -5.71139763    -5.81014111    -5.72569858
      219     0.01658896    -5.72793955    -5.71135059    -5.80746493    -5.72793955
      220     0.00570027    -5.73167423    -5.72597396    -5.80322472    -5.73167423
      221     0.00699477    -5.73317812    -5.72618335    -5.80147605    -5.73317812
      222     0.00665611    -5.73285843    -5.72620232    -5.80162102    -5.73285843
      223     0.00649661    -5.73270458    -5.72620797    -5.80161182    -5.73270458
      224     0.00642812    -5.73263878    -5.72621066    -5.80152390    -5.73263878
      225     0.00641714    -5.73262891    -5.72621177    -5.80138832    -5.73262891
      226     0.00644692    -5.73265939    -5.72621247    -5.80122001    -5.73265939
      227     0.00650766    -5.73272056    -5.72621290    -5.80102819    -5.73272056
      228     0.00659315    -5.73280654    -5.72621339    -5.80081836    -5.73280654
      229     0.00669916    -5.73291286    -5.72621370    -5.80059461    -5.73291286
      230     0.00682258    -5.73303659    -5.72621401    -5.80035946    -5.73303659
      231     0.00696102    -5.73317519    -5.72621417    -5.80011504    -5.73317519
      232     0.00711258    -5.73332685    -5.72621427    -5.79986269    -5.73332685
      233     0.00727568    -5.73349012    -5.72621444    -5.79960339    -5.73349012
      234     0.00744895    -5.73366359    -5.72621464    -5.79933803    -5.73366359
      235     0.00763120    -5.73384600    -5.72621480    -5.79906732    -5.73384600
      236     0.00782132    -5.73403605    -5.72621473    -5.79879204    -5.73403605
      237     0.00801831    -5.73423328    -5.72621497    -5.79851207    -5.73423328
      238     0.00822118    -5.73443630    -5.72621512    -5.79822822    -5.73443630
      239     0.00842902    -5.73464417    -5.72621515    -5.79794085    -5.73464417
      240     0.00570027    -5.73485618    -5.72915591    -5.79765013    -5.73485618
      241     0.00587573    -5.73503159    -5.72915586    -5.79741250    -5.73503159
      242     0.00605469    -5.73521055    -5.72915586    -5.79717416    -5.73521055
      243     0.00623654    -5.73539243    -5.72915589    -5.79693522    -5.73539243
      244     0.00642064    -5.73557658    -5.72915594    -5.79669578    -5.73557658
      245     0.00660634    -5.73576236    -5.72915602    -5.79645593    -5.73576236
      246     0.00679297    -5.73594909    -5.72915612    -5.79621578    -5.73594909
      247     0.00697985    -5.73613591    -5.72915606    -5.79597561    -5.73613591
      248     0.00716627    -5.73632247    -5.72915620    -5.79573516    -5.73632247
      249     0.00735154    -5.73650770    -5.72915616    -5.79549491    -5.73650770
      250     0.00753493    -5.73669107    -5.72915614    -5.79525480    -5.73669107
      251     0.00771572    -5.73687203    -5.72915631    -5.79501479    -5.73687203
      252     0.00789320    -5.73704951    -5.72915631    -5.79477534    -5.73704951
      253     0.00806665    -5.73722296    -5.72915631    -5.79453643    -5.73722296
      254     0.00823538    -5.73739169    -5.72915631    -5.79429819    -5.73739169
      255     0.00839868    -5.73755501    -5.72915633    -5.79406076    -5.73755501
      256     0.00855590    -5.73771224    -5.72915634    -5.79382427    -5.73771224
      257     0.00870639    -5.73786275    -5.72915636    -5.79358886    -5.73786275
      258     0.00884953    -5.73800591    -5.72915638    -5.79335465    -5.73800591
      259     0.00898475    -5.73814115    -5.72915640    -5.79312176    -5.73814115
      260     0.00570027    -5.73826792    -5.73256765    -5.79289029    -5.73826792
      261     0.00579456    -5.73836218    -5.73256762    -5.79270816    -5.73836218
      262     0.00588369    -5.73845126    -5.73256757    -5.79252666    -5.73845126
      263     0.00596734    -5.73853488    -5.73256754    -5.79234584    -5.73853488
      264     0.00604526    -5.73861288    -5.73256762    -5.79216559    -5.73861288
      265     0.00611716    -5.73868476    -5.73256760    -5.79198623    -5.73868476
      266     0.00618283    -5.73875040    -5.73256757    -5.79180766    -5.73875040
      267     0.00624205    -5.73880960    -5.73256755    -5.79162994    -5.73880960
      268     0.00629463    -5.73886216    -5.73256753    -5.79145311    -5.73886216
      269     0.00634040    -5.73890791    -5.73256751    -5.79127727    -5.73890791
      270     0.00637923    -5.73894671    -5.73256748    -5.79110248    -5.73894671
      271     0.00641102    -5.73897844    -5.73256742    -5.79092885    -5.73897844
      272     0.00643563    -5.73900293    -5.73256730    -5.79075655    -5.73900293
      273     0.00645300    -5.73902024    -5.73256724    -5.79058557    -5.73902024
      274     0.00646307    -5.73903025    -5.73256718    -5.79041613    -5.73903025
      275     0.00646581    -5.73903294    -5.73256713    -5.79024842    -5.73903294
      276     0.00646122    -5.73902830    -5.73256708    -5.79008260    -5.73902830
      277     0.00644933    -5.73901638    -5.73256705    -5.78991887    -5.73901638
      278     0.00643019    -5.73899716    -5.73256697    -5.78975753    -5.73899716
      279     0.00640387    -5.73897077    -5.73256690    -5.78959875    -5.73897077
      280     0.00570027    -5.73893727    -5.73323700    -5.78944285    -5.73893727
      281     0.00566239    -5.73889915    -5.73323676    -5.78929840    -5.73889915
      282     0.00561858    -5.73885496    -5.73323638    -5.78915729    -5.73885496
      283     0.00556912    -5.73880612    -5.73323700    -5.78901857    -5.73880612
      284     0.00551430    -5.73875155    -5.73323725    -5.78888379    -5.73875155
      285     0.00545418    -5.73869158    -5.73323740    -5.78875315    -5.73869158
      286     0.00538900    -5.73862652    -5.73323752    -5.78862689    -5.73862652
      287     0.00531901    -5.73855662    -5.73323761    -5.78850529    -5.73855662
      288     0.00524445    -5.73848217    -5.73323772    -5.78838867    -5.73848217
      289     0.00516567    -5.73840347    -5.73323780    -5.78827732    -5.73840347
      290     0.00508294    -5.73832076    -5.73323782    -5.78817161    -5.73832076
      291     0.00499656    -5.73823443    -5.73323787    -5.78807176    -5.73823443
      292     0.00490687    -5.73814479    -5.73323792    -5.78797810    -5.73814479
      293     0.00481421    -5.73805210    -5.73323789    -5.78789097    -5.73805210
      294     0.00471893    -5.73795687    -5.73323794    -5.78781048    -5.73795687
      295     0.00462143    -5.73785941    -5.73323798    -5.78773694    -5.73785941
      296     0.00452208    -5.73776010    -5.73323802    -5.78767056    -5.73776010
      297     0.00442129    -5.73765935    -5.73323806    -5.78761152    -5.73765935
      298     0.00431946    -5.73755755    -5.73323809    -5.78755999    -5.73755755
      299     0.00421703    -5.73745514    -5.73323811    -5.78751610    -5.73745514
      300     0.00570027    -5.73735252    -5.73165225    -5.78747995    -5.73735252
      301     0.00557863    -5.73723088    -5.73165225    -5.78744628    -5.73723088
      302     0.00545548    -5.73710773    -5.73165225    -5.78742125    -5.73710773
      303     0.00533135    -5.73698359    -5.73165224    -5.78740488    -5.73698359
      304     0.00520676    -5.73685898    -5.73165222    -5.78739716    -5.73685898
      305     0.00508225    -5.73673445    -5.73165220    -5.78739803    -5.73673445
      306     0.00495838    -5.73661055    -5.73165217    -5.78740742    -5.73661055
      307     0.00483569    -5.73648783    -5.73165214    -5.78742522    -5.73648783
      308     0.00471473    -5.73636685    -5.73165212    -5.78745127    -5.73636685
      309     0.00459607    -5.73624815    -5.73165208    -5.78748539    -5.73624815
      310     0.00448024    -5.73613243    -5.73165219    -5.78752721    -5.73613243
      311     0.00436778    -5.73601991    -5.73165213    -5.78757678    -5.73601991
      312     0.00425918    -5.73591126    -5.73165208    -5.78763365    -5.73591126
      313     0.00415494    -5.73580696    -5.73165202    -5.78769752    -5.73580696
      314     0.00405553    -5.73570748    -5.73165195    -5.78776803    -5.73570748
      315     0.00396137    -5.73561342    -5.73165205    -5.78784463    -5.73561342
      316     0.00387288    -5.73552486    -5.73165198    -5.78792724    -5.73552486
      317     0.00379042    -5.73544231    -5.73165189    -5.78801526    -5.73544231
      318     0.00371431    -5.73536629    -5.73165198    -5.78810806    -5.73536629
      319     0.00364484    -5.73529673    -5.73165189    -5.78820549    -5.73529673
      320     0.00570027    -5.73523422    -5.72953395    -5.78830670    -5.73523422
      321     0.00562835    -5.73516223    -5.72953388    -5.78843769    -5.73516223
      322     0.00556178    -5.73509557    -5.72953379    -5.78856997    -5.73509557
      323     0.00550076    -5.73503462    -5.72953386    -5.78870272    -5.73503462
      324     0.00544545    -5.73497921    -5.72953376    -5.78883562    -5.73497921
      325     0.00539600    -5.73492982    -5.72953382    -5.78896766    -5.73492982
      326     0.00535250    -5.73488620    -5.72953370    -5.78909855    -5.73488620
      327     0.00531504    -5.73484879    -5.72953375    -5.78922729    -5.73484879
      328     0.00528365    -5.73481745    -5.72953380    -5.78935344    -5.73481745
      329     0.00525835    -5.73479200    -5.72953365    -5.78947658    -5.73479200
      330     0.00523911    -5.73477279    -5.72953368    -5.78959574    -5.73477279
      331     0.00522589    -5.73475959    -5.72953370    -5.78971054    -5.73475959
      332     0.00521861    -5.73475215    -5.72953354    -5.78982060    -5.73475215
      333     0.00521718    -5.73475072    -5.72953354    -5.78992505    -5.73475072
      334     0.00522147    -5.73475502    -5.72953355    -5.79002356    -5.73475502
      335     0.00523135    -5.73476489    -5.72953354    -5.79011565    -5.73476489
      336     0.00524665    -5.73478017    -5.72953352    -5.79020089    -5.73478017
      337     0.00526720    -5.73480070    -5.72953350    -5.79027886    -5.73480070
      338     0.00529281    -5.73482628    -5.72953347    -5.79034917    -5.73482628
      339     0.00532329    -5.73485672    -5.72953343    -5.79041148    -5.73485672
      340     0.00570027    -5.73489181    -5.72919154    -5.79046546    -5.73489181
      341     0.00574087    -5.73493236    -5.72919149    -5.79051211    -5.73493236
      342     0.00578537    -5.73497698    -5.72919161    -5.79054915    -5.73497698
      343     0.00583357    -5.73502510    -5.72919153    -5.79057673    -5.73502510
      344     0.00588526    -5.73507671    -5.72919145    -5.79059449    -5.73507671
      345     0.00594028    -5.73513182    -5.72919154    -5.79060209    -5.73513182
      346     0.00599844    -5.73518988    -5.72919144    -5.79059979    -5.73518988
      347     0.00605958    -5.73525111    -5.72919153    -5.79058715    -5.73525111
      348     0.00612358    -5.73531500    -5.72919142    -5.79056449    -5.73531500
      349     0.00619029    -5.73538178    -5.72919149    -5.79053142    -5.73538178
      350     0.00625961    -5.73545098    -5.72919137    -5.79048831    -5.73545098
      351     0.00633144    -5.73552287    -5.72919143    -5.79043484    -5.73552287
      352     0.00640568    -5.73559716    -5.72919148    -5.79037122    -5.73559716
      353     0.00648225    -5.73567361    -5.72919136    -5.79029769    -5.73567361
      354     0.00656108    -5.73575248    -5.72919140    -5.79021395    -5.73575248
      355     0.00664209    -5.73583353    -5.72919144    -5.79012025    -5.73583353
      356     0.00672519    -5.73591667    -5.72919148    -5.79001664    -5.73591667
      357     0.00681030    -5.73600182    -5.72919152    -5.78990316    -5.73600182
      358     0.00689731    -5.73608888    -5.72919157    -5.78977987    -5.73608888
      359     0.00698613    -5.73617756    -5.72919143    -5.78964695    -5.73617756
      360     0.00570027    -5.73626808    -5.73056781    -5.78950404    -5.73626808
      361     0.00578366    -5.73635153    -5.73056787    -5.78936718    -5.73635153
      362     0.00586991    -5.73643783    -5.73056792    -5.78922192    -5.73643783
      363     0.00595883    -5.73652680    -5.73056797    -5.78906819    -5.73652680
      364     0.00605018    -5.73661821    -5.73056803    -5.78890587    -5.73661821
      365     0.00614372    -5.73671181    -5.73056809    -5.78873478    -5.73671181
      366     0.00623915    -5.73680729    -5.73056814    -5.78855474    -5.73680729
      367     0.00633612    -5.73690433    -5.73056821    -5.78836553    -5.73690433
      368     0.00643429    -5.73700256    -5.73056827    -5.78816689    -5.73700256
      369     0.00653326    -5.73710158    -5.73056832    -5.78795856    -5.73710158
      370     0.00663260    -5.73720099    -5.73056839    -5.78774024    -5.73720099
      371     0.00673189    -5.73730034    -5.73056845    -5.78751163    -5.73730034
      372     0.00683066    -5.73739917    -5.73056851    -5.78727241    -5.73739917
      373     0.00692844    -5.73749701    -5.73056857    -5.78702229    -5.73749701
      374     0.00702477    -5.73759340    -5.73056863    -5.78676096    -5.73759340
      375     0.00711915    -5.73768784    -5.73056869    -5.78648815    -5.73768784
      376     0.00721113    -5.73777987    -5.73056874    -5.78620358    -5.73777987
      377     0.00730022    -5.73786901    -5.73056879    -5.78590704    -5.73786901
      378     0.00738598    -5.73795481    -5.73056883    -5.78559832    -5.73795481
      379     0.00746795    -5.73803682    -5.73056887    -5.78527727    -5.73803682
      380     0.00570027    -5.73811462    -5.73241435    -5.78494378    -5.73811462
      381     0.00576484    -5.73817911    -5.73241427    -5.78464349    -5.73817911
      382     0.00582706    -5.73824136    -5.73241430    -5.78433290    -5.73824136
      383     0.00588660    -5.73830092    -5.73241432    -5.78401212    -5.73830092
      384     0.00594316    -5.73835750    -5.73241434    -5.78368121    -5.73835750
      385     0.00599643    -5.73841079    -5.73241436    -5.78334026    -5.73841079
      386     0.00604614    -5.73846050    -5.73241436    -5.78298938    -5.73846050
      387     0.00609200    -5.73850635    -5.73241435    -5.78262877    -5.73850635
      388     0.00613374    -5.73854809    -5.73241435    -5.78225863    -5.73854809
      389     0.00617111    -5.73858551    -5.73241440    -5.78187915    -5.73858551
      390     0.00620387    -5.73861824    -5.73241437    -5.78149078    -5.73861824
      391     0.00623183    -5.73864614    -5.73241431    -5.78109378    -5.73864614
      392     0.00625476    -5.73866898    -5.73241422    -5.78068853    -5.73866898
      393     0.00627245    -5.73868659    -5.73241414    -5.78027544    -5.73868659
      394     0.00628470    -5.73869873    -5.73241403    -5.77985504    -5.73869873
      395     0.00629136    -5.73870528    -5.73241392    -5.77942777    -5.73870528
      396     0.00629226    -5.73870605    -5.73241379    -5.77899421    -5.73870605
      397     0.00628729    -5.73870092    -5.73241363    -5.77855492    -5.73870092
      398     0.00627632    -5.73868976    -5.73241344    -5.77811051    -5.73868976
      399     0.00625927    -5.73867248    -5.73241321    -5.77766159    -5.73867248
      400     0.00570027    -5.73864910    -5.73294883    -5.77720872    -5.73864910
      401     0.00567252    -5.73862118    -5.73294866    -5.77677281    -5.73862118
      402     0.00563956    -5.73858804    -5.73294848    -5.77633479    -5.73858804
      403     0.00560138    -5.73854994    -5.73294856    -5.77589505    -5.73854994
      404     0.00555804    -5.73850677    -5.73294873    -5.77545433    -5.73850677
      405     0.00550965    -5.73845842    -5.73294877    -5.77501340    -5.73845842
      406     0.00545629    -5.73840510    -5.73294881    -5.77457273    -5.73840510
      407     0.00539809    -5.73834694    -5.73294885    -5.77413287    -5.73834694
      408     0.00533522    -5.73828411    -5.73294889    -5.77369432    -5.73828411
      409     0.00526789    -5.73821681    -5.73294892    -5.77325755    -5.73821681
      410     0.00519635    -5.73814529    -5.73294894    -5.77282297    -5.73814529
      411     0.00512088    -5.73806983    -5.73294895    -5.77239096    -5.73806983
      412     0.00504180    -5.73799078    -5.73294898    -5.77196181    -5.73799078
      413     0.00495946    -5.73790846    -5.73294900    -5.77153577    -5.73790846
      414     0.00487426    -5.73782325    -5.73294899    -5.77111306    -5.73782325
      415     0.00478661    -5.73773562    -5.73294901    -5.77069373    -5.73773562
      416     0.00469698    -5.73764600    -5.73294902    -5.77027785    -5.73764600
      417     0.00460584    -5.73755489    -5.73294905    -5.76986539    -5.73755489
      418     0.00451371    -5.73746277    -5.73294906    -5.76945625    -5.73746277
      419     0.00442111    -5.73737012    -5.73294901    -5.76905032    -5.73737012
      420     0.00570027    -5.73727761    -5.73157734    -5.76864724    -5.73727761
      421     0.00559325    -5.73717061    -5.73157736    -5.76818654    -5.73717061
      422     0.00548446    -5.73706182    -5.73157736    -5.76772620    -5.73706182
      423     0.00537454    -5.73695190    -5.73157736    -5.76726581    -5.73695190
      424     0.00526416    -5.73684160    -5.73157744    -5.76680481    -5.73684160
      425     0.00515401    -5.73673144    -5.73157743    -5.76634288    -5.73673144
      426     0.00504481    -5.73662222    -5.73157741    -5.76587946    -5.73662222
      427     0.00493724    -5.73651463    -5.73157739    -5.76541402    -5.73651463
      428     0.00483203    -5.73640939    -5.73157736    -5.76494607    -5.73640939
      429     0.00472987    -5.73630719    -5.73157732    -5.76447516    -5.73630719
      430     0.00463144    -5.73620881    -5.73157737    -5.76400077    -5.73620881
      431     0.00453738    -5.73611471    -5.73157733    -5.76352275    -5.73611471
      432     0.00444832    -5.73602558    -5.73157726    -5.76304072    -5.73602558
      433     0.00436482    -5.73594212    -5.73157730    -5.76255444    -5.73594212
      434     0.00428740    -5.73586463    -5.73157723    -5.76206405    -5.73586463
      435     0.00421651    -5.73579367    -5.73157716    -5.76156954    -5.73579367
      436     0.00415253    -5.73572971    -5.73157718    -5.76107105    -5.73572971
      437     0.00409575    -5.73567284    -5.73157709    -5.76056919    -5.73567284
      438     0.00404635    -5.73562346    -5.73157711    -5.76006437    -5.73562346
      439     0.00400443    -5.73558153    -5.73157710    -5.75955747    -5.73558153
      440     0.00570027    -5.73554696    -5.72984669    -5.75904958    -5.73554696
      441     0.00566507    -5.73551173    -5.72984666    -5.75843925    -5.73551173
      442     0.00563304    -5.73547967    -5.72984663    -5.75782717    -5.73547967
      443     0.00560355    -5.73545015    -5.72984660    -5.75721548    -5.73545015
      444     0.00557581    -5.73542237    -5.72984656    -5.75660659    -5.73542237
      445     0.00554879    -5.73539532    -5.72984653    -5.75600325    -5.73539532
      446     0.00552124    -5.73536773    -5.72984649    -5.75540849    -5.73536773
      447     0.00549167    -5.73533810    -5.72984643    -5.75482567    -5.73533810
      448     0.00545838    -5.73530484    -5.72984646    -5.75425826    -5.73530484
      449     0.00541946    -5.73526590    -5.72984644    -5.75371013    -5.73526590
      450     0.00537283    -5.73521928    -5.72984645    -5.75318514    -5.73521928
      451     0.00531634    -5.73516292    -5.72984658    -5.75268707    -5.73516292
      452     0.00524788    -5.73509467    -5.72984679    -5.75221977    -5.73509467
      453     0.00516539    -5.73501240    -5.72984701    -5.75178692    -5.73501240
      454     0.00506714    -5.73491440    -5.72984726    -5.75139172    -5.73491440
      455     0.00495195    -5.73479940    -5.72984745    -5.75103677    -5.73479940
      456     0.00481918    -5.73466674    -5.72984756    -5.75072395    -5.73466674
      457     0.00466891    -5.73451651    -5.72984760    -5.75045431    -5.73451651
      458     0.00450199    -5.73434961    -5.72984762    -5.75022791    -5.73434961
      459     0.00432006    -5.73416765    -5.72984759    -5.75004406    -5.73416765
      460     0.00570027    -5.73397304    -5.72827277    -5.74990107    -5.73397304
      461     0.00545592    -5.73372861    -5.72827269    -5.74977937    -5.73372861
      462     0.00519567    -5.73346812    -5.72827245    -5.74970178    -5.73346812
      463     0.00492437    -5.73319668    -5.72827231    -5.74966374    -5.73319668
      464     0.00464718    -5.73291933    -5.72827215    -5.74966062    -5.73291933
      465     0.00436925    -5.73264112    -5.72827187    -5.74968771    -5.73264112
      466     0.00409555    -5.73236730    -5.72827175    -5.74973993    -5.73236730
      467     0.00383071    -5.73210236    -5.72827165    -5.74981285    -5.73210236
      468     0.00357891    -5.73185047    -5.72827156    -5.74990218    -5.73185047
      469     0.00334385    -5.73161530    -5.72827145    -5.75000399    -5.73161530
      470     0.00312865    -5.73139996    -5.72827131    -5.75011475    -5.73139996
      471     0.00293585    -5.73120704    -5.72827119    -5.75023128    -5.73120704
      472     0.00276751    -5.73103862    -5.72827111    -5.75035077    -5.73103862
      473     0.00262525    -5.73089630    -5.72827105    -5.75047076    -5.73089630
      474     0.00251020    -5.73078121    -5.72827101    -5.75058910    -5.73078121
      475     0.00242310    -5.73069409    -5.72827099    -5.75070395    -5.73069409
      476     0.00236429    -5.73063528    -5.72827099    -5.75081377    -5.73063528
      477     0.00233378    -5.73060478    -5.72827100    -5.75091729    -5.73060478
      478     0.00233124    -5.73060227    -5.72827103    -5.75101350    -5.73060227
      479     0.00235608    -5.73062715    -5.72827107    -5.75110164    -5.73062715
      480     0.00570027    -5.73067856    -5.72497829    -5.75118121    -5.73067856
      481     0.00580412    -5.73078250    -5.72497838    -5.75128524    -5.73078250
      482     0.00591665    -5.73089512    -5.72497847    -5.75136608    -5.73089512
      483     0.00603604    -5.73101458    -5.72497854    -5.75142417    -5.73101458
      484     0.00616050    -5.73113911    -5.72497861    -5.75146042    -5.73113911
      485     0.00628833    -5.73126701    -5.72497868    -5.75147622    -5.73126701
      486     0.00641795    -5.73139686    -5.72497891    -5.75147320    -5.73139686
      487     0.00654786    -5.73152680    -5.72497894    -5.75145400    -5.73152680
      488     0.00667670    -5.73165567    -5.72497897    -5.75142113    -5.73165567
      489     0.00680323    -5.73178221    -5.72497898    -5.75137766    -5.73178221
      490     0.02634805    -5.75132703    -5.72497898    -5.75132703    -5.73190532
      491     0.02627889    -5.75125770    -5.72497881    -5.75125770    -5.73208411
      492     0.02627927    -5.75125811    -5.72497884    -5.75125811    -5.73215307
      493     0.02635078    -5.75132971    -5.72497893    -5.75132971    -5.73212027
      494     0.02649415    -5.75147321    -5.72497906    -5.75147321    -5.73199507
      495     0.02670930    -5.75168853    -5.72497923    -5.75168853    -5.73178785
      496     0.02699556    -5.75197496    -5.72497940    -5.75197496    -5.73150964
      497     0.02735181    -5.75233140    -5.72497959    -5.75233140    -5.73117158
      498     0.02777666    -5.75275642    -5.72497976    -5.75275642    -5.73078454
      499     0.02826846    -5.75324839    -5.72497993    -5.75324839    -5.73035875
      500     0.00570027    -5.75380542    -5.74810515    -5.75380542    -5.72990348
      501     0.00601910    -5.75412433    -5.74810523    -5.75412433    -5.72971340
      502     0.00645081    -5.75455624    -5.74810543    -5.75455624    -5.72955973
      503     0.00699274    -5.75509838    -5.74810564    -5.75509838    -5.72944322
      504     0.00764097    -5.75574689    -5.74810592    -5.75574689    -5.72936332
      505     0.00839041    -5.75649670    -5.74810629    -5.75649670    -5.72931835
      506     0.00923486    -5.75734154    -5.74810668    -5.75734154    -5.72930560
      507     0.01016710    -5.75827425    -5.74810715    -5.75827425    -5.72932124
      508     0.01117903    -5.75928669    -5.74810766    -5.75928669    -5.72936067
      509     0.01226178    -5.76036998    -5.74810820    -5.76036998    -5.72941853
      510     0.01340590    -5.76151460    -5.74810870    -5.76151460    -5.72948892
      511     0.01460150    -5.76271075    -5.74810925    -5.76271075    -5.72956540
      512     0.01583841    -5.76394823    -5.74810982    -5.76394823    -5.72964144
      513     0.01710639    -5.76521676    -5.74811037    -5.76521676    -5.72971037
      514     0.01839519    -5.76650617    -5.74811098    -5.76650617    -5.72976550
      515     0.01969476    -5.76780625    -5.74811149    -5.76780625    -5.72980061
      516     0.02099538    -5.76910734    -5.74811196    -5.76910734    -5.72980957
      517     0.02228779    -5.77040027    -5.74811248    -5.77040027    -5.72978673
      518     0.02356332    -5.77167617    -5.74811285    -5.77167617    -5.72972731
      519     0.02481397    -5.77292724    -5.74811327    -5.77292724    -5.72962683
      520     0.00570027    -5.77414604    -5.76844577    -5.77414604    -5.72948200
      521     0.00627636    -5.77472230    -5.76844594    -5.77472230    -5.72940316
      522     0.00687940    -5.77532550    -5.76844610    -5.77532550    -5.72932327
      523     0.00750659    -5.77595282    -5.76844623    -5.77595282    -5.72924133
      524     0.00815520    -5.77660155    -5.76844635    -5.77660155    -5.72915645
      525     0.00882264    -5.77726909    -5.76844645    -5.77726909    -5.72906791
      526     0.00950649    -5.77795302    -5.76844653    -5.77795302    -5.72897518
      527     0.01020453    -5.77865110    -5.76844657    -5.77865110    -5.72887790
      528     0.01091474    -5.77936132    -5.76844658    -5.77936132    -5.72877598
      529     0.01163534    -5.78008206    -5.76844672    -5.78008206    -5.72866938
      530     0.01236484    -5.78081152    -5.76844668    -5.78081152    -5.72855878
      531     0.01310200    -5.78154860    -5.76844660    -5.78154860    -5.72844464
      532     0.01384591    -5.78229254    -5.76844663    -5.78229254    -5.72832770
      533     0.01459592    -5.78304256    -5.76844664    -5.78304256    -5.72820925
      534     0.01535172    -5.78379814    -5.76844642    -5.78379814    -5.72809084
      535     0.01611328    -5.78455959    -5.76844631    -5.78455959    -5.72797377
      536     0.01688086    -5.78532719    -5.76844633    -5.78532719    -5.72785988
      537     0.01765500    -5.78610109    -5.76844609    -5.78610109    -5.72775156
      538     0.01843644    -5.78688241    -5.76844597    -5.78688241    -5.72765069
      539     0.01922612    -5.78767188    -5.76844576    -5.78767188    -5.72755978
      540     0.00570027    -5.78847075    -5.78277048    -5.78847075    -5.72748110
      541     0.00614443    -5.78891478    -5.78277035    -5.78891478    -5.72745406
      542     0.00661927    -5.78938947    -5.78277020    -5.78938947    -5.72744998
      543     0.00712511    -5.78989528    -5.78277017    -5.78989528    -5.72746946
      544     0.00766204    -5.79043213    -5.78277009    -5.79043213    -5.72751321
      545     0.00822996    -5.79099991    -5.78276995    -5.79099991    -5.72758147
      546     0.00882853    -5.79159847    -5.78276994    -5.79159847    -5.72767403
      547     0.00945721    -5.79222705    -5.78276984    -5.79222705    -5.72779078
      548     0.01011519    -5.79288504    -5.78276985    -5.79288504    -5.72793092
      549     0.01080145    -5.79357121    -5.78276976    -5.79357121    -5.72809379
      550     0.01151477    -5.79428449    -5.78276972    -5.79428449    -5.72827804
      551     0.01225370    -5.79502344    -5.78276974    -5.79502344    -5.72848231
      552     0.01301664    -5.79578624    -5.78276960    -5.79578624    -5.72870518
      553     0.01380185    -5.79657152    -5.78276967    -5.79657152    -5.72894446
      554     0.01460752    -5.79737706    -5.78276954    -5.79737706    -5.72919859
      555     0.01543180    -5.79820137    -5.78276957    -5.79820137    -5.72946508
      556     0.01627289    -5.79904242    -5.78276953    -5.79904242    -5.72974189
      557     0.01712914    -5.79989852    -5.78276938    -5.79989852    -5.73002671
      558     0.01799911    -5.80076837    -5.78276926    -5.80076837    -5.73031692
      559     0.01888176    -5.80165085    -5.78276909    -5.80165085    -5.73060999
      560     0.00570027    -5.80254532    -5.79684505    -5.80254532    -5.73090323
      561     0.00619727    -5.80304220    -5.79684493    -5.80304220    -5.73106361
      562     0.00672138    -5.80356620    -5.79684482    -5.80356620    -5.73122985
      563     0.00727371    -5.80411822    -5.79684451    -5.80411822    -5.73140002
      564     0.00785600    -5.80470047    -5.79684447    -5.80470047    -5.73157108
      565     0.00847066    -5.80531475    -5.79684409    -5.80531475    -5.73174060
      566     0.00912107    -5.80596477    -5.79684370    -5.80596477    -5.73190459
      567     0.00981185    -5.80665507    -5.79684322    -5.80665507    -5.73205853
      568     0.01054924    -5.80739182    -5.79684258    -5.80739182    -5.73219668
      569     0.01134171    -5.80818324    -5.79684153    -5.80818324    -5.73231178
      570     0.01220073    -5.80904121    -5.79684048    -5.80904121    -5.73239344
      571     0.01314198    -5.80998120    -5.79683922    -5.80998120    -5.73242834
      572     0.01418713    -5.81102438    -5.79683725    -5.81102438    -5.73239821
      573     0.01536666    -5.81220104    -5.79683438    -5.81220104    -5.73227652
      574     0.01672332    -5.81355370    -5.79683038    -5.81355370    -5.73202553
      575     0.01831432    -5.81513998    -5.79682566    -5.81513998    -5.73159340
      576     0.02020115    -5.81702469    -5.79682354    -5.81702469    -5.73092215
      577     0.02241211    -5.81924050    -5.79682839    -5.81924050    -5.72998633
      578     0.02491053    -5.82174653    -5.79683600    -5.82174653    -5.72883321
      579     0.02762300    -5.82446429    -5.79684129    -5.82446429    -5.72754577
      580     0.00570027    -5.82733097    -5.82163070    -5.82733097    -5.72618963
      581     0.00704505    -5.82867637    -5.82163132    -5.82867637    -5.72556373
      582     0.00854437    -5.83017649    -5.82163212    -5.83017649    -5.72488123
      583     0.01018694    -5.83181999    -5.82163305    -5.83181999    -5.72415368
      584     0.01195900    -5.83359314    -5.82163414    -5.83359314    -5.72339412
      585     0.01384475    -5.83548001    -5.82163526    -5.83548001    -5.72261658
      586     0.01582737    -5.83746369    -5.82163632    -5.83746369    -5.72183466
      587     0.01789047    -5.83952764    -5.82163717    -5.83952764    -5.72106007
      588     0.02001965    -5.84165744    -5.82163779    -5.84165744    -5.72030079
      589     0.02220371    -5.84384180    -5.82163809    -5.84384180    -5.71956020
      590     0.02443518    -5.84607332    -5.82163814    -5.84607332    -5.71883650
      591     0.02670984    -5.84834789    -5.82163805    -5.84834789    -5.71812369
      592     0.02902580    -5.85066370    -5.82163790    -5.85066370    -5.71741280
      593     0.03138230    -5.85302004    -5.82163774    -5.85302004    -5.71669346
      594     0.03377879    -5.85541643    -5.82163764    -5.85541643    -5.71595491
      595     0.03621426    -5.85785187    -5.82163761    -5.85785187    -5.71518690
      596     0.03868694    -5.86032459    -5.82163765    -5.86032459    -5.71438004
      597     0.04119425    -5.86283191    -5.82163766    -5.86283191    -5.71352597
      598     0.04373275    -5.86537065    -5.82163790    -5.86537065    -5.71261696
      599     0.04629828    -5.86793648    -5.82163820    -5.86793648    -5.71164659
      600     0.00570027    -5.87052459    -5.86482432    -5.87052459    -5.71060911
      601     0.00662053    -5.87144497    -5.86482444    -5.87144497    -5.71022709
      602     0.00760632    -5.87243088    -5.86482456    -5.87243088    -5.70981292
      603     0.00865556    -5.87348025    -5.86482469    -5.87348025    -5.70936536
      604     0.00976605    -5.87459087    -5.86482482    -5.87459087    -5.70888307
      605     0.01093538    -5.87576035    -5.86482497    -5.87576035    -5.70836463
      606     0.01216104    -5.87698616    -5.86482512    -5.87698616    -5.70780855
      607     0.01344034    -5.87826560    -5.86482526    -5.87826560    -5.70721330
      608     0.01477044    -5.87959586    -5.86482542    -5.87959586    -5.70657733
      609     0.01614838    -5.88097397    -5.86482559    -5.88097397    -5.70589910
      610     0.01757105    -5.88239680    -5.86482575    -5.88239680    -5.70517707
      611     0.01903521    -5.88386114    -5.86482593    -5.88386114    -5.70440978
      612     0.02053751    -5.88536362    -5.86482611    -5.88536362    -5.70359585
      613     0.02207447    -5.88690076    -5.86482629    -5.88690076    -5.70273399
      614     0.02364250    -5.88846897    -5.86482647    -5.88846897    -5.70182305
      615     0.02523789    -5.89006455    -5.86482666    -5.89006455    -5.70086203
      616     0.02685685    -5.89168370    -5.86482685    -5.89168370    -5.69985012
      617     0.02849555    -5.89332250    -5.86482695    -5.89332250    -5.69878672
      618     0.03015001    -5.89497697    -5.86482696    -5.89497697    -5.69767144
      619     0.03181603    -5.89664301    -5.86482698    -5.89664301    -5.69650417
      620     0.00570027    -5.89831641    -5.89261614    -5.89831641    -5.69528506
      621     0.00640975    -5.89902589    -5.89261614    -5.89902589    -5.69475505
      622     0.00715440    -5.89977053    -5.89261613    -5.89977053    -5.69419210
      623     0.00793246    -5.90054859    -5.89261613    -5.90054859    -5.69359602
      624     0.00874207    -5.90135819    -5.89261612    -5.90135819    -5.69296667
      625     0.00958127    -5.90219738    -5.89261611    -5.90219738    -5.69230392
      626     0.01044800    -5.90306411    -5.89261611    -5.90306411    -5.69160772
      627     0.01134013    -5.90395624    -5.89261611    -5.90395624    -5.69087807
      628     0.01225542    -5.90487154    -5.89261612    -5.90487154    -5.69011507
      629     0.01319157    -5.90580769    -5.89261612    -5.90580769    -5.68931889
      630     0.01414618    -5.90676231    -5.89261613    -5.90676231    -5.68848981
      631     0.01511678    -5.90773295    -5.89261617    -5.90773295    -5.68762823
      632     0.01610083    -5.90871708    -5.89261625    -5.90871708    -5.68673467
      633     0.01709577    -5.90971211    -5.89261634    -5.90971211    -5.68580979
      634     0.01809896    -5.91071541    -5.89261645    -5.91071541    -5.68485442
      635     0.01910769    -5.91172428    -5.89261659    -5.91172428    -5.68386954
      636     0.02011923    -5.91273599    -5.89261676    -5.91273599    -5.68285629
      637     0.02113083    -5.91374777    -5.89261694    -5.91374777    -5.68181602
      638     0.02213966    -5.91475681    -5.89261715    -5.91475681    -5.68075025
      639     0.02314292    -5.91576029    -5.89261737    -5.91576029    -5.67966072
      640     0.00570027    -5.91675535    -5.91105508    -5.91675535    -5.67854935
      641     0.00618767    -5.91724287    -5.91105520    -5.91724287    -5.67799427
      642     0.00668712    -5.91774243    -5.91105531    -5.91774243    -5.67741959
      643     0.00719728    -5.91825271    -5.91105543    -5.91825271    -5.67682602
      644     0.00771677    -5.91877233    -5.91105556    -5.91877233    -5.67621435
      645     0.00824419    -5.91929989    -5.91105570    -5.91929989    -5.67558542
      646     0.00877811    -5.91983394    -5.91105583    -5.91983394    -5.67494016
      647     0.00931707    -5.92037305    -5.91105598    -5.92037305    -5.67427957
      648     0.00985960    -5.92091572    -5.91105612    -5.92091572    -5.67360473
      649     0.01040420    -5.92146046    -5.91105626    -5.92146046    -5.67291681
      650     0.01094937    -5.92200578    -5.91105641    -5.92200578    -5.67221705
      651     0.01149362    -5.92255018    -5.91105656    -5.92255018    -5.67150679
      652     0.01203542    -5.92309213    -5.91105671    -5.92309213    -5.67078745
      653     0.01257328    -5.92363014    -5.91105686    -5.92363014    -5.67006052
      654     0.01310570    -5.92416270    -5.91105700    -5.92416270    -5.66932762
      655     0.01363119    -5.92468835    -5.91105716    -5.92468835    -5.66859040
      656     0.01414828    -5.92520559    -5.91105731    -5.92520559    -5.66785062
      657     0.01465552    -5.92571298    -5.91105746    -5.92571298    -5.66711012
      658     0.01515149    -5.92620910    -5.91105761    -5.92620910    -5.66637079
      659     0.01563479    -5.92669254    -5.91105775    -5.92669254    -5.66563459
      660     0.00570027    -5.92716195    -5.92146168    -5.92716195    -5.66490354
      661     0.00597458    -5.92743634    -5.92146176    -5.92743634    -5.66446993
      662     0.00624751    -5.92770935    -5.92146184    -5.92770935    -5.66403579
      663     0.00651835    -5.92798027    -5.92146192    -5.92798027    -5.66360211
      664     0.00678637    -5.92824838    -5.92146201    -5.92824838    -5.66316993
      665     0.00705087    -5.92851295    -5.92146208    -5.92851295    -5.66274028
      666     0.00731113    -5.92877329    -5.92146216    -5.92877329    -5.66231421
      667     0.00756646    -5.92902870    -5.92146224    -5.92902870    -5.66189279
      668     0.00781616    -5.92927848    -5.92146232    -5.92927848    -5.66147707
      669     0.00805957    -5.92952196    -5.92146239    -5.92952196    -5.66106813
      670     0.00829601    -5.92975848    -5.92146247    -5.92975848    -5.66066702
      671     0.00852484    -5.92998739    -5.92146255    -5.92998739    -5.66027479
      672     0.00874544    -5.93020805    -5.92146261    -5.93020805    -5.65989249
      673     0.00895719    -5.93041987    -5.92146268    -5.93041987    -5.65952114
      674     0.00915951    -5.93062225    -5.92146274    -5.93062225    -5.65916176
      675     0.00935183    -5.93081464    -5.92146281    -5.93081464    -5.65881532
      676     0.00953361    -5.93099648    -5.92146287    -5.93099648    -5.65848277
      677     0.00970427    -5.93116727    -5.92146300    -5.93116727    -5.65816505
      678     0.00986304    -5.93132653    -5.92146349    -5.93132653    -5.65786302
      679     0.01000959    -5.93147381    -5.92146422    -5.93147381    -5.65757757
      680     0.00570027    -5.93160868    -5.92590841    -5.93160868    -5.65730946
      681     0.00579290    -5.93170177    -5.92590887    -5.93170177    -5.65712116
      682     0.00587885    -5.93178814    -5.92590929    -5.93178814    -5.65694513
      683     0.00595789    -5.93186755    -5.92590966    -5.93186755    -5.65678181
      684     0.00602979    -5.93193978    -5.92590999    -5.93193978    -5.65663157
      685     0.00609435    -5.93200463    -5.92591028    -5.93200463    -5.65649479
      686     0.00615138    -5.93206191    -5.92591053    -5.93206191    -5.65637178
      687     0.00620072    -5.93211145    -5.92591073    -5.93211145    -5.65626283
      688     0.00624222    -5.93215310    -5.92591088    -5.93215310    -5.65616816
      689     0.00627575    -5.93218674    -5.92591099    -5.93218674    -5.65608799
      690     0.00630121    -5.93221228    -5.92591107    -5.93221228    -5.65602247
      691     0.00631852    -5.93222962    -5.92591110    -5.93222962    -5.65597173
      692     0.00632761    -5.93223872    -5.92591111    -5.93223872    -5.65593584
      693     0.00632845    -5.93223954    -5.92591109    -5.93223954    -5.65591483
      694     0.00632106    -5.93223208    -5.92591102    -5.93223208    -5.65590871
      695     0.00630543    -5.93221635    -5.92591092    -5.93221635    -5.65591743
      696     0.00628164    -5.93219240    -5.92591076    -5.93219240    -5.65594090
      697     0.00624974    -5.93216030    -5.92591056    -5.93216030    -5.65597899
      698     0.00620982    -5.93212014    -5.92591032    -5.93212014    -5.65603155
      699     0.00616202    -5.93207203    -5.92591001    -5.93207203    -5.65609837
      700     0.00570027    -5.93201611    -5.92631584    -5.93201611    -5.65617919
      701     0.00563940    -5.93195486    -5.92631546    -5.93195486    -5.65627049
      702     0.00557169    -5.93188673    -5.92631504    -5.93188673    -5.65637462
      703     0.00549712    -5.93181191    -5.92631479    -5.93181191    -5.65649126
      704     0.00541588    -5.93173063    -5.92631475    -5.93173063    -5.65662000
      705     0.00532842    -5.93164311    -5.92631469    -5.93164311    -5.65676046
      706     0.00523498    -5.93154963    -5.92631465    -5.93154963    -5.65691221
      707     0.00513584    -5.93145044    -5.92631460    -5.93145044    -5.65707479
      708     0.00503130    -5.93134584    -5.92631454    -5.93134584    -5.65724771
      709     0.00492164    -5.93123614    -5.92631450    -5.93123614    -5.65743048
      710     0.00480719    -5.93112164    -5.92631445    -5.93112164    -5.65762257
      711     0.00468828    -5.93100268    -5.92631440    -5.93100268    -5.65782343
      712     0.00456525    -5.93087960    -5.92631435    -5.93087960    -5.65803250
      713     0.00443844    -5.93075275    -5.92631431    -5.93075275    -5.65824919
      714     0.00430822    -5.93062248    -5.92631426    -5.93062248    -5.65847293
      715     0.00417495    -5.93048916    -5.92631421    -5.93048916    -5.65870308
      716     0.00403901    -5.93035316    -5.92631415    -5.93035316    -5.65893905
      717     0.00390076    -5.93021487    -5.92631411    -5.93021487    -5.65918019
      718     0.00376060    -5.93007466    -5.92631406    -5.93007466    -5.65942589
      719     0.00361891    -5.92993292    -5.92631401    -5.92993292    -5.65967550
      720     0.00570027    -5.92979004    -5.92408977    -5.92979004    -5.65992839
      721     0.00551495    -5.92960466    -5.92408971    -5.92960466    -5.66025639
      722     0.00532629    -5.92941593    -5.92408964    -5.92941593    -5.66058848
      723     0.00513480    -5.92922438    -5.92408958    -5.92922438    -5.66092381
      724     0.00494101    -5.92903053    -5.92408952    -5.92903053    -5.66126153
      725     0.00474545    -5.92883490    -5.92408945    -5.92883490    -5.66160078
      726     0.00454864    -5.92863803    -5.92408939    -5.92863803    -5.66194074
      727     0.00435112    -5.92844044    -5.92408932    -5.92844044    -5.66228058
      728     0.00415342    -5.92824268    -5.92408926    -5.92824268    -5.66261950
      729     0.00395607    -5.92804527    -5.92408920    -5.92804527    -5.66295671
      730     0.00375961    -5.92784874    -5.92408913    -5.92784874    -5.66329143
      731     0.00356457    -5.92765364    -5.92408907    -5.92765364    -5.66362293
      732     0.00337146    -5.92746047    -5.92408901    -5.92746047    -5.66395047
      733     0.00318082    -5.92726976    -5.92408894    -5.92726976    -5.66427336
      734     0.00299314    -5.92708202    -5.92408888    -5.92708202    -5.66459091
      735     0.00280894    -5.92689776    -5.92408882    -5.92689776    -5.66490248
      736     0.00262871    -5.92671748    -5.92408877    -5.92671748    -5.66520745
      737     0.00245294    -5.92654165    -5.92408871    -5.92654165    -5.66550522
      738     0.00228210    -5.92637076    -5.92408866    -5.92637076    -5.66579522
      739     0.00211665    -5.92620526    -5.92408861    -5.92620526    -5.66607692
      740     0.00570027    -5.92604560    -5.92034533    -5.92604560    -5.66634980
      741     0.00543373    -5.92577897    -5.92034524    -5.92577897    -5.66680324
      742     0.00516894    -5.92551410    -5.92034516    -5.92551410    -5.66724717
      743     0.00490664    -5.92525171    -5.92034507    -5.92525171    -5.66768078
      744     0.00464755    -5.92499254    -5.92034499    -5.92499254    -5.66810333
      745     0.00439240    -5.92473732    -5.92034492    -5.92473732    -5.66851410
      746     0.00414191    -5.92448674    -5.92034483    -5.92448674    -5.66891246
      747     0.00389678    -5.92424153    -5.92034475    -5.92424153    -5.66929777
      748     0.00365768    -5.92400236    -5.92034468    -5.92400236    -5.66966947
      749     0.00342530    -5.92376991    -5.92034461    -5.92376991    -5.67002703
      750     0.00320029    -5.92354483    -5.92034454    -5.92354483    -5.67036996
      751     0.00298327    -5.92332774    -5.92034447    -5.92332774    -5.67069782
      752     0.00277484    -5.92311925    -5.92034441    -5.92311925    -5.67101019
      753     0.00257559    -5.92291994    -5.92034435    -5.92291994    -5.67130668
      754     0.00238607    -5.92273035    -5.92034428    -5.92273035    -5.67158697
      755     0.00220678    -5.92255101    -5.92034423    -5.92255101    -5.67185073
      756     0.00203822    -5.92238241    -5.92034419    -5.92238241    -5.67209767
      757     0.00188084    -5.92222498    -5.92034414    -5.92222498    -5.67232755
      758     0.00173506    -5.92207916    -5.92034410    -5.92207916    -5.67254012
      759     0.00160125    -5.92194531    -5.92034406    -5.92194531    -5.67273519
      760     0.00570027    -5.92182380    -5.91612353    -5.92182380    -5.67291258
      761     0.00547754    -5.92160101    -5.91612347    -5.92160101    -5.67323253
      762     0.00526203    -5.92138544    -5.91612341    -5.92138544    -5.67353082
      763     0.00505428    -5.92117764    -5.91612336    -5.92117764    -5.67380719
      764     0.00485480    -5.92097811    -5.91612331    -5.92097811    -5.67406145
      765     0.00466408    -5.92078735    -5.91612327    -5.92078735    -5.67429343
      766     0.00448260    -5.92060583    -5.91612323    -5.92060583    -5.67450301
      767     0.00431081    -5.92043400    -5.91612319    -5.92043400    -5.67469010
      768     0.00414913    -5.92027228    -5.91612315    -5.92027228    -5.67485468
      769     0.00399795    -5.92012107    -5.91612312    -5.92012107    -5.67499674
      770     0.00385765    -5.91998074    -5.91612309    -5.91998074    -5.67511631
      771     0.00372858    -5.91985166    -5.91612308    -5.91985166    -5.67521349
      772     0.00361108    -5.91973413    -5.91612305    -5.91973413    -5.67528839
      773     0.00350542    -5.91962846    -5.91612304    -5.91962846    -5.67534117
      774     0.00341190    -5.91953493    -5.91612303    -5.91953493    -5.67537203
      775     0.00333077    -5.91945379    -5.91612302    -5.91945379    -5.67538119
      776     0.00326223    -5.91938525    -5.91612302    -5.91938525    -5.67536893
      777     0.00320650    -5.91932952    -5.91612302    -5.91932952    -5.67533556
      778     0.00316374    -5.91928677    -5.91612303    -5.91928677    -5.67528141
      779     0.00313409    -5.91925713    -5.91612304    -5.91925713    -5.67520685
      780     0.00570027    -5.91924073    -5.91354046    -5.91924073    -5.67511231
      781     0.00569178    -5.91923227    -5.91354049    -5.91923227    -5.67496071
      782     0.00569282    -5.91923333    -5.91354051    -5.91923333    -5.67478864
      783     0.00570346    -5.91924400    -5.91354054    -5.91924400    -5.67459684
      784     0.00572371    -5.91926434    -5.91354063    -5.91926434    -5.67438608
      785     0.00575361    -5.91929438    -5.91354077    -5.91929438    -5.67415717
      786     0.00579324    -5.91933417    -5.91354093    -5.91933417    -5.67391098
      787     0.00584262    -5.91938371    -5.91354109    -5.91938371    -5.67364842
      788     0.00590173    -5.91944299    -5.91354126    -5.91944299    -5.67337044
      789     0.00597059    -5.91951197    -5.91354138    -5.91951197    -5.67307800
      790     0.00604917    -5.91959059    -5.91354142    -5.91959059    -5.67277215
      791     0.00613728    -5.91967877    -5.91354149    -5.91967877    -5.67245391
      792     0.00623482    -5.91977638    -5.91354156    -5.91977638    -5.67212435
      793     0.00634162    -5.91988325    -5.91354163    -5.91988325    -5.67178458
      794     0.00645750    -5.91999922    -5.91354172    -5.91999922    -5.67143568
      795     0.00658221    -5.92012403    -5.91354182    -5.92012403    -5.67107878
      796     0.00671550    -5.92025743    -5.91354193    -5.92025743    -5.67071500
      797     0.00685707    -5.92039911    -5.91354204    -5.92039911    -5.67034546
      798     0.00700655    -5.92054871    -5.91354216    -5.92054871    -5.66997130
      799     0.00716356    -5.92070586    -5.91354230    -5.92070586    -5.66959360
      800     0.00570027    -5.92087011    -5.91516984    -5.92087011    -5.66921350
      801     0.00585236    -5.92102233    -5.91516997    -5.92102233    -5.66887613
      802     0.00601284    -5.92118295    -5.91517011    -5.92118295    -5.66853661
      803     0.00618121    -5.92135147    -5.91517026    -5.92135147    -5.66819581
      804     0.00635694    -5.92152734    -5.91517040    -5.92152734    -5.66785456
      805     0.00653944    -5.92171000    -5.91517056    -5.92171000    -5.66751368
      806     0.00672810    -5.92189883    -5.91517073    -5.92189883    -5.66717395
      807     0.00692227    -5.92209318    -5.91517091    -5.92209318    -5.66683613
      808     0.00712129    -5.92229237    -5.91517108    -5.92229237    -5.66650092
      809     0.00732443    -5.92249570    -5.91517127    -5.92249570    -5.66616901
      810     0.00753098    -5.92270243    -5.91517145    -5.92270243    -5.66584105
      811     0.00774019    -5.92291183    -5.91517164    -5.92291183    -5.66551765
      812     0.00795129    -5.92312313    -5.91517184    -5.92312313    -5.66519937
      813     0.00816354    -5.92333556    -5.91517202    -5.92333556    -5.66488678
      814     0.00837614    -5.92354836    -5.91517222    -5.92354836    -5.66458034
      815     0.00858834    -5.92376076    -5.91517242    -5.92376076    -5.66428055
      816     0.00879937    -5.92397198    -5.91517261    -5.92397198    -5.66398782
      817     0.00900849    -5.92418128    -5.91517279    -5.92418128    -5.66370254
      818     0.00921494    -5.92438792    -5.91517298    -5.92438792    -5.66342509
      819     0.00941803    -5.92459119    -5.91517316    -5.92459119    -5.66315577
      820     0.00570027    -5.92479038    -5.91909011    -5.92479038    -5.66289490
      821     0.00585229    -5.92494262    -5.91909033    -5.92494262    -5.66269954
      822     0.00600527    -5.92509578    -5.91909051    -5.92509578    -5.66250866
      823     0.00615874    -5.92524941    -5.91909067    -5.92524941    -5.66232243
      824     0.00631224    -5.92540304    -5.91909080    -5.92540304    -5.66214102
      825     0.00646534    -5.92555624    -5.91909090    -5.92555624    -5.66196458
      826     0.00661758    -5.92570856    -5.91909098    -5.92570856    -5.66179324
      827     0.00676851    -5.92585957    -5.91909106    -5.92585957    -5.66162711
      828     0.00691775    -5.92600888    -5.91909113    -5.92600888    -5.66146631
      829     0.00706489    -5.92615606    -5.91909117    -5.92615606    -5.66131090
      830     0.00720955    -5.92630072    -5.91909117    -5.92630072    -5.66116095
      831     0.00735134    -5.92644250    -5.91909116    -5.92644250    -5.66101652
      832     0.00748990    -5.92658102    -5.91909112    -5.92658102    -5.66087763
      833     0.00762488    -5.92671593    -5.91909105    -5.92671593    -5.66074429
      834     0.00775592    -5.92684687    -5.91909095    -5.92684687    -5.66061650
      835     0.00788270    -5.92697352    -5.91909082    -5.92697352    -5.66049424
      836     0.00800490    -5.92709555    -5.91909065    -5.92709555    -5.66037745
      837     0.00812221    -5.92721264    -5.91909043    -5.92721264    -5.66026609
      838     0.00823433    -5.92732449    -5.91909016    -5.92732449    -5.66016005
      839     0.00834082    -5.92743081    -5.91908999    -5.92743081    -5.66005925
      840     0.00570027    -5.92753131    -5.92183104    -5.92753131    -5.65996356
      841     0.00577946    -5.92761046    -5.92183100    -5.92761046    -5.65988888
      842     0.00585657    -5.92768754    -5.92183097    -5.92768754    -5.65981795
      843     0.00593139    -5.92776232    -5.92183093    -5.92776232    -5.65975063
      844     0.00600367    -5.92783458    -5.92183091    -5.92783458    -5.65968676
      845     0.00607321    -5.92790410    -5.92183089    -5.92790410    -5.65962620
      846     0.00613977    -5.92797064    -5.92183087    -5.92797064    -5.65956877
      847     0.00620313    -5.92803398    -5.92183085    -5.92803398    -5.65951427
      848     0.00626307    -5.92809390    -5.92183083    -5.92809390    -5.65946250
      849     0.00631936    -5.92815018    -5.92183082    -5.92815018    -5.65941326
      850     0.00637180    -5.92820262    -5.92183082    -5.92820262    -5.65936633
      851     0.00642019    -5.92825101    -5.92183082    -5.92825101    -5.65932149
      852     0.00646435    -5.92829516    -5.92183081    -5.92829516    -5.65927852
      853     0.00650409    -5.92833490    -5.92183081    -5.92833490    -5.65923722
      854     0.00653926    -5.92837007    -5.92183081    -5.92837007    -5.65919735
      855     0.00656973    -5.92840055    -5.92183082    -5.92840055    -5.65915873
      856     0.00659539    -5.92842621    -5.92183082    -5.92842621    -5.65912115
      857     0.00661615    -5.92844697    -5.92183082    -5.92844697    -5.65908444
      858     0.00663195    -5.92846276    -5.92183081    -5.92846276    -5.65904842
      859     0.00664275    -5.92847356    -5.92183081    -5.92847356    -5.65901295
      860     0.00570027    -5.92847935    -5.92277908    -5.92847935    -5.65897790
      861     0.00570158    -5.92848065    -5.92277907    -5.92848065    -5.65894584
      862     0.00569945    -5.92847851    -5.92277906    -5.92847851    -5.65891423
      863     0.00569395    -5.92847300    -5.92277905    -5.92847300    -5.65888299
      864     0.00568518    -5.92846421    -5.92277903    -5.92846421    -5.65885208
      865     0.00567326    -5.92845227    -5.92277901    -5.92845227    -5.65882145
      866     0.00565833    -5.92843733    -5.92277900    -5.92843733    -5.65879108
      867     0.00564057    -5.92841954    -5.92277897    -5.92841954    -5.65876097
      868     0.00562016    -5.92839912    -5.92277896    -5.92839912    -5.65873113
      869     0.00559732    -5.92837625    -5.92277893    -5.92837625    -5.65870158
      870     0.00557225    -5.92835116    -5.92277891    -5.92835116    -5.65867235
      871     0.00554521    -5.92832410    -5.92277889    -5.92832410    -5.65864350
      872     0.00551645    -5.92829531    -5.92277886    -5.92829531    -5.65861509
      873     0.00548622    -5.92826506    -5.92277884    -5.92826506    -5.65858716
      874     0.00545480    -5.92823361    -5.92277881    -5.92823361    -5.65855978
      875     0.00542245    -5.92820124    -5.92277879    -5.92820124    -5.65853303
      876     0.00538944    -5.92816821    -5.92277877    -5.92816821    -5.65850697
      877     0.00535605    -5.92813479    -5.92277874    -5.92813479    -5.65848166
      878     0.00532254    -5.92810126    -5.92277872    -5.92810126    -5.65845716
      879     0.00528916    -5.92806786    -5.92277870    -5.92806786    -5.65843353
      880     0.00570027    -5.92803484    -5.92233457    -5.92803484    -5.65841080
      881     0.00566624    -5.92800079    -5.92233455    -5.92800079    -5.65838801
      882     0.00563246    -5.92796699    -5.92233453    -5.92796699    -5.65836603
      883     0.00559916    -5.92793366    -5.92233450    -5.92793366    -5.65834488
      884     0.00556651    -5.92790100    -5.92233449    -5.92790100    -5.65832456
      885     0.00553470    -5.92786917    -5.92233447    -5.92786917    -5.65830503
      886     0.00550389    -5.92783834    -5.92233445    -5.92783834    -5.65828627
      887     0.00547421    -5.92780865    -5.92233444    -5.92780865    -5.65826824
      888     0.00544578    -5.92778021    -5.92233443    -5.92778021    -5.65825086
      889     0.00541870    -5.92775311    -5.92233441    -5.92775311    -5.65823408
      890     0.00539305    -5.92772745    -5.92233440    -5.92772745    -5.65821779
      891     0.00536888    -5.92770327    -5.92233439    -5.92770327    -5.65820192
      892     0.00534624    -5.92768061    -5.92233437    -5.92768061    -5.65818634
      893     0.00532514    -5.92765951    -5.92233437    -5.92765951    -5.65817096
      894     0.00530561    -5.92763997    -5.92233436    -5.92763997    -5.65815567
      895     0.00528764    -5.92762199    -5.92233435    -5.92762199    -5.65814034
      896     0.00527120    -5.92760555    -5.92233435    -5.92760555    -5.65812487
      897     0.00525629    -5.92759064    -5.92233435    -5.92759064    -5.65810915
      898     0.00524287    -5.92757721    -5.92233434    -5.92757721    -5.65809309
      899     0.00523091    -5.92756525    -5.92233434    -5.92756525    -5.65807659
      900     0.00570027    -5.92755470    -5.92185443    -5.92755470    -5.65805957
      901     0.00569034    -5.92754477    -5.92185443    -5.92754477    -5.65804112
      902     0.00568112    -5.92753555    -5.92185443    -5.92753555    -5.65802189
      903     0.00567258    -5.92752701    -5.92185443    -5.92752701    -5.65800186
      904     0.00566468    -5.92751911    -5.92185443    -5.92751911    -5.65798104
      905     0.00565741    -5.92751184    -5.92185443    -5.92751184    -5.65795943
      906     0.00565076    -5.92750519    -5.92185443    -5.92750519    -5.65793711
      907     0.00564473    -5.92749917    -5.92185444    -5.92749917    -5.65791414
      908     0.00563933    -5.92749377    -5.92185444    -5.92749377    -5.65789063
      909     0.00563457    -5.92748901    -5.92185444    -5.92748901    -5.65786671
      910     0.00563047    -5.92748492    -5.92185445    -5.92748492    -5.65784254
      911     0.00562708    -5.92748153    -5.92185445    -5.92748153    -5.65781830
      912     0.00562442    -5.92747888    -5.92185446    -5.92747888    -5.65779421
      913     0.00562254    -5.92747701    -5.92185447    -5.92747701    -5.65777047
      914     0.00562148    -5.92747597    -5.92185449    -5.92747597    -5.65774735
      915     0.00562129    -5.92747579    -5.92185450    -5.92747579    -5.65772510
      916     0.00562201    -5.92747652    -5.92185451    -5.92747652    -5.65770400
      917     0.00562368    -5.92747821    -5.92185453    -5.92747821    -5.65768434
      918     0.00562633    -5.92748087    -5.92185454    -5.92748087    -5.65766642
      919     0.00562998    -5.92748455    -5.92185457    -5.92748455    -5.65765054
      920     0.00570027    -5.92748925    -5.92178898    -5.92748925    -5.65763700
      921     0.00570595    -5.92749496    -5.92178901    -5.92749496    -5.65762603
      922     0.00571255    -5.92750159    -5.92178904    -5.92750159    -5.65761802
      923     0.00572004    -5.92750912    -5.92178908    -5.92750912    -5.65761323
      924     0.00572837    -5.92751749    -5.92178912    -5.92751749    -5.65761196
      925     0.00573749    -5.92752665    -5.92178916    -5.92752665    -5.65761446
      926     0.00574730    -5.92753651    -5.92178921    -5.92753651    -5.65762098
      927     0.00575771    -5.92754697    -5.92178926    -5.92754697    -5.65763175
      928     0.00576858    -5.92755789    -5.92178931    -5.92755789    -5.65764695
      929     0.00577977    -5.92756915    -5.92178938    -5.92756915    -5.65766678
      930     0.00579113    -5.92758056    -5.92178943    -5.92758056    -5.65769139
      931     0.00580246    -5.92759196    -5.92178950    -5.92759196    -5.65772089
      932     0.00581358    -5.92760315    -5.92178957    -5.92760315    -5.65775540
      933     0.00582416    -5.92761390    -5.92178974    -5.92761390    -5.65779497
      934     0.00583401    -5.92762399    -5.92178998    -5.92762399    -5.65783967
      935     0.00584299    -5.92763319    -5.92179020    -5.92763319    -5.65788951
      936     0.00585085    -5.92764124    -5.92179039    -5.92764124    -5.65794446
      937     0.00585734    -5.92764789    -5.92179055    -5.92764789    -5.65800450
      938     0.00586220    -5.92765288    -5.92179068    -5.92765288    -5.65806955
      939     0.00586517    -5.92765596    -5.92179079    -5.92765596    -5.65813952
      940     0.00570027    -5.92765687    -5.92195660    -5.92765687    -5.65821429
      941     0.00569883    -5.92765549    -5.92195666    -5.92765549    -5.65829260
      942     0.00569502    -5.92765171    -5.92195669    -5.92765171    -5.65837534
      943     0.00568861    -5.92764531    -5.92195670    -5.92764531    -5.65846234
      944     0.00567938    -5.92763606    -5.92195668    -5.92763606    -5.65855344
      945     0.00566714    -5.92762378    -5.92195664    -5.92762378    -5.65864842
      946     0.00565172    -5.92760829    -5.92195657    -5.92760829    -5.65874711
      947     0.00563295    -5.92758943    -5.92195648    -5.92758943    -5.65884929
      948     0.00561073    -5.92756708    -5.92195635    -5.92756708    -5.65895476
      949     0.00558493    -5.92754113    -5.92195620    -5.92754113    -5.65906330
      950     0.00555549    -5.92751151    -5.92195602    -5.92751151    -5.65917471
      951     0.00552236    -5.92747817    -5.92195581    -5.92747817    -5.65928877
      952     0.00548553    -5.92744108    -5.92195555    -5.92744108    -5.65940529
      953     0.00544499    -5.92740027    -5.92195528    -5.92740027    -5.65952405
      954     0.00540080    -5.92735578    -5.92195498    -5.92735578    -5.65964488
      955     0.00535296    -5.92730769    -5.92195473    -5.92730769    -5.65976757
      956     0.00530154    -5.92725608    -5.92195454    -5.92725608    -5.65989193
      957     0.00524670    -5.92720111    -5.92195441    -5.92720111    -5.66001780
      958     0.00518857    -5.92714293    -5.92195436    -5.92714293    -5.66014501
      959     0.00512743    -5.92708173    -5.92195430    -5.92708173    -5.66027339
      960     0.00570027    -5.92701773    -5.92131746    -5.92701773    -5.66040279
      961     0.00562923    -5.92694662    -5.92131739    -5.92694662    -5.66054115
      962     0.00555479    -5.92687212    -5.92131733    -5.92687212    -5.66068052
      963     0.00547727    -5.92679453    -5.92131726    -5.92679453    -5.66082077
      964     0.00539697    -5.92671416    -5.92131719    -5.92671416    -5.66096175
      965     0.00531423    -5.92663136    -5.92131713    -5.92663136    -5.66110333
      966     0.00522941    -5.92654647    -5.92131706    -5.92654647    -5.66124537
      967     0.00514288    -5.92645987    -5.92131699    -5.92645987    -5.66138774
      968     0.00505499    -5.92637192    -5.92131693    -5.92637192    -5.66153032
      969     0.00496615    -5.92628302    -5.92131687    -5.92628302    -5.66167297
      970     0.00487673    -5.92619353    -5.92131680    -5.92619353    -5.66181556
      971     0.00478711    -5.92610386    -5.92131675    -5.92610386    -5.66195795
      972     0.00469769    -5.92601438    -5.92131669    -5.92601438    -5.66210000
      973     0.00460885    -5.92592548    -5.92131663    -5.92592548    -5.66224158
      974     0.00452096    -5.92583754    -5.92131658    -5.92583754    -5.66238254
      975     0.00443440    -5.92575092    -5.92131652    -5.92575092    -5.66252273
      976     0.00434953    -5.92566600    -5.92131647    -5.92566600    -5.66266200
      977     0.00426671    -5.92558313    -5.92131642    -5.92558313    -5.66280019
      978     0.00418628    -5.92550266    -5.92131638    -5.92550266    -5.66293713
      979     0.00410859    -5.92542492    -5.92131633    -5.92542492    -5.66307268
      980     0.00570027    -5.92535023    -5.91964996    -5.92535023    -5.66320665
      981     0.00561393    -5.92526385    -5.91964992    -5.92526385    -5.66336419
      982     0.00552874    -5.92517860    -5.91964986    -5.92517860    -5.66352015
      983     0.00544505    -5.92509487    -5.91964982    -5.92509487    -5.66367431
      984     0.00536323    -5.92501300    -5.91964977    -5.92501300    -5.66382647
      985     0.00528364    -5.92493337    -5.91964973    -5.92493337    -5.66397644
      986     0.00520663    -5.92485631    -5.91964968    -5.92485631    -5.66412402
      987     0.00513256    -5.92478219    -5.91964963    -5.92478219    -5.66426903
      988     0.00506176    -5.92471136    -5.91964960    -5.92471136    -5.66441131
      989     0.00499460    -5.92464415    -5.91964955    -5.92464415    -5.66455068
      990     0.00493139    -5.92458090    -5.91964951    -5.92458090    -5.66468699
      991     0.00487247    -5.92452194    -5.91964947    -5.92452194    -5.66482009
      992     0.00481815    -5.92446759    -5.91964944    -5.92446759    -5.66494985
      993     0.00476875    -5.92441815    -5.91964940    -5.92441815    -5.66507613
      994     0.00472456    -5.92437392    -5.91964936    -5.92437392    -5.66519882
      995     0.00468586    -5.92433518    -5.91964932    -5.92433518    -5.66531777
      996     0.00465290    -5.92430219    -5.91964929    -5.92430219    -5.66543290
      997     0.00462594    -5.92427520    -5.91964926    -5.92427520    -5.66554408
      998     0.00460519    -5.92425442    -5.91964923    -5.92425442    -5.66565120
      999     0.00459086    -5.92424006    -5.91964920    -5.92424006    -5.66575415
     1000     0.00570027    -5.92423229    -5.91853202    -5.92423229    -5.66585282
