#    Non-Adiabatic Coupling Matrix Eliments: off-diagonal
         0     0.00000000
         1     0.00000697
         2     0.00001332
         3     0.00001857
         4     0.00002254
         5     0.00002526
         6     0.00002690
         7     0.00002771
         8     0.00002792
         9     0.00002775
        10     0.00002735
        11     0.00002699
        12     0.00002645
        13     0.00002595
        14     0.00002550
        15     0.00002517
        16     0.00002491
        17     0.00002474
        18     0.00002463
        19     0.00002438
        20     0.00002432
        21     0.00000335
        22     0.00000203
        23     0.00000068
        24    -0.00000071
        25    -0.00000214
        26    -0.00000360
        27    -0.00000509
        28    -0.00000661
        29    -0.00000816
        30    -0.00000972
        31    -0.00001131
        32    -0.00001291
        33    -0.00001451
        34    -0.00001613
        35    -0.00001775
        36    -0.00001936
        37    -0.00002097
        38    -0.00002256
        39    -0.00002414
        40    -0.00002568
        41    -0.00001989
        42    -0.00002128
        43    -0.00002263
        44    -0.00002393
        45    -0.00002516
        46    -0.00002631
        47    -0.00002735
        48    -0.00002827
        49    -0.00002904
        50    -0.00002964
        51    -0.00003005
        52    -0.00003023
        53    -0.00003018
        54    -0.00002988
        55    -0.00002932
        56    -0.00002852
        57    -0.00002749
        58    -0.00002626
        59    -0.00002488
        60    -0.00002338
        61    -0.00001127
        62    -0.00001090
        63    -0.00001049
        64    -0.00001007
        65    -0.00000964
        66    -0.00000922
        67    -0.00000883
        68    -0.00000847
        69    -0.00000817
        70    -0.00000792
        71    -0.00000775
        72    -0.00000766
        73    -0.00000765
        74    -0.00000773
        75    -0.00000790
        76    -0.00000817
        77    -0.00000854
        78    -0.00000900
        79    -0.00000955
        80    -0.00001020
        81    -0.00000900
        82    -0.00000962
        83    -0.00001030
        84    -0.00001103
        85    -0.00001181
        86    -0.00001263
        87    -0.00001348
        88    -0.00001436
        89    -0.00001526
        90    -0.00001617
        91    -0.00001709
        92    -0.00001801
        93    -0.00001893
        94    -0.00001983
        95    -0.00002072
        96    -0.00002158
        97    -0.00002241
        98    -0.00002321
        99    -0.00002397
       100    -0.00002468
       101    -0.00001633
       102    -0.00001644
       103    -0.00001649
       104    -0.00001650
       105    -0.00001646
       106    -0.00001636
       107    -0.00001622
       108    -0.00001602
       109    -0.00001578
       110    -0.00001548
       111    -0.00001513
       112    -0.00001473
       113    -0.00001428
       114    -0.00001379
       115    -0.00001325
       116    -0.00001267
       117    -0.00001204
       118    -0.00001137
       119    -0.00001067
       120    -0.00000993
       121    -0.00000735
       122    -0.00000654
       123    -0.00000572
       124    -0.00000488
       125    -0.00000403
       126    -0.00000317
       127    -0.00000231
       128    -0.00000145
       129    -0.00000059
       130     0.00000026
       131     0.00000109
       132     0.00000190
       133     0.00000270
       134     0.00000346
       135     0.00000419
       136     0.00000489
       137     0.00000554
       138     0.00000615
       139     0.00000664
       140     0.00000713
       141     0.00000484
       142     0.00000499
       143     0.00000507
       144     0.00000507
       145     0.00000499
       146     0.00000482
       147     0.00000456
       148     0.00000420
       149     0.00000372
       150     0.00000313
       151     0.00000240
       152     0.00000154
       153     0.00000052
       154    -0.00000067
       155    -0.00000205
       156    -0.00000363
       157    -0.00000542
       158    -0.00000746
       159    -0.00000976
       160    -0.00001234
       161    -0.00001053
       162    -0.00001300
       163    -0.00001570
       164    -0.00001865
       165    -0.00002185
       166    -0.00002535
       167    -0.00002911
       168    -0.00003317
       169    -0.00003753
       170    -0.00004219
       171    -0.00004712
       172    -0.00005227
       173    -0.00005757
       174    -0.00006283
       175    -0.00006782
       176    -0.00007214
       177    -0.00007525
       178    -0.00007636
       179    -0.00007461
       180    -0.00006937
       181    -0.00004479
       182    -0.00004340
       183    -0.00004198
       184    -0.00004125
       185    -0.00004191
       186    -0.00004441
       187    -0.00004885
       188    -0.00005509
       189    -0.00006289
       190    -0.00007203
       191    -0.00008234
       192    -0.00009376
       193    -0.00010629
       194    -0.00011994
       195    -0.00013495
       196    -0.00015146
       197    -0.00016971
       198    -0.00019003
       199    -0.00021278
       200    -0.00023847
       201    -0.00019948
       202    -0.00022715
       203    -0.00025798
       204    -0.00029262
       205    -0.00033186
       206    -0.00037676
       207    -0.00042868
       208    -0.00048941
       209    -0.00056139
       210    -0.00064809
       211    -0.00075441
       212    -0.00088772
       213    -0.00105956
       214    -0.00128862
       215    -0.00160768
       216    -0.00207873
       217    -0.00283246
       218    -0.00419676
       219    -0.00727136
       220    -0.01978642
       221    -0.00644085
       222    -0.00480787
       223    -0.00409343
       224    -0.00368913
       225    -0.00343065
       226    -0.00325431
       227    -0.00312948
       228    -0.00303966
       229    -0.00297507
       230    -0.00292956
       231    -0.00289897
       232    -0.00288049
       233    -0.00287206
       234    -0.00287216
       235    -0.00287959
       236    -0.00289340
       237    -0.00291295
       238    -0.00293755
       239    -0.00296666
       240    -0.00299985
       241    -0.00247552
       242    -0.00251629
       243    -0.00255861
       244    -0.00260229
       245    -0.00264714
       246    -0.00269294
       247    -0.00273948
       248    -0.00278658
       249    -0.00283401
       250    -0.00288155
       251    -0.00292901
       252    -0.00297613
       253    -0.00302273
       254    -0.00306858
       255    -0.00311350
       256    -0.00315728
       257    -0.00319976
       258    -0.00324078
       259    -0.00328019
       260    -0.00331788
       261    -0.00265646
       262    -0.00268714
       263    -0.00271630
       264    -0.00274393
       265    -0.00276997
       266    -0.00279441
       267    -0.00281724
       268    -0.00283844
       269    -0.00285800
       270    -0.00287638
       271    -0.00289265
       272    -0.00290723
       273    -0.00292012
       274    -0.00293128
       275    -0.00294067
       276    -0.00294827
       277    -0.00295403
       278    -0.00295791
       279    -0.00295986
       280    -0.00295982
       281    -0.00279691
       282    -0.00279243
       283    -0.00278658
       284    -0.00277830
       285    -0.00276789
       286    -0.00275532
       287    -0.00274053
       288    -0.00272347
       289    -0.00270415
       290    -0.00268241
       291    -0.00265827
       292    -0.00263167
       293    -0.00260259
       294    -0.00257101
       295    -0.00253690
       296    -0.00250027
       297    -0.00246111
       298    -0.00241943
       299    -0.00237491
       300    -0.00232834
       301    -0.00269058
       302    -0.00263764
       303    -0.00258180
       304    -0.00252313
       305    -0.00246171
       306    -0.00239765
       307    -0.00233104
       308    -0.00226202
       309    -0.00219070
       310    -0.00211722
       311    -0.00204171
       312    -0.00196431
       313    -0.00188517
       314    -0.00180443
       315    -0.00172226
       316    -0.00163877
       317    -0.00155411
       318    -0.00146845
       319    -0.00138190
       320    -0.00129462
       321    -0.00154220
       322    -0.00145065
       323    -0.00135857
       324    -0.00126608
       325    -0.00117332
       326    -0.00108039
       327    -0.00098742
       328    -0.00089453
       329    -0.00080181
       330    -0.00070939
       331    -0.00061736
       332    -0.00052583
       333    -0.00043490
       334    -0.00034466
       335    -0.00025522
       336    -0.00016666
       337    -0.00007907
       338     0.00000745
       339     0.00009283
       340     0.00017698
       341     0.00026579
       342     0.00034763
       343     0.00042798
       344     0.00050677
       345     0.00058397
       346     0.00065950
       347     0.00073332
       348     0.00080539
       349     0.00087568
       350     0.00094415
       351     0.00101079
       352     0.00107558
       353     0.00113850
       354     0.00119957
       355     0.00125879
       356     0.00131617
       357     0.00137174
       358     0.00142551
       359     0.00147752
       360     0.00152783
       361     0.00141883
       362     0.00146499
       363     0.00150976
       364     0.00155319
       365     0.00159536
       366     0.00163633
       367     0.00167617
       368     0.00171497
       369     0.00175280
       370     0.00178974
       371     0.00182589
       372     0.00186133
       373     0.00189614
       374     0.00193042
       375     0.00196426
       376     0.00199774
       377     0.00203093
       378     0.00206393
       379     0.00209681
       380     0.00212962
       381     0.00188011
       382     0.00190917
       383     0.00193815
       384     0.00196709
       385     0.00199599
       386     0.00202485
       387     0.00205367
       388     0.00208242
       389     0.00211107
       390     0.00213954
       391     0.00216769
       392     0.00219558
       393     0.00222303
       394     0.00224987
       395     0.00227595
       396     0.00230108
       397     0.00232506
       398     0.00234763
       399     0.00236853
       400     0.00238748
       401     0.00229615
       402     0.00230686
       403     0.00231484
       404     0.00231958
       405     0.00232073
       406     0.00231793
       407     0.00231163
       408     0.00229973
       409     0.00228273
       410     0.00226025
       411     0.00223197
       412     0.00219752
       413     0.00215661
       414     0.00210896
       415     0.00205430
       416     0.00199242
       417     0.00192314
       418     0.00184632
       419     0.00176185
       420     0.00166965
       421     0.00182530
       422     0.00172584
       423     0.00161757
       424     0.00150046
       425     0.00137452
       426     0.00123975
       427     0.00109616
       428     0.00094378
       429     0.00078261
       430     0.00061265
       431     0.00043387
       432     0.00024621
       433     0.00004954
       434    -0.00015624
       435    -0.00037134
       436    -0.00059601
       437    -0.00083044
       438    -0.00107496
       439    -0.00132980
       440    -0.00159515
       441    -0.00220873
       442    -0.00252078
       443    -0.00284774
       444    -0.00318937
       445    -0.00354488
       446    -0.00391266
       447    -0.00429005
       448    -0.00467299
       449    -0.00505588
       450    -0.00543128
       451    -0.00578997
       452    -0.00612106
       453    -0.00641216
       454    -0.00665078
       455    -0.00682405
       456    -0.00692571
       457    -0.00694727
       458    -0.00688981
       459    -0.00675209
       460    -0.00654278
       461    -0.00738659
       462    -0.00701143
       463    -0.00658442
       464    -0.00612366
       465    -0.00564505
       466    -0.00516170
       467    -0.00468317
       468    -0.00421613
       469    -0.00376426
       470    -0.00333093
       471    -0.00291613
       472    -0.00251952
       473    -0.00214005
       474    -0.00177623
       475    -0.00142630
       476    -0.00108838
       477    -0.00076056
       478    -0.00044094
       479    -0.00012772
       480     0.00018083
       481     0.00058334
       482     0.00088495
       483     0.00118421
       484     0.00148197
       485     0.00177877
       486     0.00207483
       487     0.00236988
       488     0.00266331
       489     0.00295397
       490     0.00324018
       491     0.00631963
       492     0.00620256
       493     0.00597348
       494     0.00564810
       495     0.00524936
       496     0.00480308
       497     0.00433393
       498     0.00386281
       499     0.00340561
       500     0.00297317
       501     0.00113163
       502     0.00094355
       503     0.00075987
       504     0.00058216
       505     0.00041151
       506     0.00024853
       507     0.00009358
       508    -0.00005340
       509    -0.00019264
       510    -0.00032463
       511    -0.00044986
       512    -0.00056902
       513    -0.00068281
       514    -0.00079193
       515    -0.00089715
       516    -0.00099918
       517    -0.00109866
       518    -0.00119633
       519    -0.00129275
       520    -0.00138857
       521    -0.00073935
       522    -0.00082832
       523    -0.00091687
       524    -0.00100525
       525    -0.00109371
       526    -0.00118250
       527    -0.00127190
       528    -0.00136219
       529    -0.00145363
       530    -0.00154654
       531    -0.00164121
       532    -0.00173789
       533    -0.00183691
       534    -0.00193858
       535    -0.00204314
       536    -0.00215090
       537    -0.00226218
       538    -0.00237727
       539    -0.00249650
       540    -0.00262021
       541    -0.00150664
       542    -0.00161754
       543    -0.00173093
       544    -0.00184712
       545    -0.00196643
       546    -0.00208920
       547    -0.00221584
       548    -0.00234677
       549    -0.00248255
       550    -0.00262376
       551    -0.00277111
       552    -0.00292551
       553    -0.00308795
       554    -0.00325977
       555    -0.00344247
       556    -0.00363800
       557    -0.00384876
       558    -0.00407770
       559    -0.00432854
       560    -0.00460609
       561    -0.00268962
       562    -0.00291912
       563    -0.00316358
       564    -0.00342537
       565    -0.00370759
       566    -0.00401364
       567    -0.00434760
       568    -0.00471425
       569    -0.00511907
       570    -0.00556748
       571    -0.00606410
       572    -0.00660910
       573    -0.00718689
       574    -0.00773743
       575    -0.00809085
       576    -0.00792217
       577    -0.00706263
       578    -0.00598007
       579    -0.00520520
       580    -0.00481134
       581    -0.00227493
       582    -0.00245171
       583    -0.00261223
       584    -0.00275283
       585    -0.00286514
       586    -0.00293758
       587    -0.00295885
       588    -0.00292191
       589    -0.00282713
       590    -0.00268234
       591    -0.00250065
       592    -0.00229686
       593    -0.00208453
       594    -0.00187413
       595    -0.00167289
       596    -0.00148533
       597    -0.00131419
       598    -0.00115833
       599    -0.00101816
       600    -0.00089295
       601    -0.00030872
       602    -0.00030996
       603    -0.00030871
       604    -0.00030522
       605    -0.00029972
       606    -0.00029247
       607    -0.00028372
       608    -0.00027373
       609    -0.00026271
       610    -0.00025090
       611    -0.00023851
       612    -0.00022573
       613    -0.00021273
       614    -0.00019965
       615    -0.00018662
       616    -0.00017377
       617    -0.00016119
       618    -0.00014895
       619    -0.00013712
       620    -0.00012576
       621    -0.00005187
       622    -0.00005159
       623    -0.00005106
       624    -0.00005031
       625    -0.00004935
       626    -0.00004822
       627    -0.00004692
       628    -0.00004548
       629    -0.00004392
       630    -0.00004226
       631    -0.00004051
       632    -0.00003871
       633    -0.00003685
       634    -0.00003497
       635    -0.00003307
       636    -0.00003116
       637    -0.00002927
       638    -0.00002739
       639    -0.00002555
       640    -0.00002375
       641    -0.00001142
       642    -0.00001126
       643    -0.00001107
       644    -0.00001084
       645    -0.00001058
       646    -0.00001029
       647    -0.00000998
       648    -0.00000965
       649    -0.00000930
       650    -0.00000893
       651    -0.00000855
       652    -0.00000817
       653    -0.00000777
       654    -0.00000738
       655    -0.00000698
       656    -0.00000659
       657    -0.00000620
       658    -0.00000582
       659    -0.00000545
       660    -0.00000509
       661    -0.00000295
       662    -0.00000287
       663    -0.00000278
       664    -0.00000269
       665    -0.00000259
       666    -0.00000249
       667    -0.00000240
       668    -0.00000230
       669    -0.00000220
       670    -0.00000210
       671    -0.00000200
       672    -0.00000191
       673    -0.00000181
       674    -0.00000172
       675    -0.00000163
       676    -0.00000155
       677    -0.00000145
       678    -0.00000137
       679    -0.00000130
       680    -0.00000123
       681    -0.00000088
       682    -0.00000085
       683    -0.00000082
       684    -0.00000078
       685    -0.00000075
       686    -0.00000072
       687    -0.00000069
       688    -0.00000062
       689    -0.00000054
       690    -0.00000051
       691    -0.00000049
       692    -0.00000046
       693    -0.00000043
       694    -0.00000041
       695    -0.00000039
       696    -0.00000037
       697    -0.00000036
       698    -0.00000035
       699    -0.00000035
       700    -0.00000034
       701    -0.00000033
       702    -0.00000041
       703    -0.00000042
       704    -0.00000043
       705    -0.00000044
       706    -0.00000046
       707    -0.00000048
       708    -0.00000050
       709    -0.00000053
       710    -0.00000056
       711    -0.00000065
       712    -0.00000070
       713    -0.00000074
       714    -0.00000078
       715    -0.00000082
       716    -0.00000087
       717    -0.00000092
       718    -0.00000097
       719    -0.00000102
       720    -0.00000107
       721    -0.00000148
       722    -0.00000159
       723    -0.00000171
       724    -0.00000182
       725    -0.00000194
       726    -0.00000206
       727    -0.00000217
       728    -0.00000229
       729    -0.00000240
       730    -0.00000250
       731    -0.00000260
       732    -0.00000269
       733    -0.00000277
       734    -0.00000285
       735    -0.00000291
       736    -0.00000296
       737    -0.00000299
       738    -0.00000301
       739    -0.00000301
       740    -0.00000300
       741    -0.00000534
       742    -0.00000555
       743    -0.00000574
       744    -0.00000590
       745    -0.00000604
       746    -0.00000614
       747    -0.00000621
       748    -0.00000625
       749    -0.00000624
       750    -0.00000620
       751    -0.00000612
       752    -0.00000600
       753    -0.00000584
       754    -0.00000563
       755    -0.00000538
       756    -0.00000510
       757    -0.00000477
       758    -0.00000441
       759    -0.00000401
       760    -0.00000357
       761    -0.00000668
       762    -0.00000629
       763    -0.00000584
       764    -0.00000534
       765    -0.00000479
       766    -0.00000420
       767    -0.00000356
       768    -0.00000289
       769    -0.00000218
       770    -0.00000144
       771    -0.00000067
       772     0.00000011
       773     0.00000091
       774     0.00000171
       775     0.00000251
       776     0.00000331
       777     0.00000410
       778     0.00000487
       779     0.00000562
       780     0.00000635
       781     0.00000934
       782     0.00001003
       783     0.00001067
       784     0.00001124
       785     0.00001175
       786     0.00001218
       787     0.00001254
       788     0.00001282
       789     0.00001302
       790     0.00001314
       791     0.00001318
       792     0.00001314
       793     0.00001302
       794     0.00001283
       795     0.00001255
       796     0.00001221
       797     0.00001179
       798     0.00001131
       799     0.00001077
       800     0.00001017
       801     0.00000848
       802     0.00000795
       803     0.00000717
       804     0.00000658
       805     0.00000598
       806     0.00000531
       807     0.00000473
       808     0.00000414
       809     0.00000355
       810     0.00000296
       811     0.00000236
       812     0.00000153
       813     0.00000084
       814     0.00000017
       815    -0.00000049
       816    -0.00000123
       817    -0.00000174
       818    -0.00000231
       819    -0.00000285
       820    -0.00000335
       821    -0.00000290
       822    -0.00000319
       823    -0.00000346
       824    -0.00000371
       825    -0.00000393
       826    -0.00000413
       827    -0.00000429
       828    -0.00000443
       829    -0.00000455
       830    -0.00000464
       831    -0.00000471
       832    -0.00000474
       833    -0.00000475
       834    -0.00000473
       835    -0.00000469
       836    -0.00000461
       837    -0.00000452
       838    -0.00000440
       839    -0.00000426
       840    -0.00000409
       841    -0.00000329
       842    -0.00000315
       843    -0.00000300
       844    -0.00000283
       845    -0.00000265
       846    -0.00000245
       847    -0.00000224
       848    -0.00000202
       849    -0.00000179
       850    -0.00000154
       851    -0.00000129
       852    -0.00000102
       853    -0.00000075
       854    -0.00000047
       855    -0.00000019
       856     0.00000010
       857     0.00000038
       858     0.00000067
       859     0.00000096
       860     0.00000125
       861     0.00000141
       862     0.00000165
       863     0.00000188
       864     0.00000209
       865     0.00000229
       866     0.00000248
       867     0.00000266
       868     0.00000283
       869     0.00000298
       870     0.00000312
       871     0.00000324
       872     0.00000334
       873     0.00000342
       874     0.00000348
       875     0.00000353
       876     0.00000355
       877     0.00000355
       878     0.00000359
       879     0.00000354
       880     0.00000346
       881     0.00000351
       882     0.00000339
       883     0.00000325
       884     0.00000309
       885     0.00000290
       886     0.00000270
       887     0.00000249
       888     0.00000225
       889     0.00000201
       890     0.00000175
       891     0.00000149
       892     0.00000121
       893     0.00000094
       894     0.00000066
       895     0.00000038
       896     0.00000011
       897    -0.00000016
       898    -0.00000043
       899    -0.00000068
       900    -0.00000092
       901    -0.00000120
       902    -0.00000142
       903    -0.00000162
       904    -0.00000180
       905    -0.00000196
       906    -0.00000210
       907    -0.00000221
       908    -0.00000229
       909    -0.00000236
       910    -0.00000239
       911    -0.00000240
       912    -0.00000239
       913    -0.00000235
       914    -0.00000229
       915    -0.00000220
       916    -0.00000209
       917    -0.00000197
       918    -0.00000182
       919    -0.00000165
       920    -0.00000148
       921    -0.00000129
       922    -0.00000108
       923    -0.00000087
       924    -0.00000065
       925    -0.00000042
       926    -0.00000019
       927     0.00000004
       928     0.00000026
       929     0.00000049
       930     0.00000070
       931     0.00000086
       932     0.00000106
       933     0.00000125
       934     0.00000142
       935     0.00000159
       936     0.00000174
       937     0.00000188
       938     0.00000200
       939     0.00000212
       940     0.00000221
       941     0.00000226
       942     0.00000234
       943     0.00000240
       944     0.00000244
       945     0.00000247
       946     0.00000248
       947     0.00000249
       948     0.00000249
       949     0.00000247
       950     0.00000245
       951     0.00000242
       952     0.00000238
       953     0.00000234
       954     0.00000228
       955     0.00000201
       956     0.00000196
       957     0.00000191
       958     0.00000184
       959     0.00000178
       960     0.00000171
       961     0.00000189
       962     0.00000181
       963     0.00000172
       964     0.00000163
       965     0.00000153
       966     0.00000142
       967     0.00000130
       968     0.00000118
       969     0.00000105
       970     0.00000092
       971     0.00000077
       972     0.00000061
       973     0.00000044
       974     0.00000027
       975     0.00000009
       976    -0.00000011
       977    -0.00000030
       978    -0.00000051
       979    -0.00000073
       980    -0.00000095
       981    -0.00000136
       982    -0.00000161
       983    -0.00000186
       984    -0.00000212
       985    -0.00000239
       986    -0.00000266
       987    -0.00000294
       988    -0.00000322
       989    -0.00000350
       990    -0.00000378
       991    -0.00000406
       992    -0.00000433
       993    -0.00000461
       994    -0.00000488
       995    -0.00000514
       996    -0.00000539
       997    -0.00000563
       998    -0.00000587
       999    -0.00000609
      1000    -0.00000630
