#    Step        Prob(0)        Prob(1)        Prob(2)        
        0     0.00000000     0.00000000     0.00000000
        1     0.00000004     0.00000000     0.00000000
        2     0.00000010     0.00000012     0.00000000
        3     0.00000000     0.00000056     0.00000000
        4     0.00000000     0.00000149     0.00000000
        5     0.00000016     0.00000309     0.00000000
        6     0.00000000     0.00000556     0.00000000
        7     0.00000000     0.00000912     0.00000000
        8     0.00000020     0.00001412     0.00000000
        9     0.00000000     0.00002108     0.00000000
       10     0.00000000     0.00003095     0.00000000
       11     0.00000018     0.00004534     0.00000000
       12     0.00000007     0.00006718     0.00000000
       13     0.00000000     0.00010179     0.00000000
       14     0.00000008     0.00015944     0.00000000
       15     0.00000020     0.00026081     0.00000000
       16     0.00000000     0.00045080     0.00000000
       17     0.00000000     0.00083652     0.00000000
       18     0.00000023     0.00170882     0.00000000
       19     0.00000001     0.00401662     0.00000000
       20     0.00000000     0.01185252     0.00000000
       21     0.00000000     0.00801728     0.00000000
       22     0.00000004     0.01387566     0.00000000
       23     0.00000002     0.02748927     0.00000000
       24     0.00000000     0.06659853     0.00000000
       25     0.00000001     0.21246163     0.00000000
       26     0.00000018     0.70924434     0.00000000
       27     0.00000000     0.00000000     0.00000000
       28     0.00000000     0.00000000     0.00000000
       29     0.00000001     0.00000000     0.00000000
       30     0.00000002     0.00000000     0.00000000
       31     0.00000000     0.00000000     0.00000000
       32     0.00000000     0.00000000     0.00000000
       33     0.00000000     0.00000000     0.00000000
       34     0.00000000     0.00000000     0.00000000
       35     0.00000000     0.00000000     0.00000000
       36     0.00000000     0.00000000     0.00033573
       37     0.00000000     0.00000000     0.00071517
       38     0.00000000     0.00000000     0.00114853
       39     0.00000000     0.00000000     0.00168244
       40     0.00000001     0.00000000     0.00235864
       41     0.00000000     0.00000000     0.00136005
       42     0.00000000     0.00000000     0.00171516
       43     0.00000001     0.00000000     0.00208308
       44     0.00000003     0.00000000     0.00243426
       45     0.00000000     0.00000000     0.00272527
       46     0.00000000     0.00000000     0.00290061
       47     0.00000001     0.00000000     0.00290372
       48     0.00000005     0.00000000     0.00269972
       49     0.00000004     0.00000000     0.00229904
       50     0.00000000     0.00000000     0.00175918
       51     0.00000008     0.00000000     0.00115634
       52     0.00000033     0.00000000     0.00055416
       53     0.00000044     0.00000000     0.00000000
       54     0.00000019     0.00000000     0.00000000
       55     0.00000005     0.00000000     0.00000000
       56     0.00000043     0.00000000     0.00000000
       57     0.00000075     0.00000000     0.00000000
       58     0.00000229     0.00000000     0.00019238
       59     0.00000011     0.00000000     0.00035358
       60     0.00000000     0.00000000     0.00048930
       61     0.00000000     0.00000000     0.00025176
       62     0.00000019     0.00000000     0.00022402
       63     0.00000043     0.00000000     0.00016938
       64     0.00000009     0.00000000     0.00009216
       65     0.00000000     0.00000000     0.00000000
       66     0.00000000     0.00000000     0.00000000
       67     0.00000015     0.00000000     0.00000000
       68     0.00000042     0.00000000     0.00000000
       69     0.00000016     0.00000000     0.00000000
       70     0.00000000     0.00000000     0.00000000
       71     0.00000000     0.00000000     0.00000000
       72     0.00000001     0.00000000     0.00000000
       73     0.00000040     0.00000000     0.00000000
       74     0.00000032     0.00000000     0.00001938
       75     0.00000000     0.00000000     0.00014685
       76     0.00000000     0.00000000     0.00026146
       77     0.00000000     0.00000000     0.00034616
       78     0.00000028     0.00000000     0.00038672
       79     0.00000056     0.00000000     0.00037426
       80     0.00000026     0.00000000     0.00030716
       81     0.00000000     0.00000000     0.00009584
       82     0.00000000     0.00000000     0.00000000
       83     0.00000000     0.00000000     0.00000000
       84     0.00000024     0.00000000     0.00000000
       85     0.00000041     0.00000000     0.00000000
       86     0.00000018     0.00000000     0.00000000
       87     0.00000000     0.00000000     0.00000000
       88     0.00000000     0.00000000     0.00000000
       89     0.00000000     0.00000000     0.00000000
       90     0.00000025     0.00000000     0.00005009
       91     0.00000057     0.00000000     0.00019316
       92     0.00000040     0.00000000     0.00030878
       93     0.00000000     0.00000000     0.00037378
       94     0.00000000     0.00000000     0.00037258
       95     0.00000000     0.00000000     0.00030112
       96     0.00000000     0.00000000     0.00016893
       97     0.00000070     0.00000000     0.00000000
       98     0.00000094     0.00000000     0.00000000
       99     0.00000047     0.00000000     0.00000000
      100     0.00000000     0.00000000     0.00000000
      101     0.00000000     0.00000000     0.00000000
      102     0.00000000     0.00000000     0.00000000
      103     0.00000000     0.00000000     0.00000000
      104     0.00000045     0.00000000     0.00000000
      105     0.00000075     0.00000000     0.00011472
      106     0.00000056     0.00000000     0.00022384
      107     0.00000000     0.00000000     0.00028561
      108     0.00000000     0.00000000     0.00028195
      109     0.00000000     0.00000000     0.00020970
      110     0.00000000     0.00000000     0.00008279
      111     0.00000016     0.00000000     0.00000000
      112     0.00000078     0.00000000     0.00000000
      113     0.00000098     0.00000000     0.00000000
      114     0.00000063     0.00000000     0.00000000
      115     0.00000000     0.00000000     0.00000000
      116     0.00000000     0.00000000     0.00000000
      117     0.00000000     0.00000000     0.00006646
      118     0.00000000     0.00000000     0.00022572
      119     0.00000000     0.00000000     0.00032497
      120     0.00000070     0.00000000     0.00033234
      121     0.00000071     0.00000000     0.00015322
      122     0.00000059     0.00000000     0.00003492
      123     0.00000021     0.00000000     0.00000000
      124     0.00000000     0.00000000     0.00000000
      125     0.00000000     0.00000000     0.00000000
      126     0.00000000     0.00000000     0.00000000
      127     0.00000000     0.00000000     0.00000000
      128     0.00000000     0.00000000     0.00002622
      129     0.00000027     0.00000000     0.00016665
      130     0.00000047     0.00000000     0.00025638
      131     0.00000047     0.00000000     0.00026336
      132     0.00000029     0.00000000     0.00018196
      133     0.00000004     0.00000000     0.00003668
      134     0.00000000     0.00000000     0.00000000
      135     0.00000000     0.00000000     0.00000000
      136     0.00000000     0.00000000     0.00000000
      137     0.00000000     0.00000000     0.00000000
      138     0.00000000     0.00000000     0.00000000
      139     0.00000002     0.00000000     0.00009620
      140     0.00000000     0.00000000     0.00023767
      141     0.00000000     0.00000000     0.00023301
      142     0.00000000     0.00000000     0.00018639
      143     0.00000000     0.00000000     0.00006858
      144     0.00000000     0.00000000     0.00000000
      145     0.00000018     0.00000000     0.00000000
      146     0.00000043     0.00000000     0.00000000
      147     0.00000063     0.00000000     0.00000000
      148     0.00000072     0.00000000     0.00000000
      149     0.00000061     0.00000000     0.00008461
      150     0.00000031     0.00000000     0.00020476
      151     0.00000000     0.00000000     0.00024406
      152     0.00000000     0.00000000     0.00018528
      153     0.00000000     0.00000000     0.00005088
      154     0.00000000     0.00000000     0.00000000
      155     0.00000000     0.00000000     0.00000000
      156     0.00000000     0.00000000     0.00000000
      157     0.00000021     0.00000000     0.00000000
      158     0.00000108     0.00000000     0.00000000
      159     0.00000193     0.00000000     0.00013441
      160     0.00000258     0.00000000     0.00023148
      161     0.00000286     0.00000000     0.00022701
      162     0.00000277     0.00000000     0.00012850
      163     0.00000229     0.00000000     0.00000000
      164     0.00000148     0.00000000     0.00000000
      165     0.00000049     0.00000000     0.00000000
      166     0.00000000     0.00000000     0.00000000
      167     0.00000000     0.00000000     0.00000000
      168     0.00000000     0.00000000     0.00007329
      169     0.00000000     0.00000000     0.00019430
      170     0.00000000     0.00000000     0.00022845
      171     0.00000000     0.00000000     0.00016148
      172     0.00000000     0.00000000     0.00002408
      173     0.00000110     0.00000000     0.00000000
      174     0.00000249     0.00000000     0.00000000
      175     0.00000377     0.00000000     0.00000000
      176     0.00000475     0.00000000     0.00000000
      177     0.00000532     0.00000000     0.00003395
      178     0.00000538     0.00000000     0.00015859
      179     0.00000494     0.00000000     0.00020942
      180     0.00000407     0.00000000     0.00016533
      181     0.00000371     0.00000000     0.00005652
      182     0.00000295     0.00000000     0.00000000
      183     0.00000206     0.00000000     0.00000000
      184     0.00000109     0.00000000     0.00000000
      185     0.00000010     0.00000000     0.00000000
      186     0.00000000     0.00000000     0.00000776
      187     0.00000000     0.00000000     0.00013866
      188     0.00000000     0.00000000     0.00020287
      189     0.00000000     0.00000000     0.00017399
      190     0.00000000     0.00000000     0.00006843
      191     0.00000000     0.00000000     0.00000000
      192     0.00000000     0.00000000     0.00000000
      193     0.00000000     0.00000000     0.00000000
      194     0.00000000     0.00000000     0.00000000
      195     0.00000000     0.00000000     0.00000000
      196     0.00000000     0.00000000     0.00009802
      197     0.00000000     0.00000000     0.00015990
      198     0.00000000     0.00000000     0.00014799
      199     0.00000000     0.00000000     0.00007194
      200     0.00000000     0.00000000     0.00000000
      201     0.00000000     0.00000000     0.00000000
      202     0.00000049     0.00000000     0.00000000
      203     0.00000181     0.00000000     0.00000000
      204     0.00000351     0.00000000     0.00000000
      205     0.00000568     0.00000000     0.00005896
      206     0.00000839     0.00000000     0.00011731
      207     0.00001170     0.00000000     0.00012083
      208     0.00001562     0.00000000     0.00007293
      209     0.00002010     0.00000000     0.00000000
      210     0.00002511     0.00000000     0.00000000
      211     0.00003060     0.00000000     0.00000000
      212     0.00003650     0.00000000     0.00000000
      213     0.00004276     0.00000000     0.00000000
      214     0.00004929     0.00000000     0.00001555
      215     0.00005598     0.00000000     0.00005657
      216     0.00006264     0.00000000     0.00006808
      217     0.00006904     0.00000000     0.00005029
      218     0.00007494     0.00000000     0.00001600
      219     0.00008009     0.00000000     0.00000000
      220     0.00008430     0.00000000     0.00000000
      221     0.00007885     0.00000000     0.00000000
      222     0.00007755     0.00000000     0.00000000
      223     0.00007487     0.00000000     0.00000000
      224     0.00007088     0.00000000     0.00000350
      225     0.00006563     0.00000000     0.00000022
      226     0.00005920     0.00000000     0.00000000
      227     0.00005166     0.00000000     0.00000000
      228     0.00004313     0.00000000     0.00000000
      229     0.00003378     0.00000000     0.00001649
      230     0.00002382     0.00000000     0.00003732
      231     0.00001349     0.00000000     0.00004768
      232     0.00000305     0.00000000     0.00003750
      233     0.00000000     0.00000000     0.00000544
      234     0.00000000     0.00000000     0.00000000
      235     0.00000000     0.00000000     0.00000000
      236     0.00000000     0.00000000     0.00000000
      237     0.00000000     0.00000000     0.00000000
      238     0.00000000     0.00000000     0.00000000
      239     0.00000000     0.00000000     0.00006230
      240     0.00000000     0.00000000     0.00012016
      241     0.00000000     0.00000000     0.00012196
      242     0.00000000     0.00000000     0.00009269
      243     0.00000000     0.00000000     0.00002234
      244     0.00000000     0.00000000     0.00000000
      245     0.00000000     0.00000000     0.00000000
      246     0.00000000     0.00000000     0.00000000
      247     0.00000000     0.00000000     0.00000000
      248     0.00000000     0.00000000     0.00000000
      249     0.00000000     0.00000000     0.00007168
      250     0.00000000     0.00000000     0.00017646
      251     0.00000000     0.00000000     0.00022779
      252     0.00000000     0.00000000     0.00020183
      253     0.00000000     0.00000000     0.00010133
      254     0.00000000     0.00000000     0.00000000
      255     0.00000000     0.00000000     0.00000000
      256     0.00000000     0.00000000     0.00000000
      257     0.00000000     0.00000000     0.00000000
      258     0.00000000     0.00000000     0.00000000
      259     0.00000000     0.00000000     0.00000012
      260     0.00000000     0.00000000     0.00017810
      261     0.00000000     0.00000000     0.00025581
      262     0.00000000     0.00000000     0.00028075
      263     0.00000038     0.00000000     0.00021236
      264     0.00000046     0.00000000     0.00006787
      265     0.00000023     0.00000000     0.00000000
      266     0.00000000     0.00000000     0.00000000
      267     0.00000000     0.00000000     0.00000000
      268     0.00000000     0.00000000     0.00000000
      269     0.00000000     0.00000000     0.00000000
      270     0.00000000     0.00000000     0.00004733
      271     0.00000062     0.00000000     0.00024199
      272     0.00000200     0.00000000     0.00036770
      273     0.00000384     0.00000000     0.00037898
      274     0.00000608     0.00000000     0.00026648
      275     0.00000865     0.00000000     0.00006192
      276     0.00001141     0.00000000     0.00000000
      277     0.00001422     0.00000000     0.00000000
      278     0.00001694     0.00000000     0.00000000
      279     0.00001940     0.00000000     0.00000000
      280     0.00002145     0.00000000     0.00000000
      281     0.00001668     0.00000000     0.00005634
      282     0.00001612     0.00000000     0.00022023
      283     0.00001507     0.00000000     0.00031900
      284     0.00001355     0.00000000     0.00031630
      285     0.00001161     0.00000000     0.00020837
      286     0.00000930     0.00000000     0.00002702
      287     0.00000670     0.00000000     0.00000000
      288     0.00000390     0.00000000     0.00000000
      289     0.00000100     0.00000000     0.00000000
      290     0.00000000     0.00000000     0.00000000
      291     0.00000000     0.00000000     0.00000000
      292     0.00000000     0.00000000     0.00011699
      293     0.00000000     0.00000000     0.00030324
      294     0.00000000     0.00000000     0.00039102
      295     0.00000000     0.00000000     0.00034598
      296     0.00000000     0.00000000     0.00017908
      297     0.00000000     0.00000000     0.00000000
      298     0.00000000     0.00000000     0.00000000
      299     0.00000000     0.00000000     0.00000000
      300     0.00000000     0.00000000     0.00000000
      301     0.00000000     0.00000000     0.00000000
      302     0.00000000     0.00000000     0.00000000
      303     0.00000000     0.00000000     0.00014845
      304     0.00000000     0.00000000     0.00026540
      305     0.00000000     0.00000000     0.00028782
      306     0.00000255     0.00000000     0.00020316
      307     0.00000542     0.00000000     0.00003908
      308     0.00000844     0.00000000     0.00000000
      309     0.00001161     0.00000000     0.00000000
      310     0.00001493     0.00000000     0.00000000
      311     0.00001840     0.00000000     0.00000000
      312     0.00002208     0.00000000     0.00000000
      313     0.00002603     0.00000000     0.00016391
      314     0.00003036     0.00000000     0.00030572
      315     0.00003523     0.00000000     0.00032851
      316     0.00004088     0.00000000     0.00021793
      317     0.00004760     0.00000000     0.00001424
      318     0.00005573     0.00000000     0.00000000
      319     0.00006570     0.00000000     0.00000000
      320     0.00007802     0.00000000     0.00000000
      321     0.00005642     0.00000000     0.00000000
      322     0.00006114     0.00000000     0.00000801
      323     0.00006635     0.00000000     0.00014731
      324     0.00007233     0.00000000     0.00022855
      325     0.00007938     0.00000000     0.00021174
      326     0.00008788     0.00000000     0.00009880
      327     0.00009823     0.00000000     0.00000000
      328     0.00011088     0.00000000     0.00000000
      329     0.00012628     0.00000000     0.00000000
      330     0.00014494     0.00000000     0.00000000
      331     0.00016741     0.00000000     0.00000000
      332     0.00019436     0.00000000     0.00015509
      333     0.00022659     0.00000000     0.00027301
      334     0.00026512     0.00000000     0.00026486
      335     0.00031112     0.00000000     0.00012714
      336     0.00036601     0.00000000     0.00000000
      337     0.00043142     0.00000000     0.00000000
      338     0.00050935     0.00000000     0.00000000
      339     0.00060239     0.00000000     0.00000000
      340     0.00071396     0.00000000     0.00001192
      341     0.00043483     0.00000000     0.00012873
      342     0.00043474     0.00000000     0.00018320
      343     0.00043127     0.00000000     0.00014423
      344     0.00042456     0.00000000     0.00002437
      345     0.00041483     0.00000000     0.00000000
      346     0.00040231     0.00000000     0.00000000
      347     0.00038738     0.00000000     0.00000000
      348     0.00037048     0.00000000     0.00000000
      349     0.00035220     0.00000000     0.00011485
      350     0.00033320     0.00000000     0.00023444
      351     0.00031423     0.00000000     0.00023017
      352     0.00029611     0.00000000     0.00009445
      353     0.00027978     0.00000000     0.00000000
      354     0.00026641     0.00000000     0.00000000
      355     0.00025766     0.00000000     0.00000000
      356     0.00025610     0.00000000     0.00000000
      357     0.00026628     0.00000000     0.00011706
      358     0.00029702     0.00000000     0.00028737
      359     0.00036821     0.00000000     0.00029246
      360     0.00053296     0.00000000     0.00011789
      361     0.00018448     0.00000000     0.00000000
      362     0.00003593     0.00000000     0.00000000
      363     0.00000000     0.00000000     0.00000000
      364     0.00000000     0.00000000     0.00000000
      365     0.00000000     0.00000000     0.00013329
      366     0.00537428     0.00000000     0.00025774
      367     0.99996706     0.00000000     0.00003294
      368     0.00000000     0.03997683     0.00006253
      369     0.00000000     0.00930409     0.00033755
      370     0.00000000     0.00292500     0.00040631
      371     0.00000000     0.00097144     0.00020094
      372     0.00000000     0.00033740     0.00000000
      373     0.00000000     0.00021955     0.00000000
      374     0.00000000     0.00033312     0.00000000
      375     0.00000000     0.00056378     0.00000000
      376     0.00000000     0.00084868     0.00030511
      377     0.00000000     0.00116436     0.00050629
      378     0.00000000     0.00148557     0.00034554
      379     0.00000000     0.00179723     0.00000000
      380     0.00000000     0.00208600     0.00000000
      381     0.00000000     0.00094330     0.00000000
      382     0.00000000     0.00094336     0.00000000
      383     0.00000000     0.00096934     0.00014246
      384     0.00000000     0.00101060     0.00030570
      385     0.00000000     0.00105694     0.00023675
      386     0.00000000     0.00109965     0.00000000
      387     0.00000000     0.00113127     0.00000000
      388     0.00000000     0.00114587     0.00000000
      389     0.00000000     0.00113895     0.00000000
      390     0.00000000     0.00110745     0.00023685
      391     0.00000000     0.00104925     0.00038826
      392     0.00000000     0.00096357     0.00021525
      393     0.00000000     0.00085116     0.00000000
      394     0.00000000     0.00071411     0.00000000
      395     0.00000000     0.00055593     0.00000000
      396     0.00000000     0.00038048     0.00007256
      397     0.00000000     0.00019224     0.00040654
      398     0.00000000     0.00000000     0.00037796
      399     0.00000000     0.00000000     0.00000000
      400     0.00000000     0.00000000     0.00000000
      401     0.00000000     0.00000000     0.00000000
      402     0.00000000     0.00000000     0.00000000
      403     0.00000000     0.00000000     0.00018946
      404     0.00000000     0.00000000     0.00024297
      405     0.00000000     0.00000000     0.00005035
      406     0.00000000     0.00000000     0.00000000
      407     0.00000000     0.00000000     0.00000000
      408     0.00000000     0.00000000     0.00000000
      409     0.00000000     0.00000000     0.00024721
      410     0.00000000     0.00000000     0.00029637
      411     0.00000000     0.00000000     0.00002462
      412     0.00000000     0.00000000     0.00000000
      413     0.00000000     0.00000000     0.00000000
      414     0.00000000     0.00000000     0.00003489
      415     0.00000000     0.00009620     0.00034978
      416     0.00000000     0.00034052     0.00027322
      417     0.00000000     0.00057615     0.00000000
      418     0.00000000     0.00078195     0.00000000
      419     0.00000000     0.00093597     0.00000000
      420     0.00000000     0.00101760     0.00027100
      421     0.00000000     0.00047040     0.00017245
      422     0.00000000     0.00044990     0.00000000
      423     0.00000000     0.00037009     0.00000000
      424     0.00000000     0.00023126     0.00000000
      425     0.00000000     0.00004264     0.00010853
      426     0.00000000     0.00000000     0.00024086
      427     0.00000000     0.00000000     0.00005351
      428     0.00000000     0.00000000     0.00000000
      429     0.00000000     0.00000000     0.00000000
      430     0.00000000     0.00000000     0.00010705
      431     0.00000000     0.00000000     0.00029758
      432     0.00000000     0.00000000     0.00007022
      433     0.00000000     0.00000000     0.00000000
      434     0.00000000     0.00004620     0.00000000
      435     0.00000000     0.00038750     0.00016850
      436     0.00000000     0.00067531     0.00034442
      437     0.00000000     0.00084672     0.00000000
      438     0.00000000     0.00085310     0.00000000
      439     0.00000000     0.00067532     0.00000000
      440     0.00000000     0.00033435     0.00032216
      441     0.00000000     0.00000000     0.00012447
      442     0.00000000     0.00000000     0.00000000
      443     0.00000000     0.00000000     0.00000000
      444     0.00000000     0.00000000     0.00005180
      445     0.00000000     0.00000000     0.00022650
      446     0.00000000     0.00000000     0.00002414
      447     0.00000000     0.00008952     0.00000000
      448     0.00000000     0.00044691     0.00000000
      449     0.00000000     0.00073052     0.00022261
      450     0.00000000     0.00087952     0.00015877
      451     0.00000000     0.00087621     0.00000000
      452     0.00000000     0.00031370     0.00000000
      453     0.00000000     0.00000000     0.00008444
      454     0.00000000     0.00000000     0.00019978
      455     0.00000000     0.00000000     0.00000000
      456     0.00000000     0.00000000     0.00000000
      457     0.00000000     0.00000000     0.00005835
      458     0.00000000     0.00092380     0.00036543
      459     0.00000000     0.00145629     0.00000000
      460     0.00000000     0.00124647     0.00000000
      461     0.00000000     0.00017890     0.00000000
      462     0.00000000     0.00000000     0.00018254
      463     0.00000000     0.00000000     0.00003324
      464     0.00000000     0.00000000     0.00000000
      465     0.00000000     0.00000000     0.00000000
      466     0.00000000     0.00031458     0.00023615
      467     0.00000000     0.00072438     0.00006334
      468     0.00000000     0.00069724     0.00000000
      469     0.00000000     0.00021274     0.00000000
      470     0.00000000     0.00000000     0.00027861
      471     0.00000000     0.00000000     0.00006689
      472     0.00000000     0.00000000     0.00000000
      473     0.00000000     0.00003417     0.00000000
      474     0.00000000     0.00069076     0.00033862
      475     0.00000000     0.00083128     0.00003020
      476     0.00000000     0.00030646     0.00000000
      477     0.00000000     0.00000000     0.00000212
      478     0.00000000     0.00000000     0.00037109
      479     0.00000000     0.00000000     0.00000000
      480     0.00000000     0.00036960     0.00000000
      481     0.00000000     0.00038992     0.00005531
      482     0.00000000     0.00025328     0.00014756
      483     0.00000000     0.00000000     0.00000000
      484     0.00000000     0.00000000     0.00000000
      485     0.00000000     0.00000000     0.00014181
      486     0.00000000     0.00020092     0.00012435
      487     0.00000000     0.00052151     0.00000000
      488     0.00000000     0.00028976     0.00000000
      489     0.00000000     0.00000000     0.00021308
      490     0.00000000     0.00000000     0.00001807
      491     0.00000000     0.00000000     0.00000000
      492     0.00000000     0.00044081     0.00006330
      493     0.00000000     0.00058804     0.00022349
      494     0.00000000     0.00001180     0.00000000
      495     0.00000000     0.00000000     0.00000000
      496     0.00000000     0.00000000     0.00021904
      497     0.00000000     0.00029674     0.00010815
      498     0.00000000     0.00070567     0.00000000
      499     0.00000000     0.00015555     0.00000009
      500     0.00000000     0.00000000     0.00024730
      501     0.00000000     0.00000000     0.00000000
      502     0.00000000     0.00015815     0.00000000
      503     0.00000000     0.00036383     0.00010882
      504     0.00000000     0.00002958     0.00004106
      505     0.00000000     0.00000000     0.00000000
      506     0.00000000     0.00000000     0.00002793
      507     0.00000000     0.00029424     0.00013649
      508     0.00000000     0.00038897     0.00000000
      509     0.00000000     0.00000000     0.00000000
      510     0.00000000     0.00000000     0.00014730
      511     0.00000000     0.00000000     0.00001159
      512     0.00000000     0.00048424     0.00000000
      513     0.00000000     0.00023425     0.00007732
      514     0.00000000     0.00000000     0.00010256
      515     0.00000000     0.00000000     0.00000000
      516     0.00000000     0.00033877     0.00000000
      517     0.00000000     0.00048625     0.00015459
      518     0.00000000     0.00000000     0.00000000
      519     0.00000000     0.00000000     0.00000000
      520     0.00000000     0.00013004     0.00015549
      521     0.00000000     0.00028830     0.00000158
      522     0.00000000     0.00000000     0.00000000
      523     0.00000000     0.00000000     0.00005189
      524     0.00000000     0.00000000     0.00004821
      525     0.00000000     0.00033512     0.00000000
      526     0.00000000     0.00005473     0.00001007
      527     0.00000000     0.00000000     0.00007650
      528     0.00000000     0.00000000     0.00000000
      529     0.00000000     0.00036754     0.00000000
      530     0.00000000     0.00010095     0.00008603
      531     0.00000000     0.00000000     0.00000000
      532     0.00000000     0.00000000     0.00000000
      533     0.00000000     0.00039743     0.00008389
      534     0.00000000     0.00010218     0.00000000
      535     0.00000000     0.00000000     0.00000000
      536     0.00000000     0.00000000     0.00006425
      537     0.00000000     0.00043084     0.00003605
      538     0.00000000     0.00005202     0.00000000
      539     0.00000000     0.00000000     0.00002822
      540     0.00000000     0.00000000     0.00006137
      541     0.00000000     0.00025886     0.00000000
      542     0.00000000     0.00000000     0.00000000
      543     0.00000000     0.00000000     0.00004070
      544     0.00000000     0.00008348     0.00000000
      545     0.00000000     0.00026557     0.00000000
      546     0.00000000     0.00000000     0.00004034
      547     0.00000000     0.00000000     0.00000000
      548     0.00000000     0.00019407     0.00000000
      549     0.00000000     0.00021549     0.00003793
      550     0.00000000     0.00000000     0.00000000
      551     0.00000000     0.00000000     0.00000000
      552     0.00000000     0.00029277     0.00003409
      553     0.00000000     0.00009369     0.00000027
      554     0.00000000     0.00000000     0.00000000
      555     0.00000000     0.00000000     0.00002606
      556     0.00000000     0.00032937     0.00001086
      557     0.00000000     0.00000000     0.00000000
      558     0.00000000     0.00000000     0.00001428
      559     0.00000000     0.00016976     0.00001685
      560     0.00000000     0.00026772     0.00000000
      561     0.00000000     0.00000000     0.00000278
      562     0.00000000     0.00000000     0.00001170
      563     0.00000000     0.00021852     0.00000000
      564     0.00000000     0.00006242     0.00000000
      565     0.00000000     0.00000000     0.00000991
      566     0.00000000     0.00001917     0.00000000
      567     0.00000000     0.00024218     0.00000000
      568     0.00000000     0.00000000     0.00000712
      569     0.00000000     0.00000000     0.00000000
      570     0.00000000     0.00017859     0.00000000
      571     0.00000000     0.00014540     0.00000420
      572     0.00000000     0.00000000     0.00000000
      573     0.00000000     0.00000000     0.00000000
      574     0.00000000     0.00025210     0.00000083
      575     0.00000000     0.00000000     0.00000017
      576     0.00000000     0.00000000     0.00000122
      577     0.00000000     0.00011438     0.00000000
      578     0.00000000     0.00019658     0.00000063
      579     0.00000000     0.00000000     0.00000509
      580     0.00000000     0.00000000     0.00000000
      581     0.00000000     0.00019135     0.00000000
      582     0.00000000     0.00003892     0.00000751
      583     0.00000000     0.00000000     0.00000000
      584     0.00000000     0.00003503     0.00000000
      585     0.00000000     0.00019026     0.00000981
      586     0.00000000     0.00000000     0.00000000
      587     0.00000000     0.00000000     0.00000000
      588     0.00000000     0.00015771     0.00001119
      589     0.00000000     0.00009159     0.00000000
      590     0.00000000     0.00000000     0.00000000
      591     0.00000000     0.00000000     0.00001226
      592     0.00000000     0.00019243     0.00000000
      593     0.00000000     0.00000000     0.00000000
      594     0.00000000     0.00000000     0.00001344
      595     0.00000000     0.00010578     0.00000000
      596     0.00000000     0.00012841     0.00000000
      597     0.00000000     0.00000000     0.00001421
      598     0.00000000     0.00000000     0.00000015
      599     0.00000000     0.00016566     0.00000000
      600     0.00000000     0.00001735     0.00001354
      601     0.00000000     0.00000000     0.00000419
      602     0.00000000     0.00003940     0.00000000
      603     0.00000000     0.00016018     0.00001215
      604     0.00000000     0.00000000     0.00000835
      605     0.00000000     0.00000000     0.00000000
      606     0.00000000     0.00012426     0.00000845
      607     0.00000000     0.00008398     0.00001124
      608     0.00000000     0.00000000     0.00000000
      609     0.00000000     0.00000000     0.00000490
      610     0.00000000     0.00014921     0.00001268
      611     0.00000000     0.00000000     0.00000000
      612     0.00000000     0.00000000     0.00000202
      613     0.00000000     0.00004791     0.00001336
      614     0.00000000     0.00011731     0.00000000
      615     0.00000000     0.00000000     0.00000000
      616     0.00000000     0.00000000     0.00001367
      617     0.00000000     0.00009546     0.00000000
      618     0.00000000     0.00005712     0.00000000
      619     0.00000000     0.00000000     0.00001310
      620     0.00000000     0.00000000     0.00000000
      621     0.00000000     0.00014521     0.00000000
      622     0.00000000     0.00000035     0.00001685
      623     0.00000000     0.00000000     0.00000000
      624     0.00000000     0.00003152     0.00000000
      625     0.00000000     0.00011983     0.00001361
      626     0.00000000     0.00000000     0.00000000
      627     0.00000000     0.00000000     0.00000000
      628     0.00000000     0.00007322     0.00000940
      629     0.00000000     0.00007460     0.00000088
      630     0.00000000     0.00000000     0.00000000
      631     0.00000000     0.00000000     0.00000534
      632     0.00000000     0.00008376     0.00000204
      633     0.00000000     0.00002864     0.00000000
      634     0.00000000     0.00000000     0.00000197
      635     0.00000000     0.00000000     0.00000142
      636     0.00000000     0.00006975     0.00000000
      637     0.00000000     0.00000000     0.00000000
      638     0.00000000     0.00000000     0.00000000
      639     0.00000000     0.00001235     0.00000266
      640     0.00000000     0.00004348     0.00000020
      641     0.00000000     0.00000000     0.00000000
      642     0.00000000     0.00000000     0.00000779
      643     0.00000000     0.00003556     0.00000467
      644     0.00000000     0.00004550     0.00000000
      645     0.00000000     0.00000000     0.00000672
      646     0.00000000     0.00000000     0.00001159
      647     0.00000000     0.00003109     0.00000000
      648     0.00000000     0.00001822     0.00000152
      649     0.00000000     0.00000000     0.00001971
      650     0.00000000     0.00000000     0.00000000
      651     0.00000000     0.00001205     0.00000000
      652     0.00000000     0.00000175     0.00002649
      653     0.00000000     0.00000095     0.00000000
      654     0.00000000     0.00000126     0.00000000
      655     0.00000000     0.00000000     0.00002843
      656     0.00000000     0.00000000     0.00000000
      657     0.00000000     0.00002987     0.00000000
      658     0.00000000     0.00000000     0.00002332
      659     0.00000000     0.00000000     0.00001384
      660     0.00000000     0.00001289     0.00000000
      661     0.00000000     0.00009188     0.00001987
      662     0.00000000     0.00000000     0.00004535
      663     0.00000000     0.00000000     0.00000000
      664     0.00000000     0.00006085     0.00000000
      665     0.00000000     0.00010971     0.00006138
      666     0.00000000     0.00000000     0.00000000
      667     0.00000000     0.00000000     0.00000000
      668     0.00000000     0.00011096     0.00006385
      669     0.00000000     0.00010971     0.00000000
      670     0.00000000     0.00000000     0.00000000
      671     0.00000000     0.00000000     0.00004329
      672     0.00000000     0.00016511     0.00003345
      673     0.00000000     0.00008978     0.00000000
      674     0.00000000     0.00000000     0.00000564
      675     0.00000000     0.00000000     0.00005413
      676     0.00000000     0.00021828     0.00000000
      677     0.00000000     0.00004604     0.00000000
      678     0.00000000     0.00000000     0.00004821
      679     0.00000000     0.00000000     0.00000000
      680     0.00000000     0.00026011     0.00000000
      681     0.00000000     0.00000000     0.00003125
      682     0.00000000     0.00000000     0.00001555
      683     0.00000000     0.00007920     0.00000000
      684     0.00000000     0.00030449     0.00000986
      685     0.00000000     0.00000000     0.00002260
      686     0.00000000     0.00000000     0.00000000
      687     0.00000000     0.00018428     0.00000000
      688     0.00000000     0.00026721     0.00001939
      689     0.00000000     0.00000000     0.00000000
      690     0.00000000     0.00000000     0.00000000
      691     0.00000000     0.00027050     0.00000790
      692     0.00000000     0.00018825     0.00000038
      693     0.00000000     0.00000000     0.00000021
      694     0.00000000     0.00000000     0.00000000
      695     0.00000000     0.00032219     0.00000000
      696     0.00000000     0.00008706     0.00001334
      697     0.00000000     0.00000000     0.00000199
      698     0.00000000     0.00000000     0.00000000
      699     0.00000000     0.00033787     0.00001401
      700     0.00000000     0.00000000     0.00002098
      701     0.00000000     0.00000000     0.00000000
      702     0.00000000     0.00006807     0.00000000
      703     0.00000000     0.00026200     0.00003268
      704     0.00000000     0.00000000     0.00000000
      705     0.00000000     0.00000000     0.00000000
      706     0.00000000     0.00015508     0.00003868
      707     0.00000000     0.00020120     0.00000000
      708     0.00000000     0.00000000     0.00000000
      709     0.00000000     0.00000000     0.00003586
      710     0.00000000     0.00021126     0.00001184
      711     0.00000000     0.00011126     0.00000000
      712     0.00000000     0.00000000     0.00002507
      713     0.00000000     0.00000000     0.00003342
      714     0.00000000     0.00022252     0.00000000
      715     0.00000000     0.00001705     0.00000456
      716     0.00000000     0.00000000     0.00005372
      717     0.00000000     0.00002419     0.00000000
      718     0.00000000     0.00019396     0.00000000
      719     0.00000000     0.00000000     0.00006372
      720     0.00000000     0.00000000     0.00000000
      721     0.00000000     0.00006845     0.00000000
      722     0.00000000     0.00010888     0.00004609
      723     0.00000000     0.00000000     0.00000137
      724     0.00000000     0.00000000     0.00000000
      725     0.00000000     0.00009163     0.00003386
      726     0.00000000     0.00005592     0.00001824
      727     0.00000000     0.00000000     0.00000000
      728     0.00000000     0.00000000     0.00001940
      729     0.00000000     0.00008737     0.00002928
      730     0.00000000     0.00000895     0.00000000
      731     0.00000000     0.00000000     0.00000603
      732     0.00000000     0.00000795     0.00003536
      733     0.00000000     0.00006205     0.00000000
      734     0.00000000     0.00000000     0.00000000
      735     0.00000000     0.00000000     0.00003733
      736     0.00000000     0.00002393     0.00000000
      737     0.00000000     0.00002985     0.00000000
      738     0.00000000     0.00000000     0.00003532
      739     0.00000000     0.00000000     0.00000000
      740     0.00000000     0.00001746     0.00000000
      741     0.00000000     0.00000456     0.00002508
      742     0.00000000     0.00000000     0.00000000
      743     0.00000000     0.00000004     0.00000000
      744     0.00000000     0.00000000     0.00001931
      745     0.00000000     0.00000073     0.00000000
      746     0.00000000     0.00001630     0.00000000
      747     0.00000000     0.00000000     0.00001357
      748     0.00000000     0.00000000     0.00000223
      749     0.00000000     0.00001719     0.00000000
      750     0.00000000     0.00002831     0.00000844
      751     0.00000000     0.00000000     0.00000330
      752     0.00000000     0.00000000     0.00000000
      753     0.00000000     0.00004502     0.00000429
      754     0.00000000     0.00001900     0.00000270
      755     0.00000000     0.00000000     0.00000000
      756     0.00000000     0.00000000     0.00000135
      757     0.00000000     0.00006770     0.00000087
      758     0.00000000     0.00000000     0.00000000
      759     0.00000000     0.00000000     0.00000000
      760     0.00000000     0.00003632     0.00000000
      761     0.00000000     0.00006301     0.00000362
      762     0.00000000     0.00000000     0.00000000
      763     0.00000000     0.00000000     0.00000000
      764     0.00000000     0.00007598     0.00000714
      765     0.00000000     0.00003292     0.00000000
      766     0.00000000     0.00000000     0.00000000
      767     0.00000000     0.00000000     0.00001011
      768     0.00000000     0.00009920     0.00000000
      769     0.00000000     0.00000000     0.00000000
      770     0.00000000     0.00000000     0.00001214
      771     0.00000000     0.00005415     0.00000133
      772     0.00000000     0.00008612     0.00000000
      773     0.00000000     0.00000000     0.00001316
      774     0.00000000     0.00000000     0.00000328
      775     0.00000000     0.00010854     0.00000000
      776     0.00000000     0.00003099     0.00001368
      777     0.00000000     0.00000000     0.00000510
      778     0.00000000     0.00000848     0.00000000
      779     0.00000000     0.00012509     0.00001410
      780     0.00000000     0.00000000     0.00000720
      781     0.00000000     0.00000000     0.00000000
      782     0.00000000     0.00009064     0.00001417
      783     0.00000000     0.00008653     0.00001043
      784     0.00000000     0.00000000     0.00000000
      785     0.00000000     0.00000000     0.00001252
      786     0.00000000     0.00014210     0.00001467
      787     0.00000000     0.00000146     0.00000000
      788     0.00000000     0.00000000     0.00000878
      789     0.00000000     0.00004848     0.00001875
      790     0.00000000     0.00013559     0.00000000
      791     0.00000000     0.00000000     0.00000385
      792     0.00000000     0.00000000     0.00002114
      793     0.00000000     0.00013773     0.00000000
      794     0.00000000     0.00006254     0.00000000
      795     0.00000000     0.00000000     0.00002152
      796     0.00000000     0.00000000     0.00000000
      797     0.00000000     0.00017242     0.00000000
      798     0.00000000     0.00000000     0.00002105
      799     0.00000000     0.00000000     0.00000000
      800     0.00000000     0.00011299     0.00000000
      801     0.00000000     0.00012789     0.00002185
      802     0.00000000     0.00000000     0.00000000
      803     0.00000000     0.00000000     0.00000000
      804     0.00000000     0.00019469     0.00002067
      805     0.00000000     0.00000544     0.00000000
      806     0.00000000     0.00000000     0.00000000
      807     0.00000000     0.00006169     0.00001693
      808     0.00000000     0.00018114     0.00000000
      809     0.00000000     0.00000000     0.00000000
      810     0.00000000     0.00000000     0.00001047
      811     0.00000000     0.00017084     0.00000349
      812     0.00000000     0.00009026     0.00000000
      813     0.00000000     0.00000000     0.00000396
      814     0.00000000     0.00000000     0.00000388
      815     0.00000000     0.00021366     0.00000000
      816     0.00000000     0.00000000     0.00000039
      817     0.00000000     0.00000000     0.00000075
      818     0.00000000     0.00010529     0.00000062
      819     0.00000000     0.00017028     0.00000037
      820     0.00000000     0.00000000     0.00000000
      821     0.00000000     0.00000000     0.00000393
      822     0.00000000     0.00021910     0.00000341
      823     0.00000000     0.00007009     0.00000000
      824     0.00000000     0.00000000     0.00000474
      825     0.00000000     0.00000000     0.00000926
      826     0.00000000     0.00023063     0.00000000
      827     0.00000000     0.00000000     0.00000134
      828     0.00000000     0.00000000     0.00001784
      829     0.00000000     0.00011134     0.00000000
      830     0.00000000     0.00017197     0.00000000
      831     0.00000000     0.00000000     0.00002572
      832     0.00000000     0.00000000     0.00000000
      833     0.00000000     0.00017100     0.00000000
      834     0.00000000     0.00008723     0.00002727
      835     0.00000000     0.00000000     0.00000148
      836     0.00000000     0.00000000     0.00000000
      837     0.00000000     0.00018179     0.00002029
      838     0.00000000     0.00000670     0.00001536
      839     0.00000000     0.00000000     0.00000000
      840     0.00000000     0.00002649     0.00000805
      841     0.00000000     0.00019317     0.00003127
      842     0.00000000     0.00000000     0.00000000
      843     0.00000000     0.00000000     0.00000000
      844     0.00000000     0.00009027     0.00003759
      845     0.00000000     0.00014376     0.00000000
      846     0.00000000     0.00000000     0.00000000
      847     0.00000000     0.00000000     0.00003761
      848     0.00000000     0.00011420     0.00000000
      849     0.00000000     0.00008987     0.00000000
      850     0.00000000     0.00000000     0.00003060
      851     0.00000000     0.00000000     0.00000827
      852     0.00000000     0.00011071     0.00000000
      853     0.00000000     0.00004552     0.00001732
      854     0.00000000     0.00000000     0.00002118
      855     0.00000000     0.00000000     0.00000000
      856     0.00000000     0.00009043     0.00000216
      857     0.00000000     0.00001507     0.00002678
      858     0.00000000     0.00000000     0.00000000
      859     0.00000000     0.00000000     0.00000000
      860     0.00000000     0.00006105     0.00002476
      861     0.00000000     0.00000000     0.00000000
      862     0.00000000     0.00000000     0.00000000
      863     0.00000000     0.00000543     0.00002088
      864     0.00000000     0.00003735     0.00000089
      865     0.00000000     0.00000000     0.00000000
      866     0.00000000     0.00000000     0.00001116
      867     0.00000000     0.00000386     0.00000665
      868     0.00000000     0.00000455     0.00000000
      869     0.00000000     0.00000131     0.00000316
      870     0.00000000     0.00001073     0.00000647
      871     0.00000000     0.00000000     0.00000000
      872     0.00000000     0.00000000     0.00000000
      873     0.00000000     0.00001974     0.00000192
      874     0.00000000     0.00003686     0.00000005
      875     0.00000000     0.00000000     0.00000099
      876     0.00000000     0.00000000     0.00000000
      877     0.00000000     0.00004782     0.00000201
      878     0.00000000     0.00005360     0.00000623
      879     0.00000000     0.00000000     0.00000000
      880     0.00000000     0.00000000     0.00000000
      881     0.00000000     0.00007557     0.00001226
      882     0.00000000     0.00005225     0.00000000
      883     0.00000000     0.00000000     0.00000000
      884     0.00000000     0.00000000     0.00001840
      885     0.00000000     0.00011389     0.00000000
      886     0.00000000     0.00004035     0.00000000
      887     0.00000000     0.00000000     0.00002120
      888     0.00000000     0.00000000     0.00000000
      889     0.00000000     0.00015081     0.00000000
      890     0.00000000     0.00000632     0.00002034
      891     0.00000000     0.00000000     0.00000615
      892     0.00000000     0.00001980     0.00000000
      893     0.00000000     0.00017452     0.00001703
      894     0.00000000     0.00000000     0.00001404
      895     0.00000000     0.00000000     0.00000000
      896     0.00000000     0.00008569     0.00001145
      897     0.00000000     0.00017029     0.00002225
      898     0.00000000     0.00000000     0.00000000
      899     0.00000000     0.00000000     0.00000314
      900     0.00000000     0.00015774     0.00002920
      901     0.00000000     0.00010844     0.00000000
      902     0.00000000     0.00000000     0.00000000
      903     0.00000000     0.00000000     0.00002792
      904     0.00000000     0.00018666     0.00000000
      905     0.00000000     0.00004082     0.00000000
      906     0.00000000     0.00000000     0.00002769
      907     0.00000000     0.00000638     0.00000000
      908     0.00000000     0.00021049     0.00000000
      909     0.00000000     0.00000000     0.00002531
      910     0.00000000     0.00000000     0.00000000
      911     0.00000000     0.00011431     0.00000000
      912     0.00000000     0.00017556     0.00002259
      913     0.00000000     0.00000000     0.00000000
      914     0.00000000     0.00000000     0.00000000
      915     0.00000000     0.00020347     0.00001947
      916     0.00000000     0.00007680     0.00000177
      917     0.00000000     0.00000000     0.00000000
      918     0.00000000     0.00000000     0.00001489
      919     0.00000000     0.00023196     0.00000578
      920     0.00000000     0.00000000     0.00000000
      921     0.00000000     0.00000000     0.00000835
      922     0.00000000     0.00011028     0.00000715
      923     0.00000000     0.00016468     0.00000000
      924     0.00000000     0.00000000     0.00000394
      925     0.00000000     0.00000000     0.00000667
      926     0.00000000     0.00020141     0.00000000
      927     0.00000000     0.00005038     0.00000121
      928     0.00000000     0.00000000     0.00000437
      929     0.00000000     0.00002285     0.00000000
      930     0.00000000     0.00021218     0.00000012
      931     0.00000000     0.00000000     0.00000130
      932     0.00000000     0.00000000     0.00000000
      933     0.00000000     0.00015572     0.00000009
      934     0.00000000     0.00012297     0.00000000
      935     0.00000000     0.00000000     0.00000309
      936     0.00000000     0.00000000     0.00000130
      937     0.00000000     0.00021060     0.00000000
      938     0.00000000     0.00000000     0.00000547
      939     0.00000000     0.00000000     0.00000457
      940     0.00000000     0.00008631     0.00000000
      941     0.00000000     0.00017597     0.00000595
      942     0.00000000     0.00000000     0.00001048
      943     0.00000000     0.00000000     0.00000000
      944     0.00000000     0.00018743     0.00000299
      945     0.00000000     0.00005724     0.00001656
      946     0.00000000     0.00000000     0.00000000
      947     0.00000000     0.00001332     0.00000000
      948     0.00000000     0.00019572     0.00002093
      949     0.00000000     0.00000000     0.00000000
      950     0.00000000     0.00000000     0.00000000
      951     0.00000000     0.00013469     0.00002355
      952     0.00000000     0.00011294     0.00000000
      953     0.00000000     0.00000000     0.00000000
      954     0.00000000     0.00000000     0.00002603
      955     0.00000000     0.00017966     0.00000000
      956     0.00000000     0.00000000     0.00000000
      957     0.00000000     0.00000000     0.00002881
      958     0.00000000     0.00006401     0.00000000
      959     0.00000000     0.00013906     0.00000000
      960     0.00000000     0.00000000     0.00002967
      961     0.00000000     0.00000000     0.00000000
      962     0.00000000     0.00014889     0.00000000
      963     0.00000000     0.00006476     0.00003084
      964     0.00000000     0.00000000     0.00001017
      965     0.00000000     0.00000000     0.00000000
      966     0.00000000     0.00015674     0.00002172
      967     0.00000000     0.00000000     0.00002071
      968     0.00000000     0.00000000     0.00000000
      969     0.00000000     0.00006721     0.00001069
      970     0.00000000     0.00011443     0.00002651
      971     0.00000000     0.00000000     0.00000000
      972     0.00000000     0.00000000     0.00000146
      973     0.00000000     0.00011019     0.00002816
      974     0.00000000     0.00004819     0.00000000
      975     0.00000000     0.00000000     0.00000000
      976     0.00000000     0.00000000     0.00002763
      977     0.00000000     0.00010932     0.00000000
      978     0.00000000     0.00000000     0.00000000
      979     0.00000000     0.00000000     0.00002512
      980     0.00000000     0.00003236     0.00000000
      981     0.00000000     0.00009174     0.00000000
      982     0.00000000     0.00000000     0.00002324
      983     0.00000000     0.00000000     0.00000000
      984     0.00000000     0.00006311     0.00000000
      985     0.00000000     0.00005214     0.00001583
      986     0.00000000     0.00000000     0.00000251
      987     0.00000000     0.00000000     0.00000000
      988     0.00000000     0.00006492     0.00000814
      989     0.00000000     0.00001718     0.00000450
      990     0.00000000     0.00000000     0.00000000
      991     0.00000000     0.00000000     0.00000237
      992     0.00000000     0.00004955     0.00000251
      993     0.00000000     0.00000000     0.00000000
      994     0.00000000     0.00000000     0.00000000
      995     0.00000000     0.00000936     0.00000000
      996     0.00000000     0.00002631     0.00000454
      997     0.00000000     0.00000000     0.00000158
      998     0.00000000     0.00000000     0.00000000
      999     0.00000000     0.00000648     0.00000746
     1000     0.00000000     0.00000401     0.00000718
