#    Non-Adiabatic Coupling Matrix Eliments: off-diagonal
         0     0.00000000
         1    -0.00000616
         2    -0.00001249
         3    -0.00001913
         4    -0.00002622
         5    -0.00003390
         6    -0.00004226
         7    -0.00005142
         8    -0.00006118
         9    -0.00007139
        10    -0.00008142
        11    -0.00009027
        12    -0.00009670
        13    -0.00009927
        14    -0.00009675
        15    -0.00008869
        16    -0.00007582
        17    -0.00005976
        18    -0.00004238
        19    -0.00002548
        20    -0.00001024
        21    -0.00000103
        22    -0.00000024
        23     0.00000041
        24     0.00000095
        25     0.00000137
        26     0.00000171
        27     0.00000198
        28     0.00000221
        29     0.00000241
        30     0.00000258
        31     0.00000277
        32     0.00000296
        33     0.00000319
        34     0.00000343
        35     0.00000369
        36     0.00000398
        37     0.00000429
        38     0.00000461
        39     0.00000495
        40     0.00000528
        41     0.00000381
        42     0.00000415
        43     0.00000446
        44     0.00000479
        45     0.00000507
        46     0.00000536
        47     0.00000559
        48     0.00000577
        49     0.00000594
        50     0.00000603
        51     0.00000607
        52     0.00000605
        53     0.00000594
        54     0.00000576
        55     0.00000549
        56     0.00000517
        57     0.00000475
        58     0.00000424
        59     0.00000365
        60     0.00000297
        61     0.00000103
        62     0.00000065
        63     0.00000024
        64    -0.00000020
        65    -0.00000067
        66    -0.00000116
        67    -0.00000168
        68    -0.00000221
        69    -0.00000275
        70    -0.00000331
        71    -0.00000388
        72    -0.00000445
        73    -0.00000503
        74    -0.00000560
        75    -0.00000618
        76    -0.00000674
        77    -0.00000730
        78    -0.00000784
        79    -0.00000837
        80    -0.00000887
        81    -0.00000723
        82    -0.00000766
        83    -0.00000807
        84    -0.00000846
        85    -0.00000881
        86    -0.00000914
        87    -0.00000944
        88    -0.00000971
        89    -0.00000994
        90    -0.00001016
        91    -0.00001033
        92    -0.00001048
        93    -0.00001060
        94    -0.00001068
        95    -0.00001073
        96    -0.00001075
        97    -0.00001073
        98    -0.00001068
        99    -0.00001059
       100    -0.00001045
       101    -0.00000674
       102    -0.00000659
       103    -0.00000640
       104    -0.00000619
       105    -0.00000595
       106    -0.00000567
       107    -0.00000535
       108    -0.00000499
       109    -0.00000457
       110    -0.00000408
       111    -0.00000352
       112    -0.00000285
       113    -0.00000206
       114    -0.00000112
       115     0.00000002
       116     0.00000142
       117     0.00000314
       118     0.00000528
       119     0.00000802
       120     0.00001155
       121     0.00001137
       122     0.00001474
       123     0.00001897
       124     0.00002442
       125     0.00003142
       126     0.00004040
       127     0.00005164
       128     0.00006444
       129     0.00007613
       130     0.00008228
       131     0.00008090
       132     0.00007461
       133     0.00006683
       134     0.00005955
       135     0.00005328
       136     0.00004811
       137     0.00004384
       138     0.00004031
       139     0.00003739
       140     0.00003494
       141     0.00002232
       142     0.00002133
       143     0.00002044
       144     0.00001964
       145     0.00001892
       146     0.00001828
       147     0.00001771
       148     0.00001720
       149     0.00001675
       150     0.00001636
       151     0.00001602
       152     0.00001573
       153     0.00001549
       154     0.00001529
       155     0.00001514
       156     0.00001503
       157     0.00001496
       158     0.00001492
       159     0.00001492
       160     0.00001496
       161     0.00000936
       162     0.00000935
       163     0.00000935
       164     0.00000936
       165     0.00000939
       166     0.00000942
       167     0.00000947
       168     0.00000953
       169     0.00000961
       170     0.00000969
       171     0.00000979
       172     0.00000988
       173     0.00001000
       174     0.00001011
       175     0.00001023
       176     0.00001036
       177     0.00001048
       178     0.00001062
       179     0.00001075
       180     0.00001087
       181     0.00000695
       182     0.00000693
       183     0.00000689
       184     0.00000685
       185     0.00000681
       186     0.00000674
       187     0.00000667
       188     0.00000658
       189     0.00000649
       190     0.00000638
       191     0.00000625
       192     0.00000610
       193     0.00000593
       194     0.00000574
       195     0.00000552
       196     0.00000528
       197     0.00000501
       198     0.00000471
       199     0.00000438
       200     0.00000401
       201     0.00000247
       202     0.00000211
       203     0.00000173
       204     0.00000133
       205     0.00000090
       206     0.00000044
       207    -0.00000004
       208    -0.00000054
       209    -0.00000107
       210    -0.00000162
       211    -0.00000222
       212    -0.00000282
       213    -0.00000346
       214    -0.00000413
       215    -0.00000481
       216    -0.00000552
       217    -0.00000625
       218    -0.00000699
       219    -0.00000776
       220    -0.00000856
       221    -0.00000711
       222    -0.00000769
       223    -0.00000828
       224    -0.00000889
       225    -0.00000950
       226    -0.00001009
       227    -0.00001070
       228    -0.00001129
       229    -0.00001189
       230    -0.00001250
       231    -0.00001312
       232    -0.00001368
       233    -0.00001425
       234    -0.00001482
       235    -0.00001536
       236    -0.00001589
       237    -0.00001643
       238    -0.00001694
       239    -0.00001739
       240    -0.00001784
       241    -0.00001416
       242    -0.00001447
       243    -0.00001475
       244    -0.00001497
       245    -0.00001528
       246    -0.00001547
       247    -0.00001569
       248    -0.00001583
       249    -0.00001597
       250    -0.00001615
       251    -0.00001627
       252    -0.00001631
       253    -0.00001664
       254    -0.00001660
       255    -0.00001671
       256    -0.00001671
       257    -0.00001645
       258    -0.00001623
       259    -0.00001586
       260    -0.00001609
       261    -0.00001298
       262    -0.00001246
       263    -0.00001259
       264    -0.00001210
       265    -0.00001195
       266    -0.00001148
       267    -0.00001120
       268    -0.00001072
       269    -0.00000998
       270    -0.00000966
       271    -0.00000884
       272    -0.00001043
       273    -0.00000996
       274    -0.00000929
       275    -0.00000831
       276    -0.00000752
       277    -0.00000689
       278    -0.00000624
       279    -0.00000569
       280    -0.00000504
       281    -0.00000378
       282    -0.00000353
       283    -0.00000245
       284    -0.00000201
       285    -0.00000152
       286    -0.00000098
       287    -0.00000060
       288    -0.00000047
       289     0.00000004
       290     0.00000047
       291     0.00000085
       292     0.00000091
       293     0.00000271
       294     0.00000284
       295     0.00000293
       296     0.00000321
       297     0.00000330
       298     0.00000333
       299     0.00000347
       300     0.00000336
       301     0.00000331
       302     0.00000330
       303     0.00000328
       304     0.00000313
       305     0.00000307
       306     0.00000305
       307     0.00000295
       308     0.00000283
       309     0.00000268
       310     0.00000254
       311     0.00000238
       312     0.00000218
       313     0.00000199
       314     0.00000181
       315     0.00000159
       316     0.00000139
       317     0.00000114
       318     0.00000095
       319     0.00000071
       320     0.00000048
       321     0.00000023
       322    -0.00000003
       323    -0.00000026
       324    -0.00000052
       325    -0.00000081
       326    -0.00000104
       327    -0.00000129
       328    -0.00000155
       329    -0.00000177
       330    -0.00000203
       331    -0.00000226
       332    -0.00000249
       333    -0.00000274
       334    -0.00000292
       335    -0.00000314
       336    -0.00000335
       337    -0.00000354
       338    -0.00000373
       339    -0.00000391
       340    -0.00000407
       341    -0.00000473
       342    -0.00000492
       343    -0.00000509
       344    -0.00000524
       345    -0.00000539
       346    -0.00000552
       347    -0.00000564
       348    -0.00000577
       349    -0.00000587
       350    -0.00000598
       351    -0.00000604
       352    -0.00000612
       353    -0.00000618
       354    -0.00000623
       355    -0.00000628
       356    -0.00000631
       357    -0.00000634
       358    -0.00000635
       359    -0.00000636
       360    -0.00000636
       361    -0.00000746
       362    -0.00000749
       363    -0.00000751
       364    -0.00000752
       365    -0.00000753
       366    -0.00000752
       367    -0.00000753
       368    -0.00000751
       369    -0.00000750
       370    -0.00000748
       371    -0.00000746
       372    -0.00000744
       373    -0.00000741
       374    -0.00000738
       375    -0.00000735
       376    -0.00000731
       377    -0.00000728
       378    -0.00000725
       379    -0.00000722
       380    -0.00000718
       381    -0.00000869
       382    -0.00000872
       383    -0.00000874
       384    -0.00000877
       385    -0.00000880
       386    -0.00000882
       387    -0.00000884
       388    -0.00000887
       389    -0.00000889
       390    -0.00000891
       391    -0.00000892
       392    -0.00000893
       393    -0.00000893
       394    -0.00000893
       395    -0.00000892
       396    -0.00000890
       397    -0.00000886
       398    -0.00000882
       399    -0.00000877
       400    -0.00000869
       401    -0.00001125
       402    -0.00001117
       403    -0.00001106
       404    -0.00001094
       405    -0.00001075
       406    -0.00001053
       407    -0.00001029
       408    -0.00000998
       409    -0.00000964
       410    -0.00000926
       411    -0.00000883
       412    -0.00000835
       413    -0.00000781
       414    -0.00000722
       415    -0.00000658
       416    -0.00000588
       417    -0.00000510
       418    -0.00000431
       419    -0.00000344
       420    -0.00000250
       421    -0.00000168
       422    -0.00000009
       423     0.00000170
       424     0.00000354
       425     0.00000546
       426     0.00000752
       427     0.00000970
       428     0.00001190
       429     0.00001422
       430     0.00001684
       431     0.00001905
       432     0.00002174
       433     0.00002414
       434     0.00002950
       435     0.00003219
       436     0.00003494
       437     0.00003718
       438     0.00003994
       439     0.00004231
       440     0.00004453
       441     0.00005695
       442     0.00005895
       443     0.00006004
       444     0.00006047
       445     0.00005708
       446     0.00005567
       447     0.00005429
       448     0.00005146
       449     0.00004887
       450     0.00004584
       451     0.00004235
       452     0.00003885
       453     0.00003494
       454     0.00003203
       455     0.00002846
       456     0.00002473
       457     0.00002146
       458     0.00001798
       459     0.00001515
       460     0.00001203
       461     0.00000939
       462     0.00000683
       463     0.00000417
       464     0.00000181
       465    -0.00000038
       466    -0.00000241
       467    -0.00000425
       468    -0.00000603
       469    -0.00000761
       470    -0.00000908
       471    -0.00001038
       472    -0.00001159
       473    -0.00001263
       474    -0.00001362
       475    -0.00001445
       476    -0.00001519
       477    -0.00001581
       478    -0.00001636
       479    -0.00001679
       480    -0.00001714
       481    -0.00001608
       482    -0.00001627
       483    -0.00001639
       484    -0.00001647
       485    -0.00001647
       486    -0.00001643
       487    -0.00001634
       488    -0.00001621
       489    -0.00001603
       490    -0.00001580
       491    -0.00001556
       492    -0.00001527
       493    -0.00001494
       494    -0.00001459
       495    -0.00001421
       496    -0.00001380
       497    -0.00001337
       498    -0.00001294
       499    -0.00001248
       500    -0.00001200
       501    -0.00000968
       502    -0.00000928
       503    -0.00000886
       504    -0.00000843
       505    -0.00000801
       506    -0.00000760
       507    -0.00000717
       508    -0.00000675
       509    -0.00000633
       510    -0.00000593
       511    -0.00000551
       512    -0.00000511
       513    -0.00000472
       514    -0.00000432
       515    -0.00000395
       516    -0.00000357
       517    -0.00000322
       518    -0.00000288
       519    -0.00000254
       520    -0.00000222
       521    -0.00000160
       522    -0.00000133
       523    -0.00000109
       524    -0.00000085
       525    -0.00000063
       526    -0.00000041
       527    -0.00000021
       528    -0.00000004
       529     0.00000012
       530     0.00000028
       531     0.00000041
       532     0.00000052
       533     0.00000062
       534     0.00000070
       535     0.00000077
       536     0.00000082
       537     0.00000086
       538     0.00000086
       539     0.00000087
       540     0.00000085
       541     0.00000072
       542     0.00000069
       543     0.00000063
       544     0.00000056
       545     0.00000048
       546     0.00000038
       547     0.00000028
       548     0.00000015
       549     0.00000002
       550    -0.00000012
       551    -0.00000027
       552    -0.00000044
       553    -0.00000061
       554    -0.00000080
       555    -0.00000099
       556    -0.00000119
       557    -0.00000140
       558    -0.00000162
       559    -0.00000184
       560    -0.00000207
       561    -0.00000216
       562    -0.00000238
       563    -0.00000261
       564    -0.00000284
       565    -0.00000306
       566    -0.00000328
       567    -0.00000350
       568    -0.00000371
       569    -0.00000393
       570    -0.00000411
       571    -0.00000431
       572    -0.00000448
       573    -0.00000462
       574    -0.00000475
       575    -0.00000488
       576    -0.00000497
       577    -0.00000500
       578    -0.00000503
       579    -0.00000503
       580    -0.00000500
       581    -0.00000446
       582    -0.00000435
       583    -0.00000421
       584    -0.00000403
       585    -0.00000380
       586    -0.00000353
       587    -0.00000325
       588    -0.00000292
       589    -0.00000255
       590    -0.00000212
       591    -0.00000167
       592    -0.00000121
       593    -0.00000068
       594    -0.00000015
       595     0.00000041
       596     0.00000102
       597     0.00000155
       598     0.00000226
       599     0.00000290
       600     0.00000342
       601     0.00000368
       602     0.00000408
       603     0.00000465
       604     0.00000508
       605     0.00000557
       606     0.00000589
       607     0.00000614
       608     0.00000649
       609     0.00000700
       610     0.00000710
       611     0.00000746
       612     0.00000740
       613     0.00000741
       614     0.00000703
       615     0.00000727
       616     0.00000699
       617     0.00000662
       618     0.00000598
       619     0.00000516
       620     0.00000482
       621    -0.00000080
       622    -0.00000003
       623     0.00000063
       624     0.00000122
       625     0.00000194
       626     0.00000237
       627     0.00000357
       628     0.00000307
       629     0.00000352
       630     0.00000397
       631     0.00000469
       632     0.00000453
       633     0.00000509
       634     0.00000510
       635     0.00000290
       636     0.00000312
       637     0.00000336
       638     0.00000344
       639     0.00000354
       640     0.00000363
       641     0.00000401
       642     0.00000410
       643     0.00000402
       644     0.00000399
       645     0.00000397
       646     0.00000387
       647     0.00000378
       648     0.00000366
       649     0.00000353
       650     0.00000343
       651     0.00000327
       652     0.00000310
       653     0.00000295
       654     0.00000281
       655     0.00000267
       656     0.00000249
       657     0.00000233
       658     0.00000217
       659     0.00000205
       660     0.00000190
       661     0.00000236
       662     0.00000215
       663     0.00000193
       664     0.00000173
       665     0.00000153
       666     0.00000135
       667     0.00000118
       668     0.00000102
       669     0.00000087
       670     0.00000073
       671     0.00000060
       672     0.00000047
       673     0.00000037
       674     0.00000026
       675     0.00000018
       676     0.00000010
       677     0.00000002
       678    -0.00000003
       679    -0.00000009
       680    -0.00000015
       681    -0.00000056
       682    -0.00000088
       683    -0.00000121
       684    -0.00000153
       685    -0.00000184
       686    -0.00000213
       687    -0.00000241
       688    -0.00000269
       689    -0.00000295
       690    -0.00000321
       691    -0.00000345
       692    -0.00000370
       693    -0.00000391
       694    -0.00000413
       695    -0.00000433
       696    -0.00000454
       697    -0.00000473
       698    -0.00000491
       699    -0.00000507
       700    -0.00000524
       701    -0.00000729
       702    -0.00000773
       703    -0.00000811
       704    -0.00000848
       705    -0.00000886
       706    -0.00000918
       707    -0.00000950
       708    -0.00000977
       709    -0.00001004
       710    -0.00001025
       711    -0.00001045
       712    -0.00001058
       713    -0.00001071
       714    -0.00001080
       715    -0.00001080
       716    -0.00001081
       717    -0.00001074
       718    -0.00001063
       719    -0.00001046
       720    -0.00001027
       721    -0.00001132
       722    -0.00001101
       723    -0.00001065
       724    -0.00001024
       725    -0.00000975
       726    -0.00000918
       727    -0.00000855
       728    -0.00000786
       729    -0.00000711
       730    -0.00000632
       731    -0.00000546
       732    -0.00000460
       733    -0.00000371
       734    -0.00000280
       735    -0.00000189
       736    -0.00000098
       737    -0.00000007
       738     0.00000082
       739     0.00000169
       740     0.00000253
       741     0.00000362
       742     0.00000440
       743     0.00000512
       744     0.00000577
       745     0.00000635
       746     0.00000685
       747     0.00000727
       748     0.00000760
       749     0.00000783
       750     0.00000798
       751     0.00000804
       752     0.00000799
       753     0.00000786
       754     0.00000765
       755     0.00000736
       756     0.00000700
       757     0.00000659
       758     0.00000611
       759     0.00000558
       760     0.00000505
       761     0.00000437
       762     0.00000380
       763     0.00000324
       764     0.00000265
       765     0.00000206
       766     0.00000150
       767     0.00000090
       768     0.00000036
       769    -0.00000021
       770    -0.00000072
       771    -0.00000124
       772    -0.00000174
       773    -0.00000219
       774    -0.00000262
       775    -0.00000303
       776    -0.00000342
       777    -0.00000375
       778    -0.00000408
       779    -0.00000438
       780    -0.00000462
       781    -0.00000354
       782    -0.00000351
       783    -0.00000345
       784    -0.00000341
       785    -0.00000330
       786    -0.00000320
       787    -0.00000310
       788    -0.00000302
       789    -0.00000287
       790    -0.00000270
       791    -0.00000254
       792    -0.00000233
       793    -0.00000218
       794    -0.00000192
       795    -0.00000166
       796    -0.00000136
       797    -0.00000102
       798    -0.00000065
       799    -0.00000016
       800     0.00000032
       801     0.00000059
       802     0.00000096
       803     0.00000136
       804     0.00000173
       805     0.00000226
       806     0.00000269
       807     0.00000315
       808     0.00000396
       809     0.00000453
       810     0.00000517
       811     0.00000344
       812     0.00000441
       813     0.00000508
       814     0.00000582
       815     0.00000683
       816     0.00000776
       817     0.00000851
       818     0.00000938
       819     0.00001058
       820     0.00001132
       821     0.00000986
       822     0.00001058
       823     0.00001106
       824     0.00001140
       825     0.00001163
       826     0.00001478
       827     0.00001475
       828     0.00001470
       829     0.00001462
       830     0.00001435
       831     0.00001407
       832     0.00001396
       833     0.00001328
       834     0.00001283
       835     0.00001211
       836     0.00001142
       837     0.00001104
       838     0.00001025
       839     0.00000964
       840     0.00000880
       841     0.00000800
       842     0.00000726
       843     0.00000642
       844     0.00000559
       845     0.00000476
       846     0.00000393
       847     0.00000300
       848     0.00000222
       849     0.00000140
       850     0.00000056
       851    -0.00000024
       852    -0.00000106
       853    -0.00000186
       854    -0.00000264
       855    -0.00000342
       856    -0.00000417
       857    -0.00000493
       858    -0.00000563
       859    -0.00000633
       860    -0.00000700
       861    -0.00000930
       862    -0.00001007
       863    -0.00001082
       864    -0.00001151
       865    -0.00001216
       866    -0.00001278
       867    -0.00001335
       868    -0.00001388
       869    -0.00001438
       870    -0.00001482
       871    -0.00001524
       872    -0.00001559
       873    -0.00001593
       874    -0.00001622
       875    -0.00001648
       876    -0.00001669
       877    -0.00001685
       878    -0.00001700
       879    -0.00001709
       880    -0.00001716
       881    -0.00002316
       882    -0.00002312
       883    -0.00002304
       884    -0.00002287
       885    -0.00002265
       886    -0.00002238
       887    -0.00002204
       888    -0.00002165
       889    -0.00002123
       890    -0.00002074
       891    -0.00002023
       892    -0.00001964
       893    -0.00001902
       894    -0.00001839
       895    -0.00001773
       896    -0.00001700
       897    -0.00001628
       898    -0.00001555
       899    -0.00001479
       900    -0.00001403
       901    -0.00001656
       902    -0.00001543
       903    -0.00001429
       904    -0.00001314
       905    -0.00001201
       906    -0.00001086
       907    -0.00000975
       908    -0.00000866
       909    -0.00000761
       910    -0.00000661
       911    -0.00000564
       912    -0.00000474
       913    -0.00000391
       914    -0.00000315
       915    -0.00000246
       916    -0.00000187
       917    -0.00000137
       918    -0.00000096
       919    -0.00000066
       920    -0.00000045
       921    -0.00000019
       922     0.00000007
       923     0.00000018
       924     0.00000019
       925     0.00000007
       926    -0.00000017
       927    -0.00000054
       928    -0.00000103
       929    -0.00000164
       930    -0.00000236
       931    -0.00000319
       932    -0.00000410
       933    -0.00000513
       934    -0.00000623
       935    -0.00000741
       936    -0.00000865
       937    -0.00000996
       938    -0.00001131
       939    -0.00001270
       940    -0.00001412
       941    -0.00001838
       942    -0.00001992
       943    -0.00002146
       944    -0.00002299
       945    -0.00002451
       946    -0.00002601
       947    -0.00002749
       948    -0.00002891
       949    -0.00003030
       950    -0.00003163
       951    -0.00003291
       952    -0.00003412
       953    -0.00003524
       954    -0.00003631
       955    -0.00003729
       956    -0.00003815
       957    -0.00003892
       958    -0.00003962
       959    -0.00004019
       960    -0.00004064
       961    -0.00004731
       962    -0.00004743
       963    -0.00004743
       964    -0.00004727
       965    -0.00004696
       966    -0.00004648
       967    -0.00004586
       968    -0.00004507
       969    -0.00004410
       970    -0.00004297
       971    -0.00004165
       972    -0.00004014
       973    -0.00003851
       974    -0.00003666
       975    -0.00003464
       976    -0.00003244
       977    -0.00003005
       978    -0.00002753
       979    -0.00002480
       980    -0.00002192
       981    -0.00001721
       982    -0.00001441
       983    -0.00001146
       984    -0.00000842
       985    -0.00000525
       986    -0.00000199
       987     0.00000137
       988     0.00000483
       989     0.00000835
       990     0.00001195
       991     0.00001561
       992     0.00001930
       993     0.00002304
       994     0.00002679
       995     0.00003057
       996     0.00003439
       997     0.00003816
       998     0.00004193
       999     0.00004566
      1000     0.00004937
