#     Density Matrix: coherence Re-Im; see the manual for detail orders
        0     0.00000000     0.00000000
        1    -0.00000767     0.00000477
        2    -0.00000731     0.00001417
        3     0.00000059     0.00001832
        4     0.00000689     0.00001347
        5     0.00000432     0.00000626
        6    -0.00000428     0.00000609
        7    -0.00000918     0.00001443
        8    -0.00000493     0.00002315
        9     0.00000351     0.00002387
       10     0.00000650     0.00001742
       11     0.00000059     0.00001279
       12    -0.00000766     0.00001699
       13    -0.00000917     0.00002722
       14    -0.00000242     0.00003416
       15     0.00000497     0.00003235
       16     0.00000476     0.00002612
       17    -0.00000289     0.00002471
       18    -0.00000975     0.00003213
       19    -0.00000859     0.00004295
       20    -0.00000084     0.00004833
       21     0.00000905     0.00004399
       22     0.00001064     0.00003192
       23    -0.00000162     0.00002624
       24    -0.00001495     0.00003576
       25    -0.00001564     0.00005349
       26    -0.00000321     0.00006424
       27     0.00000939     0.00006029
       28     0.00000925     0.00004908
       29    -0.00000350     0.00004539
       30    -0.00001612     0.00005633
       31    -0.00001621     0.00007449
       32    -0.00000395     0.00008561
       33     0.00000840     0.00008268
       34     0.00000869     0.00007260
       35    -0.00000339     0.00006920
       36    -0.00001632     0.00007979
       37    -0.00001800     0.00009845
       38    -0.00000713     0.00011191
       39     0.00000582     0.00011216
       40     0.00000864     0.00010375
       41     0.00000818     0.00009600
       42     0.00000524     0.00008828
       43    -0.00000665     0.00008863
       44    -0.00001676     0.00010083
       45    -0.00001617     0.00011807
       46    -0.00000567     0.00012931
       47     0.00000521     0.00012909
       48     0.00000670     0.00012230
       49    -0.00000259     0.00011964
       50    -0.00001466     0.00012824
       51    -0.00001922     0.00014551
       52    -0.00001258     0.00016163
       53    -0.00000070     0.00016801
       54     0.00000610     0.00016466
       55     0.00000191     0.00015996
       56    -0.00000984     0.00016348
       57    -0.00001944     0.00017794
       58    -0.00001908     0.00019708
       59    -0.00000930     0.00021097
       60     0.00000161     0.00021427
       61     0.00000018     0.00021193
       62    -0.00001277     0.00021763
       63    -0.00002269     0.00023482
       64    -0.00002173     0.00025645
       65    -0.00001084     0.00027208
       66     0.00000110     0.00027625
       67     0.00000450     0.00027277
       68    -0.00000330     0.00027149
       69    -0.00001611     0.00028041
       70    -0.00002381     0.00029944
       71    -0.00002037     0.00032053
       72    -0.00000845     0.00033402
       73     0.00000278     0.00033617
       74     0.00000483     0.00033184
       75    -0.00000365     0.00033067
       76    -0.00001589     0.00033959
       77    -0.00002232     0.00035756
       78    -0.00001783     0.00037644
       79    -0.00000559     0.00038724
       80     0.00000546     0.00038685
       81    -0.00000523     0.00038414
       82    -0.00002963     0.00040035
       83    -0.00003709     0.00043171
       84    -0.00002190     0.00045934
       85     0.00000505     0.00046697
       86     0.00002428     0.00045280
       87     0.00002212     0.00043066
       88     0.00000048     0.00041977
       89    -0.00002479     0.00043087
       90    -0.00003547     0.00045871
       91    -0.00002402     0.00048611
       92     0.00000125     0.00049640
       93     0.00002228     0.00048524
       94     0.00002414     0.00046356
       95     0.00000538     0.00044969
       96    -0.00002120     0.00045656
       97    -0.00003767     0.00048301
       98    -0.00003338     0.00051486
       99    -0.00001207     0.00053495
      100     0.00001090     0.00053492
      101     0.00004528     0.00051324
      102     0.00006747     0.00046204
      103     0.00003616     0.00041501
      104    -0.00002844     0.00041079
      105    -0.00008447     0.00046006
      106    -0.00009635     0.00053914
      107    -0.00005788     0.00060614
      108     0.00000428     0.00062857
      109     0.00004842     0.00060424
      110     0.00004487     0.00056216
      111    -0.00000532     0.00054350
      112    -0.00007163     0.00057528
      113    -0.00011396     0.00065374
      114    -0.00010793     0.00074740
      115    -0.00005980     0.00081734
      116    -0.00000190     0.00084155
      117     0.00002772     0.00082826
      118     0.00000875     0.00081032
      119    -0.00004954     0.00082489
      120    -0.00011452     0.00089102
      121    -0.00005202     0.00097239
      122     0.00010204     0.00094896
      123     0.00015999     0.00083719
      124     0.00008612     0.00073222
      125    -0.00007784     0.00072578
      126    -0.00023846     0.00085294
      127    -0.00030577     0.00107307
      128    -0.00024495     0.00129486
      129    -0.00009519     0.00142975
      130     0.00005415     0.00144241
      131     0.00011504     0.00136971
      132     0.00005012     0.00129865
      133    -0.00010766     0.00131696
      134    -0.00027501     0.00146480
      135    -0.00036528     0.00171411
      136    -0.00033582     0.00198599
      137    -0.00020988     0.00219493
      138    -0.00006242     0.00229523
      139     0.00002116     0.00230447
      140    -0.00000975     0.00229275
      141     0.00012804     0.00227662
      142     0.00037325     0.00207814
      143     0.00033777     0.00179995
      144     0.00003673     0.00165083
      145    -0.00038159     0.00177467
      146    -0.00071386     0.00218048
      147    -0.00080441     0.00274227
      148    -0.00062043     0.00326557
      149    -0.00026413     0.00358495
      150     0.00008114     0.00364329
      151     0.00024111     0.00351570
      152     0.00013242     0.00336972
      153    -0.00020234     0.00338413
      154    -0.00061961     0.00366695
      155    -0.00094467     0.00421029
      156    -0.00105150     0.00490012
      157    -0.00091603     0.00557272
      158    -0.00062142     0.00608927
      159    -0.00031686     0.00639462
      160    -0.00015133     0.00653659
      161     0.00052404     0.00648052
      162     0.00147255     0.00580547
      163     0.00162495     0.00477298
      164     0.00092387     0.00392821
      165    -0.00036102     0.00373254
      166    -0.00175396     0.00439429
      167    -0.00276269     0.00580736
      168    -0.00305956     0.00761102
      169    -0.00258791     0.00933732
      170    -0.00156241     0.01058374
      171    -0.00037511     0.01114699
      172     0.00054949     0.01107583
      173     0.00089504     0.01063470
      174     0.00054334     0.01020146
      175    -0.00040902     0.01014134
      176    -0.00170207     0.01070051
      177    -0.00300608     0.01194915
      178    -0.00402263     0.01378369
      179    -0.00456204     0.01597755
      180    -0.00457947     0.01825767
      181    -0.00239374     0.02010395
      182     0.00154063     0.02029432
      183     0.00466099     0.01879648
      184     0.00631224     0.01620875
      185     0.00619830     0.01331957
      186     0.00440180     0.01092039
      187     0.00131994     0.00964545
      188    -0.00245514     0.00986875
      189    -0.00627582     0.01167024
      190    -0.00956561     0.01486499
      191    -0.01190972     0.01907710
      192    -0.01309914     0.02383451
      193    -0.01313008     0.02866218
      194    -0.01216837     0.03315665
      195    -0.01049352     0.03703281
      196    -0.00843689     0.04014133
      197    -0.00632564     0.04246093
      198    -0.00444019     0.04407320
      199    -0.00298756     0.04512821
      200    -0.00209024     0.04580856
      201     0.00075340     0.04608284
      202     0.00545125     0.04528446
      203     0.00926431     0.04346851
      204     0.01203501     0.04094153
      205     0.01371036     0.03801017
      206     0.01433056     0.03495398
      207     0.01401445     0.03200570
      208     0.01294346     0.02933892
      209     0.01134659     0.02706268
      210     0.00949103     0.02522150
      211     0.00768017     0.02379915
      212     0.00626100     0.02272453
      213     0.00564270     0.02187840
      214     0.00633362     0.02109976
      215     0.00900411     0.02019115
      216     0.01458546     0.01892225
      217     0.02443236     0.01703208
      218     0.04058702     0.01422964
      219     0.06616358     0.01019333
      220     0.10578876     0.00457148
      221     0.14751282    -0.00293093
      222     0.18783177    -0.01184120
      223     0.23752307    -0.02211467
      224     0.29529616    -0.03391257
      225     0.35603176    -0.04739518
      226     0.41091853    -0.06271298
      227     0.45141905    -0.07999769
      228     0.47421954    -0.09934978
      229     0.48174354    -0.12082302
      230     0.47866423    -0.14441118
      231     0.46890017    -0.17003603
      232     0.45475866    -0.19753752
      233     0.43724953    -0.22666507
      234     0.41659854    -0.25706800
      235     0.39263112    -0.28828923
      236     0.36382514    -0.32054587
      237     0.32900649    -0.35374494
      238     0.28798569    -0.38677067
      239     0.23971493    -0.41813552
      240     0.18334411    -0.44590520
      241     0.11942459    -0.46731629
      242     0.04948949    -0.47991268
      243    -0.02526708    -0.48181665
      244    -0.10326744    -0.47114382
      245    -0.18230706    -0.44612624
      246    -0.25948602    -0.40529198
      247    -0.33118324    -0.34769549
      248    -0.39309319    -0.27319800
      249    -0.44035747    -0.18278593
      250    -0.46782253    -0.07890490
      251    -0.47045388     0.03423200
      252    -0.44393135     0.15042790
      253    -0.38542562     0.26146237
      254    -0.29451841     0.35733572
      255    -0.17417852     0.42691270
      256    -0.03163183     0.45906460
      257     0.12111682     0.44435534
      258     0.26742264     0.37720831
      259     0.38714630     0.25832107
      260     0.45909244     0.09687022
      261     0.46431620    -0.08595115
      262     0.39604846    -0.26060294
      263     0.26101307    -0.39752753
      264     0.07744178    -0.46998716
      265    -0.12492302    -0.45953549
      266    -0.30847217    -0.36139994
      267    -0.43411145    -0.18832129
      268    -0.46977105     0.02864182
      269    -0.39957185     0.24363759
      270    -0.23133772     0.40445339
      271     0.00035578     0.46515273
      272     0.23817027     0.40051032
      273     0.41428240     0.21814581
      274     0.46969792    -0.03670571
      275     0.37606345    -0.28821504
      276     0.15242911    -0.45031667
      277    -0.13169131    -0.45688101
      278    -0.37314520    -0.29222972
      279    -0.47123393    -0.00833735
      280    -0.37262759     0.28404524
      281    -0.10868222     0.45444358
      282     0.20690559     0.41913929
      283     0.42964811     0.18686183
      284     0.44907993    -0.13878752
      285     0.24744025    -0.40103541
      286    -0.08207293    -0.46431370
      287    -0.37283569    -0.28735436
      288    -0.46707017     0.04487443
      289    -0.30438000     0.35523179
      290     0.03348937     0.46608939
      291     0.35585353     0.30398229
      292     0.46736774    -0.04476440
      293     0.28973521    -0.37113080
      294    -0.07548166    -0.46511661
      295    -0.39532156    -0.25497032
      296    -0.45080417     0.12933967
      297    -0.19231818     0.42655769
      298     0.20709919     0.41960246
      299     0.45786439     0.10151582
      300     0.36359752    -0.29817628
      301    -0.01418901    -0.47044417
      302    -0.38312996    -0.27284068
      303    -0.44712111     0.14388889
      304    -0.14785764     0.44532977
      305     0.27513006     0.38023339
      306     0.46989205    -0.00449457
      307     0.26587784    -0.38814570
      308    -0.16902358    -0.43914543
      309    -0.45804699    -0.10569977
      310    -0.34055904     0.32317761
      311     0.08567815     0.46141865
      312     0.43548189     0.17593245
      313     0.38091905    -0.27573413
      314    -0.03466516    -0.46919816
      315    -0.41907859    -0.21317702
      316    -0.39659870     0.25157735
      317     0.01858009     0.46905627
      318     0.41706576     0.21600889
      319     0.39255894    -0.25872779
      320    -0.03753506    -0.46884921
      321    -0.43002515    -0.19006986
      322    -0.36997390     0.28968554
      323     0.08384717     0.46225471
      324     0.44890988     0.13910588
      325     0.32933482    -0.33561793
      326    -0.14971319    -0.44580180
      327    -0.46537155    -0.06640082
      328    -0.26609085     0.38726288
      329     0.23085369     0.40923499
      330     0.46912252    -0.02957393
      331     0.17594579    -0.43607176
      332    -0.31886783    -0.34554894
      333    -0.44787156     0.14250416
      334    -0.05827444     0.46624191
      335     0.40004624     0.24661183
      336     0.38959918    -0.26313493
      337    -0.08109109    -0.46316050
      338    -0.45622517    -0.11332351
      339    -0.28671355     0.37233172
      340     0.22758205     0.41113263
      341     0.46772487    -0.04659203
      342     0.14111767    -0.44845177
      343    -0.35748653    -0.30528183
      344    -0.42019762     0.21052903
      345     0.03156355     0.46887148
      346     0.44492211     0.15146937
      347     0.31066313    -0.35282251
      348    -0.20724194    -0.42197067
      349    -0.46900922     0.03090613
      350    -0.14931589     0.44559392
      351     0.35604093     0.30677170
      352     0.41854747    -0.21397298
      353    -0.04050247    -0.46837024
      354    -0.44915731    -0.13860563
      355    -0.29700981     0.36421414
      356     0.22631873     0.41187176
      357     0.46675312    -0.05550109
      358     0.12352654    -0.45359490
      359    -0.37415668    -0.28457842
      360    -0.40403941     0.24008288
      361     0.07095608     0.46455850
      362     0.45724793     0.10877681
      363     0.27296152    -0.38272906
      364    -0.25145367    -0.39719381
      365    -0.46269234     0.08262392
      366    -0.09878548     0.45944329
      367     0.38751780     0.26591377
      368     0.39363827    -0.25694401
      369    -0.08675449    -0.46204005
      370    -0.45985745    -0.09733084
      371    -0.26696509     0.38676117
      372     0.25338522     0.39578903
      373     0.46324348    -0.07966764
      374     0.10763526    -0.45763207
      375    -0.37862056    -0.27861212
      376    -0.40523417     0.23804143
      377     0.05806024     0.46632915
      378     0.45095426     0.13243998
      379     0.30203413    -0.36024161
      380    -0.20805589    -0.42157284
      381    -0.46961224     0.01942890
      382    -0.17355784     0.43668225
      383     0.32715908     0.33734978
      384     0.44244749    -0.15874459
      385     0.03962090    -0.46847250
      386    -0.40881300    -0.23205348
      387    -0.38252159     0.27299449
      388     0.08521327     0.46210290
      389     0.45440050     0.12003737
      390     0.30367727    -0.35887757
      391    -0.19223070    -0.42904378
      392    -0.46982629    -0.01363443
      393    -0.21782242     0.41636919
      394     0.27795990     0.37889050
      395     0.46295535    -0.08131612
      396     0.13374476    -0.45071972
      397    -0.34275276    -0.32175040
      398    -0.44164668     0.16070973
      399    -0.05697729     0.46642842
      400     0.38923175     0.26334591
      401     0.41269408    -0.22510876
      402    -0.00894274    -0.47009335
      403    -0.42025230    -0.21065257
      404    -0.38259941     0.27286208
      405     0.06089574     0.46590569
      406     0.43938155     0.16676564
      407     0.35590915    -0.30714234
      408    -0.09926798    -0.45956295
      409    -0.45053395    -0.13408809
      410    -0.33504279     0.32951365
      411     0.12543268     0.45284253
      412     0.45659956     0.11137095
      413     0.32090742    -0.34353479
      414    -0.14112738    -0.44844798
      415    -0.45955380    -0.09877650
      416    -0.31343603     0.35016018
      417     0.14806674     0.44599514
      418     0.46049529     0.09402434
      419     0.31177239    -0.35180284
      420    -0.14803525    -0.44616908
      421    -0.46006808    -0.09628602
      422    -0.31489725     0.34887719
      423     0.14220932     0.44792887
      424     0.45837037     0.10388288
      425     0.32183460    -0.34256434
      426    -0.13188726    -0.45115424
      427    -0.45559877    -0.11555853
      428    -0.33112013     0.33358326
      429     0.11876451     0.45476756
      430     0.45190939     0.12917535
      431     0.34114914    -0.32326942
      432    -0.10474912    -0.45815360
      433    -0.44778851    -0.14280060
      434    -0.35061689     0.31308958
      435     0.09163123     0.46106365
      436     0.44377096     0.15490805
      437     0.35825144    -0.30414992
      438    -0.08134711    -0.46282255
      439    -0.44070361    -0.16329317
      440    -0.36310783     0.29856275
      441     0.07559148     0.46401601
      442     0.43929954     0.16724580
      443     0.36436976    -0.29677394
      444    -0.07571514    -0.46374992
      445    -0.44016104    -0.16473553
      446    -0.36129097     0.30080196
      447     0.08307849     0.46277281
      448     0.44364397     0.15538998
      449     0.35271104    -0.31050535
      450    -0.09902111    -0.45930976
      451    -0.44969039    -0.13658767
      452    -0.33726044     0.32754966
      453     0.12447338     0.45341186
      454     0.45744076     0.10819156
      455     0.31314079    -0.35034503
      456    -0.15990552    -0.44181131
      457    -0.46511682    -0.06755434
      458    -0.27823962     0.37899176
      459     0.20497981     0.42314373
      460     0.46978542     0.01513796
      461     0.23042899    -0.40951023
      462    -0.25768051    -0.39293942
      463    -0.46744107     0.04917805
      464    -0.16941496     0.43854613
      465     0.31386533     0.34998438
      466     0.45385463    -0.12202795
      467     0.09468043    -0.46023992
      468    -0.36955498    -0.29027374
      469    -0.42440730     0.20207928
      470    -0.00653712     0.47008900
      471     0.41917957     0.21272031
      472     0.37457490    -0.28377990
      473    -0.09258197    -0.46067581
      474    -0.45545985    -0.11590252
      475    -0.30083559     0.36123207
      476     0.19746205     0.42663202
      477     0.46999880     0.00319019
      478     0.20198155    -0.42428282
      479    -0.29967001    -0.36197231
      480    -0.45438640     0.12026555
      481    -0.08052768     0.46315647
      482     0.38764619     0.26588627
      483     0.40248732    -0.24265861
      484    -0.05507863    -0.46669912
      485    -0.44818128    -0.14152361
      486    -0.31266847     0.35101890
      487     0.19290617     0.42869065
      488     0.47001662    -0.00201370
      489     0.18840262    -0.43053015
      490    -0.31796858    -0.34606492
      491    -0.44479641     0.15198183
      492    -0.03916006     0.46846300
      493     0.41369477     0.22318227
      494     0.36949496    -0.29042932
      495    -0.11971908    -0.45444279
      496    -0.46473709    -0.07019979
      497    -0.24834168     0.39913039
      498     0.26867204     0.38573568
      499     0.46030383    -0.09500367
      500     0.09352603    -0.46054746
      501    -0.38694421    -0.26674334
      502    -0.39713876     0.25145244
      503     0.07580403     0.46392871
      504     0.45654721     0.11177323
      505     0.28129376    -0.37647893
      506    -0.23670744    -0.40599036
      507    -0.46625863     0.05937093
      508    -0.12749598     0.45246053
      509     0.36666898     0.29412211
      510     0.41392668    -0.22259196
      511    -0.04317948    -0.46795712
      512    -0.44763942    -0.14322311
      513    -0.30706831     0.35591199
      514     0.20708123     0.42200828
      515     0.46935048    -0.02489531
      516     0.16141235    -0.44135658
      517    -0.34232039    -0.32199961
      518    -0.43092225     0.18774366
      519     0.00224966     0.47008317
      520     0.43253363     0.18399830
      521     0.34039040    -0.32403274
      522    -0.16204145    -0.44112008
      523    -0.46922266    -0.02721299
      524    -0.21261442     0.41925794
      525     0.29874713     0.36293679
      526     0.45237139    -0.12748831
      527     0.06580869    -0.46530318
      528    -0.39890211    -0.24849681
      529    -0.38918547     0.26361481
      530     0.08199972     0.46288993
      531     0.45585449     0.11458614
      532     0.29156903    -0.36856554
      533    -0.21573822    -0.41749485
      534    -0.46941749     0.02377559
      535    -0.17334739     0.43696334
      536     0.32488027     0.33973985
      537     0.44442473    -0.15289386
      538     0.04781953    -0.46749551
      539    -0.40383152    -0.24040655
      540    -0.38879031     0.26419209
      541     0.07386635     0.46425419
      542     0.45129313     0.13138815
      543     0.31206592    -0.35136456
      544    -0.18288643    -0.43287441
      545    -0.46947596    -0.02216570
      546    -0.22384395     0.41336096
      547     0.27438340     0.38168311
      548     0.46319705    -0.07963137
      549     0.13189898    -0.45103846
      550    -0.34670125    -0.31725689
      551    -0.43802232     0.17048097
      552    -0.04193595     0.46820113
      553     0.40033621     0.24631472
      554     0.39931937    -0.24782557
      555    -0.04231683    -0.46803224
      556    -0.43702907    -0.17287647
      557    -0.35162575     0.31192291
      558     0.11886001     0.45477974
      559     0.45912880     0.10058675
      560     0.29848579    -0.36301520
      561    -0.18687545    -0.43121381
      562    -0.46897725    -0.03104320
      563    -0.24264932     0.40256671
      564     0.24602108     0.40051532
      565     0.46878320    -0.03396721
      566     0.18607522    -0.43158493
      567    -0.29680102    -0.36441914
      568    -0.46041108     0.09449924
      569    -0.12958813     0.45180202
      570     0.34014266     0.32437545
      571     0.44521431    -0.15065710
      572     0.07345373    -0.46423974
      573    -0.37686819    -0.28085859
      574    -0.42389680     0.20300620
      575    -0.01746043     0.46966663
      576     0.40765615     0.23391997
      577     0.39670112    -0.25210291
      578    -0.03873522    -0.46844459
      579    -0.43276607    -0.18339417
      580    -0.36333914     0.29810304
      581     0.09555894     0.46014668
      582     0.45207990     0.12854300
      583     0.32324115    -0.34126989
      584    -0.15317482    -0.44440866
      585    -0.46488991    -0.06922439
      586    -0.27553942     0.38070088
      587     0.21145109     0.41968850
      588     0.46998924     0.00464242
      589     0.21935573    -0.41576348
      590    -0.26961859    -0.38506726
      591    -0.46554071     0.06455640
      592    -0.15392131     0.44400265
      593     0.32616810     0.33832470
      594     0.44925726    -0.13821930
      595     0.07898511    -0.46342083
      596    -0.37856574    -0.27865739
      597    -0.41849722     0.21383599
      598     0.00489170     0.46988410
      599     0.42321839     0.20433980
      600     0.37068168    -0.28907430
      601    -0.09578666    -0.46024737
      602    -0.45539695    -0.11642412
      603    -0.30416306     0.35824510
      604     0.18948654     0.43004240
      605     0.46972807     0.01654211
      606     0.21872659    -0.41612151
      607    -0.28064174    -0.37713572
      608    -0.46114138     0.09084243
      609    -0.11569618     0.45546666
      610     0.36239652     0.29922141
      611     0.42514204    -0.20052940
      612    -0.00113791    -0.47011330
      613    -0.42645398    -0.19772356
      614    -0.35883270     0.30348749
      615     0.12502746     0.45299707
      616     0.46386811     0.07571558
      617     0.26210626    -0.39024397
      618    -0.24620807    -0.40046665
      619    -0.46635403     0.05852454
      620    -0.13876760     0.44898392
      621     0.35242627     0.31090130
      622     0.42804553    -0.19420352
      623    -0.00235976    -0.47007729
      624    -0.43020544    -0.18936967
      625    -0.34774595     0.31612892
      626     0.14817087     0.44597250
      627     0.46787433     0.04468584
      628     0.22960856    -0.41017979
      629    -0.28309835    -0.37525726
      630    -0.45726819     0.10863172
      631    -0.08354695     0.46245614
      632     0.39057163     0.26139508
      633     0.39557889    -0.25389350
      634    -0.07528181    -0.46401081
      635    -0.45562539    -0.11546138
      636    -0.28679758     0.37229899
      637     0.22814606     0.41085704
      638     0.46767650    -0.04684884
      639     0.14202072    -0.44810761
      640    -0.35545069    -0.30758119
      641    -0.42288328     0.20507289
      642     0.02160422     0.46945251
      643     0.43996804     0.16528214
      644     0.32543089    -0.33918610
      645    -0.18336553    -0.43282922
      646    -0.47000659    -0.00214119
      647    -0.18719904     0.43106107
      648     0.32238072     0.34196323
      649     0.44145304    -0.16139944
      650     0.02596046    -0.46935571
      651    -0.42091050    -0.20921476
      652    -0.35845054     0.30395055
      653     0.13746862     0.44939628
      654     0.46716052     0.05162551
      655     0.23259434    -0.40848655
      656    -0.28260359    -0.37562283
      657    -0.45692969     0.11005481
      658    -0.08079354     0.46295270
      659     0.39245563     0.25856695
      660     0.39379875    -0.25664182
      661    -0.07768108    -0.46360954
      662    -0.45583834    -0.11461529
      663    -0.28791330     0.37144511
      664     0.22430360     0.41297497
      665     0.46841026    -0.03882662
      666     0.15378269    -0.44420261
      667    -0.34382808    -0.32051886
      668    -0.43242860     0.18410487
      669    -0.00770332     0.46988863
      670     0.42594244     0.19864574
      671     0.35549577    -0.30752234
      672    -0.13471630    -0.45035056
      673    -0.46587141    -0.06231070
      674    -0.24869259     0.39876978
      675     0.26044475     0.39119647
      676     0.46399477    -0.07501867
      677     0.12454536    -0.45326562
      678    -0.36015530    -0.30204776
      679    -0.42480872     0.20106636
      680     0.00474165     0.46993499
      681     0.42853971     0.19298642
      682     0.35551319    -0.30749154
      683    -0.12864018    -0.45211367
      684    -0.46402626    -0.07482301
      685    -0.26460879     0.38840396
      686     0.23897751     0.40467713
      687     0.46798855    -0.04358675
      688     0.16072721    -0.44171663
      689    -0.33016317    -0.33456026
      690    -0.44392308     0.15437829
      691    -0.05180904     0.46711122
      692     0.39902685     0.24833412
      693     0.39654247    -0.25234788
      694    -0.05545551    -0.46675854
      695    -0.44447387    -0.15285251
      696    -0.33108114     0.33358693
      697     0.15578383     0.44341944
      698     0.46693448     0.05365237
      699     0.25268668    -0.39632500
      700    -0.24533600    -0.40091733
      701    -0.46792310     0.04427336
      702    -0.16608285     0.43968159
      703     0.32156073     0.34278777
      704     0.44948292    -0.13738665
      705     0.07524436    -0.46395075
      706    -0.38287677    -0.27261257
      707    -0.41391274     0.22269079
      708     0.01629163     0.46973611
      709     0.42826452     0.19365469
      710     0.36354780    -0.29788387
      711    -0.10553693    -0.45799517
      712    -0.45722702    -0.10887077
      713    -0.30073007     0.36123250
      714     0.18987564     0.42997385
      715     0.46953567     0.02112253
      716     0.22769783    -0.41114481
      717    -0.26701391    -0.38677077
      718    -0.46519305     0.06717967
      719    -0.14669871     0.44656867
      720     0.33477601     0.32993964
      721     0.44430795    -0.15326352
      722     0.06002007    -0.46612651
      723    -0.39105138    -0.26071336
      724    -0.40719819     0.23478358
      725     0.02984205     0.46910914
      726     0.43373183     0.18111929
      727     0.35436614    -0.30871587
      728    -0.12021437    -0.45432927
      729    -0.46074493    -0.09283298
      730    -0.28666191     0.37252939
      731     0.20801718     0.42152967
      732     0.47000983    -0.00122994
      733     0.20541359    -0.42269064
      734    -0.28972174    -0.37004025
      735    -0.45962687     0.09832730
      736    -0.11269446     0.45636508
      737     0.36128161     0.30070771
      738     0.42806442    -0.19402919
      739     0.01150009    -0.46980699
      740    -0.41825438    -0.21435408
      741    -0.37453819     0.28401710
      742     0.09389103     0.46059573
      743     0.45590357     0.11435499
      744     0.29974110    -0.36197553
      745    -0.19774094    -0.42633576
      746    -0.46999126    -0.00458548
      747    -0.20573487     0.42265373
      748     0.29389505     0.36685425
      749     0.45717744    -0.10903300
      750     0.09615591    -0.46001213
      751    -0.37549804    -0.28263032
      752    -0.41532579     0.22010094
      753     0.02346479     0.46948889
      754     0.43537951     0.17714175
      755     0.34412932    -0.32007542
      756    -0.14566862    -0.44680898
      757    -0.46674293    -0.05529103
      758    -0.24574056     0.40071693
      759     0.26130374     0.39074494
      760     0.46405543    -0.07453986
      761     0.12528525    -0.45295031
      762    -0.36001938    -0.30209541
      763    -0.42423641     0.20236089
      764     0.00854547     0.46997918
      765     0.43145816     0.18646367
      766     0.34780349    -0.31608043
      767    -0.14483710    -0.44708286
      768    -0.46714172    -0.05176243
      769    -0.23900139     0.40475305
      770     0.27120372     0.38391816
      771     0.46123450    -0.09033156
      772     0.10595729    -0.45785729
      773    -0.37483581    -0.28350620
      774    -0.41166773     0.22684379
      775     0.03968379     0.46837761
      776     0.44404785     0.15408721
      777     0.32099318    -0.34327216
      778    -0.18372857    -0.43255917
      779    -0.46995133    -0.00713338
      780    -0.19667111     0.42692830
      781     0.31097658     0.35247001
      782     0.44800435    -0.14210601
      783     0.05076932    -0.46722441
      784    -0.40708135    -0.23490259
      785    -0.37912646     0.27784464
      786     0.10145895     0.45897130
      787     0.46091786     0.09206068
      788     0.26985996    -0.38478533
      789    -0.24358747    -0.40193030
      790    -0.46601998     0.06117769
      791    -0.13164395     0.45123827
      792     0.36002170     0.30219144
      793     0.42153904    -0.20785425
      794    -0.02052730    -0.46953010
      795    -0.43805142    -0.17032857
      796    -0.33243888     0.33229518
      797     0.17004429     0.43820989
      798     0.46953870     0.02117463
      799     0.20884633    -0.42103307
      800    -0.30085096    -0.36107920
