#     Density Matrix: population Re; see the manual for detail orders
        0     0.00000000     1.00000000
        1     0.00000000     1.00000000
        2     0.00000000     1.00000000
        3     0.00000000     1.00000000
        4     0.00000000     1.00000000
        5     0.00000000     1.00000000
        6     0.00000000     1.00000000
        7     0.00000000     1.00000000
        8     0.00000000     1.00000000
        9     0.00000000     1.00000000
       10     0.00000000     1.00000000
       11     0.00000000     1.00000000
       12     0.00000000     1.00000000
       13     0.00000000     1.00000000
       14     0.00000000     1.00000000
       15     0.00000000     1.00000000
       16     0.00000000     1.00000000
       17     0.00000000     1.00000000
       18     0.00000000     1.00000000
       19     0.00000000     1.00000000
       20     0.00000000     1.00000000
       21     0.00000000     1.00000000
       22     0.00000000     1.00000000
       23     0.00000000     1.00000000
       24     0.00000000     1.00000000
       25     0.00000000     1.00000000
       26     0.00000000     1.00000000
       27     0.00000000     1.00000000
       28     0.00000000     1.00000000
       29     0.00000000     1.00000000
       30     0.00000000     1.00000000
       31     0.00000001     0.99999999
       32     0.00000001     0.99999999
       33     0.00000001     0.99999999
       34     0.00000001     0.99999999
       35     0.00000000     1.00000000
       36     0.00000001     0.99999999
       37     0.00000001     0.99999999
       38     0.00000001     0.99999999
       39     0.00000001     0.99999999
       40     0.00000001     0.99999999
       41     0.00000001     0.99999999
       42     0.00000001     0.99999999
       43     0.00000001     0.99999999
       44     0.00000001     0.99999999
       45     0.00000001     0.99999999
       46     0.00000002     0.99999998
       47     0.00000002     0.99999998
       48     0.00000002     0.99999998
       49     0.00000001     0.99999999
       50     0.00000002     0.99999998
       51     0.00000002     0.99999998
       52     0.00000003     0.99999997
       53     0.00000003     0.99999997
       54     0.00000003     0.99999997
       55     0.00000003     0.99999997
       56     0.00000003     0.99999997
       57     0.00000003     0.99999997
       58     0.00000004     0.99999996
       59     0.00000004     0.99999996
       60     0.00000005     0.99999995
       61     0.00000004     0.99999996
       62     0.00000005     0.99999995
       63     0.00000006     0.99999994
       64     0.00000007     0.99999993
       65     0.00000007     0.99999993
       66     0.00000008     0.99999992
       67     0.00000007     0.99999993
       68     0.00000007     0.99999993
       69     0.00000008     0.99999992
       70     0.00000009     0.99999991
       71     0.00000010     0.99999990
       72     0.00000011     0.99999989
       73     0.00000011     0.99999989
       74     0.00000011     0.99999989
       75     0.00000011     0.99999989
       76     0.00000012     0.99999988
       77     0.00000013     0.99999987
       78     0.00000014     0.99999986
       79     0.00000015     0.99999985
       80     0.00000015     0.99999985
       81     0.00000015     0.99999985
       82     0.00000016     0.99999984
       83     0.00000019     0.99999981
       84     0.00000021     0.99999979
       85     0.00000022     0.99999978
       86     0.00000021     0.99999979
       87     0.00000019     0.99999981
       88     0.00000018     0.99999982
       89     0.00000019     0.99999981
       90     0.00000021     0.99999979
       91     0.00000024     0.99999976
       92     0.00000025     0.99999975
       93     0.00000024     0.99999976
       94     0.00000022     0.99999978
       95     0.00000020     0.99999980
       96     0.00000021     0.99999979
       97     0.00000023     0.99999977
       98     0.00000027     0.99999973
       99     0.00000029     0.99999971
      100     0.00000029     0.99999971
      101     0.00000027     0.99999973
      102     0.00000022     0.99999978
      103     0.00000017     0.99999983
      104     0.00000017     0.99999983
      105     0.00000022     0.99999978
      106     0.00000030     0.99999970
      107     0.00000037     0.99999963
      108     0.00000040     0.99999960
      109     0.00000037     0.99999963
      110     0.00000032     0.99999968
      111     0.00000030     0.99999970
      112     0.00000034     0.99999966
      113     0.00000044     0.99999956
      114     0.00000057     0.99999943
      115     0.00000067     0.99999933
      116     0.00000071     0.99999929
      117     0.00000069     0.99999931
      118     0.00000066     0.99999934
      119     0.00000068     0.99999932
      120     0.00000081     0.99999919
      121     0.00000095     0.99999905
      122     0.00000091     0.99999909
      123     0.00000073     0.99999927
      124     0.00000054     0.99999946
      125     0.00000053     0.99999947
      126     0.00000078     0.99999922
      127     0.00000124     0.99999876
      128     0.00000174     0.99999826
      129     0.00000205     0.99999795
      130     0.00000208     0.99999792
      131     0.00000189     0.99999811
      132     0.00000169     0.99999831
      133     0.00000175     0.99999825
      134     0.00000222     0.99999778
      135     0.00000307     0.99999693
      136     0.00000406     0.99999594
      137     0.00000486     0.99999514
      138     0.00000527     0.99999473
      139     0.00000531     0.99999469
      140     0.00000526     0.99999474
      141     0.00000520     0.99999480
      142     0.00000446     0.99999554
      143     0.00000335     0.99999665
      144     0.00000273     0.99999727
      145     0.00000330     0.99999670
      146     0.00000526     0.99999474
      147     0.00000817     0.99999183
      148     0.00001105     0.99998895
      149     0.00001292     0.99998708
      150     0.00001328     0.99998672
      151     0.00001242     0.99998758
      152     0.00001137     0.99998863
      153     0.00001149     0.99998851
      154     0.00001383     0.99998617
      155     0.00001862     0.99998138
      156     0.00002512     0.99997488
      157     0.00003190     0.99996810
      158     0.00003747     0.99996253
      159     0.00004099     0.99995901
      160     0.00004275     0.99995725
      161     0.00004227     0.99995773
      162     0.00003587     0.99996413
      163     0.00002542     0.99997458
      164     0.00001628     0.99998372
      165     0.00001406     0.99998594
      166     0.00002239     0.99997761
      167     0.00004136     0.99995864
      168     0.00006729     0.99993271
      169     0.00009389     0.99990611
      170     0.00011447     0.99988553
      171     0.00012441     0.99987559
      172     0.00012299     0.99987701
      173     0.00011391     0.99988609
      174     0.00010438     0.99989562
      175     0.00010302     0.99989698
      176     0.00011741     0.99988259
      177     0.00015184     0.99984816
      178     0.00020621     0.99979379
      179     0.00027617     0.99972383
      180     0.00035444     0.99964556
      181     0.00041007     0.99958993
      182     0.00041440     0.99958560
      183     0.00037517     0.99962483
      184     0.00030266     0.99969734
      185     0.00021588     0.99978412
      186     0.00013865     0.99986135
      187     0.00009479     0.99990521
      188     0.00010343     0.99989657
      189     0.00017561     0.99982439
      190     0.00031257     0.99968743
      191     0.00050603     0.99949397
      192     0.00074022     0.99925978
      193     0.00099491     0.99900509
      194     0.00124899     0.99875101
      195     0.00148374     0.99851626
      196     0.00168535     0.99831465
      197     0.00184635     0.99815365
      198     0.00196603     0.99803397
      199     0.00204968     0.99795032
      200     0.00210723     0.99789277
      201     0.00212873     0.99787127
      202     0.00208474     0.99791526
      203     0.00197926     0.99802074
      204     0.00182438     0.99817562
      205     0.00163542     0.99836458
      206     0.00142919     0.99857081
      207     0.00122226     0.99877774
      208     0.00102936     0.99897064
      209     0.00086188     0.99913812
      210     0.00072673     0.99927327
      211     0.00062578     0.99937422
      212     0.00055591     0.99944409
      213     0.00051077     0.99948923
      214     0.00048555     0.99951445
      215     0.00048900     0.99951100
      216     0.00057111     0.99942889
      217     0.00088782     0.99911218
      218     0.00185322     0.99814678
      219     0.00450179     0.99549821
      220     0.01134077     0.98865923
      221     0.02226432     0.97773568
      222     0.03677326     0.96322674
      223     0.06057568     0.93942432
      224     0.09794264     0.90205736
      225     0.15215653     0.84784347
      226     0.22212765     0.77787235
      227     0.30044748     0.69955252
      228     0.37652753     0.62347247
      229     0.44233754     0.55766246
      230     0.49490437     0.50509563
      231     0.53493390     0.46506610
      232     0.56460252     0.43539748
      233     0.58623104     0.41376896
      234     0.60179244     0.39820756
      235     0.61282783     0.38717217
      236     0.62199022     0.37800978
      237     0.62891566     0.37108434
      238     0.63218431     0.36781569
      239     0.63303924     0.36696076
      240     0.63248960     0.36751040
      241     0.63173175     0.36826825
      242     0.63128064     0.36871936
      243     0.63120323     0.36879677
      244     0.63175483     0.36824517
      245     0.63317475     0.36682525
      246     0.63566657     0.36433343
      247     0.63937541     0.36062459
      248     0.64436272     0.35563728
      249     0.65058088     0.34941912
      250     0.65784834     0.34215166
      251     0.66583522     0.33416478
      252     0.67405861     0.32594139
      253     0.68189152     0.31810848
      254     0.68860034     0.31139966
      255     0.69340991     0.30659009
      256     0.69559939     0.30440061
      257     0.69462541     0.30537459
      258     0.69026040     0.30973960
      259     0.68272375     0.31727625
      260     0.67277236     0.32722764
      261     0.66438634     0.33561366
      262     0.65884498     0.34115502
      263     0.65441515     0.34558485
      264     0.65203564     0.34796436
      265     0.65238560     0.34761440
      266     0.65567597     0.34432403
      267     0.66150028     0.33849972
      268     0.66880404     0.33119596
      269     0.67602004     0.32397996
      270     0.68138443     0.31861557
      271     0.68339251     0.31660749
      272     0.68129093     0.31870907
      273     0.67544942     0.32455058
      274     0.66744120     0.33255880
      275     0.65971341     0.34028659
      276     0.65485562     0.34514438
      277     0.65465168     0.34534832
      278     0.65926222     0.34073778
      279     0.66694034     0.33305966
      280     0.67454792     0.32545208
      281     0.67795845     0.32204155
      282     0.67751712     0.32248288
      283     0.67459999     0.32540001
      284     0.67048530     0.32951470
      285     0.66716434     0.33283566
      286     0.66636352     0.33363648
      287     0.66858535     0.33141465
      288     0.67271868     0.32728132
      289     0.67653098     0.32346902
      290     0.67787395     0.32212605
      291     0.67596315     0.32403685
      292     0.67194054     0.32805946
      293     0.66827191     0.33172809
      294     0.66723952     0.33276048
      295     0.66944320     0.33055680
      296     0.67334029     0.32665971
      297     0.67624487     0.32375513
      298     0.67619222     0.32380778
      299     0.67336303     0.32663697
      300     0.66996397     0.33003603
      301     0.66876302     0.33123698
      302     0.66961544     0.33038456
      303     0.67140217     0.32859783
      304     0.67268327     0.32731673
      305     0.67241235     0.32758765
      306     0.67082522     0.32917478
      307     0.66926868     0.33073132
      308     0.66906307     0.33093693
      309     0.67035407     0.32964593
      310     0.67197609     0.32802391
      311     0.67248793     0.32751207
      312     0.67147389     0.32852611
      313     0.66991577     0.33008423
      314     0.66926730     0.33073270
      315     0.67008437     0.32991563
      316     0.67151767     0.32848233
      317     0.67216560     0.32783440
      318     0.67145352     0.32854648
      319     0.67016877     0.32983123
      320     0.66962174     0.33037826
      321     0.67015235     0.32984765
      322     0.67088475     0.32911525
      323     0.67114390     0.32885610
      324     0.67067359     0.32932641
      325     0.66999760     0.33000240
      326     0.66984321     0.33015679
      327     0.67035331     0.32964669
      328     0.67094771     0.32905229
      329     0.67097748     0.32902252
      330     0.67043897     0.32956103
      331     0.66995440     0.33004560
      332     0.67005657     0.32994343
      333     0.67059785     0.32940215
      334     0.67094610     0.32905390
      335     0.67072086     0.32927914
      336     0.67021306     0.32978694
      337     0.67001936     0.32998064
      338     0.67034194     0.32965806
      339     0.67077597     0.32922403
      340     0.67081094     0.32918906
      341     0.67047764     0.32952236
      342     0.67022577     0.32977423
      343     0.67031261     0.32968739
      344     0.67062089     0.32937911
      345     0.67077258     0.32922742
      346     0.67059117     0.32940883
      347     0.67030766     0.32969234
      348     0.67026900     0.32973100
      349     0.67051441     0.32948559
      350     0.67073613     0.32926387
      351     0.67066336     0.32933664
      352     0.67039241     0.32960759
      353     0.67026116     0.32973884
      354     0.67042943     0.32957057
      355     0.67068461     0.32931539
      356     0.67070878     0.32929122
      357     0.67047333     0.32952667
      358     0.67027290     0.32972710
      359     0.67035816     0.32964184
      360     0.67062346     0.32937654
      361     0.67073558     0.32926442
      362     0.67056360     0.32943640
      363     0.67032460     0.32967540
      364     0.67031773     0.32968227
      365     0.67055523     0.32944477
      366     0.67074335     0.32925665
      367     0.67064530     0.32935470
      368     0.67037808     0.32962192
      369     0.67027229     0.32972771
      370     0.67046359     0.32953641
      371     0.67072035     0.32927965
      372     0.67072484     0.32927516
      373     0.67046566     0.32953434
      374     0.67025728     0.32974272
      375     0.67035774     0.32964226
      376     0.67065037     0.32934963
      377     0.67078095     0.32921905
      378     0.67058694     0.32941306
      379     0.67029789     0.32970211
      380     0.67026182     0.32973818
      381     0.67054870     0.32945130
      382     0.67083996     0.32916004
      383     0.67076904     0.32923096
      384     0.67041236     0.32958764
      385     0.67018725     0.32981275
      386     0.67036170     0.32963830
      387     0.67073734     0.32926266
      388     0.67087894     0.32912106
      389     0.67062009     0.32937991
      390     0.67025571     0.32974429
      391     0.67020220     0.32979780
      392     0.67052085     0.32947915
      393     0.67085109     0.32914891
      394     0.67082237     0.32917763
      395     0.67047004     0.32952996
      396     0.67018835     0.32981165
      397     0.67028571     0.32971429
      398     0.67064755     0.32935245
      399     0.67087458     0.32912542
      400     0.67072662     0.32927338
      401     0.67032216     0.32967784
      402     0.67009488     0.32990512
      403     0.67033350     0.32966650
      404     0.67077463     0.32922537
      405     0.67094911     0.32905089
      406     0.67068414     0.32931586
      407     0.67027114     0.32972886
      408     0.67014042     0.32985958
      409     0.67040992     0.32959008
      410     0.67078372     0.32921628
      411     0.67088091     0.32911909
      412     0.67062636     0.32937364
      413     0.67030054     0.32969946
      414     0.67022770     0.32977230
      415     0.67045089     0.32954911
      416     0.67072113     0.32927887
      417     0.67077638     0.32922362
      418     0.67059751     0.32940249
      419     0.67038997     0.32961003
      420     0.67034881     0.32965119
      421     0.67048860     0.32951140
      422     0.67065881     0.32934119
      423     0.67069339     0.32930661
      424     0.67060174     0.32939826
      425     0.67050560     0.32949440
      426     0.67048638     0.32951362
      427     0.67051683     0.32948317
      428     0.67053349     0.32946651
      429     0.67053286     0.32946714
      430     0.67056270     0.32943730
      431     0.67062867     0.32937133
      432     0.67065433     0.32934567
      433     0.67056800     0.32943200
      434     0.67041923     0.32958077
      435     0.67036440     0.32963560
      436     0.67050170     0.32949830
      437     0.67072998     0.32927002
      438     0.67081549     0.32918451
      439     0.67063315     0.32936685
      440     0.67033199     0.32966801
      441     0.67022064     0.32977936
      442     0.67042523     0.32957477
      443     0.67076272     0.32923728
      444     0.67088952     0.32911048
      445     0.67064719     0.32935281
      446     0.67025574     0.32974426
      447     0.67011551     0.32988449
      448     0.67039361     0.32960639
      449     0.67082549     0.32917451
      450     0.67096597     0.32903403
      451     0.67065275     0.32934725
      452     0.67019583     0.32980417
      453     0.67007075     0.32992925
      454     0.67041872     0.32958128
      455     0.67088360     0.32911640
      456     0.67097659     0.32902341
      457     0.67059529     0.32940471
      458     0.67014100     0.32985900
      459     0.67009603     0.32990397
      460     0.67050660     0.32949340
      461     0.67089134     0.32910866
      462     0.67087822     0.32912178
      463     0.67052966     0.32947034
      464     0.67022299     0.32977701
      465     0.67029236     0.32970764
      466     0.67066093     0.32933907
      467     0.67092346     0.32907654
      468     0.67079307     0.32920693
      469     0.67041834     0.32958166
      470     0.67021631     0.32978369
      471     0.67040704     0.32959296
      472     0.67077063     0.32922937
      473     0.67089872     0.32910128
      474     0.67065443     0.32934557
      475     0.67032127     0.32967873
      476     0.67027584     0.32972416
      477     0.67056069     0.32943931
      478     0.67084362     0.32915638
      479     0.67080378     0.32919622
      480     0.67049691     0.32950309
      481     0.67029791     0.32970209
      482     0.67039636     0.32960364
      483     0.67064804     0.32935196
      484     0.67075795     0.32924205
      485     0.67060072     0.32939928
      486     0.67036478     0.32963522
      487     0.67032774     0.32967226
      488     0.67052954     0.32947046
      489     0.67072856     0.32927144
      490     0.67068994     0.32931006
      491     0.67046312     0.32953688
      492     0.67032002     0.32967998
      493     0.67042980     0.32957020
      494     0.67065839     0.32934161
      495     0.67073105     0.32926895
      496     0.67056210     0.32943790
      497     0.67035652     0.32964348
      498     0.67036232     0.32963768
      499     0.67057165     0.32942835
      500     0.67073054     0.32926946
      501     0.67065219     0.32934781
      502     0.67044788     0.32955212
      503     0.67036404     0.32963596
      504     0.67050334     0.32949666
      505     0.67069691     0.32930309
      506     0.67070857     0.32929143
      507     0.67052268     0.32947732
      508     0.67036503     0.32963497
      509     0.67042899     0.32957101
      510     0.67063857     0.32936143
      511     0.67073858     0.32926142
      512     0.67060508     0.32939492
      513     0.67039867     0.32960133
      514     0.67037129     0.32962871
      515     0.67055894     0.32944106
      516     0.67073495     0.32926505
      517     0.67068393     0.32931607
      518     0.67046504     0.32953496
      519     0.67034303     0.32965697
      520     0.67046784     0.32953216
      521     0.67069609     0.32930391
      522     0.67075022     0.32924978
      523     0.67055659     0.32944341
      524     0.67034637     0.32965363
      525     0.67037324     0.32962676
      526     0.67060732     0.32939268
      527     0.67076933     0.32923067
      528     0.67066471     0.32933529
      529     0.67041684     0.32958316
      530     0.67032016     0.32967984
      531     0.67048958     0.32951042
      532     0.67072475     0.32927525
      533     0.67074858     0.32925142
      534     0.67053428     0.32946572
      535     0.67033415     0.32966585
      536     0.67038089     0.32961911
      537     0.67061689     0.32938311
      538     0.67076663     0.32923337
      539     0.67065988     0.32934012
      540     0.67042488     0.32957512
      541     0.67032853     0.32967147
      542     0.67050414     0.32949586
      543     0.67075658     0.32924342
      544     0.67079900     0.32920100
      545     0.67059017     0.32940983
      546     0.67037196     0.32962804
      547     0.67038707     0.32961293
      548     0.67060872     0.32939128
      549     0.67078338     0.32921662
      550     0.67072291     0.32927709
      551     0.67050714     0.32949286
      552     0.67037921     0.32962079
      553     0.67046989     0.32953011
      554     0.67066496     0.32933504
      555     0.67074868     0.32925132
      556     0.67064384     0.32935616
      557     0.67048000     0.32952000
      558     0.67043382     0.32956618
      559     0.67053752     0.32946248
      560     0.67066399     0.32933601
      561     0.67068161     0.32931839
      562     0.67057742     0.32942258
      563     0.67047391     0.32952609
      564     0.67047318     0.32952682
      565     0.67055363     0.32944637
      566     0.67061789     0.32938211
      567     0.67061020     0.32938980
      568     0.67056240     0.32943760
      569     0.67053402     0.32946598
      570     0.67053897     0.32946103
      571     0.67054810     0.32945190
      572     0.67054624     0.32945376
      573     0.67055446     0.32944554
      574     0.67058717     0.32941283
      575     0.67061180     0.32938820
      576     0.67058109     0.32941891
      577     0.67050615     0.32949385
      578     0.67046775     0.32953225
      579     0.67052889     0.32947111
      580     0.67064363     0.32935637
      581     0.67068545     0.32931455
      582     0.67058858     0.32941142
      583     0.67044067     0.32955933
      584     0.67040663     0.32959337
      585     0.67054428     0.32945572
      586     0.67071869     0.32928131
      587     0.67073371     0.32926629
      588     0.67055368     0.32944632
      589     0.67036371     0.32963629
      590     0.67037906     0.32962094
      591     0.67059988     0.32940012
      592     0.67079190     0.32920810
      593     0.67073596     0.32926404
      594     0.67047973     0.32952027
      595     0.67030116     0.32969884
      596     0.67040551     0.32959449
      597     0.67068756     0.32931244
      598     0.67083618     0.32916382
      599     0.67067935     0.32932065
      600     0.67038527     0.32961473
      601     0.67028588     0.32971412
      602     0.67046712     0.32953288
      603     0.67071988     0.32928012
      604     0.67075828     0.32924172
      605     0.67053414     0.32946586
      606     0.67029848     0.32970152
      607     0.67031987     0.32968013
      608     0.67057632     0.32942368
      609     0.67077621     0.32922379
      610     0.67069070     0.32930930
      611     0.67041773     0.32958227
      612     0.67027092     0.32972908
      613     0.67041831     0.32958169
      614     0.67068813     0.32931187
      615     0.67076824     0.32923176
      616     0.67056825     0.32943175
      617     0.67032307     0.32967693
      618     0.67031750     0.32968250
      619     0.67055439     0.32944561
      620     0.67075418     0.32924582
      621     0.67069302     0.32930698
      622     0.67047585     0.32952415
      623     0.67035779     0.32964221
      624     0.67047699     0.32952301
      625     0.67069054     0.32930946
      626     0.67074518     0.32925482
      627     0.67057782     0.32942218
      628     0.67038910     0.32961090
      629     0.67040338     0.32959662
      630     0.67060173     0.32939827
      631     0.67074609     0.32925391
      632     0.67066461     0.32933539
      633     0.67045654     0.32954346
      634     0.67037198     0.32962802
      635     0.67051152     0.32948848
      636     0.67070621     0.32929379
      637     0.67072161     0.32927839
      638     0.67053996     0.32946004
      639     0.67038100     0.32961900
      640     0.67043654     0.32956346
      641     0.67063070     0.32936930
      642     0.67072669     0.32927331
      643     0.67061633     0.32938367
      644     0.67043334     0.32956666
      645     0.67039938     0.32960062
      646     0.67055562     0.32944438
      647     0.67071283     0.32928717
      648     0.67068047     0.32931953
      649     0.67049760     0.32950240
      650     0.67038565     0.32961435
      651     0.67048031     0.32951969
      652     0.67066715     0.32933285
      653     0.67072014     0.32927986
      654     0.67057508     0.32942492
      655     0.67040719     0.32959281
      656     0.67041919     0.32958081
      657     0.67059659     0.32940341
      658     0.67072551     0.32927449
      659     0.67065085     0.32934915
      660     0.67046268     0.32953732
      661     0.67038734     0.32961266
      662     0.67051318     0.32948682
      663     0.67068820     0.32931180
      664     0.67070316     0.32929684
      665     0.67054126     0.32945874
      666     0.67039639     0.32960361
      667     0.67044035     0.32955965
      668     0.67061919     0.32938081
      669     0.67072005     0.32927995
      670     0.67062504     0.32937496
      671     0.67044872     0.32955128
      672     0.67039921     0.32960079
      673     0.67053214     0.32946786
      674     0.67068878     0.32931122
      675     0.67068642     0.32931358
      676     0.67053168     0.32946832
      677     0.67040755     0.32959245
      678     0.67045618     0.32954382
      679     0.67061614     0.32938386
      680     0.67070040     0.32929960
      681     0.67061640     0.32938360
      682     0.67046796     0.32953204
      683     0.67042574     0.32957426
      684     0.67053195     0.32946805
      685     0.67065916     0.32934084
      686     0.67066391     0.32933609
      687     0.67054886     0.32945114
      688     0.67044993     0.32955007
      689     0.67047496     0.32952504
      690     0.67058616     0.32941384
      691     0.67065441     0.32934559
      692     0.67060992     0.32939008
      693     0.67051281     0.32948719
      694     0.67047331     0.32952669
      695     0.67052592     0.32947408
      696     0.67060199     0.32939801
      697     0.67061829     0.32938171
      698     0.67056851     0.32943149
      699     0.67051666     0.32948334
      700     0.67051550     0.32948450
      701     0.67055158     0.32944842
      702     0.67057721     0.32942279
      703     0.67057328     0.32942672
      704     0.67055793     0.32944207
      705     0.67055201     0.32944799
      706     0.67055136     0.32944864
      707     0.67054342     0.32945658
      708     0.67053612     0.32946388
      709     0.67055016     0.32944984
      710     0.67058194     0.32941806
      711     0.67059421     0.32940579
      712     0.67055970     0.32944030
      713     0.67050663     0.32949337
      714     0.67049848     0.32950152
      715     0.67055818     0.32944182
      716     0.67062721     0.32937279
      717     0.67062222     0.32937778
      718     0.67053539     0.32946461
      719     0.67045795     0.32954205
      720     0.67048419     0.32951581
      721     0.67058937     0.32941063
      722     0.67065657     0.32934343
      723     0.67060879     0.32939121
      724     0.67048843     0.32951157
      725     0.67042907     0.32957093
      726     0.67050661     0.32949339
      727     0.67064334     0.32935666
      728     0.67068515     0.32931485
      729     0.67057594     0.32942406
      730     0.67043122     0.32956878
      731     0.67041593     0.32958407
      732     0.67055569     0.32944431
      733     0.67069822     0.32930178
      734     0.67067960     0.32932040
      735     0.67051358     0.32948642
      736     0.67038448     0.32961552
      737     0.67044199     0.32955801
      738     0.67062686     0.32937314
      739     0.67073119     0.32926881
      740     0.67063294     0.32936706
      741     0.67045653     0.32954347
      742     0.67039967     0.32960033
      743     0.67051356     0.32948644
      744     0.67067218     0.32932782
      745     0.67069370     0.32930630
      746     0.67054967     0.32945033
      747     0.67040244     0.32959756
      748     0.67042200     0.32957800
      749     0.67058896     0.32941104
      750     0.67071285     0.32928715
      751     0.67064972     0.32935028
      752     0.67047013     0.32952987
      753     0.67038071     0.32961929
      754     0.67048602     0.32951398
      755     0.67066558     0.32933442
      756     0.67071141     0.32928859
      757     0.67056946     0.32943054
      758     0.67040398     0.32959602
      759     0.67040761     0.32959239
      760     0.67057656     0.32942344
      761     0.67070331     0.32929669
      762     0.67065876     0.32934124
      763     0.67050964     0.32949036
      764     0.67043047     0.32956953
      765     0.67051438     0.32948562
      766     0.67066311     0.32933689
      767     0.67070187     0.32929813
      768     0.67058505     0.32941495
      769     0.67045031     0.32954969
      770     0.67045642     0.32954358
      771     0.67059586     0.32940414
      772     0.67070369     0.32929631
      773     0.67065273     0.32934727
      774     0.67050387     0.32949613
      775     0.67043361     0.32956639
      776     0.67052461     0.32947539
      777     0.67066811     0.32933189
      778     0.67069382     0.32930618
      779     0.67057215     0.32942785
      780     0.67044853     0.32955147
      781     0.67046542     0.32953458
      782     0.67058132     0.32941868
      783     0.67065704     0.32934296
      784     0.67060347     0.32939653
      785     0.67048602     0.32951398
      786     0.67044479     0.32955521
      787     0.67052731     0.32947269
      788     0.67063368     0.32936632
      789     0.67063758     0.32936242
      790     0.67053642     0.32946358
      791     0.67045202     0.32954798
      792     0.67048376     0.32951624
      793     0.67059147     0.32940853
      794     0.67064617     0.32935383
      795     0.67058468     0.32941532
      796     0.67048257     0.32951743
      797     0.67046122     0.32953878
      798     0.67054338     0.32945662
      799     0.67062931     0.32937069
      800     0.67061803     0.32938197
