#    Step     Kinetic(H)     Potential(H)   Total(H)       E(0)(H)        E(1)(H)        
        0     0.00997554    -5.05736334    -5.04738780    -5.27599561    -5.05736334
        1     0.00993210    -5.05731975    -5.04738765    -5.27595375    -5.05731975
        2     0.00993307    -5.05732075    -5.04738768    -5.27590339    -5.05732075
        3     0.00997816    -5.05736598    -5.04738781    -5.27584426    -5.05736598
        4     0.01006660    -5.05745438    -5.04738778    -5.27577564    -5.05745438
        5     0.01019707    -5.05758503    -5.04738797    -5.27569714    -5.05758503
        6     0.01036779    -5.05775593    -5.04738814    -5.27560753    -5.05775593
        7     0.01057658    -5.05796484    -5.04738826    -5.27550548    -5.05796484
        8     0.01082088    -5.05820930    -5.04738842    -5.27538966    -5.05820930
        9     0.01109783    -5.05848636    -5.04738853    -5.27525844    -5.05848636
       10     0.01140438    -5.05879310    -5.04738872    -5.27511035    -5.05879310
       11     0.01173728    -5.05912619    -5.04738891    -5.27494366    -5.05912619
       12     0.01209324    -5.05948242    -5.04738918    -5.27475689    -5.05948242
       13     0.01246893    -5.05985820    -5.04738927    -5.27454829    -5.05985820
       14     0.01286106    -5.06025063    -5.04738957    -5.27431688    -5.06025063
       15     0.01326638    -5.06065600    -5.04738962    -5.27406098    -5.06065600
       16     0.01368176    -5.06107168    -5.04738992    -5.27378000    -5.06107168
       17     0.01410414    -5.06149413    -5.04738999    -5.27347251    -5.06149413
       18     0.01453051    -5.06192064    -5.04739013    -5.27313794    -5.06192064
       19     0.01495789    -5.06234818    -5.04739028    -5.27277543    -5.06234818
       20     0.00997547    -5.06277383    -5.05279836    -5.27238422    -5.06277383
       21     0.01031830    -5.06311678    -5.05279848    -5.27204732    -5.06311678
       22     0.01066321    -5.06346186    -5.05279864    -5.27169001    -5.06346186
       23     0.01100753    -5.06380628    -5.05279875    -5.27131128    -5.06380628
       24     0.01134879    -5.06414766    -5.05279887    -5.27091055    -5.06414766
       25     0.01168465    -5.06448371    -5.05279907    -5.27048735    -5.06448371
       26     0.01201290    -5.06481200    -5.05279910    -5.27004103    -5.06481200
       27     0.01233146    -5.06513079    -5.05279934    -5.26957164    -5.06513079
       28     0.01263838    -5.06543778    -5.05279940    -5.26907863    -5.06543778
       29     0.01293188    -5.06573138    -5.05279951    -5.26856213    -5.06573138
       30     0.01321029    -5.06600974    -5.05279945    -5.26802199    -5.06600974
       31     0.01347215    -5.06627178    -5.05279963    -5.26745877    -5.06627178
       32     0.01371614    -5.06651570    -5.05279956    -5.26687225    -5.06651570
       33     0.01394114    -5.06674081    -5.05279967    -5.26626330    -5.06674081
       34     0.01414619    -5.06694582    -5.05279963    -5.26563209    -5.06694582
       35     0.01433051    -5.06713013    -5.05279962    -5.26497945    -5.06713013
       36     0.01449349    -5.06729312    -5.05279963    -5.26430610    -5.06729312
       37     0.01463470    -5.06743440    -5.05279970    -5.26361296    -5.06743440
       38     0.01475388    -5.06755361    -5.05279973    -5.26290086    -5.06755361
       39     0.01485097    -5.06765054    -5.05279957    -5.26217073    -5.06765054
       40     0.00997547    -5.06772564    -5.05775018    -5.26142406    -5.06772564
       41     0.01002181    -5.06777197    -5.05775015    -5.26080361    -5.06777197
       42     0.01005619    -5.06780626    -5.05775006    -5.26017677    -5.06780626
       43     0.01007883    -5.06782881    -5.05774998    -5.25954454    -5.06782881
       44     0.01009003    -5.06783999    -5.05774996    -5.25890793    -5.06783999
       45     0.01009012    -5.06784003    -5.05774991    -5.25826774    -5.06784003
       46     0.01007949    -5.06782935    -5.05774987    -5.25762493    -5.06782935
       47     0.01005856    -5.06780827    -5.05774971    -5.25698031    -5.06780827
       48     0.01002780    -5.06777748    -5.05774967    -5.25633497    -5.06777748
       49     0.00998775    -5.06773736    -5.05774961    -5.25568964    -5.06773736
       50     0.00993896    -5.06768850    -5.05774953    -5.25504525    -5.06768850
       51     0.00988204    -5.06763150    -5.05774946    -5.25440262    -5.06763150
       52     0.00981761    -5.06756686    -5.05774924    -5.25376246    -5.06756686
       53     0.00974635    -5.06749553    -5.05774918    -5.25312586    -5.06749553
       54     0.00966895    -5.06741803    -5.05774908    -5.25249344    -5.06741803
       55     0.00958613    -5.06733521    -5.05774908    -5.25186608    -5.06733521
       56     0.00949863    -5.06724762    -5.05774899    -5.25124434    -5.06724762
       57     0.00940721    -5.06715609    -5.05774888    -5.25062900    -5.06715609
       58     0.00931263    -5.06706137    -5.05774875    -5.25002069    -5.06706137
       59     0.00921567    -5.06696433    -5.05774866    -5.24942015    -5.06696433
       60     0.00997547    -5.06686569    -5.05689022    -5.24882788    -5.06686569
       61     0.00987099    -5.06676102    -5.05689003    -5.24821676    -5.06676102
       62     0.00976543    -5.06665532    -5.05688989    -5.24761397    -5.06665532
       63     0.00965961    -5.06654938    -5.05688977    -5.24701999    -5.06654938
       64     0.00955436    -5.06644399    -5.05688962    -5.24643528    -5.06644399
       65     0.00945051    -5.06634010    -5.05688959    -5.24586038    -5.06634010
       66     0.00934891    -5.06623853    -5.05688962    -5.24529570    -5.06623853
       67     0.00925036    -5.06613990    -5.05688953    -5.24474144    -5.06613990
       68     0.00915569    -5.06604503    -5.05688934    -5.24419794    -5.06604503
       69     0.00906568    -5.06595505    -5.05688938    -5.24366586    -5.06595505
       70     0.00898110    -5.06587028    -5.05688919    -5.24314502    -5.06587028
       71     0.00890271    -5.06579184    -5.05688913    -5.24263604    -5.06579184
       72     0.00883124    -5.06572035    -5.05688910    -5.24213902    -5.06572035
       73     0.00876742    -5.06565644    -5.05688903    -5.24165404    -5.06565644
       74     0.00871191    -5.06560087    -5.05688896    -5.24118136    -5.06560087
       75     0.00866538    -5.06555420    -5.05688882    -5.24072101    -5.06555420
       76     0.00862846    -5.06551733    -5.05688887    -5.24027335    -5.06551733
       77     0.00860175    -5.06549048    -5.05688872    -5.23983807    -5.06549048
       78     0.00858583    -5.06547444    -5.05688861    -5.23941548    -5.06547444
       79     0.00858123    -5.06546985    -5.05688863    -5.23900570    -5.06546985
       80     0.00997547    -5.06547698    -5.05550151    -5.23860853    -5.06547698
       81     0.00999564    -5.06549708    -5.05550144    -5.23819282    -5.06549708
       82     0.01002779    -5.06552915    -5.05550135    -5.23778801    -5.06552915
       83     0.01007240    -5.06557371    -5.05550131    -5.23739415    -5.06557371
       84     0.01012991    -5.06563109    -5.05550117    -5.23701114    -5.06563109
       85     0.01020075    -5.06570187    -5.05550112    -5.23663915    -5.06570187
       86     0.01028531    -5.06578646    -5.05550115    -5.23627819    -5.06578646
       87     0.01038398    -5.06588505    -5.05550107    -5.23592811    -5.06588505
       88     0.01049710    -5.06599811    -5.05550101    -5.23558903    -5.06599811
       89     0.01062500    -5.06612588    -5.05550088    -5.23526090    -5.06612588
       90     0.01076796    -5.06626891    -5.05550095    -5.23494395    -5.06626891
       91     0.01092625    -5.06642702    -5.05550077    -5.23463776    -5.06642702
       92     0.01110010    -5.06660084    -5.05550074    -5.23434268    -5.06660084
       93     0.01128968    -5.06679041    -5.05550072    -5.23405857    -5.06679041
       94     0.01149517    -5.06699578    -5.05550061    -5.23378527    -5.06699578
       95     0.01171666    -5.06721725    -5.05550060    -5.23352291    -5.06721725
       96     0.01195421    -5.06745474    -5.05550054    -5.23327123    -5.06745474
       97     0.01220784    -5.06770832    -5.05550048    -5.23303010    -5.06770832
       98     0.01247751    -5.06797800    -5.05550049    -5.23279938    -5.06797800
       99     0.01276315    -5.06826358    -5.05550043    -5.23257873    -5.06826358
      100     0.00997547    -5.06856503    -5.05858957    -5.23236796    -5.06856503
      101     0.01025403    -5.06884361    -5.05858958    -5.23219441    -5.06884361
      102     0.01054897    -5.06913843    -5.05858945    -5.23203322    -5.06913843
      103     0.01086004    -5.06944952    -5.05858949    -5.23188425    -5.06944952
      104     0.01118692    -5.06977645    -5.05858952    -5.23174694    -5.06977645
      105     0.01152929    -5.07011874    -5.05858944    -5.23162060    -5.07011874
      106     0.01188677    -5.07047623    -5.05858946    -5.23150489    -5.07047623
      107     0.01225893    -5.07084841    -5.05858948    -5.23139910    -5.07084841
      108     0.01264535    -5.07123480    -5.05858945    -5.23130251    -5.07123480
      109     0.01304557    -5.07163507    -5.05858950    -5.23121452    -5.07163507
      110     0.01345914    -5.07204858    -5.05858944    -5.23113421    -5.07204858
      111     0.01388559    -5.07247499    -5.05858940    -5.23106094    -5.07247499
      112     0.01432448    -5.07291387    -5.05858939    -5.23099392    -5.07291387
      113     0.01477538    -5.07336478    -5.05858940    -5.23093231    -5.07336478
      114     0.01523789    -5.07382733    -5.05858944    -5.23087528    -5.07382733
      115     0.01571164    -5.07430113    -5.05858949    -5.23082198    -5.07430113
      116     0.01619632    -5.07478570    -5.05858939    -5.23077138    -5.07478570
      117     0.01669164    -5.07528107    -5.05858943    -5.23072292    -5.07528107
      118     0.01719738    -5.07578679    -5.05858941    -5.23067553    -5.07578679
      119     0.01771338    -5.07630282    -5.05858944    -5.23062846    -5.07630282
      120     0.00997547    -5.07682900    -5.06685353    -5.23058078    -5.07682900
      121     0.01037490    -5.07722836    -5.06685346    -5.23054873    -5.07722836
      122     0.01078756    -5.07764106    -5.06685349    -5.23052387    -5.07764106
      123     0.01121350    -5.07806703    -5.06685353    -5.23050539    -5.07806703
      124     0.01165279    -5.07850622    -5.06685343    -5.23049249    -5.07850622
      125     0.01210552    -5.07895891    -5.06685339    -5.23048458    -5.07895891
      126     0.01257177    -5.07942519    -5.06685343    -5.23048087    -5.07942519
      127     0.01305164    -5.07990503    -5.06685339    -5.23048033    -5.07990503
      128     0.01354524    -5.08039869    -5.06685345    -5.23048220    -5.08039869
      129     0.01405267    -5.08090610    -5.06685342    -5.23048528    -5.08090610
      130     0.01457406    -5.08142754    -5.06685348    -5.23048866    -5.08142754
      131     0.01510949    -5.08196295    -5.06685345    -5.23049103    -5.08196295
      132     0.01565910    -5.08251257    -5.06685348    -5.23049128    -5.08251257
      133     0.01622297    -5.08307636    -5.06685339    -5.23048793    -5.08307636
      134     0.01680122    -5.08365454    -5.06685332    -5.23047975    -5.08365454
      135     0.01739396    -5.08424740    -5.06685344    -5.23046540    -5.08424740
      136     0.01800128    -5.08485470    -5.06685343    -5.23044297    -5.08485470
      137     0.01862328    -5.08547670    -5.06685342    -5.23041101    -5.08547670
      138     0.01926008    -5.08611353    -5.06685345    -5.23036777    -5.08611353
      139     0.01991180    -5.08676515    -5.06685335    -5.23031128    -5.08676515
      140     0.00997547    -5.08743202    -5.07745655    -5.23024001    -5.08743202
      141     0.01045354    -5.08790999    -5.07745645    -5.23018234    -5.08790999
      142     0.01094886    -5.08840527    -5.07745641    -5.23011941    -5.08840527
      143     0.01146157    -5.08891801    -5.07745644    -5.23004975    -5.08891801
      144     0.01199180    -5.08944821    -5.07745641    -5.22997164    -5.08944821
      145     0.01253966    -5.08999618    -5.07745652    -5.22988362    -5.08999618
      146     0.01310529    -5.09056174    -5.07745645    -5.22978365    -5.09056174
      147     0.01368881    -5.09114524    -5.07745643    -5.22967006    -5.09114524
      148     0.01429037    -5.09174685    -5.07745648    -5.22954100    -5.09174685
      149     0.01491015    -5.09236664    -5.07745649    -5.22939434    -5.09236664
      150     0.01554833    -5.09300479    -5.07745645    -5.22922809    -5.09300479
      151     0.01620517    -5.09366158    -5.07745641    -5.22904014    -5.09366158
      152     0.01688093    -5.09433746    -5.07745653    -5.22882852    -5.09433746
      153     0.01757594    -5.09503247    -5.07745653    -5.22859071    -5.09503247
      154     0.01829058    -5.09574695    -5.07745637    -5.22832450    -5.09574695
      155     0.01902528    -5.09648166    -5.07745638    -5.22802790    -5.09648166
      156     0.01978056    -5.09723694    -5.07745639    -5.22769843    -5.09723694
      157     0.02055697    -5.09801332    -5.07745635    -5.22733376    -5.09801332
      158     0.02135517    -5.09881158    -5.07745641    -5.22693166    -5.09881158
      159     0.02217586    -5.09963222    -5.07745636    -5.22648959    -5.09963222
      160     0.00997547    -5.10047610    -5.09050063    -5.22600535    -5.10047610
      161     0.01055061    -5.10105125    -5.09050064    -5.22565881    -5.10105125
      162     0.01114959    -5.10165029    -5.09050070    -5.22528440    -5.10165029
      163     0.01177304    -5.10227365    -5.09050061    -5.22488026    -5.10227365
      164     0.01242164    -5.10292226    -5.09050062    -5.22444494    -5.10292226
      165     0.01309608    -5.10359665    -5.09050057    -5.22397648    -5.10359665
      166     0.01379710    -5.10429767    -5.09050058    -5.22347322    -5.10429767
      167     0.01452544    -5.10502589    -5.09050045    -5.22293353    -5.10502589
      168     0.01528189    -5.10578217    -5.09050028    -5.22235547    -5.10578217
      169     0.01606725    -5.10656755    -5.09050030    -5.22173728    -5.10656755
      170     0.01688233    -5.10738256    -5.09050024    -5.22107712    -5.10738256
      171     0.01772793    -5.10822816    -5.09050023    -5.22037344    -5.10822816
      172     0.01860486    -5.10910513    -5.09050027    -5.21962456    -5.10910513
      173     0.01951390    -5.11001426    -5.09050036    -5.21882890    -5.11001426
      174     0.02045581    -5.11095614    -5.09050033    -5.21798484    -5.11095614
      175     0.02143129    -5.11193168    -5.09050038    -5.21709118    -5.11193168
      176     0.02244098    -5.11294132    -5.09050034    -5.21614659    -5.11294132
      177     0.02348540    -5.11398580    -5.09050040    -5.21515020    -5.11398580
      178     0.02456499    -5.11506544    -5.09050044    -5.21410104    -5.11506544
      179     0.02568004    -5.11618068    -5.09050064    -5.21299871    -5.11618068
      180     0.00997547    -5.11733136    -5.10735589    -5.21184257    -5.11733136
      181     0.01070445    -5.11806035    -5.10735590    -5.21110084    -5.11806035
      182     0.01146665    -5.11882271    -5.10735606    -5.21031815    -5.11882271
      183     0.01226231    -5.11961837    -5.10735606    -5.20949374    -5.11961837
      184     0.01309159    -5.12044771    -5.10735612    -5.20862748    -5.12044771
      185     0.01395459    -5.12131070    -5.10735611    -5.20771903    -5.12131070
      186     0.01485131    -5.12220752    -5.10735622    -5.20676852    -5.12220752
      187     0.01578164    -5.12313795    -5.10735631    -5.20577596    -5.12313795
      188     0.01674537    -5.12410180    -5.10735643    -5.20474165    -5.12410180
      189     0.01774216    -5.12509879    -5.10735663    -5.20366612    -5.12509879
      190     0.01877157    -5.12612832    -5.10735675    -5.20254993    -5.12612832
      191     0.01983301    -5.12718986    -5.10735685    -5.20139397    -5.12718986
      192     0.02092576    -5.12828273    -5.10735697    -5.20019939    -5.12828273
      193     0.02204898    -5.12940607    -5.10735710    -5.19896754    -5.12940607
      194     0.02320167    -5.13055898    -5.10735731    -5.19769994    -5.13055898
      195     0.02438275    -5.13174032    -5.10735757    -5.19639840    -5.13174032
      196     0.02559097    -5.13294878    -5.10735781    -5.19506466    -5.13294878
      197     0.02682501    -5.13418302    -5.10735801    -5.19370087    -5.13418302
      198     0.02808342    -5.13544156    -5.10735814    -5.19230937    -5.13544156
      199     0.02936469    -5.13672316    -5.10735847    -5.19089270    -5.13672316
      200     0.00997547    -5.13802586    -5.12805039    -5.18945313    -5.13802586
      201     0.01073842    -5.13878881    -5.12805039    -5.18861203    -5.13878881
      202     0.01152963    -5.13958022    -5.12805060    -5.18774374    -5.13958022
      203     0.01234858    -5.14039920    -5.12805061    -5.18684900    -5.14039920
      204     0.01319474    -5.14124553    -5.12805079    -5.18592975    -5.14124553
      205     0.01406749    -5.14211846    -5.12805097    -5.18498694    -5.14211846
      206     0.01496618    -5.14301731    -5.12805113    -5.18402212    -5.14301731
      207     0.01589011    -5.14394128    -5.12805117    -5.18303700    -5.14394128
      208     0.01683856    -5.14489001    -5.12805145    -5.18203315    -5.14489001
      209     0.01781073    -5.14586247    -5.12805174    -5.18101227    -5.14586247
      210     0.01880571    -5.14685758    -5.12805188    -5.17997639    -5.14685758
      211     0.01982247    -5.14787453    -5.12805206    -5.17892701    -5.14787453
      212     0.02085981    -5.14891265    -5.12805285    -5.17786645    -5.14891265
      213     0.02191622    -5.14996957    -5.12805336    -5.17679743    -5.14996957
      214     0.02298976    -5.15104384    -5.12805407    -5.17572277    -5.15104384
      215     0.02407780    -5.15213272    -5.12805492    -5.17464586    -5.15213272
      216     0.02517653    -5.15323158    -5.12805505    -5.17357235    -5.15323158
      217     0.02628024    -5.15433513    -5.12805489    -5.17250851    -5.15433513
      218     0.02737987    -5.15543581    -5.12805593    -5.17146317    -5.15543581
      219     0.02846044    -5.15651801    -5.12805756    -5.17045246    -5.15651801
      220     0.00997547    -5.15755726    -5.14758179    -5.16950160    -5.15755726
      221     0.01054938    -5.15813245    -5.14758307    -5.16898947    -5.15813245
      222     0.01109198    -5.15867671    -5.14758473    -5.16852146    -5.15867671
      223     0.01158012    -5.15916727    -5.14758715    -5.16812142    -5.15916727
      224     0.01198376    -5.15957387    -5.14759011    -5.16781968    -5.15957387
      225     0.01226957    -5.15986222    -5.14759265    -5.16765039    -5.15986222
      226     0.01240993    -5.16000355    -5.14759362    -5.16764276    -5.16000355
      227     0.01239445    -5.15998704    -5.14759259    -5.16780797    -5.15998704
      228     0.01223545    -5.15982534    -5.14758989    -5.16813267    -5.15982534
      229     0.01196147    -5.15954859    -5.14758711    -5.16858689    -5.15954859
      230     0.01160580    -5.15919044    -5.14758464    -5.16913661    -5.15919044
      231     0.01119791    -5.15878093    -5.14758302    -5.16975144    -5.15878093
      232     0.01076036    -5.15834227    -5.14758191    -5.17040890    -5.15834227
      233     0.01030934    -5.15789033    -5.14758099    -5.17109186    -5.15789033
      234     0.00985618    -5.15743665    -5.14758047    -5.17178868    -5.15743665
      235     0.02491056    -5.17249048    -5.14757993    -5.17249048    -5.15698874
      236     0.02610223    -5.17368308    -5.14758085    -5.17368308    -5.15619880
      237     0.02736795    -5.17494923    -5.14758128    -5.17494923    -5.15535796
      238     0.02870368    -5.17628513    -5.14758145    -5.17628513    -5.15447024
      239     0.03010759    -5.17768914    -5.14758155    -5.17768914    -5.15353816
      240     0.00997547    -5.17916053    -5.16918507    -5.17916053    -5.15256269
      241     0.01084859    -5.18003352    -5.16918493    -5.18003352    -5.15198750
      242     0.01177666    -5.18096156    -5.16918490    -5.18096156    -5.15138200
      243     0.01276108    -5.18194589    -5.16918481    -5.18194589    -5.15074508
      244     0.01380327    -5.18298853    -5.16918526    -5.18298853    -5.15007509
      245     0.01490471    -5.18409025    -5.16918555    -5.18409025    -5.14937162
      246     0.01606689    -5.18525278    -5.16918589    -5.18525278    -5.14863362
      247     0.01729135    -5.18647751    -5.16918616    -5.18647751    -5.14785964
      248     0.01857960    -5.18776568    -5.16918608    -5.18776568    -5.14704837
      249     0.01993316    -5.18911953    -5.16918637    -5.18911953    -5.14619845
      250     0.02135355    -5.19053999    -5.16918644    -5.19053999    -5.14530839
      251     0.02284217    -5.19202856    -5.16918639    -5.19202856    -5.14437711
      252     0.02440023    -5.19358661    -5.16918637    -5.19358661    -5.14340291
      253     0.02602887    -5.19521525    -5.16918637    -5.19521525    -5.14238485
      254     0.02772905    -5.19691550    -5.16918645    -5.19691550    -5.14132139
      255     0.02950148    -5.19868795    -5.16918647    -5.19868795    -5.14021158
      256     0.03134662    -5.20053320    -5.16918659    -5.20053320    -5.13905430
      257     0.03326456    -5.20245117    -5.16918661    -5.20245117    -5.13784866
      258     0.03525504    -5.20444174    -5.16918670    -5.20444174    -5.13659421
      259     0.03731730    -5.20650423    -5.16918693    -5.20650423    -5.13529051
      260     0.00997547    -5.20863723    -5.19866176    -5.20863723    -5.13393735
      261     0.01109939    -5.20976113    -5.19866174    -5.20976113    -5.13322378
      262     0.01229119    -5.21095296    -5.19866177    -5.21095296    -5.13246862
      263     0.01355093    -5.21221280    -5.19866188    -5.21221280    -5.13167144
      264     0.01487850    -5.21354041    -5.19866191    -5.21354041    -5.13083179
      265     0.01627360    -5.21493549    -5.19866189    -5.21493549    -5.12994939
      266     0.01773568    -5.21639765    -5.19866197    -5.21639765    -5.12902422
      267     0.01926392    -5.21792592    -5.19866200    -5.21792592    -5.12805610
      268     0.02085721    -5.21951938    -5.19866217    -5.21951938    -5.12704531
      269     0.02251410    -5.22117641    -5.19866232    -5.22117641    -5.12599195
      270     0.02423274    -5.22289519    -5.19866245    -5.22289519    -5.12489652
      271     0.02601091    -5.22467366    -5.19866275    -5.22467366    -5.12375986
      272     0.02784595    -5.22650884    -5.19866289    -5.22650884    -5.12258258
      273     0.02973475    -5.22839795    -5.19866319    -5.22839795    -5.12136616
      274     0.03167373    -5.23033728    -5.19866354    -5.23033728    -5.12011180
      275     0.03365886    -5.23232275    -5.19866389    -5.23232275    -5.11882117
      276     0.03568563    -5.23434974    -5.19866412    -5.23434974    -5.11749589
      277     0.03774910    -5.23641364    -5.19866454    -5.23641364    -5.11613832
      278     0.03984393    -5.23850889    -5.19866496    -5.23850889    -5.11475046
      279     0.04196441    -5.24062958    -5.19866517    -5.24062958    -5.11333481
      280     0.00997547    -5.24277026    -5.23279479    -5.24277026    -5.11189305
      281     0.01102076    -5.24381554    -5.23279478    -5.24381554    -5.11118551
      282     0.01211210    -5.24490714    -5.23279504    -5.24490714    -5.11044678
      283     0.01324728    -5.24604240    -5.23279512    -5.24604240    -5.10967715
      284     0.01442392    -5.24721927    -5.23279534    -5.24721927    -5.10887771
      285     0.01563947    -5.24843499    -5.23279552    -5.24843499    -5.10804904
      286     0.01689120    -5.24968685    -5.23279565    -5.24968685    -5.10719196
      287     0.01817623    -5.25097216    -5.23279593    -5.25097216    -5.10630734
      288     0.01949152    -5.25228768    -5.23279616    -5.25228768    -5.10539580
      289     0.02083394    -5.25363026    -5.23279632    -5.25363026    -5.10445818
      290     0.02220020    -5.25499679    -5.23279659    -5.25499679    -5.10349537
      291     0.02358694    -5.25638376    -5.23279682    -5.25638376    -5.10250798
      292     0.02499072    -5.25778769    -5.23279698    -5.25778769    -5.10149686
      293     0.02640802    -5.25920523    -5.23279721    -5.25920523    -5.10046295
      294     0.02783529    -5.26063282    -5.23279752    -5.26063282    -5.09940706
      295     0.02926893    -5.26206669    -5.23279775    -5.26206669    -5.09832989
      296     0.03070532    -5.26350323    -5.23279791    -5.26350323    -5.09723230
      297     0.03214083    -5.26493908    -5.23279825    -5.26493908    -5.09611555
      298     0.03357182    -5.26637030    -5.23279848    -5.26637030    -5.09498029
      299     0.03499468    -5.26779327    -5.23279859    -5.26779327    -5.09382754
      300     0.00997547    -5.26920469    -5.25922922    -5.26920469    -5.09265873
      301     0.01071909    -5.26994828    -5.25922919    -5.26994828    -5.09203284
      302     0.01147850    -5.27070763    -5.25922912    -5.27070763    -5.09138729
      303     0.01225186    -5.27148088    -5.25922902    -5.27148088    -5.09072257
      304     0.01303727    -5.27226629    -5.25922901    -5.27226629    -5.09003938
      305     0.01383278    -5.27306175    -5.25922897    -5.27306175    -5.08933811
      306     0.01463641    -5.27386527    -5.25922887    -5.27386527    -5.08861936
      307     0.01544613    -5.27467500    -5.25922887    -5.27467500    -5.08788395
      308     0.01625990    -5.27548872    -5.25922882    -5.27548872    -5.08713241
      309     0.01707567    -5.27630437    -5.25922869    -5.27630437    -5.08636549
      310     0.01789138    -5.27712006    -5.25922868    -5.27712006    -5.08558420
      311     0.01870497    -5.27793356    -5.25922859    -5.27793356    -5.08478929
      312     0.01951441    -5.27874285    -5.25922844    -5.27874285    -5.08398180
      313     0.02031765    -5.27954605    -5.25922839    -5.27954605    -5.08316295
      314     0.02111270    -5.28034099    -5.25922829    -5.28034099    -5.08233379
      315     0.02189756    -5.28112585    -5.25922829    -5.28112585    -5.08149576
      316     0.02267030    -5.28189837    -5.25922807    -5.28189837    -5.08064992
      317     0.02342899    -5.28265696    -5.25922796    -5.28265696    -5.07979809
      318     0.02417176    -5.28339973    -5.25922797    -5.28339973    -5.07894183
      319     0.02489677    -5.28412454    -5.25922777    -5.28412454    -5.07808251
      320     0.00997547    -5.28482994    -5.27485447    -5.28482994    -5.07722220
      321     0.01040827    -5.28526268    -5.27485441    -5.28526268    -5.07668250
      322     0.01083814    -5.28569244    -5.27485430    -5.28569244    -5.07613790
      323     0.01126405    -5.28611832    -5.27485428    -5.28611832    -5.07558953
      324     0.01168495    -5.28653915    -5.27485420    -5.28653915    -5.07503821
      325     0.01209983    -5.28695406    -5.27485423    -5.28695406    -5.07448514
      326     0.01250770    -5.28736175    -5.27485405    -5.28736175    -5.07393108
      327     0.01290758    -5.28776157    -5.27485399    -5.28776157    -5.07337748
      328     0.01329852    -5.28815257    -5.27485405    -5.28815257    -5.07282548
      329     0.01367962    -5.28853353    -5.27485391    -5.28853353    -5.07227595
      330     0.01404997    -5.28890388    -5.27485390    -5.28890388    -5.07173043
      331     0.01440874    -5.28926263    -5.27485389    -5.28926263    -5.07119003
      332     0.01475510    -5.28960895    -5.27485384    -5.28960895    -5.07065600
      333     0.01508829    -5.28994207    -5.27485379    -5.28994207    -5.07012963
      334     0.01540756    -5.29026128    -5.27485372    -5.29026128    -5.06961226
      335     0.01571223    -5.29056605    -5.27485382    -5.29056605    -5.06910535
      336     0.01600164    -5.29085540    -5.27485376    -5.29085540    -5.06860989
      337     0.01627520    -5.29112891    -5.27485371    -5.29112891    -5.06812736
      338     0.01653235    -5.29138618    -5.27485383    -5.29138618    -5.06765923
      339     0.01677257    -5.29162639    -5.27485382    -5.29162639    -5.06720645
      340     0.00997547    -5.29184921    -5.28187375    -5.29184921    -5.06677043
      341     0.01013466    -5.29200832    -5.28187366    -5.29200832    -5.06644911
      342     0.01028416    -5.29215791    -5.28187375    -5.29215791    -5.06614064
      343     0.01042371    -5.29229754    -5.28187384    -5.29229754    -5.06584566
      344     0.01055307    -5.29242684    -5.28187377    -5.29242684    -5.06556480
      345     0.01067205    -5.29254593    -5.28187388    -5.29254593    -5.06529910
      346     0.01078046    -5.29265429    -5.28187383    -5.29265429    -5.06504895
      347     0.01087815    -5.29275210    -5.28187394    -5.29275210    -5.06481533
      348     0.01096499    -5.29283892    -5.28187392    -5.29283892    -5.06459853
      349     0.01104088    -5.29291494    -5.28187407    -5.29291494    -5.06439944
      350     0.01110573    -5.29297980    -5.28187407    -5.29297980    -5.06421824
      351     0.01115950    -5.29303359    -5.28187410    -5.29303359    -5.06405557
      352     0.01120215    -5.29307627    -5.28187412    -5.29307627    -5.06391180
      353     0.01123368    -5.29310784    -5.28187416    -5.29310784    -5.06378729
      354     0.01125411    -5.29312817    -5.28187406    -5.29312817    -5.06368216
      355     0.01126349    -5.29313762    -5.28187413    -5.29313762    -5.06359693
      356     0.01126187    -5.29313607    -5.28187420    -5.29313607    -5.06353159
      357     0.01124935    -5.29312349    -5.28187414    -5.29312349    -5.06348609
      358     0.01122604    -5.29310012    -5.28187408    -5.29310012    -5.06346060
      359     0.01119207    -5.29306611    -5.28187404    -5.29306611    -5.06345509
      360     0.00997547    -5.29302161    -5.28304614    -5.29302161    -5.06346946
      361     0.00992403    -5.29297015    -5.28304612    -5.29297015    -5.06350166
      362     0.00986379    -5.29290990    -5.28304611    -5.29290990    -5.06355219
      363     0.00979497    -5.29284107    -5.28304610    -5.29284107    -5.06362083
      364     0.00971780    -5.29276390    -5.28304610    -5.29276390    -5.06370726
      365     0.00963254    -5.29267848    -5.28304594    -5.29267848    -5.06381097
      366     0.00953946    -5.29258540    -5.28304594    -5.29258540    -5.06393188
      367     0.00943886    -5.29248480    -5.28304595    -5.29248480    -5.06406941
      368     0.00933103    -5.29237699    -5.28304596    -5.29237699    -5.06422306
      369     0.00921632    -5.29226212    -5.28304580    -5.29226212    -5.06439216
      370     0.00909507    -5.29214087    -5.28304581    -5.29214087    -5.06457647
      371     0.00896762    -5.29201342    -5.28304580    -5.29201342    -5.06477525
      372     0.00883437    -5.29188017    -5.28304580    -5.29188017    -5.06498787
      373     0.00869570    -5.29174148    -5.28304579    -5.29174148    -5.06521369
      374     0.00855200    -5.29159776    -5.28304576    -5.29159776    -5.06545205
      375     0.00840370    -5.29144942    -5.28304573    -5.29144942    -5.06570227
      376     0.00825121    -5.29129689    -5.28304569    -5.29129689    -5.06596362
      377     0.00809496    -5.29114059    -5.28304563    -5.29114059    -5.06623539
      378     0.00793541    -5.29098113    -5.28304572    -5.29098113    -5.06651700
      379     0.00777300    -5.29081864    -5.28304564    -5.29081864    -5.06680739
      380     0.00997547    -5.29065388    -5.28067841    -5.29065388    -5.06710614
      381     0.00978342    -5.29046189    -5.28067847    -5.29046189    -5.06745685
      382     0.00958750    -5.29026589    -5.28067839    -5.29026589    -5.06781532
      383     0.00938824    -5.29006660    -5.28067836    -5.29006660    -5.06818082
      384     0.00918620    -5.28986472    -5.28067852    -5.28986472    -5.06855262
      385     0.00898195    -5.28966050    -5.28067855    -5.28966050    -5.06892950
      386     0.00877604    -5.28945450    -5.28067846    -5.28945450    -5.06931060
      387     0.00856905    -5.28924761    -5.28067856    -5.28924761    -5.06969536
      388     0.00836156    -5.28904009    -5.28067853    -5.28904009    -5.07008262
      389     0.00815414    -5.28883267    -5.28067854    -5.28883267    -5.07047170
      390     0.00794735    -5.28862592    -5.28067857    -5.28862592    -5.07086177
      391     0.00774179    -5.28842042    -5.28067864    -5.28842042    -5.07125204
      392     0.00753801    -5.28821673    -5.28067873    -5.28821673    -5.07164171
      393     0.00733658    -5.28801525    -5.28067868    -5.28801525    -5.07202985
      394     0.00713805    -5.28781689    -5.28067883    -5.28781689    -5.07241607
      395     0.00694299    -5.28762183    -5.28067884    -5.28762183    -5.07279928
      396     0.00675193    -5.28743080    -5.28067887    -5.28743080    -5.07317897
      397     0.00656540    -5.28724433    -5.28067892    -5.28724433    -5.07355445
      398     0.00638394    -5.28706293    -5.28067899    -5.28706293    -5.07392508
      399     0.00620804    -5.28688713    -5.28067909    -5.28688713    -5.07429023
      400     0.00997547    -5.28671725    -5.27674179    -5.28671725    -5.07464913
      401     0.00976311    -5.28650492    -5.27674181    -5.28650492    -5.07510280
      402     0.00955478    -5.28629669    -5.27674191    -5.28629669    -5.07554894
      403     0.00935112    -5.28609302    -5.27674190    -5.28609302    -5.07598673
      404     0.00915274    -5.28589471    -5.27674197    -5.28589471    -5.07641570
      405     0.00896026    -5.28570234    -5.27674209    -5.28570234    -5.07683523
      406     0.00877427    -5.28551637    -5.27674210    -5.28551637    -5.07724464
      407     0.00859538    -5.28533755    -5.27674217    -5.28533755    -5.07764354
      408     0.00842419    -5.28516647    -5.27674228    -5.28516647    -5.07803145
      409     0.00826127    -5.28500353    -5.27674226    -5.28500353    -5.07840775
      410     0.00810719    -5.28484962    -5.27674243    -5.28484962    -5.07877235
      411     0.00796251    -5.28470496    -5.27674245    -5.28470496    -5.07912454
      412     0.00782777    -5.28457023    -5.27674246    -5.28457023    -5.07946414
      413     0.00770350    -5.28444596    -5.27674246    -5.28444596    -5.07979082
      414     0.00759020    -5.28433279    -5.27674259    -5.28433279    -5.08010447
      415     0.00748837    -5.28423089    -5.27674251    -5.28423089    -5.08040452
      416     0.00739848    -5.28414116    -5.27674268    -5.28414116    -5.08069122
      417     0.00732096    -5.28406357    -5.27674261    -5.28406357    -5.08096389
      418     0.00725625    -5.28399899    -5.27674274    -5.28399899    -5.08122288
      419     0.00720474    -5.28394748    -5.27674274    -5.28394748    -5.08146771
      420     0.00997547    -5.28390955    -5.27393408    -5.28390955    -5.08169845
      421     0.00994535    -5.28387939    -5.27393404    -5.28387939    -5.08195476
      422     0.00992843    -5.28386257    -5.27393414    -5.28386257    -5.08219613
      423     0.00992505    -5.28385925    -5.27393420    -5.28385925    -5.08242236
      424     0.00993552    -5.28386969    -5.27393417    -5.28386969    -5.08263343
      425     0.00996010    -5.28389432    -5.27393422    -5.28389432    -5.08282953
      426     0.00999903    -5.28393332    -5.27393429    -5.28393332    -5.08301068
      427     0.01005252    -5.28398674    -5.27393421    -5.28398674    -5.08317681
      428     0.01012073    -5.28405498    -5.27393425    -5.28405498    -5.08332829
      429     0.01020377    -5.28413817    -5.27393440    -5.28413817    -5.08346522
      430     0.01030174    -5.28423618    -5.27393443    -5.28423618    -5.08358756
      431     0.01041468    -5.28434900    -5.27393432    -5.28434900    -5.08369543
      432     0.01054257    -5.28447691    -5.27393435    -5.28447691    -5.08378930
      433     0.01068537    -5.28461985    -5.27393448    -5.28461985    -5.08386932
      434     0.01084298    -5.28477748    -5.27393450    -5.28477748    -5.08393547
      435     0.01101525    -5.28494963    -5.27393438    -5.28494963    -5.08398795
      436     0.01120200    -5.28513639    -5.27393439    -5.28513639    -5.08402725
      437     0.01140298    -5.28533747    -5.27393449    -5.28533747    -5.08405356
      438     0.01161789    -5.28555240    -5.27393452    -5.28555240    -5.08406692
      439     0.01184639    -5.28578094    -5.27393455    -5.28578094    -5.08406770
      440     0.00997547    -5.28602269    -5.27604722    -5.28602269    -5.08405610
      441     0.01020763    -5.28625479    -5.27604717    -5.28625479    -5.08403400
      442     0.01045286    -5.28650010    -5.27604724    -5.28650010    -5.08400032
      443     0.01071070    -5.28675782    -5.27604713    -5.28675782    -5.08395495
      444     0.01098060    -5.28702772    -5.27604712    -5.28702772    -5.08389842
      445     0.01126198    -5.28730921    -5.27604723    -5.28730921    -5.08383094
      446     0.01155424    -5.28760137    -5.27604713    -5.28760137    -5.08375244
      447     0.01185670    -5.28790387    -5.27604717    -5.28790387    -5.08366345
      448     0.01216866    -5.28821587    -5.27604721    -5.28821587    -5.08356408
      449     0.01248940    -5.28853651    -5.27604710    -5.28853651    -5.08345441
      450     0.01281815    -5.28886522    -5.27604707    -5.28886522    -5.08333487
      451     0.01315411    -5.28920125    -5.27604714    -5.28920125    -5.08320572
      452     0.01349647    -5.28954350    -5.27604704    -5.28954350    -5.08306693
      453     0.01384439    -5.28989138    -5.27604699    -5.28989138    -5.08291897
      454     0.01419703    -5.29024406    -5.27604703    -5.29024406    -5.08276213
      455     0.01455351    -5.29060044    -5.27604693    -5.29060044    -5.08259643
      456     0.01491298    -5.29095987    -5.27604689    -5.29095987    -5.08242236
      457     0.01527456    -5.29132137    -5.27604681    -5.29132137    -5.08224013
      458     0.01563738    -5.29168414    -5.27604677    -5.29168414    -5.08205010
      459     0.01600056    -5.29204736    -5.27604680    -5.29204736    -5.08185266
      460     0.00997547    -5.29240991    -5.28243444    -5.29240991    -5.08164789
      461     0.01025959    -5.29269404    -5.28243446    -5.29269404    -5.08148164
      462     0.01054598    -5.29298038    -5.28243440    -5.29298038    -5.08130796
      463     0.01083397    -5.29326829    -5.28243431    -5.29326829    -5.08112719
      464     0.01112290    -5.29355718    -5.28243428    -5.29355718    -5.08093972
      465     0.01141210    -5.29384631    -5.28243422    -5.29384631    -5.08074581
      466     0.01170089    -5.29413506    -5.28243417    -5.29413506    -5.08054586
      467     0.01198862    -5.29442284    -5.28243421    -5.29442284    -5.08034031
      468     0.01227465    -5.29470874    -5.28243409    -5.29470874    -5.08012929
      469     0.01255832    -5.29499249    -5.28243417    -5.29499249    -5.07991359
      470     0.01283900    -5.29527305    -5.28243405    -5.29527305    -5.07969321
      471     0.01311607    -5.29555016    -5.28243409    -5.29555016    -5.07946897
      472     0.01338893    -5.29582294    -5.28243401    -5.29582294    -5.07924106
      473     0.01365697    -5.29609100    -5.28243403    -5.29609100    -5.07901018
      474     0.01391963    -5.29635349    -5.28243386    -5.29635349    -5.07877654
      475     0.01417634    -5.29661019    -5.28243386    -5.29661019    -5.07854101
      476     0.01442655    -5.29686045    -5.28243390    -5.29686045    -5.07830401
      477     0.01466974    -5.29710357    -5.28243384    -5.29710357    -5.07806594
      478     0.01490539    -5.29733925    -5.28243386    -5.29733925    -5.07782755
      479     0.01513302    -5.29756685    -5.28243383    -5.29756685    -5.07758927
      480     0.00997547    -5.29778591    -5.28781044    -5.29778591    -5.07735170
      481     0.01014624    -5.29795671    -5.28781048    -5.29795671    -5.07716064
      482     0.01031214    -5.29812259    -5.28781045    -5.29812259    -5.07696965
      483     0.01047282    -5.29828320    -5.28781038    -5.29828320    -5.07677918
      484     0.01062795    -5.29843837    -5.28781042    -5.29843837    -5.07658987
      485     0.01077720    -5.29858764    -5.28781044    -5.29858764    -5.07640206
      486     0.01092025    -5.29873067    -5.28781042    -5.29873067    -5.07621623
      487     0.01105679    -5.29886733    -5.28781054    -5.29886733    -5.07603299
      488     0.01118652    -5.29899700    -5.28781048    -5.29899700    -5.07585250
      489     0.01130915    -5.29911970    -5.28781056    -5.29911970    -5.07567553
      490     0.01142439    -5.29923486    -5.28781047    -5.29923486    -5.07550225
      491     0.01153199    -5.29934251    -5.28781052    -5.29934251    -5.07533337
      492     0.01163170    -5.29944226    -5.28781056    -5.29944226    -5.07516922
      493     0.01172328    -5.29953386    -5.28781058    -5.29953386    -5.07501021
      494     0.01180653    -5.29961709    -5.28781056    -5.29961709    -5.07485674
      495     0.01188124    -5.29969191    -5.28781067    -5.29969191    -5.07470939
      496     0.01194724    -5.29975783    -5.28781059    -5.29975783    -5.07456824
      497     0.01200439    -5.29981499    -5.28781060    -5.29981499    -5.07443397
      498     0.01205254    -5.29986324    -5.28781070    -5.29986324    -5.07430698
      499     0.01209160    -5.29990219    -5.28781058    -5.29990219    -5.07418726
      500     0.00997547    -5.29993218    -5.28995671    -5.29993218    -5.07407565
      501     0.00999475    -5.29995137    -5.28995662    -5.29995137    -5.07398165
      502     0.01000671    -5.29996334    -5.28995663    -5.29996334    -5.07389541
      503     0.01001135    -5.29996809    -5.28995674    -5.29996809    -5.07381722
      504     0.01000870    -5.29996528    -5.28995658    -5.29996528    -5.07374699
      505     0.00999882    -5.29995544    -5.28995661    -5.29995544    -5.07368545
      506     0.00998178    -5.29993845    -5.28995667    -5.29993845    -5.07363263
      507     0.00995769    -5.29991423    -5.28995654    -5.29991423    -5.07358860
      508     0.00992666    -5.29988318    -5.28995652    -5.29988318    -5.07355383
      509     0.00988885    -5.29984545    -5.28995660    -5.29984545    -5.07352851
      510     0.00984443    -5.29980099    -5.28995656    -5.29980099    -5.07351259
      511     0.00979359    -5.29975015    -5.28995655    -5.29975015    -5.07350637
      512     0.00973655    -5.29969308    -5.28995653    -5.29969308    -5.07350994
      513     0.00967353    -5.29963002    -5.28995649    -5.29963002    -5.07352338
      514     0.00960479    -5.29956135    -5.28995656    -5.29956135    -5.07354691
      515     0.00953058    -5.29948713    -5.28995654    -5.29948713    -5.07358038
      516     0.00945120    -5.29940763    -5.28995642    -5.29940763    -5.07362380
      517     0.00936693    -5.29932343    -5.28995650    -5.29932343    -5.07367747
      518     0.00927807    -5.29923453    -5.28995646    -5.29923453    -5.07374102
      519     0.00918494    -5.29914136    -5.28995642    -5.29914136    -5.07381453
      520     0.00997547    -5.29904423    -5.28906877    -5.29904423    -5.07389788
      521     0.00986967    -5.29893846    -5.28906879    -5.29893846    -5.07399536
      522     0.00975987    -5.29882870    -5.28906883    -5.29882870    -5.07410265
      523     0.00964641    -5.29871515    -5.28906874    -5.29871515    -5.07421939
      524     0.00952963    -5.29859847    -5.28906884    -5.29859847    -5.07434566
      525     0.00940989    -5.29847870    -5.28906881    -5.29847870    -5.07448085
      526     0.00928753    -5.29835635    -5.28906882    -5.29835635    -5.07462484
      527     0.00916288    -5.29823161    -5.28906873    -5.29823161    -5.07477712
      528     0.00903629    -5.29810516    -5.28906887    -5.29810516    -5.07493764
      529     0.00890810    -5.29797687    -5.28906877    -5.29797687    -5.07510554
      530     0.00877863    -5.29784740    -5.28906877    -5.29784740    -5.07528073
      531     0.00864821    -5.29771696    -5.28906874    -5.29771696    -5.07546261
      532     0.00851716    -5.29758603    -5.28906887    -5.29758603    -5.07565086
      533     0.00838578    -5.29745463    -5.28906885    -5.29745463    -5.07584470
      534     0.00825440    -5.29732325    -5.28906885    -5.29732325    -5.07604377
      535     0.00812331    -5.29719207    -5.28906877    -5.29719207    -5.07624741
      536     0.00799280    -5.29706174    -5.28906894    -5.29706174    -5.07645541
      537     0.00786318    -5.29693209    -5.28906890    -5.29693209    -5.07666677
      538     0.00773473    -5.29680359    -5.28906885    -5.29680359    -5.07688107
      539     0.00760775    -5.29667672    -5.28906897    -5.29667672    -5.07709795
      540     0.00997547    -5.29655146    -5.28657599    -5.29655146    -5.07731654
      541     0.00983225    -5.29640815    -5.28657590    -5.29640815    -5.07757006
      542     0.00968979    -5.29626578    -5.28657599    -5.29626578    -5.07782409
      543     0.00954842    -5.29612438    -5.28657596    -5.29612438    -5.07807767
      544     0.00940849    -5.29598448    -5.28657599    -5.29598448    -5.07833036
      545     0.00927035    -5.29584645    -5.28657609    -5.29584645    -5.07858158
      546     0.00913436    -5.29571032    -5.28657596    -5.29571032    -5.07883043
      547     0.00900087    -5.29557696    -5.28657609    -5.29557696    -5.07907686
      548     0.00887025    -5.29544625    -5.28657600    -5.29544625    -5.07931985
      549     0.00874289    -5.29531893    -5.28657604    -5.29531893    -5.07955925
      550     0.00861917    -5.29519520    -5.28657603    -5.29519520    -5.07979442
      551     0.00849946    -5.29507545    -5.28657599    -5.29507545    -5.08002493
      552     0.00838415    -5.29496024    -5.28657609    -5.29496024    -5.08025051
      553     0.00827362    -5.29484962    -5.28657600    -5.29484962    -5.08047046
      554     0.00816825    -5.29474429    -5.28657604    -5.29474429    -5.08068475
      555     0.00806840    -5.29464446    -5.28657606    -5.29464446    -5.08089287
      556     0.00797446    -5.29455050    -5.28657604    -5.29455050    -5.08109452
      557     0.00788677    -5.29446275    -5.28657598    -5.29446275    -5.08128941
      558     0.00780570    -5.29438175    -5.28657605    -5.29438175    -5.08147745
      559     0.00773157    -5.29430764    -5.28657607    -5.29430764    -5.08165823
      560     0.00997547    -5.29424076    -5.28426529    -5.29424076    -5.08183153
      561     0.00990691    -5.29417219    -5.28426528    -5.29417219    -5.08202084
      562     0.00984542    -5.29411071    -5.28426528    -5.29411071    -5.08220176
      563     0.00979133    -5.29405661    -5.28426528    -5.29405661    -5.08237410
      564     0.00974495    -5.29401020    -5.28426525    -5.29401020    -5.08253772
      565     0.00970656    -5.29397174    -5.28426518    -5.29397174    -5.08269246
      566     0.00967643    -5.29394163    -5.28426520    -5.29394163    -5.08283833
      567     0.00965482    -5.29392011    -5.28426530    -5.29392011    -5.08297524
      568     0.00964194    -5.29390720    -5.28426526    -5.29390720    -5.08310293
      569     0.00963801    -5.29390326    -5.28426525    -5.29390326    -5.08322148
      570     0.00964319    -5.29390840    -5.28426520    -5.29390840    -5.08333079
      571     0.00965765    -5.29392276    -5.28426511    -5.29392276    -5.08343081
      572     0.00968150    -5.29394672    -5.28426522    -5.29394672    -5.08352181
      573     0.00971484    -5.29398003    -5.28426519    -5.29398003    -5.08360343
      574     0.00975774    -5.29402288    -5.28426514    -5.29402288    -5.08367580
      575     0.00981022    -5.29407540    -5.28426518    -5.29407540    -5.08373904
      576     0.00987230    -5.29413740    -5.28426510    -5.29413740    -5.08379298
      577     0.00994396    -5.29420913    -5.28426517    -5.29420913    -5.08383794
      578     0.01002512    -5.29429016    -5.28426504    -5.29429016    -5.08387362
      579     0.01011571    -5.29438085    -5.28426514    -5.29438085    -5.08390049
      580     0.00997547    -5.29448071    -5.28450524    -5.29448071    -5.08391828
      581     0.01008331    -5.29458845    -5.28450514    -5.29458845    -5.08392696
      582     0.01020020    -5.29470533    -5.28450513    -5.29470533    -5.08392699
      583     0.01032591    -5.29483109    -5.28450518    -5.29483109    -5.08391840
      584     0.01046020    -5.29496532    -5.28450512    -5.29496532    -5.08390113
      585     0.01060281    -5.29510803    -5.28450522    -5.29510803    -5.08387559
      586     0.01075344    -5.29525860    -5.28450516    -5.29525860    -5.08384156
      587     0.01091176    -5.29541684    -5.28450509    -5.29541684    -5.08379934
      588     0.01107742    -5.29558256    -5.28450514    -5.29558256    -5.08374924
      589     0.01125005    -5.29575521    -5.28450516    -5.29575521    -5.08369125
      590     0.01142925    -5.29593442    -5.28450517    -5.29593442    -5.08362557
      591     0.01161461    -5.29611976    -5.28450515    -5.29611976    -5.08355240
      592     0.01180568    -5.29631082    -5.28450514    -5.29631082    -5.08347196
      593     0.01200201    -5.29650717    -5.28450516    -5.29650717    -5.08338450
      594     0.01220314    -5.29670822    -5.28450508    -5.29670822    -5.08329016
      595     0.01240858    -5.29691365    -5.28450507    -5.29691365    -5.08318935
      596     0.01261784    -5.29712303    -5.28450518    -5.29712303    -5.08308240
      597     0.01283043    -5.29733557    -5.28450515    -5.29733557    -5.08296933
      598     0.01304582    -5.29755097    -5.28450515    -5.29755097    -5.08285066
      599     0.01326352    -5.29776859    -5.28450507    -5.29776859    -5.08272660
      600     0.00997547    -5.29798813    -5.28801266    -5.29798813    -5.08259769
      601     0.01016626    -5.29817886    -5.28801260    -5.29817886    -5.08248229
      602     0.01035951    -5.29837220    -5.28801269    -5.29837220    -5.08236245
      603     0.01055478    -5.29856743    -5.28801265    -5.29856743    -5.08223824
      604     0.01075159    -5.29876427    -5.28801268    -5.29876427    -5.08211017
      605     0.01094949    -5.29896215    -5.28801266    -5.29896215    -5.08197849
      606     0.01114800    -5.29916065    -5.28801266    -5.29916065    -5.08184357
      607     0.01134665    -5.29935934    -5.28801268    -5.29935934    -5.08170583
      608     0.01154500    -5.29955779    -5.28801279    -5.29955779    -5.08156565
      609     0.01174257    -5.29975527    -5.28801269    -5.29975527    -5.08142314
      610     0.01193892    -5.29995167    -5.28801275    -5.29995167    -5.08127902
      611     0.01213359    -5.30014643    -5.28801284    -5.30014643    -5.08113356
      612     0.01232615    -5.30033897    -5.28801282    -5.30033897    -5.08098702
      613     0.01251616    -5.30052903    -5.28801287    -5.30052903    -5.08083995
      614     0.01270319    -5.30071606    -5.28801286    -5.30071606    -5.08069263
      615     0.01288684    -5.30089982    -5.28801297    -5.30089982    -5.08054562
      616     0.01306671    -5.30107962    -5.28801291    -5.30107962    -5.08039901
      617     0.01324240    -5.30125540    -5.28801300    -5.30125540    -5.08025352
      618     0.01341356    -5.30142665    -5.28801309    -5.30142665    -5.08010941
      619     0.01357980    -5.30159284    -5.28801304    -5.30159284    -5.07996689
      620     0.00997547    -5.30175397    -5.29177850    -5.30175397    -5.07982670
      621     0.01010871    -5.30188728    -5.29177856    -5.30188728    -5.07970906
      622     0.01023858    -5.30201705    -5.29177847    -5.30201705    -5.07959319
      623     0.01036481    -5.30214336    -5.29177855    -5.30214336    -5.07947973
      624     0.01048718    -5.30226582    -5.29177864    -5.30226582    -5.07936881
      625     0.01060547    -5.30238406    -5.29177859    -5.30238406    -5.07926061
      626     0.01071946    -5.30249816    -5.29177870    -5.30249816    -5.07915573
      627     0.01082896    -5.30260764    -5.29177868    -5.30260764    -5.07905416
      628     0.01093380    -5.30271263    -5.29177883    -5.30271263    -5.07895650
      629     0.01103381    -5.30281264    -5.29177882    -5.30281264    -5.07886275
      630     0.01112886    -5.30290770    -5.29177883    -5.30290770    -5.07877334
      631     0.01121884    -5.30299767    -5.29177883    -5.30299767    -5.07868856
      632     0.01130363    -5.30308261    -5.29177898    -5.30308261    -5.07860886
      633     0.01138317    -5.30316213    -5.29177896    -5.30316213    -5.07853422
      634     0.01145739    -5.30323646    -5.29177907    -5.30323646    -5.07846521
      635     0.01152629    -5.30330526    -5.29177897    -5.30330526    -5.07840181
      636     0.01158984    -5.30336883    -5.29177899    -5.30336883    -5.07834462
      637     0.01164806    -5.30342715    -5.29177908    -5.30342715    -5.07829390
      638     0.01170101    -5.30348010    -5.29177908    -5.30348010    -5.07824978
      639     0.01174875    -5.30352788    -5.29177912    -5.30352788    -5.07821267
      640     0.00997547    -5.30357040    -5.29359493    -5.30357040    -5.07818268
      641     0.01001047    -5.30360549    -5.29359502    -5.30360549    -5.07816221
      642     0.01004179    -5.30363668    -5.29359489    -5.30363668    -5.07814872
      643     0.01006957    -5.30366457    -5.29359500    -5.30366457    -5.07814291
      644     0.01009398    -5.30368880    -5.29359483    -5.30368880    -5.07814451
      645     0.01011518    -5.30371002    -5.29359484    -5.30371002    -5.07815420
      646     0.01013337    -5.30372820    -5.29359483    -5.30372820    -5.07817202
      647     0.01014875    -5.30374351    -5.29359476    -5.30374351    -5.07819815
      648     0.01016152    -5.30375628    -5.29359476    -5.30375628    -5.07823289
      649     0.01017190    -5.30376654    -5.29359464    -5.30376654    -5.07827625
      650     0.01018011    -5.30377479    -5.29359469    -5.30377479    -5.07832866
      651     0.01018637    -5.30378091    -5.29359455    -5.30378091    -5.07838990
      652     0.01019091    -5.30378540    -5.29359449    -5.30378540    -5.07846040
      653     0.01019396    -5.30378848    -5.29359452    -5.30378848    -5.07854021
      654     0.01019575    -5.30379017    -5.29359442    -5.30379017    -5.07862920
      655     0.01019650    -5.30379084    -5.29359433    -5.30379084    -5.07872758
      656     0.01019644    -5.30379085    -5.29359441    -5.30379085    -5.07883548
      657     0.01019578    -5.30379008    -5.29359430    -5.30379008    -5.07895256
      658     0.01019473    -5.30378905    -5.29359432    -5.30378905    -5.07907908
      659     0.01019350    -5.30378763    -5.29359413    -5.30378763    -5.07921465
      660     0.00997547    -5.30378649    -5.29381102    -5.30378649    -5.07935966
      661     0.00997451    -5.30378539    -5.29381088    -5.30378539    -5.07951183
      662     0.00997403    -5.30378486    -5.29381083    -5.30378486    -5.07967292
      663     0.00997418    -5.30378510    -5.29381092    -5.30378510    -5.07984276
      664     0.00997514    -5.30378595    -5.29381082    -5.30378595    -5.08002084
      665     0.00997705    -5.30378790    -5.29381086    -5.30378790    -5.08020727
      666     0.00998004    -5.30379078    -5.29381074    -5.30379078    -5.08040151
      667     0.00998427    -5.30379493    -5.29381066    -5.30379493    -5.08060347
      668     0.00998985    -5.30380050    -5.29381065    -5.30380050    -5.08081289
      669     0.00999691    -5.30380762    -5.29381071    -5.30380762    -5.08102947
      670     0.01000557    -5.30381614    -5.29381057    -5.30381614    -5.08125265
      671     0.01001595    -5.30382653    -5.29381059    -5.30382653    -5.08148241
      672     0.01002814    -5.30383877    -5.29381062    -5.30383877    -5.08171832
      673     0.01004228    -5.30385285    -5.29381057    -5.30385285    -5.08195988
      674     0.01005847    -5.30386892    -5.29381044    -5.30386892    -5.08220679
      675     0.01007682    -5.30388728    -5.29381046    -5.30388728    -5.08245889
      676     0.01009744    -5.30390791    -5.29381047    -5.30390791    -5.08271569
      677     0.01012044    -5.30393082    -5.29381038    -5.30393082    -5.08297671
      678     0.01014595    -5.30395631    -5.29381036    -5.30395631    -5.08324181
      679     0.01017408    -5.30398453    -5.29381045    -5.30398453    -5.08351064
      680     0.00997547    -5.30401532    -5.29403985    -5.30401532    -5.08378261
      681     0.01000889    -5.30404868    -5.29403979    -5.30404868    -5.08405444
      682     0.01004540    -5.30408516    -5.29403976    -5.30408516    -5.08432895
      683     0.01008511    -5.30412491    -5.29403979    -5.30412491    -5.08460584
      684     0.01012819    -5.30416795    -5.29403976    -5.30416795    -5.08488465
      685     0.01017477    -5.30421445    -5.29403968    -5.30421445    -5.08516513
      686     0.01022501    -5.30426473    -5.29403972    -5.30426473    -5.08544717
      687     0.01027904    -5.30431864    -5.29403960    -5.30431864    -5.08573018
      688     0.01033703    -5.30437668    -5.29403965    -5.30437668    -5.08601424
      689     0.01039911    -5.30443867    -5.29403956    -5.30443867    -5.08629877
      690     0.01046545    -5.30450496    -5.29403951    -5.30450496    -5.08658372
      691     0.01053618    -5.30457570    -5.29403952    -5.30457570    -5.08686883
      692     0.01061146    -5.30465105    -5.29403959    -5.30465105    -5.08715391
      693     0.01069143    -5.30473085    -5.29403943    -5.30473085    -5.08743841
      694     0.01077622    -5.30481573    -5.29403951    -5.30481573    -5.08772261
      695     0.01086597    -5.30490533    -5.29403936    -5.30490533    -5.08800580
      696     0.01096080    -5.30500011    -5.29403931    -5.30500011    -5.08828812
      697     0.01106084    -5.30510022    -5.29403938    -5.30510022    -5.08856938
      698     0.01116620    -5.30520560    -5.29403940    -5.30520560    -5.08884922
      699     0.01127697    -5.30531634    -5.29403937    -5.30531634    -5.08912746
      700     0.00997547    -5.30543256    -5.29545709    -5.30543256    -5.08940390
      701     0.01008980    -5.30554686    -5.29545707    -5.30554686    -5.08966079
      702     0.01020997    -5.30566693    -5.29545696    -5.30566693    -5.08991559
      703     0.01033606    -5.30579298    -5.29545693    -5.30579298    -5.09016828
      704     0.01046811    -5.30592506    -5.29545696    -5.30592506    -5.09041871
      705     0.01060615    -5.30606303    -5.29545688    -5.30606303    -5.09066656
      706     0.01075023    -5.30620707    -5.29545684    -5.30620707    -5.09091183
      707     0.01090036    -5.30635716    -5.29545680    -5.30635716    -5.09115436
      708     0.01105655    -5.30651331    -5.29545677    -5.30651331    -5.09139401
      709     0.01121879    -5.30667565    -5.29545685    -5.30667565    -5.09163081
      710     0.01138710    -5.30684381    -5.29545671    -5.30684381    -5.09186427
      711     0.01156144    -5.30701808    -5.29545664    -5.30701808    -5.09209460
      712     0.01174180    -5.30719840    -5.29545661    -5.30719840    -5.09232166
      713     0.01192814    -5.30738470    -5.29545656    -5.30738470    -5.09254536
      714     0.01212043    -5.30757707    -5.29545664    -5.30757707    -5.09276572
      715     0.01231863    -5.30777526    -5.29545662    -5.30777526    -5.09298250
      716     0.01252270    -5.30797917    -5.29545648    -5.30797917    -5.09319560
      717     0.01273257    -5.30818906    -5.29545649    -5.30818906    -5.09340527
      718     0.01294819    -5.30840464    -5.29545645    -5.30840464    -5.09361130
      719     0.01316951    -5.30862598    -5.29545647    -5.30862598    -5.09381379
      720     0.00997547    -5.30885280    -5.29887734    -5.30885280    -5.09401253
      721     0.01017666    -5.30905399    -5.29887734    -5.30905399    -5.09418068
      722     0.01038370    -5.30926106    -5.29887736    -5.30926106    -5.09434502
      723     0.01059653    -5.30947373    -5.29887720    -5.30947373    -5.09450539
      724     0.01081506    -5.30969237    -5.29887731    -5.30969237    -5.09466231
      725     0.01103919    -5.30991638    -5.29887719    -5.30991638    -5.09481531
      726     0.01126883    -5.31014597    -5.29887713    -5.31014597    -5.09496480
      727     0.01150387    -5.31038100    -5.29887713    -5.31038100    -5.09511080
      728     0.01174417    -5.31062135    -5.29887718    -5.31062135    -5.09525341
      729     0.01198962    -5.31086671    -5.29887709    -5.31086671    -5.09539255
      730     0.01224006    -5.31111711    -5.29887705    -5.31111711    -5.09552849
      731     0.01249535    -5.31137242    -5.29887706    -5.31137242    -5.09566135
      732     0.01275533    -5.31163230    -5.29887697    -5.31163230    -5.09579108
      733     0.01301983    -5.31189677    -5.29887695    -5.31189677    -5.09591800
      734     0.01328865    -5.31216569    -5.29887704    -5.31216569    -5.09604225
      735     0.01356163    -5.31243855    -5.29887693    -5.31243855    -5.09616367
      736     0.01383855    -5.31271552    -5.29887697    -5.31271552    -5.09628275
      737     0.01411921    -5.31299610    -5.29887689    -5.31299610    -5.09639936
      738     0.01440339    -5.31328027    -5.29887688    -5.31328027    -5.09651383
      739     0.01469088    -5.31356769    -5.29887681    -5.31356769    -5.09662622
      740     0.00997547    -5.31385833    -5.30388286    -5.31385833    -5.09673688
      741     0.01021558    -5.31409835    -5.30388277    -5.31409835    -5.09682503
      742     0.01045921    -5.31434200    -5.30388279    -5.31434200    -5.09691085
      743     0.01070616    -5.31458895    -5.30388279    -5.31458895    -5.09699437
      744     0.01095620    -5.31483902    -5.30388283    -5.31483902    -5.09707578
      745     0.01120910    -5.31509188    -5.30388278    -5.31509188    -5.09715511
      746     0.01146465    -5.31534750    -5.30388286    -5.31534750    -5.09723274
      747     0.01172259    -5.31560537    -5.30388278    -5.31560537    -5.09730856
      748     0.01198269    -5.31586544    -5.30388276    -5.31586544    -5.09738293
      749     0.01224470    -5.31612752    -5.30388282    -5.31612752    -5.09745610
      750     0.01250838    -5.31639125    -5.30388287    -5.31639125    -5.09752813
      751     0.01277349    -5.31665627    -5.30388279    -5.31665627    -5.09759911
      752     0.01303977    -5.31692254    -5.30388277    -5.31692254    -5.09766944
      753     0.01330699    -5.31718984    -5.30388285    -5.31718984    -5.09773938
      754     0.01357492    -5.31745766    -5.30388274    -5.31745766    -5.09780888
      755     0.01384331    -5.31772613    -5.30388282    -5.31772613    -5.09787852
      756     0.01411196    -5.31799475    -5.30388279    -5.31799475    -5.09794829
      757     0.01438065    -5.31826348    -5.30388283    -5.31826348    -5.09801862
      758     0.01464917    -5.31853199    -5.30388282    -5.31853199    -5.09808967
      759     0.01491734    -5.31880014    -5.30388280    -5.31880014    -5.09816174
      760     0.00997547    -5.31906792    -5.30909245    -5.31906792    -5.09823533
      761     0.01019245    -5.31928488    -5.30909243    -5.31928488    -5.09829600
      762     0.01040999    -5.31950246    -5.30909247    -5.31950246    -5.09835796
      763     0.01062797    -5.31972040    -5.30909243    -5.31972040    -5.09842132
      764     0.01084630    -5.31993876    -5.30909246    -5.31993876    -5.09848653
      765     0.01106487    -5.32015732    -5.30909244    -5.32015732    -5.09855372
      766     0.01128363    -5.32037598    -5.30909235    -5.32037598    -5.09862319
      767     0.01150250    -5.32059486    -5.30909236    -5.32059486    -5.09869540
      768     0.01172143    -5.32081392    -5.30909249    -5.32081392    -5.09877069
      769     0.01194038    -5.32103277    -5.30909239    -5.32103277    -5.09884902
      770     0.01215933    -5.32125174    -5.30909241    -5.32125174    -5.09893107
      771     0.01237827    -5.32147080    -5.30909253    -5.32147080    -5.09901716
      772     0.01259721    -5.32168962    -5.30909241    -5.32168962    -5.09910730
      773     0.01281617    -5.32190856    -5.30909239    -5.32190856    -5.09920217
      774     0.01303518    -5.32212761    -5.30909243    -5.32212761    -5.09930208
      775     0.01325430    -5.32234668    -5.30909238    -5.32234668    -5.09940727
      776     0.01347360    -5.32256611    -5.30909251    -5.32256611    -5.09951835
      777     0.01369317    -5.32278553    -5.30909237    -5.32278553    -5.09963525
      778     0.01391310    -5.32300547    -5.30909237    -5.32300547    -5.09975878
      779     0.01413353    -5.32322588    -5.30909235    -5.32322588    -5.09988916
      780     0.00997547    -5.32344701    -5.31347154    -5.32344701    -5.10002688
      781     0.01016085    -5.32363243    -5.31347159    -5.32363243    -5.10014836
      782     0.01034792    -5.32381944    -5.31347152    -5.32381944    -5.10027707
      783     0.01053685    -5.32400829    -5.31347143    -5.32400829    -5.10041346
      784     0.01072778    -5.32419928    -5.31347150    -5.32419928    -5.10055796
      785     0.01092088    -5.32439239    -5.31347150    -5.32439239    -5.10071072
      786     0.01111632    -5.32458775    -5.31347143    -5.32458775    -5.10087199
      787     0.01131427    -5.32478569    -5.31347142    -5.32478569    -5.10104225
      788     0.01151492    -5.32498635    -5.31347143    -5.32498635    -5.10122174
      789     0.01171846    -5.32518991    -5.31347145    -5.32518991    -5.10141076
      790     0.01192508    -5.32539653    -5.31347145    -5.32539653    -5.10160953
      791     0.01213498    -5.32560639    -5.31347141    -5.32560639    -5.10181835
      792     0.01234837    -5.32581969    -5.31347133    -5.32581969    -5.10203745
      793     0.01256544    -5.32603677    -5.31347133    -5.32603677    -5.10226727
      794     0.01278642    -5.32625785    -5.31347143    -5.32625785    -5.10250803
      795     0.01301152    -5.32648279    -5.31347128    -5.32648279    -5.10275965
      796     0.01324094    -5.32671230    -5.31347136    -5.32671230    -5.10302287
      797     0.01347492    -5.32694628    -5.31347136    -5.32694628    -5.10329759
      798     0.01371367    -5.32718493    -5.31347127    -5.32718493    -5.10358402
      799     0.01395741    -5.32742867    -5.31347126    -5.32742867    -5.10388258
      800     0.00997547    -5.32767772    -5.31770225    -5.32767772    -5.10419347
