#    Non-Adiabatic Coupling Matrix Eliments: off-diagonal
         0     0.00000177
         1     0.00000192
         2     0.00000209
         3     0.00000228
         4     0.00000249
         5     0.00000271
         6     0.00000295
         7     0.00000321
         8     0.00000349
         9     0.00000379
        10     0.00000411
        11     0.00000446
        12     0.00000482
        13     0.00000521
        14     0.00000561
        15     0.00000604
        16     0.00000649
        17     0.00000696
        18     0.00000745
        19     0.00000797
        20     0.00000850
        21     0.00000737
        22     0.00000791
        23     0.00000846
        24     0.00000904
        25     0.00000963
        26     0.00001023
        27     0.00001086
        28     0.00001150
        29     0.00001217
        30     0.00001285
        31     0.00001355
        32     0.00001428
        33     0.00001502
        34     0.00001579
        35     0.00001658
        36     0.00001740
        37     0.00001824
        38     0.00001910
        39     0.00002000
        40     0.00002092
        41     0.00001787
        42     0.00001869
        43     0.00001950
        44     0.00002034
        45     0.00002120
        46     0.00002209
        47     0.00002300
        48     0.00002394
        49     0.00002491
        50     0.00002591
        51     0.00002693
        52     0.00002798
        53     0.00002906
        54     0.00003017
        55     0.00003131
        56     0.00003248
        57     0.00003368
        58     0.00003490
        59     0.00003615
        60     0.00003742
        61     0.00004053
        62     0.00004194
        63     0.00004338
        64     0.00004482
        65     0.00004628
        66     0.00004775
        67     0.00004921
        68     0.00005067
        69     0.00005213
        70     0.00005356
        71     0.00005497
        72     0.00005635
        73     0.00005770
        74     0.00005900
        75     0.00006024
        76     0.00006144
        77     0.00006257
        78     0.00006363
        79     0.00006463
        80     0.00006556
        81     0.00007162
        82     0.00007250
        83     0.00007334
        84     0.00007407
        85     0.00007473
        86     0.00007533
        87     0.00007587
        88     0.00007637
        89     0.00007684
        90     0.00007728
        91     0.00007772
        92     0.00007816
        93     0.00007864
        94     0.00007916
        95     0.00007974
        96     0.00008040
        97     0.00008115
        98     0.00008201
        99     0.00008301
       100     0.00008416
       101     0.00007479
       102     0.00007623
       103     0.00007784
       104     0.00007963
       105     0.00008163
       106     0.00008384
       107     0.00008629
       108     0.00008898
       109     0.00009195
       110     0.00009519
       111     0.00009874
       112     0.00010261
       113     0.00010682
       114     0.00011139
       115     0.00011634
       116     0.00012169
       117     0.00012748
       118     0.00013372
       119     0.00014044
       120     0.00014768
       121     0.00011551
       122     0.00012217
       123     0.00012925
       124     0.00013674
       125     0.00014469
       126     0.00015312
       127     0.00016207
       128     0.00017156
       129     0.00018164
       130     0.00019234
       131     0.00020370
       132     0.00021578
       133     0.00022861
       134     0.00024226
       135     0.00025678
       136     0.00027223
       137     0.00028868
       138     0.00030620
       139     0.00032487
       140     0.00034477
       141     0.00025565
       142     0.00027210
       143     0.00028947
       144     0.00030782
       145     0.00032721
       146     0.00034773
       147     0.00036945
       148     0.00039246
       149     0.00041685
       150     0.00044271
       151     0.00047016
       152     0.00049930
       153     0.00053025
       154     0.00056313
       155     0.00059808
       156     0.00063523
       157     0.00067473
       158     0.00071673
       159     0.00076137
       160     0.00080882
       161     0.00056707
       162     0.00060355
       163     0.00064198
       164     0.00068247
       165     0.00072514
       166     0.00077011
       167     0.00081743
       168     0.00086729
       169     0.00091978
       170     0.00097498
       171     0.00103295
       172     0.00109379
       173     0.00115755
       174     0.00122423
       175     0.00129386
       176     0.00136638
       177     0.00144173
       178     0.00151981
       179     0.00160042
       180     0.00168337
       181     0.00108677
       182     0.00114884
       183     0.00121256
       184     0.00127783
       185     0.00134454
       186     0.00141252
       187     0.00148157
       188     0.00155143
       189     0.00162179
       190     0.00169230
       191     0.00176253
       192     0.00183194
       193     0.00189996
       194     0.00196581
       195     0.00202867
       196     0.00208743
       197     0.00214081
       198     0.00218721
       199     0.00222456
       200     0.00225027
       201     0.00132255
       202     0.00135673
       203     0.00138468
       204     0.00140492
       205     0.00141545
       206     0.00141401
       207     0.00139710
       208     0.00136068
       209     0.00129929
       210     0.00120564
       211     0.00106951
       212     0.00087677
       213     0.00060768
       214     0.00023295
       215    -0.00029101
       216    -0.00103027
       217    -0.00208975
       218    -0.00363920
       219    -0.00594781
       220    -0.00942711
       221    -0.00724778
       222    -0.00948401
       223    -0.01214916
       224    -0.01494741
       225    -0.01719094
       226    -0.01801721
       227    -0.01703067
       228    -0.01469882
       229    -0.01189091
       230    -0.00925844
       231    -0.00706832
       232    -0.00534587
       233    -0.00402393
       234    -0.00301695
       235    -0.00224940
       236    -0.00243415
       237    -0.00141200
       238    -0.00061694
       239     0.00001060
       240     0.00051285
       241     0.00044785
       242     0.00060132
       243     0.00074834
       244     0.00088892
       245     0.00102275
       246     0.00114985
       247     0.00127028
       248     0.00138407
       249     0.00149148
       250     0.00159188
       251     0.00168664
       252     0.00177534
       253     0.00185797
       254     0.00193469
       255     0.00200547
       256     0.00207038
       257     0.00212935
       258     0.00218228
       259     0.00222911
       260     0.00226962
       261     0.00120100
       262     0.00125898
       263     0.00131499
       264     0.00136874
       265     0.00141998
       266     0.00146836
       267     0.00151369
       268     0.00155551
       269     0.00159353
       270     0.00162737
       271     0.00165669
       272     0.00168111
       273     0.00170030
       274     0.00171390
       275     0.00172165
       276     0.00172327
       277     0.00171857
       278     0.00170744
       279     0.00168999
       280     0.00166607
       281     0.00081774
       282     0.00084019
       283     0.00085960
       284     0.00087588
       285     0.00088896
       286     0.00089880
       287     0.00090537
       288     0.00090867
       289     0.00090875
       290     0.00090566
       291     0.00089947
       292     0.00089033
       293     0.00087836
       294     0.00086374
       295     0.00084664
       296     0.00082725
       297     0.00080581
       298     0.00078254
       299     0.00075765
       300     0.00073142
       301     0.00038505
       302     0.00038606
       303     0.00038594
       304     0.00038471
       305     0.00038243
       306     0.00037915
       307     0.00037492
       308     0.00036979
       309     0.00036383
       310     0.00035709
       311     0.00034964
       312     0.00034155
       313     0.00033288
       314     0.00032368
       315     0.00031404
       316     0.00030401
       317     0.00029366
       318     0.00028306
       319     0.00027227
       320     0.00026136
       321     0.00016083
       322     0.00015826
       323     0.00015545
       324     0.00015244
       325     0.00014924
       326     0.00014587
       327     0.00014237
       328     0.00013879
       329     0.00013508
       330     0.00013132
       331     0.00012750
       332     0.00012367
       333     0.00011985
       334     0.00011606
       335     0.00011233
       336     0.00010866
       337     0.00010510
       338     0.00010166
       339     0.00009835
       340     0.00009519
       341     0.00007137
       342     0.00006988
       343     0.00006844
       344     0.00006706
       345     0.00006577
       346     0.00006456
       347     0.00006343
       348     0.00006240
       349     0.00006147
       350     0.00006064
       351     0.00005991
       352     0.00005929
       353     0.00005878
       354     0.00005837
       355     0.00005808
       356     0.00005788
       357     0.00005780
       358     0.00005782
       359     0.00005794
       360     0.00005815
       361     0.00005525
       362     0.00005557
       363     0.00005595
       364     0.00005639
       365     0.00005689
       366     0.00005743
       367     0.00005802
       368     0.00005865
       369     0.00005931
       370     0.00005999
       371     0.00006069
       372     0.00006140
       373     0.00006211
       374     0.00006282
       375     0.00006353
       376     0.00006421
       377     0.00006487
       378     0.00006550
       379     0.00006610
       380     0.00006664
       381     0.00007733
       382     0.00007830
       383     0.00007922
       384     0.00008006
       385     0.00008083
       386     0.00008150
       387     0.00008202
       388     0.00008249
       389     0.00008285
       390     0.00008309
       391     0.00008319
       392     0.00008315
       393     0.00008296
       394     0.00008261
       395     0.00008210
       396     0.00008142
       397     0.00008056
       398     0.00007953
       399     0.00007830
       400     0.00007689
       401     0.00009824
       402     0.00009742
       403     0.00009635
       404     0.00009504
       405     0.00009347
       406     0.00009164
       407     0.00008955
       408     0.00008719
       409     0.00008457
       410     0.00008168
       411     0.00007853
       412     0.00007511
       413     0.00007144
       414     0.00006752
       415     0.00006336
       416     0.00005897
       417     0.00005435
       418     0.00004953
       419     0.00004451
       420     0.00003930
       421     0.00004113
       422     0.00003572
       423     0.00003014
       424     0.00002442
       425     0.00001858
       426     0.00001264
       427     0.00000661
       428     0.00000053
       429    -0.00000558
       430    -0.00001170
       431    -0.00001782
       432    -0.00002389
       433    -0.00002991
       434    -0.00003584
       435    -0.00004166
       436    -0.00004735
       437    -0.00005288
       438    -0.00005824
       439    -0.00006341
       440    -0.00006835
       441    -0.00006695
       442    -0.00007157
       443    -0.00007595
       444    -0.00008006
       445    -0.00008390
       446    -0.00008746
       447    -0.00009072
       448    -0.00009367
       449    -0.00009632
       450    -0.00009866
       451    -0.00010069
       452    -0.00010241
       453    -0.00010381
       454    -0.00010492
       455    -0.00010573
       456    -0.00010625
       457    -0.00010649
       458    -0.00010647
       459    -0.00010620
       460    -0.00010569
       461    -0.00008308
       462    -0.00008344
       463    -0.00008362
       464    -0.00008363
       465    -0.00008347
       466    -0.00008315
       467    -0.00008270
       468    -0.00008212
       469    -0.00008141
       470    -0.00008061
       471    -0.00007969
       472    -0.00007871
       473    -0.00007767
       474    -0.00007657
       475    -0.00007544
       476    -0.00007427
       477    -0.00007308
       478    -0.00007189
       479    -0.00007069
       480    -0.00006952
       481    -0.00005554
       482    -0.00005503
       483    -0.00005451
       484    -0.00005400
       485    -0.00005349
       486    -0.00005299
       487    -0.00005251
       488    -0.00005204
       489    -0.00005160
       490    -0.00005118
       491    -0.00005080
       492    -0.00005044
       493    -0.00005013
       494    -0.00004985
       495    -0.00004961
       496    -0.00004941
       497    -0.00004925
       498    -0.00004918
       499    -0.00004908
       500    -0.00004906
       501    -0.00004453
       502    -0.00004458
       503    -0.00004467
       504    -0.00004478
       505    -0.00004492
       506    -0.00004509
       507    -0.00004529
       508    -0.00004551
       509    -0.00004576
       510    -0.00004602
       511    -0.00004631
       512    -0.00004661
       513    -0.00004693
       514    -0.00004725
       515    -0.00004758
       516    -0.00004792
       517    -0.00004826
       518    -0.00004859
       519    -0.00004892
       520    -0.00004924
       521    -0.00005197
       522    -0.00005234
       523    -0.00005268
       524    -0.00005300
       525    -0.00005329
       526    -0.00005354
       527    -0.00005375
       528    -0.00005392
       529    -0.00005403
       530    -0.00005409
       531    -0.00005408
       532    -0.00005402
       533    -0.00005388
       534    -0.00005367
       535    -0.00005339
       536    -0.00005303
       537    -0.00005259
       538    -0.00005206
       539    -0.00005144
       540    -0.00005074
       541    -0.00005805
       542    -0.00005741
       543    -0.00005667
       544    -0.00005582
       545    -0.00005486
       546    -0.00005379
       547    -0.00005266
       548    -0.00005137
       549    -0.00004996
       550    -0.00004845
       551    -0.00004682
       552    -0.00004509
       553    -0.00004325
       554    -0.00004131
       555    -0.00003927
       556    -0.00003713
       557    -0.00003489
       558    -0.00003257
       559    -0.00003016
       560    -0.00002766
       561    -0.00002906
       562    -0.00002648
       563    -0.00002382
       564    -0.00002110
       565    -0.00001830
       566    -0.00001545
       567    -0.00001255
       568    -0.00000961
       569    -0.00000662
       570    -0.00000361
       571    -0.00000057
       572     0.00000249
       573     0.00000555
       574     0.00000862
       575     0.00001167
       576     0.00001472
       577     0.00001773
       578     0.00002072
       579     0.00002367
       580     0.00002657
       581     0.00002911
       582     0.00003190
       583     0.00003462
       584     0.00003726
       585     0.00003982
       586     0.00004229
       587     0.00004466
       588     0.00004693
       589     0.00004908
       590     0.00005113
       591     0.00005305
       592     0.00005485
       593     0.00005653
       594     0.00005807
       595     0.00005948
       596     0.00006076
       597     0.00006190
       598     0.00006290
       599     0.00006377
       600     0.00006451
       601     0.00005642
       602     0.00005723
       603     0.00005792
       604     0.00005850
       605     0.00005897
       606     0.00005934
       607     0.00005960
       608     0.00005976
       609     0.00005983
       610     0.00005982
       611     0.00005972
       612     0.00005956
       613     0.00005932
       614     0.00005903
       615     0.00005868
       616     0.00005829
       617     0.00005787
       618     0.00005741
       619     0.00005694
       620     0.00005645
       621     0.00004790
       622     0.00004769
       623     0.00004746
       624     0.00004722
       625     0.00004698
       626     0.00004674
       627     0.00004650
       628     0.00004626
       629     0.00004604
       630     0.00004582
       631     0.00004561
       632     0.00004542
       633     0.00004525
       634     0.00004509
       635     0.00004495
       636     0.00004483
       637     0.00004473
       638     0.00004465
       639     0.00004458
       640     0.00004453
       641     0.00004093
       642     0.00004092
       643     0.00004091
       644     0.00004090
       645     0.00004091
       646     0.00004092
       647     0.00004093
       648     0.00004095
       649     0.00004097
       650     0.00004099
       651     0.00004102
       652     0.00004104
       653     0.00004105
       654     0.00004107
       655     0.00004108
       656     0.00004108
       657     0.00004107
       658     0.00004105
       659     0.00004102
       660     0.00004098
       661     0.00004047
       662     0.00004038
       663     0.00004028
       664     0.00004015
       665     0.00004001
       666     0.00003984
       667     0.00003965
       668     0.00003942
       669     0.00003918
       670     0.00003890
       671     0.00003859
       672     0.00003824
       673     0.00003786
       674     0.00003745
       675     0.00003699
       676     0.00003650
       677     0.00003597
       678     0.00003539
       679     0.00003476
       680     0.00003410
       681     0.00003298
       682     0.00003221
       683     0.00003139
       684     0.00003052
       685     0.00002960
       686     0.00002862
       687     0.00002760
       688     0.00002653
       689     0.00002541
       690     0.00002423
       691     0.00002301
       692     0.00002174
       693     0.00002042
       694     0.00001906
       695     0.00001765
       696     0.00001619
       697     0.00001470
       698     0.00001317
       699     0.00001160
       700     0.00001000
       701     0.00000771
       702     0.00000604
       703     0.00000434
       704     0.00000263
       705     0.00000090
       706    -0.00000084
       707    -0.00000259
       708    -0.00000434
       709    -0.00000610
       710    -0.00000785
       711    -0.00000959
       712    -0.00001132
       713    -0.00001304
       714    -0.00001474
       715    -0.00001641
       716    -0.00001806
       717    -0.00001968
       718    -0.00002127
       719    -0.00002282
       720    -0.00002434
       721    -0.00002251
       722    -0.00002398
       723    -0.00002542
       724    -0.00002680
       725    -0.00002814
       726    -0.00002944
       727    -0.00003068
       728    -0.00003187
       729    -0.00003301
       730    -0.00003409
       731    -0.00003512
       732    -0.00003610
       733    -0.00003702
       734    -0.00003789
       735    -0.00003870
       736    -0.00003945
       737    -0.00004015
       738    -0.00004080
       739    -0.00004140
       740    -0.00004192
       741    -0.00003485
       742    -0.00003544
       743    -0.00003600
       744    -0.00003652
       745    -0.00003699
       746    -0.00003742
       747    -0.00003782
       748    -0.00003817
       749    -0.00003849
       750    -0.00003878
       751    -0.00003903
       752    -0.00003925
       753    -0.00003945
       754    -0.00003961
       755    -0.00003975
       756    -0.00003986
       757    -0.00003995
       758    -0.00004002
       759    -0.00004006
       760    -0.00004009
       761    -0.00003259
       762    -0.00003267
       763    -0.00003273
       764    -0.00003277
       765    -0.00003280
       766    -0.00003281
       767    -0.00003281
       768    -0.00003279
       769    -0.00003276
       770    -0.00003272
       771    -0.00003267
       772    -0.00003260
       773    -0.00003253
       774    -0.00003245
       775    -0.00003235
       776    -0.00003225
       777    -0.00003212
       778    -0.00003200
       779    -0.00003187
       780    -0.00003173
       781    -0.00002628
       782    -0.00002611
       783    -0.00002592
       784    -0.00002572
       785    -0.00002551
       786    -0.00002529
       787    -0.00002507
       788    -0.00002483
       789    -0.00002458
       790    -0.00002432
       791    -0.00002406
       792    -0.00002378
       793    -0.00002349
       794    -0.00002319
       795    -0.00002288
       796    -0.00002256
       797    -0.00002222
       798    -0.00002188
       799    -0.00002153
       800    -0.00002116
