#    Step        Prob(0)        Prob(1)        
        0    -0.00000000     0.00000000
        1     0.00000000     0.00000000
        2     0.00000000     0.00000000
        3     0.00000000     0.00000000
        4     0.00000000     0.00000000
        5     0.00000000     0.00000000
        6     0.00000000     0.00000000
        7     0.00000000     0.00000000
        8     0.00000000     0.00000000
        9     0.00000000     0.00000000
       10     0.00000000     0.00000000
       11     0.00000000     0.00000000
       12     0.00000000     0.00000000
       13     0.00000000     0.00000000
       14     0.00000000     0.00000000
       15     0.00000000     0.00000000
       16     0.00000000     0.00000000
       17     0.00000000     0.00000000
       18     0.00000000     0.00000000
       19     0.00000000     0.00000000
       20     0.00000000     0.00000000
       21     0.00000000     0.00000000
       22     0.00000000     0.00000000
       23     0.00000000     0.00000000
       24     0.00000000     0.00000000
       25     0.00000000     0.00000000
       26     0.00000000     0.00000000
       27     0.00000000     0.00000000
       28     0.00000000     0.00000000
       29     0.00000000     0.00000000
       30     0.00000000     0.00000000
       31     0.00000000     0.00000000
       32     0.00000000     0.00000000
       33     0.00000000     0.00000000
       34     0.00000000     0.00000000
       35     0.00000000     0.00000000
       36     0.00000000     0.00000000
       37     0.00000000     0.00000000
       38     0.00000000     0.00000000
       39     0.00000000     0.00000000
       40     0.00000000     0.00000000
       41     0.00000000     0.00000000
       42     0.00000000     0.00000000
       43     0.00000000     0.00000000
       44     0.00000000     0.00000000
       45     0.00000000     0.00000000
       46     0.00000000     0.00000000
       47     0.00000000     0.00000000
       48     0.00000000     0.00000000
       49     0.00000000     0.00000000
       50     0.00000000     0.00000000
       51     0.00000001     0.00000000
       52     0.00000000     0.00000000
       53     0.00000000     0.00000000
       54     0.00000000     0.00000000
       55     0.00000000     0.00000000
       56     0.00000000     0.00000000
       57     0.00000001     0.00000000
       58     0.00000001     0.00000000
       59     0.00000000     0.00000000
       60     0.00000000     0.00000000
       61     0.00000000     0.00000000
       62     0.00000001     0.00000000
       63     0.00000001     0.00000000
       64     0.00000001     0.00000000
       65     0.00000001     0.00000000
       66     0.00000000     0.00000000
       67     0.00000000     0.00000000
       68     0.00000000     0.00000000
       69     0.00000001     0.00000000
       70     0.00000001     0.00000000
       71     0.00000001     0.00000000
       72     0.00000000     0.00000000
       73     0.00000000     0.00000000
       74     0.00000000     0.00000000
       75     0.00000000     0.00000000
       76     0.00000001     0.00000000
       77     0.00000001     0.00000000
       78     0.00000001     0.00000000
       79     0.00000000     0.00000000
       80     0.00000000     0.00000000
       81     0.00000000     0.00000000
       82     0.00000002     0.00000000
       83     0.00000003     0.00000000
       84     0.00000002     0.00000000
       85     0.00000000     0.00000000
       86     0.00000000     0.00000000
       87     0.00000000     0.00000000
       88     0.00000000     0.00000000
       89     0.00000002     0.00000000
       90     0.00000003     0.00000000
       91     0.00000002     0.00000000
       92     0.00000000     0.00000000
       93     0.00000000     0.00000000
       94     0.00000000     0.00000000
       95     0.00000000     0.00000000
       96     0.00000002     0.00000000
       97     0.00000003     0.00000000
       98     0.00000003     0.00000000
       99     0.00000001     0.00000000
      100     0.00000000     0.00000000
      101     0.00000000     0.00000000
      102     0.00000000     0.00000000
      103     0.00000000     0.00000000
      104     0.00000002     0.00000000
      105     0.00000007     0.00000000
      106     0.00000008     0.00000000
      107     0.00000005     0.00000000
      108     0.00000000     0.00000000
      109     0.00000000     0.00000000
      110     0.00000000     0.00000000
      111     0.00000001     0.00000000
      112     0.00000008     0.00000000
      113     0.00000013     0.00000000
      114     0.00000012     0.00000000
      115     0.00000007     0.00000000
      116     0.00000000     0.00000000
      117     0.00000000     0.00000000
      118     0.00000000     0.00000000
      119     0.00000007     0.00000000
      120     0.00000017     0.00000000
      121     0.00000006     0.00000000
      122     0.00000000     0.00000000
      123     0.00000000     0.00000000
      124     0.00000000     0.00000000
      125     0.00000012     0.00000000
      126     0.00000038     0.00000000
      127     0.00000051     0.00000000
      128     0.00000043     0.00000000
      129     0.00000018     0.00000000
      130     0.00000000     0.00000000
      131     0.00000000     0.00000000
      132     0.00000000     0.00000000
      133     0.00000025     0.00000000
      134     0.00000069     0.00000000
      135     0.00000097     0.00000000
      136     0.00000094     0.00000000
      137     0.00000063     0.00000000
      138     0.00000020     0.00000000
      139     0.00000000     0.00000000
      140     0.00000003     0.00000000
      141     0.00000000     0.00000000
      142     0.00000000     0.00000000
      143     0.00000000     0.00000000
      144     0.00000000     0.00000000
      145     0.00000129     0.00000000
      146     0.00000257     0.00000000
      147     0.00000307     0.00000000
      148     0.00000252     0.00000000
      149     0.00000114     0.00000000
      150     0.00000000     0.00000000
      151     0.00000000     0.00000000
      152     0.00000000     0.00000000
      153     0.00000111     0.00000000
      154     0.00000361     0.00000000
      155     0.00000584     0.00000000
      156     0.00000690     0.00000000
      157     0.00000639     0.00000000
      158     0.00000460     0.00000000
      159     0.00000249     0.00000000
      160     0.00000127     0.00000000
      161     0.00000000     0.00000000
      162     0.00000000     0.00000000
      163     0.00000000     0.00000000
      164     0.00000000     0.00000000
      165     0.00000271     0.00000000
      166     0.00001396     0.00000000
      167     0.00002334     0.00000000
      168     0.00002743     0.00000000
      169     0.00002460     0.00000000
      170     0.00001575     0.00000000
      171     0.00000401     0.00000000
      172     0.00000000     0.00000000
      173     0.00000000     0.00000000
      174     0.00000000     0.00000000
      175     0.00000547     0.00000000
      176     0.00002404     0.00000000
      177     0.00004480     0.00000000
      178     0.00006320     0.00000000
      179     0.00007548     0.00000000
      180     0.00007970     0.00000000
      181     0.00002690     0.00000000
      182     0.00000000     0.00000000
      183     0.00000000     0.00000000
      184     0.00000000     0.00000000
      185     0.00000000     0.00000000
      186     0.00000000     0.00000000
      187     0.00000000     0.00000000
      188     0.00003937     0.00000000
      189     0.00010521     0.00000000
      190     0.00016736     0.00000000
      191     0.00021706     0.00000000
      192     0.00024820     0.00000000
      193     0.00025809     0.00000000
      194     0.00024754     0.00000000
      195     0.00022034     0.00000000
      196     0.00018233     0.00000000
      197     0.00014022     0.00000000
      198     0.00010057     0.00000000
      199     0.00006883     0.00000000
      200     0.00004872     0.00000000
      201     0.00000000     0.00000000
      202     0.00000000     0.00000000
      203     0.00000000     0.00000000
      204     0.00000000     0.00000000
      205     0.00000000     0.00000000
      206     0.00000000     0.00000000
      207     0.00000000     0.00000000
      208     0.00000000     0.00000000
      209     0.00000000     0.00000000
      210     0.00000000     0.00000000
      211     0.00000000     0.00000000
      212     0.00000000     0.00000000
      213     0.00000000     0.00000000
      214     0.00000000     0.00000000
      215     0.00002710     0.00000000
      216     0.00015540     0.00000000
      217     0.00052817     0.00000000
      218     0.00152941     0.00000000
      219     0.00408564     0.00000000
      220     0.01042548     0.00000000
      221     0.01130155     0.00000000
      222     0.01911425     0.00000000
      223     0.03174791     0.00000000
      224     0.05057251     0.00000000
      225     0.07461012     0.00000000
      226     0.09836938     0.00000000
      227     0.11358372     0.00000000
      228     0.11554991     0.00000000
      229     0.10616579     0.00000000
      230     0.09068183     0.00000000
      231     0.07365575     0.00000000
      232     0.05770831     0.00000000
      233     0.04394873     0.00000000
      234     0.03262132     0.00000000
      235     0.02357611     0.00000000
      236     0.00000000     0.00000000
      237     0.00000000     0.00000000
      238     0.00000000     0.00000000
      239     0.00000000     0.00004147
      240     0.00000000     0.00153648
      241     0.00000000     0.00087503
      242     0.00000000     0.00048722
      243     0.00000000     0.00000000
      244     0.00000000     0.00000000
      245     0.00000000     0.00000000
      246     0.00000000     0.00000000
      247     0.00000000     0.00000000
      248     0.00000000     0.00000000
      249     0.00000000     0.00000000
      250     0.00000000     0.00000000
      251     0.00000000     0.00000000
      252     0.00000000     0.00000000
      253     0.00000000     0.00000000
      254     0.00000000     0.00000000
      255     0.00000000     0.00000000
      256     0.00000000     0.00000000
      257     0.00000000     0.00383730
      258     0.00000000     0.00873818
      259     0.00000000     0.01306433
      260     0.00000000     0.01600700
      261     0.00000000     0.00867485
      262     0.00000000     0.00782182
      263     0.00000000     0.00542070
      264     0.00000000     0.00168016
      265     0.00000000     0.00000000
      266     0.00000000     0.00000000
      267     0.00000000     0.00000000
      268     0.00000000     0.00000000
      269     0.00000000     0.00000000
      270     0.00000000     0.00000000
      271     0.00000000     0.00000891
      272     0.00000000     0.00607402
      273     0.00000000     0.01077837
      274     0.00000000     0.01246565
      275     0.00000000     0.01014320
      276     0.00000000     0.00414572
      277     0.00000000     0.00000000
      278     0.00000000     0.00000000
      279     0.00000000     0.00000000
      280     0.00000000     0.00000000
      281     0.00000000     0.00000000
      282     0.00000000     0.00265188
      283     0.00000000     0.00565831
      284     0.00000000     0.00606322
      285     0.00000000     0.00340757
      286     0.00000000     0.00000000
      287     0.00000000     0.00000000
      288     0.00000000     0.00000000
      289     0.00000000     0.00000000
      290     0.00000000     0.00046243
      291     0.00000000     0.00489396
      292     0.00000000     0.00640035
      293     0.00000000     0.00393593
      294     0.00000000     0.00000000
      295     0.00000000     0.00000000
      296     0.00000000     0.00000000
      297     0.00000000     0.00000000
      298     0.00000000     0.00247707
      299     0.00000000     0.00532454
      300     0.00000000     0.00410260
      301     0.00000000     0.00000000
      302     0.00000000     0.00000000
      303     0.00000000     0.00000000
      304     0.00000000     0.00000000
      305     0.00000000     0.00161727
      306     0.00000000     0.00274490
      307     0.00000000     0.00153938
      308     0.00000000     0.00000000
      309     0.00000000     0.00000000
      310     0.00000000     0.00000000
      311     0.00000000     0.00046040
      312     0.00000000     0.00228942
      313     0.00000000     0.00195623
      314     0.00000000     0.00000000
      315     0.00000000     0.00000000
      316     0.00000000     0.00000000
      317     0.00000000     0.00008390
      318     0.00000000     0.00181716
      319     0.00000000     0.00164836
      320     0.00000000     0.00000000
      321     0.00000000     0.00000000
      322     0.00000000     0.00000000
      323     0.00000000     0.00020072
      324     0.00000000     0.00105455
      325     0.00000000     0.00075817
      326     0.00000000     0.00000000
      327     0.00000000     0.00000000
      328     0.00000000     0.00000000
      329     0.00000000     0.00048035
      330     0.00000000     0.00094966
      331     0.00000000     0.00034608
      332     0.00000000     0.00000000
      333     0.00000000     0.00000000
      334     0.00000000     0.00000000
      335     0.00000000     0.00069243
      336     0.00000000     0.00065286
      337     0.00000000     0.00000000
      338     0.00000000     0.00000000
      339     0.00000000     0.00000000
      340     0.00000000     0.00033378
      341     0.00000000     0.00051461
      342     0.00000000     0.00015206
      343     0.00000000     0.00000000
      344     0.00000000     0.00000000
      345     0.00000000     0.00003199
      346     0.00000000     0.00044269
      347     0.00000000     0.00030385
      348     0.00000000     0.00000000
      349     0.00000000     0.00000000
      350     0.00000000     0.00000000
      351     0.00000000     0.00032873
      352     0.00000000     0.00038259
      353     0.00000000     0.00000000
      354     0.00000000     0.00000000
      355     0.00000000     0.00000000
      356     0.00000000     0.00020186
      357     0.00000000     0.00041589
      358     0.00000000     0.00011013
      359     0.00000000     0.00000000
      360     0.00000000     0.00000000
      361     0.00000000     0.00006041
      362     0.00000000     0.00039163
      363     0.00000000     0.00023548
      364     0.00000000     0.00000000
      365     0.00000000     0.00000000
      366     0.00000000     0.00000000
      367     0.00000000     0.00034651
      368     0.00000000     0.00035593
      369     0.00000000     0.00000000
      370     0.00000000     0.00000000
      371     0.00000000     0.00000000
      372     0.00000000     0.00023972
      373     0.00000000     0.00044354
      374     0.00000000     0.00010427
      375     0.00000000     0.00000000
      376     0.00000000     0.00000000
      377     0.00000000     0.00005803
      378     0.00000000     0.00045527
      379     0.00000000     0.00030782
      380     0.00000000     0.00000000
      381     0.00000000     0.00000000
      382     0.00000000     0.00000000
      383     0.00000000     0.00039932
      384     0.00000000     0.00054609
      385     0.00000000     0.00004939
      386     0.00000000     0.00000000
      387     0.00000000     0.00000000
      388     0.00000000     0.00010829
      389     0.00000000     0.00058022
      390     0.00000000     0.00038907
      391     0.00000000     0.00000000
      392     0.00000000     0.00000000
      393     0.00000000     0.00000000
      394     0.00000000     0.00035378
      395     0.00000000     0.00058590
      396     0.00000000     0.00016793
      397     0.00000000     0.00000000
      398     0.00000000     0.00000000
      399     0.00000000     0.00000000
      400     0.00000000     0.00046118
      401     0.00000000     0.00062511
      402     0.00000000     0.00000000
      403     0.00000000     0.00000000
      404     0.00000000     0.00000000
      405     0.00000000     0.00008768
      406     0.00000000     0.00062049
      407     0.00000000     0.00049145
      408     0.00000000     0.00000000
      409     0.00000000     0.00000000
      410     0.00000000     0.00000000
      411     0.00000000     0.00015174
      412     0.00000000     0.00052856
      413     0.00000000     0.00035350
      414     0.00000000     0.00000000
      415     0.00000000     0.00000000
      416     0.00000000     0.00000000
      417     0.00000000     0.00012400
      418     0.00000000     0.00035151
      419     0.00000000     0.00021392
      420     0.00000000     0.00000000
      421     0.00000000     0.00000000
      422     0.00000000     0.00000000
      423     0.00000000     0.00006605
      424     0.00000000     0.00017252
      425     0.00000000     0.00009217
      426     0.00000000     0.00000000
      427     0.00000000     0.00000000
      428     0.00000000     0.00000000
      429     0.00000000     0.00000000
      430     0.00000000     0.00000000
      431     0.00000000     0.00000000
      432     0.00000000     0.00003857
      433     0.00000000     0.00020641
      434     0.00000000     0.00019371
      435     0.00000000     0.00000000
      436     0.00000000     0.00000000
      437     0.00000000     0.00000000
      438     0.00000000     0.00007300
      439     0.00000000     0.00043064
      440     0.00000000     0.00038267
      441     0.00000000     0.00000000
      442     0.00000000     0.00000000
      443     0.00000000     0.00000000
      444     0.00000000     0.00009338
      445     0.00000000     0.00056912
      446     0.00000000     0.00048722
      447     0.00000000     0.00000000
      448     0.00000000     0.00000000
      449     0.00000000     0.00000000
      450     0.00000000     0.00015049
      451     0.00000000     0.00069779
      452     0.00000000     0.00053262
      453     0.00000000     0.00000000
      454     0.00000000     0.00000000
      455     0.00000000     0.00000000
      456     0.00000000     0.00026170
      457     0.00000000     0.00076340
      458     0.00000000     0.00045690
      459     0.00000000     0.00000000
      460     0.00000000     0.00000000
      461     0.00000000     0.00000000
      462     0.00000000     0.00033124
      463     0.00000000     0.00060249
      464     0.00000000     0.00021847
      465     0.00000000     0.00000000
      466     0.00000000     0.00000000
      467     0.00000000     0.00000000
      468     0.00000000     0.00046756
      469     0.00000000     0.00053267
      470     0.00000000     0.00000813
      471     0.00000000     0.00000000
      472     0.00000000     0.00000000
      473     0.00000000     0.00011078
      474     0.00000000     0.00053748
      475     0.00000000     0.00034991
      476     0.00000000     0.00000000
      477     0.00000000     0.00000000
      478     0.00000000     0.00000000
      479     0.00000000     0.00032640
      480     0.00000000     0.00048690
      481     0.00000000     0.00006896
      482     0.00000000     0.00000000
      483     0.00000000     0.00000000
      484     0.00000000     0.00004583
      485     0.00000000     0.00036947
      486     0.00000000     0.00025544
      487     0.00000000     0.00000000
      488     0.00000000     0.00000000
      489     0.00000000     0.00000000
      490     0.00000000     0.00025079
      491     0.00000000     0.00034830
      492     0.00000000     0.00003046
      493     0.00000000     0.00000000
      494     0.00000000     0.00000000
      495     0.00000000     0.00009151
      496     0.00000000     0.00035391
      497     0.00000000     0.00018858
      498     0.00000000     0.00000000
      499     0.00000000     0.00000000
      500     0.00000000     0.00000000
      501     0.00000000     0.00026553
      502     0.00000000     0.00027294
      503     0.00000000     0.00000000
      504     0.00000000     0.00000000
      505     0.00000000     0.00000000
      506     0.00000000     0.00016449
      507     0.00000000     0.00032550
      508     0.00000000     0.00008946
      509     0.00000000     0.00000000
      510     0.00000000     0.00000000
      511     0.00000000     0.00003081
      512     0.00000000     0.00032157
      513     0.00000000     0.00022215
      514     0.00000000     0.00000000
      515     0.00000000     0.00000000
      516     0.00000000     0.00000000
      517     0.00000000     0.00025457
      518     0.00000000     0.00032279
      519     0.00000000     0.00000000
      520     0.00000000     0.00000000
      521     0.00000000     0.00000000
      522     0.00000000     0.00013068
      523     0.00000000     0.00038102
      524     0.00000000     0.00017375
      525     0.00000000     0.00000000
      526     0.00000000     0.00000000
      527     0.00000000     0.00000000
      528     0.00000000     0.00033144
      529     0.00000000     0.00032416
      530     0.00000000     0.00000000
      531     0.00000000     0.00000000
      532     0.00000000     0.00000000
      533     0.00000000     0.00017912
      534     0.00000000     0.00038836
      535     0.00000000     0.00014270
      536     0.00000000     0.00000000
      537     0.00000000     0.00000000
      538     0.00000000     0.00000000
      539     0.00000000     0.00032015
      540     0.00000000     0.00030410
      541     0.00000000     0.00000000
      542     0.00000000     0.00000000
      543     0.00000000     0.00000000
      544     0.00000000     0.00015730
      545     0.00000000     0.00039696
      546     0.00000000     0.00018563
      547     0.00000000     0.00000000
      548     0.00000000     0.00000000
      549     0.00000000     0.00000000
      550     0.00000000     0.00025883
      551     0.00000000     0.00031614
      552     0.00000000     0.00002915
      553     0.00000000     0.00000000
      554     0.00000000     0.00000000
      555     0.00000000     0.00002560
      556     0.00000000     0.00025006
      557     0.00000000     0.00018913
      558     0.00000000     0.00000000
      559     0.00000000     0.00000000
      560     0.00000000     0.00000000
      561     0.00000000     0.00008369
      562     0.00000000     0.00019140
      563     0.00000000     0.00008911
      564     0.00000000     0.00000000
      565     0.00000000     0.00000000
      566     0.00000000     0.00000000
      567     0.00000000     0.00005742
      568     0.00000000     0.00006817
      569     0.00000000     0.00001323
      570     0.00000000     0.00000000
      571     0.00000000     0.00000000
      572     0.00000000     0.00000282
      573     0.00000000     0.00000000
      574     0.00000000     0.00000000
      575     0.00000000     0.00000000
      576     0.00000000     0.00009246
      577     0.00000000     0.00010844
      578     0.00000000     0.00000000
      579     0.00000000     0.00000000
      580     0.00000000     0.00000000
      581     0.00000000     0.00004286
      582     0.00000000     0.00022225
      583     0.00000000     0.00017250
      584     0.00000000     0.00000000
      585     0.00000000     0.00000000
      586     0.00000000     0.00000000
      587     0.00000000     0.00014551
      588     0.00000000     0.00033993
      589     0.00000000     0.00016600
      590     0.00000000     0.00000000
      591     0.00000000     0.00000000
      592     0.00000000     0.00000000
      593     0.00000000     0.00028411
      594     0.00000000     0.00040216
      595     0.00000000     0.00007244
      596     0.00000000     0.00000000
      597     0.00000000     0.00000000
      598     0.00000000     0.00000474
      599     0.00000000     0.00041593
      600     0.00000000     0.00036866
      601     0.00000000     0.00000000
      602     0.00000000     0.00000000
      603     0.00000000     0.00000000
      604     0.00000000     0.00017081
      605     0.00000000     0.00042698
      606     0.00000000     0.00020012
      607     0.00000000     0.00000000
      608     0.00000000     0.00000000
      609     0.00000000     0.00000000
      610     0.00000000     0.00033405
      611     0.00000000     0.00039143
      612     0.00000000     0.00000000
      613     0.00000000     0.00000000
      614     0.00000000     0.00000000
      615     0.00000000     0.00011305
      616     0.00000000     0.00041677
      617     0.00000000     0.00023386
      618     0.00000000     0.00000000
      619     0.00000000     0.00000000
      620     0.00000000     0.00000000
      621     0.00000000     0.00026014
      622     0.00000000     0.00031465
      623     0.00000000     0.00000000
      624     0.00000000     0.00000000
      625     0.00000000     0.00000000
      626     0.00000000     0.00010671
      627     0.00000000     0.00033531
      628     0.00000000     0.00016377
      629     0.00000000     0.00000000
      630     0.00000000     0.00000000
      631     0.00000000     0.00000000
      632     0.00000000     0.00027341
      633     0.00000000     0.00027593
      634     0.00000000     0.00000000
      635     0.00000000     0.00000000
      636     0.00000000     0.00000000
      637     0.00000000     0.00015725
      638     0.00000000     0.00032184
      639     0.00000000     0.00009762
      640     0.00000000     0.00000000
      641     0.00000000     0.00000000
      642     0.00000000     0.00001362
      643     0.00000000     0.00027737
      644     0.00000000     0.00020520
      645     0.00000000     0.00000000
      646     0.00000000     0.00000000
      647     0.00000000     0.00000000
      648     0.00000000     0.00020345
      649     0.00000000     0.00027881
      650     0.00000000     0.00001641
      651     0.00000000     0.00000000
      652     0.00000000     0.00000000
      653     0.00000000     0.00008697
      654     0.00000000     0.00029570
      655     0.00000000     0.00014729
      656     0.00000000     0.00000000
      657     0.00000000     0.00000000
      658     0.00000000     0.00000000
      659     0.00000000     0.00024809
      660     0.00000000     0.00024874
      661     0.00000000     0.00000000
      662     0.00000000     0.00000000
      663     0.00000000     0.00000000
      664     0.00000000     0.00013879
      665     0.00000000     0.00028885
      666     0.00000000     0.00009445
      667     0.00000000     0.00000000
      668     0.00000000     0.00000000
      669     0.00000000     0.00000000
      670     0.00000000     0.00025533
      671     0.00000000     0.00021146
      672     0.00000000     0.00000000
      673     0.00000000     0.00000000
      674     0.00000000     0.00000000
      675     0.00000000     0.00014848
      676     0.00000000     0.00026105
      677     0.00000000     0.00006906
      678     0.00000000     0.00000000
      679     0.00000000     0.00000000
      680     0.00000000     0.00000249
      681     0.00000000     0.00021785
      682     0.00000000     0.00017652
      683     0.00000000     0.00000000
      684     0.00000000     0.00000000
      685     0.00000000     0.00000000
      686     0.00000000     0.00010542
      687     0.00000000     0.00019910
      688     0.00000000     0.00006573
      689     0.00000000     0.00000000
      690     0.00000000     0.00000000
      691     0.00000000     0.00000000
      692     0.00000000     0.00013369
      693     0.00000000     0.00012482
      694     0.00000000     0.00000000
      695     0.00000000     0.00000000
      696     0.00000000     0.00000000
      697     0.00000000     0.00003530
      698     0.00000000     0.00009480
      699     0.00000000     0.00004520
      700     0.00000000     0.00000000
      701     0.00000000     0.00000000
      702     0.00000000     0.00000000
      703     0.00000000     0.00002153
      704     0.00000000     0.00001822
      705     0.00000000     0.00000104
      706     0.00000000     0.00000496
      707     0.00000000     0.00001652
      708     0.00000000     0.00000000
      709     0.00000000     0.00000000
      710     0.00000000     0.00000000
      711     0.00000000     0.00001560
      712     0.00000000     0.00007979
      713     0.00000000     0.00006044
      714     0.00000000     0.00000000
      715     0.00000000     0.00000000
      716     0.00000000     0.00000000
      717     0.00000000     0.00008100
      718     0.00000000     0.00015251
      719     0.00000000     0.00005161
      720     0.00000000     0.00000000
      721     0.00000000     0.00000000
      722     0.00000000     0.00000000
      723     0.00000000     0.00015318
      724     0.00000000     0.00016824
      725     0.00000000     0.00000000
      726     0.00000000     0.00000000
      727     0.00000000     0.00000000
      728     0.00000000     0.00005904
      729     0.00000000     0.00023441
      730     0.00000000     0.00015067
      731     0.00000000     0.00000000
      732     0.00000000     0.00000000
      733     0.00000000     0.00000000
      734     0.00000000     0.00016915
      735     0.00000000     0.00027414
      736     0.00000000     0.00006854
      737     0.00000000     0.00000000
      738     0.00000000     0.00000000
      739     0.00000000     0.00000000
      740     0.00000000     0.00027018
      741     0.00000000     0.00020119
      742     0.00000000     0.00000000
      743     0.00000000     0.00000000
      744     0.00000000     0.00000000
      745     0.00000000     0.00011271
      746     0.00000000     0.00027108
      747     0.00000000     0.00011994
      748     0.00000000     0.00000000
      749     0.00000000     0.00000000
      750     0.00000000     0.00000000
      751     0.00000000     0.00022588
      752     0.00000000     0.00025132
      753     0.00000000     0.00000000
      754     0.00000000     0.00000000
      755     0.00000000     0.00000000
      756     0.00000000     0.00008947
      757     0.00000000     0.00028738
      758     0.00000000     0.00015160
      759     0.00000000     0.00000000
      760     0.00000000     0.00000000
      761     0.00000000     0.00000000
      762     0.00000000     0.00018124
      763     0.00000000     0.00021400
      764     0.00000000     0.00000000
      765     0.00000000     0.00000000
      766     0.00000000     0.00000000
      767     0.00000000     0.00007322
      768     0.00000000     0.00023608
      769     0.00000000     0.00012071
      770     0.00000000     0.00000000
      771     0.00000000     0.00000000
      772     0.00000000     0.00000000
      773     0.00000000     0.00018791
      774     0.00000000     0.00020588
      775     0.00000000     0.00000000
      776     0.00000000     0.00000000
      777     0.00000000     0.00000000
      778     0.00000000     0.00009061
      779     0.00000000     0.00023086
      780     0.00000000     0.00009620
      781     0.00000000     0.00000000
      782     0.00000000     0.00000000
      783     0.00000000     0.00000000
      784     0.00000000     0.00016136
      785     0.00000000     0.00014909
      786     0.00000000     0.00000000
      787     0.00000000     0.00000000
      788     0.00000000     0.00000000
      789     0.00000000     0.00009228
      790     0.00000000     0.00017472
      791     0.00000000     0.00004882
      792     0.00000000     0.00000000
      793     0.00000000     0.00000000
      794     0.00000000     0.00000734
      795     0.00000000     0.00015445
      796     0.00000000     0.00011559
      797     0.00000000     0.00000000
      798     0.00000000     0.00000000
      799     0.00000000     0.00000000
      800     0.00000000     0.00009811
