 -0.998747353171455       0.149517197369950       0.396595623661035     
  0.000000000000000E+000  0.000000000000000E+000  -1.17120524335273     
  1.894933728788795E-002   1.08605503373564      -9.553251162749358E-005
 -1.424240076572173E-002 -3.359869912321930E-002 -3.247735131101750E-002
 -2.419702172349211E-002 -0.201998345967651       0.917411891004367     
  0.000000000000000E+000  0.000000000000000E+000 -0.241847015078488     
  0.884039373645016       -1.09949237853413       1.422891574127866E-003
 -0.693932527488963       0.500989507061173       0.456654311876093     
  4.379758752175151E-002  0.967905613124012       3.267007096265860E-002
  0.000000000000000E+000  0.000000000000000E+000 -0.456519091988093     
 -0.510169554880810      -0.547934436802328      -1.392385020524439E-003
 -0.708159107952153      -0.489391289487659      -0.488314438430758     
  0.998747353171455       0.000000000000000E+000  0.000000000000000E+000
 -0.610714299516665      -0.395984866684452      -7.476190506678524E-003
  3.449298126712182E-002 -3.029062549532969E-003   1.96038312693755     
  9.249485339993280E-002  0.132201670472850      -1.086356832904020E-003
  2.419702172349211E-002  0.000000000000000E+000  0.000000000000000E+000
 -0.576306830483295       0.626191113795098      -0.226894079748244     
 -0.596803748244468       0.640669750662689      -0.106430318817914     
   1.16512589324949       -1.81230304122336       8.309864157955230E-002
 -4.379758752175151E-002  0.000000000000000E+000  0.000000000000000E+000
 -0.543045561167908       0.671625397346580      -0.295837903183956     
  0.456849374926425       0.284879427759257      -0.249563543064383     
   1.18366105316467        1.77013226556528       2.113686338478665E-002
  0.000000000000000E+000 -0.149517197369950       0.000000000000000E+000
  0.000000000000000E+000  0.000000000000000E+000  0.691131271409185     
 -0.652507670659086      -0.271710798087175       0.000000000000000E+000
  0.000000000000000E+000  0.000000000000000E+000  6.872820824107434E-003
  0.000000000000000E+000  0.201998345967651       0.000000000000000E+000
  0.000000000000000E+000  0.000000000000000E+000  0.704863939670448     
 -2.973039482723489E-002  0.115109947236881       0.000000000000000E+000
  0.000000000000000E+000  0.000000000000000E+000 -0.458981350537016     
  0.000000000000000E+000 -0.967905613124012       0.000000000000000E+000
  0.000000000000000E+000  0.000000000000000E+000  4.034002768494987E-002
  9.459148325813453E-002  6.599554244266582E-002  0.000000000000000E+000
  0.000000000000000E+000  0.000000000000000E+000 -9.684940068026214E-002
  0.000000000000000E+000  0.000000000000000E+000 -0.396595623661035     
  0.000000000000000E+000  0.000000000000000E+000  0.487550162450220     
  0.599065352104077      -0.811315173098928       0.000000000000000E+000
  0.000000000000000E+000  0.000000000000000E+000  2.290988370414280E-002
  0.000000000000000E+000  0.000000000000000E+000 -0.917411891004367     
  0.000000000000000E+000  0.000000000000000E+000 -0.236122844843716     
 -0.257505230573314       0.343712680634560       0.000000000000000E+000
  0.000000000000000E+000  0.000000000000000E+000 -2.795817973521179E-002
  0.000000000000000E+000  0.000000000000000E+000 -3.267007096265860E-002
  0.000000000000000E+000  0.000000000000000E+000  0.712016967487100     
 -4.127130330374960E-002  0.197059466600406       0.000000000000000E+000
  0.000000000000000E+000  0.000000000000000E+000  0.506984112253868     
  0.000000000000000E+000  0.000000000000000E+000  0.000000000000000E+000
  0.610714299516665       0.000000000000000E+000  0.000000000000000E+000
  0.000000000000000E+000  0.000000000000000E+000 -0.912356324697052     
  0.526913150903639      -5.278299308532421E-002  2.827512525126113E-002
  0.000000000000000E+000  0.000000000000000E+000  0.000000000000000E+000
  0.576306830483295       0.000000000000000E+000  0.000000000000000E+000
  0.000000000000000E+000  0.000000000000000E+000  0.460312375607817     
 -0.268060875233021       0.701957073493753      -0.419264028119892     
  0.000000000000000E+000  0.000000000000000E+000  0.000000000000000E+000
  0.543045561167908       0.000000000000000E+000  0.000000000000000E+000
  0.000000000000000E+000  0.000000000000000E+000  0.537538483696261     
 -0.308092164713198      -0.685591328122284       0.413145260569571     
  0.000000000000000E+000  0.000000000000000E+000  0.000000000000000E+000
  0.000000000000000E+000  0.395984866684452       0.000000000000000E+000
  0.000000000000000E+000  0.000000000000000E+000  -1.04793126972887     
 -0.605165603537850      -4.581997826430623E-002 -2.449412163558983E-002
  0.000000000000000E+000  0.000000000000000E+000  0.000000000000000E+000
  0.000000000000000E+000 -0.626191113795098       0.000000000000000E+000
  0.000000000000000E+000  0.000000000000000E+000 -0.355304948364032     
 -0.203132490527505       0.609356460668437       0.366450604936474     
  0.000000000000000E+000  0.000000000000000E+000  0.000000000000000E+000
  0.000000000000000E+000 -0.671625397346580       0.000000000000000E+000
  0.000000000000000E+000  0.000000000000000E+000 -0.286582555611353     
 -0.167409780499322      -0.595149647955341      -0.356102397097205     
