INTGRL
                                                                        
                                                                        
s   2    0           0.10D-14
       6.0    2    3    3    2    1
C  1  -1.416509410000000   0.026199670000000   0.053232300000000       *
C  2   1.275262740000000   0.091414230000000  -0.064808690000000       *
H   6   1
       3047.52490000         0.00183470
        457.36951000         0.01403730
        103.94869000         0.06884260
         29.21015500         0.23218440
          9.28666300         0.46794130
          3.16392700         0.36231200
H   3   1
          7.86827240        -0.11933240
          1.88128850        -0.16085420
          0.54424930         1.14345640
H   1   1
          0.16871440         1.00000000
H   3   1
          7.86827240         0.06899910
          1.88128850         0.31642400
          0.54424930         0.74430830
H   1   1
          0.16871440         1.00000000
H   1   1
          0.80000000         1.00000000
       1.0    4    1    2
H  1  -1.719223200000000   0.435167240000000  -1.906397640000000       *
H  2  -2.227606760000000  -1.850044820000000  -0.013582880000000       *
H  3   2.499393020000000   1.246577360000000   1.023684760000000       *
H  4   2.077053880000000  -1.176499090000000  -1.424717460000000       *
H   3   1
         18.73113700         0.03349460
          2.82539370         0.23472695
          0.64012170         0.81375733
H   1   1
          0.16127780         1.00000000
