TEXAS                                                                           
K                   STRE   1    2.        1.
K                   STRE   2    3.        1.
K                   STRE   3    4.        1.
K                   STRE   4    5.        2.
K                   STRE   5    6.        2.
K            2.     BEND   6     3.        4.        1.
            -1.     BEND         2.        3.        1.
            -1.     BEND         2.        4.        1.
K            1.     BEND   7     2.        3.        1.
            -1.     BEND         2.        4.        1.
K            1.     OUT    8     2.        3.        4.        1.
K            2.     BEND   9     5.        6.        2.
            -1.     BEND         1.        5.        2.
            -1.     BEND         1.        6.        2.
K            1.     BEND  10     1.        5.        2.
            -1.     BEND         1.        6.        2.
K            1.     OUT   11     1.        5.        6.        2.
K0.5000000   1.     TORS  12     5.        2.        1.        3.
             1.     TORS         6.        2.        1.        3.
             1.     TORS         5.        2.        1.        4.
             1.     TORS         6.        2.        1.        4.
  0.65E+01  0.55E+01  0.55E+01  0.55E+01  0.55E+01  0.10E+01  0.10E+01  0.10E+01
  0.10E+01  0.10E+01  0.10E+01  0.51E+00
