 2mocoef
header
                     4
MO-coefficients from mcscf.x                                                    
 with dummy occupation 1.0 for active orbitals                                  
 total ao core energy =   32.785084299                                          
MCSCF energy =     -77.853312073                                                
                     1
                    36                    36
 A  
mocoef
(1p3d25.15)                             
   -4.356692862697873D-03    1.978063663420419D-04   -2.096901023789531D-03
    3.254368283407009D-04    1.071785683295436D-04    1.028670499588283D-04
   -1.729318518501053D-03   -1.539448549565321D-04   -4.688937560506629D-04
    5.604113787786858D-06    4.962934749104730D-05   -4.743850331658524D-05
   -6.412507937859738D-05    1.852260342685623D-04   -9.961898871657430D-01
   -2.400291518720306D-02    1.319065889204706D-02   -9.478170265801974D-05
   -5.661032391921644D-05    1.664704405858995D-04   -3.772073307693160D-04
   -6.562272631633451D-05   -1.652553924994587D-04   -1.577177205148514D-04
   -4.756218691222041D-04    6.345028075638598D-05   -4.531424537880672D-05
   -1.828974182077180D-04   -8.749007771253524D-06   -8.853617048999250D-04
    7.664919828271629D-05   -4.425529949617635D-04    4.367290169793222D-04
   -2.758529277353533D-03    3.235486868536643D-04   -2.747197072131096D-03
   -9.962171259183636D-01   -2.525702763977941D-02    1.720458982137981D-02
   -1.088682048744487D-03    9.337528340345549D-04    1.312463394341795D-03
    2.064335199878108D-03   -2.157327223476388D-03   -2.979168566001753D-03
   -1.103745179906360D-04   -3.649239417178453D-05    3.217788231524622D-05
   -1.098287465213350D-05   -9.590337387102334D-05    4.542413877161238D-03
    5.718428410324511D-04   -4.646219049971968D-03   -4.063703768392620D-04
   -6.519210732644879D-05    4.940299892506706D-06    2.577223415790122D-03
    1.069026156189031D-03    5.805294325019417D-04   -4.014933497758445D-05
   -5.500003781348585D-05   -7.627918479787757D-05   -2.229951093326019D-05
    2.547300209991674D-04   -2.853291957460643D-05   -3.873856692319840D-03
   -1.204217963989311D-05   -3.738471547578462D-03    7.985424402285044D-05
   -8.375724592715015D-04    2.851020957061795D-04    2.036894413126702D-04
   -1.367627642835096D-01    2.544389241565774D-01    2.144165220283785D-01
    1.043212912568576D-01   -2.471320600502167D-02   -5.464148705468244D-02
    1.780802951766013D-02   -1.542391836369996D-02   -2.391976023044050D-02
    3.912899002333373D-03   -2.312193900545417D-03   -5.679913844463897D-04
   -1.302838620776184D-03    4.337088078022855D-03   -1.631230472966088D-01
    3.264292225518021D-01    2.584503406216788D-01   -7.813041536835873D-02
   -1.393279245336019D-02   -1.137787435091425D-02   -5.707789210626387D-03
   -7.320675649506443D-03   -1.061094751364078D-02    2.515078476195588D-03
    1.391450276115676D-02   -1.739830534053703D-03    8.747185485265717D-04
    6.145388805795784D-03    9.846301634736296D-02    1.458411395130804D-02
    7.797925441631788D-02    9.213979906439690D-03    9.273011452256182D-02
    2.029126482060186D-02    1.055743437687248D-01    1.542233577482218D-02
    1.244664018269658D-01   -2.316709087307078D-01   -2.613026385955986D-01
    6.085527148388510D-02    6.519536887538019D-02    8.963974057402244D-02
    1.107105394893725D-02    2.828968777915872D-02    3.779091542545170D-02
   -7.913583823289409D-03    1.506495379037874D-03   -2.268173739533682D-03
   -3.002770502142346D-03    5.327614734382181D-03   -1.123059039878298D-01
    2.319479320498228D-01    2.555321055219942D-01    2.281270914472778D-01
    3.090718893916386D-02    1.928358635335137D-02    7.914012977742819D-02
    5.806072854297213D-03    2.260892079131441D-03    4.380692320346721D-03
    2.062931381557888D-02    1.183750593152179D-03    1.826999477396858D-03
   -3.929125872145019D-03   -1.337286209453150D-01   -5.294693703401760D-02
   -1.356282602925862D-01   -5.408749777040948D-02    1.798351402266931D-01
    7.498580359346801D-02    1.286498347877610D-01    5.408294215441415D-02
    3.240638549935340D-02   -6.728331026957532D-02   -7.559983018438701D-02
   -3.594716195769321D-02   -6.271201255492935D-02   -6.196795363475016D-02
   -2.474912450932806D-03   -1.309817375874358D-02   -1.615083880331621D-02
   -7.378564116681677D-03    3.356628067524414D-03    8.635082448549019D-04
   -7.573646318898313D-03   -1.615874275495183D-03    5.785272229084670D-04
   -4.883493152499079D-03   -3.984196928907344D-03    5.563547880915468D-02
   -3.115853266100768D-01   -3.256934250678222D-01    1.780606866494083D-02
   -1.413041399920699D-01   -1.485593048937159D-01   -2.164882156914721D-02
    9.437642097830948D-03    2.553653599794552D-03   -2.104987389227709D-02
   -4.575887621477382D-03    5.572576799929353D-03    5.807514651801269D-03
    8.662790850577912D-03    1.057641049000106D-02   -1.967786713333588D-01
   -1.263340782920102D-01    2.637965012846099D-01    1.864255917311117D-01
    1.131972180371641D-02   -1.062309959250012D-02   -1.127309665410889D-01
    3.341663985313393D-01    2.056031603188635D-01    2.129779199658843D-02
    9.703594667760489D-02    1.014003660399447D-01    2.739201985049989D-02
   -1.282316856926846D-02   -5.905458171662393D-03   -4.471426909679875D-04
   -1.061535776760042D-02    1.589954777025753D-02   -2.941107856524697D-02
    6.078995722140833D-02    1.153061696765076D-01   -3.681234417138481D-01
   -3.367967901104785D-02   -4.156233971198385D-02   -1.953635462669490D-01
   -2.813768378914647D-02   -3.649023854184348D-02   -1.300763587589341D-02
   -8.473072525493003D-03   -1.182056513270415D-03   -7.328488065617263D-03
    5.252502416660353D-03   -3.145386814409575D-02   -2.414763340720978D-02
   -2.222644405453332D-01   -1.866400705814088D-01   -1.425456414137063D-01
   -1.021680151214063D-01   -3.484540741660874D-02   -4.087906046267548D-02
    1.092357961430201D-02   -2.159211543501745D-02   -2.254105021974485D-02
   -1.070696835894653D-01    2.443167816499176D-01   -3.047487514431184D-01
   -3.599313407986315D-02    1.120530222768162D-01   -1.387034691056672D-01
    1.943914096186561D-03   -9.309850653817274D-03    1.198198423644997D-02
   -2.041952277856633D-03    1.684878067339568D-03    1.750891445617088D-02
   -4.301893316515880D-02   -5.546616451712086D-02    1.394491177561256D-01
    1.315534245250642D-01   -9.780186635111078D-02    7.315974422759772D-02
    8.488698788836277D-02   -6.947202326759305D-02   -7.560594928530833D-03
    1.811965208008506D-03    1.251718200649436D-03    1.708779414939207D-02
   -3.984080616623029D-04    2.603356869507020D-01    2.639047898457437D-01
   -1.412722331092714D-01   -1.447004835268400D-01    5.332944891704302D-02
    4.359308559251188D-02    5.490076026492121D-03    2.583211208890940D-03
   -7.676418091305580D-02    1.587718918265950D-01    2.800599200006691D-01
   -2.125323650667453D-01    3.111489442054438D-01    3.128428622817108D-01
   -2.204614740215720D-01    3.214821463508493D-01    3.310150988094265D-01
    6.550875193141934D-03   -1.200459657473443D-02   -7.138323927283618D-04
    1.034839834383904D-02   -5.342876785314869D-04    1.749974776374571D-02
   -5.082636147016658D-02    3.219837025915110D-02    9.681141094470155D-02
   -3.932494298533563D-02   -5.259118944617987D-02    3.237321125799635D-02
    7.431829458062405D-03    8.268174773239675D-03   -2.428937320676219D-02
    3.122462036748175D-03    8.687542415261761D-04   -2.522929018091844D-02
   -9.927933625362884D-04   -4.885493865082051D-02   -1.212278270072180D-02
   -6.228609300000144D-02   -4.361120734009985D-02   -7.322140612019178D-02
   -1.372743872055623D-01    1.054832051421688D-01    1.918220262075964D-01
   -2.626774486884211D-03    5.892289430350771D-04    4.537041683948416D-02
   -1.640045818232777D-02    7.986112850292397D-02   -9.703418788321572D-02
   -4.628694639537418D-03    4.892473292417755D-02   -7.490776200782819D-02
   -2.368220489354431D-02   -3.515021588489833D-03    6.870516180054362D-03
    2.176458657530790D-02    3.650479618284097D-03    9.240888583468070D-03
   -1.727125846654820D-02   -6.987301741856143D-02    6.311206688375222D-02
   -3.838387698612326D-01    3.743309011485832D-01    7.267603194717201D-02
   -4.159891422823337D-01    4.205798767314595D-01   -9.408880388028874D-05
    1.699278685308533D-03    1.722361344871923D-04    3.601040769947337D-03
    8.713797202595099D-04    1.378786392307076D-01    2.294984229523894D-01
   -1.135037654609014D-01   -1.978925745815632D-01    1.064286827214840D-02
    1.624686450704356D-02    8.115666493728909D-04    1.048736521752914D-02
   -5.419316529544424D-02    2.064415666558566D-02    1.200756476848198D+00
   -8.289673871841695D-02   -3.562983275795535D-02   -7.364335693835046D-02
   -2.041279399258619D-01   -2.020315031680035D-01   -3.932207879832550D-01
    3.326593088717041D-03   -5.013640649662799D-03    5.494546417247157D-05
   -1.446031051045448D-04    1.438696155905103D-03   -9.907794995453748D-02
    1.311404770625659D-01    1.590329743796318D+00    1.547190978727651D-01
   -6.642488590620305D-02   -8.304532675363648D-02    7.303720470473118D-01
   -1.637671860161209D-01   -2.259784011770243D-01    1.672104330630232D-03
    2.360474337211623D-04   -1.602180263055428D-03    2.042203627892075D-03
    3.937271726152284D-03   -2.906864735287631D-05   -7.975923865529874D-01
    7.746617147854397D-03   -6.770721054699766D-01   -1.176147323064545D-02
   -9.757272375417093D-01   -1.887880506460081D-02   -1.538528102056667D+00
    1.021506912820296D-01   -4.378972823127683D-02   -1.885155089705808D+00
    1.960370719532241D-02    6.601898527650689D-02    7.758085403383524D-02
   -4.637390873757700D-02    2.647123981051706D-01    4.186462455887036D-01
    2.448118029890201D-03   -5.113363372242365D-03   -8.497116676652571D-04
    6.982732984661850D-03   -4.864243038436359D-04   -7.926019224318792D-02
    5.202970540499281D-02    1.596327773692338D+00    9.011085881697055D-02
    1.143791791755912D-01    1.343398647017447D-01    1.102623337082706D-01
    3.893007704822046D-01    4.610969669115865D-01   -5.160390783472637D-03
   -4.534344684200467D-03    1.058330405241969D-03   -2.296492813737846D-03
   -2.374750352226247D-03    7.080638807288435D-03    1.094511242461628D+00
    1.368534334950354D-02    1.048272851687971D+00   -4.107716075337805D-02
   -1.610161342820335D+00   -2.639259704333666D-02   -3.111284276363619D-02
    5.097301122351352D-02    1.202991914010556D-02   -1.443772299436554D+00
    1.475988515385040D-02   -9.967729173199896D-02    1.847812247050246D-01
   -1.614570121105329D-01   -9.152523794049168D-02    1.146762676806242D+00
   -1.598671343730359D-02   -5.528802127883584D-03   -3.497539908531383D-04
   -3.717513218968066D-03   -1.947796949095474D-03   -1.349147331541824D-02
   -6.505454905890885D-02    6.742854516377788D-01    2.364782122179012D-02
   -1.853719471205620D-01   -1.823970232721372D-01   -3.894152692408593D-01
   -7.972363144049366D-01   -1.036222340573979D+00    9.328995057467227D-03
   -5.185431691314006D-03    2.843393133268729D-03   -6.735956132908810D-03
    1.234545732814351D-03    2.041281632792043D-02    1.621518796390546D+00
   -4.448643319495953D-02   -9.076387311570987D-02   -2.108230192345634D-02
    1.213945139521993D+00   -2.381519583741640D-02   -1.526090395676086D+00
    5.070155340489136D-02   -1.254001725029066D-02   -1.225256958508675D+00
    1.563064019808679D-02    2.431372017147568D-01   -1.365286931578709D-01
   -1.065621049757980D-01    1.251657605959345D+00   -3.152182272121476D-01
    6.021137163897076D-04   -3.568991975197303D-03    8.584501850885061D-05
   -9.759298008254867D-03    2.014980276565570D-03   -2.035741056803557D-02
    2.264802047091037D-03    4.239095876448842D-01   -5.046255464019755D-02
   -1.290605418318834D-01   -1.273029673682865D-01   -5.115869064913561D-01
   -9.198687545236119D-01   -4.667616059078671D-01   -1.737416733262680D-02
    6.269791041858873D-03   -2.758086118117281D-03    8.151502751027681D-03
   -3.126768816060152D-03   -4.378454694228614D-02   -7.964954873129306D-01
    9.065228746521362D-03    1.842804790503058D+00   -1.638047805830448D-02
    1.039223039255893D+00    2.122940663039134D-02   -9.444760911034580D-01
    6.756766494217825D-02   -6.635540277548341D-03   -2.114935267491390D+00
   -2.273660648568092D-01   -1.011469860559532D-01   -4.452905334599749D-02
   -2.194362801515658D+00   -4.170547857923251D-01   -1.192415838756514D-01
    1.665313324579193D-03    1.465750542317565D-02   -5.119363528843957D-04
    6.599229162296074D-03   -5.471351150726548D-04   -7.232764646406904D-02
    9.435956696219591D-02    1.941315793784588D+00   -1.392537022130019D-01
   -2.484952197059580D-03    2.449268587753208D-02   -2.365329733315820D+00
    1.094527725304158D-01    2.426961395146366D-01    1.121857810669283D-02
    2.442479504973803D-02    3.483916678860317D-03    1.024940069195265D-02
   -8.848851002897874D-03   -6.708865650414091D-02   -1.328008043008539D-01
   -1.926528012767054D-02   -7.716896376302748D-01    8.152508962625583D-02
    4.353582594029385D-01    9.609312139642888D-02    5.254810831703499D-01
   -2.078521171751324D-02   -1.386048577792648D-01   -2.289661104193397D-01
   -4.232169271545015D-01    7.140777677314535D-03   -1.395444646766028D-01
    7.450796991797340D-01    7.511728578673700D-02    1.819213438381022D-01
   -5.781763897490786D-04   -4.106871389039130D-03    1.502176297729482D-02
   -2.508099495065759D-03   -3.638770705996348D-02   -3.444040529145366D-04
   -1.820591193979029D-01   -2.658701573074270D-01    6.405565681087217D-01
    2.334184386393805D-03   -1.225953674502231D-01   -1.127908507105078D+00
    3.492949548944412D-03    7.922563003137881D-02   -8.996606409744031D-03
    3.346516483680527D-02    9.510566497073328D-03    6.476052590947751D-03
   -2.723857782780546D-02    2.102596768688350D-01   -2.666895557063960D-01
    8.518552851133507D-02    8.670441970368782D-02    9.979693620081928D-02
    2.344278633230346D-01    2.217559657273336D-01    3.050448343237245D-02
   -1.981572519907940D-04    1.032754574273812D-02   -2.600090701585575D-01
    1.056705090311484D-01    3.585174207331962D-01   -2.829529260318058D-01
   -4.608187191151988D-01   -6.344420844772141D-01    6.566206552759600D-01
   -9.793784198824904D-03   -1.829596879249736D-02    1.929526553461208D-02
   -3.551889877560811D-02    1.430478824334403D-02    3.944052711710496D-03
   -1.372265752891115D-02    3.451337019216346D-01   -1.668733304825029D-02
    6.344703212172111D-01   -3.477285634549386D-01   -2.395317930961775D-01
   -7.104600735717035D-01   -5.942457051529306D-02    2.471864001519275D-02
   -5.675226231894335D-03   -6.891982054052469D-04    4.125785378241064D-02
    1.510970914549606D-02    2.595136342836386D-01    1.125224955763627D-01
   -3.930098756623210D-01   -1.223529189480694D-01    1.759452460367253D-01
    1.394752812784690D-01   -1.496060968540948D-01   -8.851817434057840D-02
    2.015440720250352D-02   -1.861759904887678D-01    3.032711971356709D-01
   -1.362868920541564D-01   -3.692500104248903D-01   -3.621149195070200D-03
    2.799300884631842D-01    5.284109062183228D-01   -3.636026493609703D-01
    5.392904422472959D-02    5.782545248799650D-03   -1.164908562748769D-02
   -9.075694618446102D-03   -6.325178623216055D-03   -1.969475638399131D-02
   -1.935327262481604D-01    2.356680293565295D-01   -1.953925666374596D-01
    3.835246730757260D-01   -6.827775281903128D-01    5.511822629236605D-01
   -2.399179458419967D-01    1.201602142640321D+00   -5.236510882328170D-02
   -3.362740491420780D-02    5.320884473068082D-03   -1.369342890449887D-02
   -1.764731934171834D-02   -1.784319800256187D-01    2.765720291238632D-01
    2.759230602131313D-01   -1.692972168521353D-01   -3.669049589788325D-01
   -3.238921448394198D-01    1.836385613838809D-02    1.102143495205898D-01
    4.740977808934903D-02   -2.800762573402576D-01   -1.166525791617071D-01
    5.963587111652811D-03   -2.046679740981366D-01   -7.548327478415001D-01
   -2.604013057201685D-01   -1.010441484454651D-01    1.005128718054135D+00
   -6.286432183199840D-03   -1.630527676860044D-02    1.057667230090525D-02
    1.034775984066663D-02    9.237887674037864D-03   -2.794513809533954D-02
   -3.863165231595738D-01    1.096342158703339D+00   -1.861815411693353D-01
   -3.191455252195671D-01    1.347720162955861D-01    2.630233748647553D-01
    6.951355548473709D-01   -9.414767568951313D-02   -1.214711226373799D-02
   -5.618735635064084D-02    5.313772652254630D-03   -3.522266523426717D-03
   -6.932807087066232D-03    2.801315498890931D-01    1.607047467504152D-02
   -6.423816190883969D-02    3.188894763358931D-02   -3.901604556899973D-01
   -3.625051858384402D-01   -1.041161080586148D-01    1.019149379295268D-01
    3.542381284411885D-03   -6.816454379474682D-02    2.635547524062384D-01
   -7.718662920637116D-01    4.320446097687404D-01    2.253163580432064D-01
    5.335400280822818D-01   -5.272408409365593D-01   -2.668682425245592D-01
    1.142303645646326D-02   -1.319543789941442D-02   -7.274425343981167D-03
    1.088765679804317D-02    2.191693279736911D-02   -6.491632313572528D-02
   -3.904162140824435D-01    8.283714685296484D-01   -3.405739602276346D-01
    2.908423201760483D-02    1.928478264746581D-01    3.926645699416193D-01
   -1.159751884109791D-01   -3.791265790083339D-01   -2.380788108818679D-02
   -9.442865064747306D-02    1.567545214591311D-02    3.796606772794790D-03
   -4.946318910809981D-02   -4.252399680854604D-02   -1.350679044426111D-01
   -5.007102554194676D-02   -1.612236697641530D-01   -3.241772972148610D-01
    9.168917900761593D-02   -3.860656046226596D-01   -3.799999444405124D-01
    3.431893726413933D-03    3.056317118860430D-01    1.008609607324428D-02
    4.525752760645679D-02    5.078978393472939D-01    1.179422051616334D-01
   -2.391261663393716D-02   -1.278901453845244D+00   -2.262179186753075D-01
    5.507025113258111D-02   -1.164747279570320D-02    7.968499376394895D-03
    5.936737609346025D-02    2.868248247413093D-02    1.628473698606818D-02
    3.644285604362754D-01   -5.778345554338611D-01   -1.956518210318104D-01
   -3.671653343043802D-01   -3.831537853662015D-01    4.129051740038097D-01
    1.518177345251490D+00    1.283138204189713D+00   -8.593061412906471D-02
    5.295201240954209D-02    5.975194001399573D-03   -9.628201054134004D-02
    9.522420089775571D-03    2.313953498608562D-01    2.377934961832319D-01
   -2.062299578085379D-02   -3.863390561470714D-01   -2.101006239194322D-01
   -6.393850061239637D-01    5.298023455425594D-01    6.045909405256148D-01
    4.330513920594856D-02    6.505053492917540D-02    1.361055430534842D-03
   -3.275146861288331D-01   -1.318332304444216D-02   -3.173548735003556D-01
    1.033642114271878D+00    5.652069434271548D-01    1.028677424937148D+00
    8.865904453479026D-02   -1.868575924181737D-02   -1.798317747773643D-02
    8.848728826944765D-03    2.193802759314935D-02    1.761744514146332D-02
    6.675968711268664D-01   -1.599403512855327D+00   -4.960412720977613D-01
    4.682426037932080D-01    4.877505911999631D-01    7.761849216142744D-01
   -1.162219762038790D+00   -1.174699091981112D+00   -7.607992860332520D-02
    1.119603510006663D-01    1.412661834701828D-02   -1.090402119549936D-02
   -2.438519480387025D-02    7.420788883900466D-02    8.382318192387637D-01
    4.029745576305572D-01    2.359818482826888D-01    1.426779130204315D-01
    8.272277716475086D-01    5.904144421432548D-01   -1.229768492202968D+00
    3.336156099632559D-03   -1.568884227970403D-01   -2.341551989586622D-01
    3.480046070881145D-01   -1.224315579771534D-01    4.059346839758698D-01
   -9.878883432358537D-01    7.201284780494241D-02   -6.033334317021484D-01
    3.736692049080609D-02   -2.540510984740621D-02    2.384343998112429D-02
    1.046084796125513D-01   -1.771891782645545D-02   -1.416735031468117D-02
   -5.970721115249013D-01    1.668945688592727D+00    2.734623014333955D-01
    5.159214846201891D-01    4.800846549465824D-01   -8.236651228078453D-01
   -7.611134131905405D-01   -7.029202638064311D-01   -9.593139872025179D-02
   -3.752454762454548D-02   -6.320648337637375D-04   -1.658166967079445D-01
    2.058718737192377D-03    4.140040645483555D-01   -1.063195967164868D+00
   -1.068413918310674D-01   -9.093178987102644D-02   -6.351090223011652D-01
    1.057024255816842D+00    3.694922142592082D-01   -1.051647230371182D+00
   -2.489207244740360D-03    3.464133160638950D-02   -4.151227761200313D-01
    3.570358345043426D-01    6.437492088655893D-01   -3.890741634524651D-01
   -7.952462013337759D-01   -9.266739794137169D-01    5.058357283210878D-01
    1.069592682620854D-01    3.324634064309667D-02   -2.687057891929520D-02
   -3.016554384615419D-02   -5.202849292415378D-02   -1.146587131813887D-02
    9.347207270839114D-02    1.608675703807031D-01    4.653643839868344D-01
    8.706744261224768D-02    1.359429848572779D-01   -9.060687644724982D-01
   -1.738912009797809D-01   -2.445146020665219D-01   -1.135078289046771D-01
   -7.029119769485999D-02   -7.579175172727588D-03    1.737179853383484D-02
    3.699638204844045D-02   -5.075604511718302D-01    8.384264167279700D-01
    6.313463922871880D-01   -1.397198515490613D+00   -3.669044584054597D-01
    8.146323776776212D-01   -1.845057853446939D-01    1.681973106872278D-01
   -8.498038535830062D-03   -1.815484806369577D-01   -8.488435377318096D-02
    1.596720607453802D-01    2.593870070462567D-01   -3.377419919502179D-02
   -6.356517425358776D-01   -4.746209677192003D-01   -1.298706110372842D-01
    1.659250183160214D-02    2.709779163658004D-04   -5.131222188294472D-03
   -2.123549264315654D-02   -4.157188642100355D-02    3.418747280641399D-02
   -1.736850919512764D+00    3.497193538626232D+00   -3.217498557676348D-01
   -5.975407684533914D-02   -3.831690975778536D-03    2.314070181016346D-01
    1.501836480888985D-01    8.779050997255743D-02    5.854995953475636D-03
    9.491088645614897D-02    3.991170152760981D-03    4.548183158022123D-02
   -1.471051907504036D-02   -1.905424975506909D-01    2.858906937210426D-03
    1.965858250629707D-01   -6.379738608223748D-01    5.233446811398663D-01
   -1.383611654624048D+00    4.128795727875834D-01   -1.083539861924923D+00
    3.226162276185123D-02   -1.742284993667112D+00    3.938575166083290D+00
    1.769003582336683D-01    2.630916693847082D-01    3.865761240286103D-01
    3.497110104130746D-01   -4.783707671522233D-01   -7.106937640747503D-01
    1.840128413250633D-02   -2.710730853490034D-02    5.973910804512453D-03
   -1.054666122545437D-02   -1.276160338082650D-02   -8.852140440168979D-03
    4.416840153777195D-01   -1.691172113588431D+00   -1.328434818067658D-01
   -1.473056157905614D-01   -1.193738157852724D-01    7.266821952731787D-01
    2.622586366576058D-01    1.452106348937600D-01    2.569673349345863D-02
    7.572692640858913D-03    1.054431517296192D-02    3.527326325737477D-02
   -3.749998786043877D-02    4.968236366800069D-01   -1.261667118843156D+00
    4.704022491632983D-01   -1.203576549055616D+00    2.010412939313606D-01
   -2.083039635436482D-01   -2.131606499448985D-01    4.623565213582417D-01
   -1.030590257619850D-01   -1.451958761832672D+00    4.971393648637797D+00
   -1.028590926445803D-01    9.543533297433507D-02   -1.673580494557103D-01
    1.339785238241311D+00   -8.682543159898525D-01   -8.396850070798301D-01
   -1.668092659329506D-01    2.312967808963872D-01   -2.291677922512331D-02
    1.145825549646332D-01    1.435487841628435D-02    3.230073430699861D-02
    3.772440820989374D-01   -2.674440417291008D+00    6.863580885053977D-02
    6.543657586702631D-02    7.099049768441404D-02    1.614173579955333D+00
    6.416054477158992D-01    3.812374712863842D-01    8.414753623311519D-02
    1.436354266108294D-01   -2.485386094895103D-03   -1.533327096885893D-01
   -3.851637657113913D-02   -7.843108809432620D-01   -3.335010250592189D-01
   -6.475015550566365D-01   -6.757952693497765D-01   -2.192998039488081D-01
   -3.025643418302926D-01    3.704116337631038D-01   -4.224322092588718D-02
    4.063507735576705D-02    4.761081304584318D-01   -1.720712428929766D+00
    2.973504293397562D-02    1.212348747218028D-01   -1.310203680346315D-01
   -3.694342564556868D-01    3.554290567374500D-01    4.327342167226894D-01
   -3.095947699727948D-01   -1.304294242133351D-01   -5.782089248930936D-02
    4.197185587255340D-01   -5.402433391510157D-02   -7.584828629842089D-03
   -5.640052821723458D-02    7.082551294650163D-01   -5.244464414367496D-02
    7.682067334924519D-02   -1.064295653019942D-01   -5.345793867043932D-01
   -3.782004871588197D-01   -2.269211815877555D-01    4.310673342796933D-01
   -1.218667889403529D-01   -2.237245922052527D-02   -4.439423566250371D-01
   -5.095979173937425D-02    1.636220678264134D-01    3.282840350025581D-01
    3.979681375000836D-01    1.580096993567789D-01    1.515729235280980D-01
    2.011750609502553D-01   -1.184641947337584D-01   -5.455058529738339D-02
    7.304864234617368D-03    6.587060539146543D-02   -2.980412019808443D-01
    3.675661757065908D-03    2.356329372224574D-03   -3.613300375156168D-04
   -3.238216124367357D-02    3.003400753477178D-01   -5.397848372275162D-02
   -3.785005165737602D-02    2.171984293093117D-01    4.477023859799754D-02
    1.285328096351764D-01    4.360506512222297D-02   -6.038103712800223D-03
   -7.874902357458360D-02    2.698108118286151D-01    1.483812583281863D-03
    2.001449630579403D-02   -6.298091172940983D-03   -9.366513035619439D-02
   -2.140606431788712D-01   -1.302967713410260D-01    1.221742466351625D-01
    1.010959013602182D-02    2.347043673187585D-01   -5.424150479778652D-02
    2.263188928036060D-01   -3.898547569237810D-02   -1.287078390990156D-01
    1.719944704540385D-01    1.781949291056946D-01    2.922294954676954D-02
    6.489861567566881D-02   -9.085057086832596D-02   -1.127930952367480D-01
   -4.090793877555735D-02   -4.404183188615144D-01    1.762542043555325D+00
    4.725259183648187D-03    2.613348030869115D-02    1.159475510430964D-02
    4.169837350386738D-01   -3.987936711634169D-01   -4.935398511576677D-01
   -2.411140088479465D-01   -8.048246621519013D-01   -5.681945735204514D-02
   -2.068934086981812D-01   -4.264480919543935D-02    2.317699490724190D-02
    1.965523813410471D-01   -1.195581910757475D+00    4.416537383175246D-02
    2.207928513097029D-02    5.201943897403446D-02    4.898264359038492D-01
    5.450059329969924D-01    4.722064855458513D-01    3.617209710808834D-02
   -1.792006835242188D-01    7.278039011587224D-02    1.599158007057253D-01
    6.687054186997683D-02   -2.699743708857923D-01   -2.395496434954729D-01
   -2.133989045699457D-01   -2.641638310391395D-01   -1.476905769654520D-01
   -1.814804216706425D-01    3.903180120378740D-01    2.793308245890780D-01
    3.012313158871809D-02    5.189699797099078D-01   -1.142698281515854D+00
    1.673605222401080D-01    1.280430834741203D-01    7.198015846209307D-02
   -3.159644202532452D-01   -6.620231969325387D-02    9.872683712341554D-02
   -4.873801306536327D-01    3.043425218084808D-01    2.548676668633442D-02
   -5.062256979838321D-01   -1.000747466818282D-01   -1.234668208815585D-02
    1.118909030891641D-01    5.061496433557174D-01   -1.051950357980341D-01
    1.075394380309007D-01    8.645887476687833D-02    9.622228037609830D-02
    4.259621877389814D-01    4.880876609027635D-01    3.779645188307457D-01
    9.069904914397450D-02    1.734144380867075D-02    2.441252838532016D-01
   -1.107851960798541D-01    2.317540987111438D-01    2.783269524516719D-01
    3.029444550295976D-01    6.000662527142536D-02   -5.650072213048324D-01
   -1.981045854438145D-01    2.796126373007101D-01    1.505402196942937D-01
   -3.717010685156064D-02    1.982677536079164D-01    8.417329933209824D-01
    2.981888180223844D-01   -4.367577064829603D-02   -7.931191351324707D-02
    1.125920381633453D-01   -1.399599467110987D-01   -4.561935805890218D-02
    8.324469495896623D-02    2.442100638628746D-02    6.809035541537163D-02
    2.491235739430830D-01   -2.152143379872948D-01    3.112283652085020D-02
    5.527492204433589D-01   -1.274189287296491D+00   -2.273658183964342D-01
   -5.874183408427855D-02   -3.229467649634907D-02    5.811283293727020D-01
    7.576110336327165D-02   -4.105295807220784D-02   -2.442855536847576D-01
   -4.217142888276505D-01    9.443016824466530D-02    8.374449009633053D-02
   -2.806451863959851D-01   -3.099524271027571D-01    9.538435334715499D-02
   -3.031686893231331D-01   -1.152322957660178D-02    3.261323936666299D-01
   -2.268732889461005D-02    8.397951756760336D-02    1.190157087738592D-01
   -7.549556280387766D-03   -3.554494162046639D-01    7.404173933092382D-01
   -1.228888176667127D-01    3.558635902886950D-02    1.769882220900361D-02
    4.449218628385394D-01    1.640548242584041D-02   -1.747791240378263D-01
   -4.168326488555186D-02    2.273849339432293D-01    2.499195131987816D-02
   -1.147478936214353D-01    1.614320231861900D-01    4.156359512771251D-02
    3.105449428495675D-02   -9.837573361175875D-01    1.907482610698790D-02
    3.947154636876443D-02    4.425745754318995D-02   -4.171351423632386D-02
    1.710048089085657D-01    2.364406662570193D-01    1.256381229226489D-01
   -9.518577851077147D-01   -5.675267663897426D-02    4.994850524819756D-02
    9.259016078123283D-02   -4.733196602292743D-02   -8.042897636738586D-02
    1.529773370422094D-01   -5.782425221349759D-02    3.285009710516194D-01
   -3.147382851727108D-02    7.625372455884423D-01    4.262851914422474D-02
   -3.410104432091255D-02   -1.051465296392961D-01    9.620514436937304D-01
    1.036872279680221D-01    7.676286940108250D-02   -9.858796270704831D-02
    3.535681079002582D-01    2.987184419479395D-01   -4.643284606384881D-01
    4.377941507385870D-01   -3.151362376234387D-01    1.875311189485008D-01
   -2.318111899790024D-01    1.638148312379752D-01    9.584843157426975D-03
    6.589611208265381D-02   -6.323004533660820D-01    8.320306149517401D-02
   -1.281639941489670D-02    5.455820808905031D-02    4.528116469955812D-01
   -1.684029366611751D-01    1.575837866919088D-01    5.524010143324215D-01
    9.437395111991564D-02    1.058187635317943D-02   -2.958428953319263D-01
   -1.429024692998994D-01   -6.401824511760418D-01   -3.179414042775855D-02
    1.870824679982276D-01   -2.681040877603568D-02   -1.461789154816339D-01
    1.814275818002718D-02   -1.473472668415133D-03   -4.783911142969086D-02
    4.003739727677640D-03    6.022106545023594D-02   -1.556355538798128D-01
    4.718946582306289D-02    8.618207774802931D-02   -4.739236174336520D-03
    8.458908975847486D-02    1.116514238309018D-01    1.063591823817107D-01
   -4.058127940957947D-01   -1.386825162675562D-01    1.285036138031608D-01
    6.333217868715721D-01    1.910059542714705D-01   -4.147695632920591D-03
   -5.793062426199378D-02    8.749686775562734D-02    6.815898985901737D-02
    9.925725601074560D-02    6.334006763509222D-03    2.860544534641245D-02
    2.890060756057620D-03   -1.189243890129032D-01   -4.307241922637167D-02
    1.449997018465680D-01   -4.278679588095567D-02    6.701735016198194D-01
   -1.760107842536653D-02   -3.400920222859426D-01    1.945150842021052D-01
    4.948918680803708D-01   -9.374772721702349D-02   -3.105932564349688D-01
    1.192025143312909D-01    1.092966919621593D-01   -1.212644811569480D-01
   -1.383496395926542D-02   -6.558770502398216D-03    3.946396052410502D-01
    5.713209641532722D-02   -3.051945141128596D-03    9.661243998906156D-02
    1.574310582152435D-01   -9.829277652791123D-02    9.644824925459057D-02
    6.356755271591847D-01    8.075948260065799D-02   -1.357333243284488D-01
    3.013835682016790D-01   -5.642389297175045D-02    8.177600828819428D-03
    4.012832960165984D-02   -3.083389900216796D-01    8.700122868794559D-02
    2.710954104702417D-02    5.025237346818574D-02    2.878479425704598D-01
    1.289895555570212D-01    5.437649818814051D-02    6.888912827407657D-01
   -1.919521788899347D-02    1.509737681889312D-02    6.188836817485757D-01
   -2.541223855304939D-02    2.788119736379031D-01   -7.269013412881813D-02
   -4.445822262664106D-01    1.319745384368143D-01   -5.001586530809077D-01
    9.125214471524733D-02    3.698468324060613D-01   -1.093477212753990D-01
   -5.946339570971122D-02    9.862189751782184D-02    1.520550800723405D+00
    5.497009953470697D-01   -4.953116992995202D-03   -7.233624407883974D-03
    9.800048497430950D-01    9.833610307627062D-02    5.226250983928283D-02
   -6.503190833571819D-02    4.456947070772840D-02   -1.710544471971157D-01
   -1.186140734463954D-01    4.679802873851197D-01    6.781754998680581D-02
   -1.446053540832166D-01   -1.566139994275568D+00    5.711162337782592D-01
   -1.114284502678461D-03   -5.313616874922188D-02    9.252498555765158D-01
   -2.043022606865302D-02   -1.027296112897489D-01   -1.696096010383582D-01
    1.699817488671749D-02    1.434466863003796D-01    5.143471721756292D-04
   -4.196796255085395D-01    2.148642568521310D-01   -5.653208843298375D-02
    1.168536075658591D-01    4.176659888721933D-02    1.143412643090162D-01
   -7.287316480277944D-02   -1.394258340481465D-01    2.388132283042396D-02
orbocc
(1p3d25.15)                             
    2.000000000000000D+00    2.000000000000000D+00    2.000000000000000D+00
    2.000000000000000D+00    2.000000000000000D+00    2.000000000000000D+00
    2.000000000000000D+00    1.000000000000000D+00    1.000000000000000D+00
    0.000000000000000D+00    0.000000000000000D+00    0.000000000000000D+00
    0.000000000000000D+00    0.000000000000000D+00    0.000000000000000D+00
    0.000000000000000D+00    0.000000000000000D+00    0.000000000000000D+00
    0.000000000000000D+00    0.000000000000000D+00    0.000000000000000D+00
    0.000000000000000D+00    0.000000000000000D+00    0.000000000000000D+00
    0.000000000000000D+00    0.000000000000000D+00    0.000000000000000D+00
    0.000000000000000D+00    0.000000000000000D+00    0.000000000000000D+00
    0.000000000000000D+00    0.000000000000000D+00    0.000000000000000D+00
    0.000000000000000D+00    0.000000000000000D+00    0.000000000000000D+00
