 4 compact or full orbital order
 (3d25.12)
                    36
      -0.112925534098D+02       0.200000000000D+01
      -0.111849517331D+02       0.200000000000D+01
      -0.103629268704D+01       0.200000000000D+01
      -0.814731268728D+00       0.200000000000D+01
      -0.634479418104D+00       0.200000000000D+01
      -0.560394504549D+00       0.200000000000D+01
      -0.519992491439D+00       0.200000000000D+01
      -0.203133557719D+00       0.149984422668D+01
      -0.218242092466D-01       0.500155773315D+00
       0.251424820750D+00       0.000000000000D+00
       0.283993714665D+00       0.000000000000D+00
       0.331707296927D+00       0.000000000000D+00
       0.344410384578D+00       0.000000000000D+00
       0.453855242809D+00       0.000000000000D+00
       0.682327154934D+00       0.000000000000D+00
       0.771686352362D+00       0.000000000000D+00
       0.807056904041D+00       0.000000000000D+00
       0.821046475628D+00       0.000000000000D+00
       0.880439144558D+00       0.000000000000D+00
       0.912087416640D+00       0.000000000000D+00
       0.108577604299D+01       0.000000000000D+00
       0.113870763048D+01       0.000000000000D+00
       0.116890947617D+01       0.000000000000D+00
       0.119118557862D+01       0.000000000000D+00
       0.127719931433D+01       0.000000000000D+00
       0.148580672969D+01       0.000000000000D+00
       0.175510310223D+01       0.000000000000D+00
       0.190098641167D+01       0.000000000000D+00
       0.202857201534D+01       0.000000000000D+00
       0.213452984317D+01       0.000000000000D+00
       0.231918840698D+01       0.000000000000D+00
       0.243444457699D+01       0.000000000000D+00
       0.259221568078D+01       0.000000000000D+00
       0.264169756805D+01       0.000000000000D+00
       0.282255336929D+01       0.000000000000D+00
       0.300324312921D+01       0.000000000000D+00
