#     Density Matrix: coherence Re-Im; see the manual for detail orders
        0     0.00000000     0.00000000
        1     0.00001396    -0.00000616
        2     0.00003693    -0.00003901
        3     0.00003830    -0.00008929
        4     0.00001799    -0.00012553
        5     0.00000644    -0.00013827
        6     0.00002245    -0.00015382
        7     0.00004733    -0.00019839
        8     0.00005041    -0.00026264
        9     0.00003012    -0.00031412
       10     0.00001499    -0.00034010
       11     0.00002307    -0.00036162
       12     0.00003564    -0.00039936
       13     0.00002184    -0.00043847
       14    -0.00001956    -0.00044144
       15    -0.00005702    -0.00039221
       16    -0.00006467    -0.00031469
       17    -0.00005158    -0.00024345
       18    -0.00004639    -0.00018631
       19    -0.00005891    -0.00012435
       20    -0.00006953    -0.00004640
       21    -0.00004892     0.00002786
       22     0.00000962     0.00005378
       23     0.00005285     0.00001155
       24     0.00002800    -0.00004278
       25    -0.00003350    -0.00003936
       26    -0.00005563     0.00001962
       27    -0.00001127     0.00006373
       28     0.00004555     0.00004100
       29     0.00004624    -0.00001942
       30    -0.00000952    -0.00004355
       31    -0.00005469    -0.00000183
       32    -0.00003578     0.00005674
       33     0.00002432     0.00006401
       34     0.00005469     0.00001308
       35     0.00002005    -0.00003489
       36    -0.00003906    -0.00002296
       37    -0.00005466     0.00003620
       38    -0.00000957     0.00007644
       39     0.00004455     0.00005435
       40     0.00004701    -0.00000282
       41    -0.00000023    -0.00003101
       42    -0.00004454    -0.00000358
       43    -0.00004144     0.00004903
       44     0.00000533     0.00007093
       45     0.00004472     0.00004030
       46     0.00003445    -0.00000779
       47    -0.00001390    -0.00002031
       48    -0.00004854     0.00001700
       49    -0.00003297     0.00006549
       50     0.00001621     0.00007536
       51     0.00004806     0.00003747
       52     0.00003045    -0.00000851
       53    -0.00001786    -0.00001580
       54    -0.00004754     0.00002209
       55    -0.00002890     0.00006610
       56     0.00001938     0.00007168
       57     0.00005022     0.00003246
       58     0.00003455    -0.00001496
       59    -0.00001155    -0.00002751
       60    -0.00004369     0.00000338
       61    -0.00002883     0.00004422
       62     0.00001819     0.00005023
       63     0.00005024     0.00001307
       64     0.00003829    -0.00003486
       65    -0.00000626    -0.00005197
       66    -0.00004275    -0.00002533
       67    -0.00003845     0.00001847
       68     0.00000255     0.00003789
       69     0.00004381     0.00001352
       70     0.00004928    -0.00003541
       71     0.00001470    -0.00006878
       72    -0.00002963    -0.00006070
       73    -0.00004568    -0.00002127
       74    -0.00002016     0.00001305
       75     0.00002506     0.00001080
       76     0.00005218    -0.00002839
       77     0.00003915    -0.00007449
       78    -0.00000287    -0.00009253
       79    -0.00003964    -0.00007098
       80    -0.00004195    -0.00003011
       81    -0.00001365    -0.00000330
       82     0.00002250    -0.00000745
       83     0.00004327    -0.00003945
       84     0.00003283    -0.00007630
       85    -0.00000057    -0.00009174
       86    -0.00003155    -0.00007613
       87    -0.00003713    -0.00004316
       88    -0.00001364    -0.00001892
       89     0.00002121    -0.00002237
       90     0.00004194    -0.00005187
       91     0.00003379    -0.00008705
       92     0.00000284    -0.00010392
       93    -0.00002901    -0.00009182
       94    -0.00003985    -0.00006034
       95    -0.00002274    -0.00003194
       96     0.00001016    -0.00002625
       97     0.00003647    -0.00004704
       98     0.00003880    -0.00008038
       99     0.00001588    -0.00010443
      100    -0.00001732    -0.00010382
      101    -0.00004847    -0.00007669
      102    -0.00005830    -0.00003070
      103    -0.00003244     0.00000815
      104     0.00001253     0.00001657
      105     0.00004871    -0.00000948
      106     0.00005410    -0.00005294
      107     0.00002569    -0.00008652
      108    -0.00001941    -0.00008926
      109    -0.00005470    -0.00005867
      110    -0.00006008    -0.00001153
      111    -0.00003326     0.00002651
      112     0.00000949     0.00003596
      113     0.00004320     0.00001436
      114     0.00004844    -0.00002283
      115     0.00002179    -0.00005129
      116    -0.00002286    -0.00005135
      117    -0.00006263    -0.00001821
      118    -0.00007836     0.00003631
      119    -0.00006481     0.00009111
      120    -0.00003317     0.00012780
      121     0.00000697     0.00013792
      122     0.00003527     0.00012062
      123     0.00002645     0.00009570
      124    -0.00001995     0.00009141
      125    -0.00008748     0.00012955
      126    -0.00015178     0.00021624
      127    -0.00019240     0.00034091
      128    -0.00020003     0.00048237
      129    -0.00017316     0.00061645
      130    -0.00010907     0.00071827
      131    -0.00000650     0.00076101
      132     0.00011670     0.00072267
      133     0.00021860     0.00060293
      134     0.00025451     0.00043343
      135     0.00020490     0.00026916
      136     0.00008849     0.00016498
      137    -0.00004554     0.00015083
      138    -0.00013991     0.00021823
      139    -0.00015551     0.00032437
      140    -0.00008866     0.00041175
      141     0.00005437     0.00042772
      142     0.00020643     0.00033603
      143     0.00027152     0.00016822
      144     0.00022134    -0.00000434
      145     0.00007824    -0.00010884
      146    -0.00009534    -0.00010271
      147    -0.00022462     0.00000856
      148    -0.00025487     0.00017466
      149    -0.00017436     0.00032283
      150    -0.00001843     0.00038920
      151     0.00014635     0.00034547
      152     0.00025076     0.00021007
      153     0.00025184     0.00003935
      154     0.00015000    -0.00009660
      155    -0.00001221    -0.00014300
      156    -0.00016855    -0.00008235
      157    -0.00025641     0.00005956
      158    -0.00024174     0.00022510
      159    -0.00013183     0.00034861
      160     0.00002879     0.00038247
      161     0.00019124     0.00031199
      162     0.00029328     0.00015385
      163     0.00028251    -0.00003340
      164     0.00016405    -0.00017807
      165    -0.00001631    -0.00022576
      166    -0.00019028    -0.00015939
      167    -0.00029321    -0.00000470
      168    -0.00028794     0.00018041
      169    -0.00017773     0.00032806
      170    -0.00000401     0.00038539
      171     0.00016979     0.00033328
      172     0.00028158     0.00019220
      173     0.00029262     0.00001369
      174     0.00020042    -0.00013877
      175     0.00003840    -0.00021221
      176    -0.00013687    -0.00018217
      177    -0.00026583    -0.00005993
      178    -0.00030605     0.00011259
      179    -0.00024575     0.00027797
      180    -0.00010644     0.00038279
      181     0.00007583     0.00039284
      182     0.00024284     0.00029893
      183     0.00033204     0.00013032
      184     0.00031639    -0.00005893
      185     0.00020222    -0.00020951
      186     0.00002621    -0.00027549
      187    -0.00015686    -0.00023795
      188    -0.00029138    -0.00010986
      189    -0.00033767     0.00006887
      190    -0.00028329     0.00024428
      191    -0.00014573     0.00036475
      192     0.00003386     0.00039600
      193     0.00020339     0.00033024
      194     0.00031513     0.00018743
      195     0.00033895     0.00000847
      196     0.00027002    -0.00015701
      197     0.00012900    -0.00026466
      198    -0.00004459    -0.00028723
      199    -0.00020381    -0.00022106
      200    -0.00030706    -0.00008604
      201    -0.00032566     0.00008037
      202    -0.00025613     0.00023233
      203    -0.00012024     0.00033014
      204     0.00004707     0.00034911
      205     0.00020392     0.00028476
      206     0.00031214     0.00015310
      207     0.00034638    -0.00001395
      208     0.00029977    -0.00017690
      209     0.00018484    -0.00029836
      210     0.00002988    -0.00035178
      211    -0.00012824    -0.00032728
      212    -0.00025299    -0.00023322
      213    -0.00031644    -0.00009367
      214    -0.00030520     0.00005773
      215    -0.00022281     0.00018554
      216    -0.00008845     0.00026048
      217     0.00006808     0.00026550
      218     0.00021310     0.00019896
      219     0.00031637     0.00007434
      220     0.00035727    -0.00008323
      221     0.00032278    -0.00024185
      222     0.00022050    -0.00036759
      223     0.00007721    -0.00043609
      224    -0.00007770    -0.00043585
      225    -0.00021322    -0.00036932
      226    -0.00030288    -0.00025195
      227    -0.00032976    -0.00010882
      228    -0.00028956     0.00003063
      229    -0.00019083     0.00013831
      230    -0.00005297     0.00019276
      231     0.00009751     0.00018300
      232     0.00023244     0.00011030
      233     0.00032721    -0.00001254
      234     0.00036498    -0.00016381
      235     0.00033953    -0.00031709
      236     0.00025611    -0.00044610
      237     0.00013034    -0.00052939
      238    -0.00001506    -0.00055406
      239    -0.00015451    -0.00051767
      240    -0.00026375    -0.00042841
      241    -0.00033491    -0.00030192
      242    -0.00035675    -0.00015538
      243    -0.00031587    -0.00001327
      244    -0.00021985     0.00009959
      245    -0.00008546     0.00016377
      246     0.00006441     0.00016822
      247     0.00020440     0.00011209
      248     0.00031175     0.00000456
      249     0.00036841    -0.00013692
      250     0.00036438    -0.00028903
      251     0.00030088    -0.00042684
      252     0.00018870    -0.00052806
      253     0.00004637    -0.00057657
      254    -0.00010265    -0.00056495
      255    -0.00023421    -0.00049560
      256    -0.00032712    -0.00038019
      257    -0.00036700    -0.00023768
      258    -0.00034793    -0.00009102
      259    -0.00027360     0.00003632
      260    -0.00015583     0.00012430
      261    -0.00002106     0.00015994
      262     0.00010790     0.00014210
      263     0.00021806     0.00007536
      264     0.00029251    -0.00002913
      265     0.00031852    -0.00015427
      266     0.00029073    -0.00027907
      267     0.00021422    -0.00038250
      268     0.00010157    -0.00044725
      269    -0.00003000    -0.00046202
      270    -0.00015928    -0.00042327
      271    -0.00026609    -0.00033613
      272    -0.00032815    -0.00021378
      273    -0.00033375    -0.00007773
      274    -0.00028764     0.00005006
      275    -0.00019916     0.00015020
      276    -0.00008294     0.00020827
      277     0.00004376     0.00021630
      278     0.00015964     0.00017400
      279     0.00024466     0.00009003
      280     0.00028744    -0.00002050
      281     0.00027823    -0.00013851
      282     0.00021677    -0.00024180
      283     0.00011636    -0.00031144
      284    -0.00000674    -0.00033450
      285    -0.00013142    -0.00030559
      286    -0.00023570    -0.00022856
      287    -0.00030307    -0.00011531
      288    -0.00032166     0.00001639
      289    -0.00028726     0.00014501
      290    -0.00020541     0.00024932
      291    -0.00008937     0.00031186
      292     0.00004080     0.00032213
      293     0.00015925     0.00027916
      294     0.00024577     0.00019250
      295     0.00028821     0.00007795
      296     0.00027889    -0.00004398
      297     0.00021973    -0.00015146
      298     0.00012088    -0.00022509
      299     0.00000002    -0.00025128
      300    -0.00012105    -0.00022499
      301    -0.00022030    -0.00015059
      302    -0.00027948    -0.00004142
      303    -0.00028744     0.00008279
      304    -0.00024215     0.00019912
      305    -0.00015162     0.00028586
      306    -0.00003245     0.00032652
      307     0.00009340     0.00031304
      308     0.00020281     0.00024730
      309     0.00027493     0.00014094
      310     0.00029576     0.00001355
      311     0.00026109    -0.00011110
      312     0.00017713    -0.00020945
      313     0.00005978    -0.00026275
      314    -0.00006842    -0.00026076
      315    -0.00018255    -0.00020391
      316    -0.00026016    -0.00010338
      317    -0.00028567     0.00002088
      318    -0.00025359     0.00014397
      319    -0.00016986     0.00024089
      320    -0.00005084     0.00029155
      321     0.00007984     0.00028493
      322     0.00019596     0.00022139
      323     0.00027392     0.00011282
      324     0.00029759    -0.00001959
      325     0.00026173    -0.00014949
      326     0.00017327    -0.00025076
      327     0.00005007    -0.00030286
      328    -0.00008251    -0.00029522
      329    -0.00019690    -0.00022962
      330    -0.00026910    -0.00012002
      331    -0.00028372     0.00001027
      332    -0.00023734     0.00013335
      333    -0.00013948     0.00022254
      334    -0.00001072     0.00025819
      335     0.00012168     0.00023189
      336     0.00022926     0.00014842
      337     0.00028869     0.00002500
      338     0.00028692    -0.00011240
      339     0.00022402    -0.00023455
      340     0.00011335    -0.00031532
      341    -0.00002004    -0.00033757
      342    -0.00014714    -0.00029737
      343    -0.00024139    -0.00020387
      344    -0.00028203    -0.00007774
      345    -0.00025994     0.00005301
      346    -0.00017992     0.00015925
      347    -0.00005953     0.00021716
      348     0.00007471     0.00021351
      349     0.00019303     0.00014869
      350     0.00026910     0.00003670
      351     0.00028589    -0.00009789
      352     0.00023945    -0.00022536
      353     0.00014001    -0.00031749
      354     0.00000959    -0.00035381
      355    -0.00012276    -0.00032631
      356    -0.00022752    -0.00024117
      357    -0.00028138    -0.00011747
      358    -0.00027238     0.00001713
      359    -0.00020254     0.00013257
      360    -0.00008745     0.00020304
      361     0.00004989     0.00021240
      362     0.00017892     0.00015684
      363     0.00026820     0.00004831
      364     0.00029790    -0.00008904
      365     0.00026147    -0.00022466
      366     0.00016709    -0.00032849
      367     0.00003577    -0.00037760
      368    -0.00010336    -0.00036125
      369    -0.00021958    -0.00028322
      370    -0.00028735    -0.00016085
      371    -0.00029190    -0.00002118
      372    -0.00023247     0.00010511
      373    -0.00012230     0.00019044
      374     0.00001433     0.00021637
      375     0.00014757     0.00017753
      376     0.00024848     0.00008265
      377     0.00029533    -0.00004742
      378     0.00027822    -0.00018439
      379     0.00020112    -0.00029868
      380     0.00008086    -0.00036580
      381    -0.00005268    -0.00037218
      382    -0.00017078    -0.00031920
      383    -0.00025218    -0.00021914
      384    -0.00027990    -0.00009354
      385    -0.00024846     0.00003089
      386    -0.00016480     0.00012800
      387    -0.00004671     0.00017759
      388     0.00008106     0.00016957
      389     0.00019201     0.00010586
      390     0.00026340    -0.00000014
      391     0.00028085    -0.00012651
      392     0.00024114    -0.00024743
      393     0.00015270    -0.00033843
      394     0.00003372    -0.00038140
      395    -0.00009172    -0.00036806
      396    -0.00019849    -0.00030149
      397    -0.00026549    -0.00019531
      398    -0.00027977    -0.00007084
      399    -0.00023893     0.00004728
      400    -0.00015144     0.00013595
      401    -0.00002811     0.00017714
      402     0.00010680     0.00015935
      403     0.00022030     0.00008569
      404     0.00029070    -0.00002904
      405     0.00030478    -0.00016233
      406     0.00026012    -0.00028840
      407     0.00016538    -0.00038311
      408     0.00003856    -0.00042840
      409    -0.00009659    -0.00041562
      410    -0.00021514    -0.00034693
      411    -0.00029559    -0.00023467
      412    -0.00032367    -0.00009890
      413    -0.00029494     0.00003635
      414    -0.00021534     0.00014761
      415    -0.00009991     0.00021612
      416     0.00002996     0.00023119
      417     0.00015051     0.00019195
      418     0.00023993     0.00010740
      419     0.00028218    -0.00000537
      420     0.00026974    -0.00012433
      421     0.00020554    -0.00022651
      422     0.00009936    -0.00029212
      423    -0.00003264    -0.00030670
      424    -0.00016791    -0.00026429
      425    -0.00028370    -0.00016861
      426    -0.00036071    -0.00003219
      427    -0.00038608     0.00012567
      428    -0.00035628     0.00028228
      429    -0.00027790     0.00041575
      430    -0.00016477     0.00050868
      431    -0.00003598     0.00055053
      432     0.00008665     0.00053944
      433     0.00018211     0.00048248
      434     0.00022604     0.00039572
      435     0.00021096     0.00030350
      436     0.00014709     0.00022788
      437     0.00004537     0.00018704
      438    -0.00007545     0.00019300
      439    -0.00019471     0.00024925
      440    -0.00029146     0.00035101
      441    -0.00037834     0.00048918
      442    -0.00044130     0.00066112
      443    -0.00043645     0.00084568
      444    -0.00036108     0.00101362
      445    -0.00021567     0.00113605
      446    -0.00001989     0.00118609
      447     0.00018609     0.00115111
      448     0.00037034     0.00103342
      449     0.00050600     0.00084745
      450     0.00057052     0.00061822
      451     0.00055340     0.00037828
      452     0.00045699     0.00016186
      453     0.00029669     0.00000007
      454     0.00010102    -0.00008528
      455    -0.00009378    -0.00008607
      456    -0.00025301    -0.00000985
      457    -0.00034906     0.00012256
      458    -0.00036416     0.00027991
      459    -0.00029516     0.00042606
      460    -0.00015465     0.00052635
      461     0.00002958     0.00055469
      462     0.00022262     0.00049879
      463     0.00038744     0.00036207
      464     0.00049045     0.00016409
      465     0.00050964    -0.00006271
      466     0.00043887    -0.00027895
      467     0.00029003    -0.00044595
      468     0.00009111    -0.00053359
      469    -0.00011918    -0.00052678
      470    -0.00029845    -0.00042901
      471    -0.00040959    -0.00026260
      472    -0.00042906    -0.00006445
      473    -0.00035194     0.00012110
      474    -0.00019395     0.00025157
      475     0.00001118     0.00029560
      476     0.00021849     0.00024029
      477     0.00038143     0.00009476
      478     0.00046213    -0.00011111
      479     0.00044042    -0.00033268
      480     0.00031915    -0.00052021
      481     0.00012112    -0.00062979
      482    -0.00010883    -0.00063284
      483    -0.00031374    -0.00052678
      484    -0.00044462    -0.00033548
      485    -0.00046910    -0.00010380
      486    -0.00037998     0.00011259
      487    -0.00019785     0.00026058
      488     0.00003315     0.00030294
      489     0.00025568     0.00022814
      490     0.00041317     0.00005412
      491     0.00046432    -0.00017529
      492     0.00039437    -0.00040089
      493     0.00021977    -0.00056304
      494    -0.00001520    -0.00061737
      495    -0.00024923    -0.00054703
      496    -0.00042002    -0.00036806
      497    -0.00048095    -0.00012599
      498    -0.00041418     0.00011556
      499    -0.00023649     0.00029187
      500     0.00000440     0.00035495
      501     0.00023760     0.00028824
      502     0.00039800     0.00011382
      503     0.00044477    -0.00011817
      504     0.00036370    -0.00034143
      505     0.00017678    -0.00049117
      506    -0.00006337    -0.00052276
      507    -0.00028810    -0.00042501
      508    -0.00043238    -0.00022398
      509    -0.00045371     0.00002392
      510    -0.00034499     0.00024790
      511    -0.00013721     0.00038338
      512     0.00010917     0.00039118
      513     0.00032170     0.00026943
      514     0.00043728     0.00005464
      515     0.00042121    -0.00018870
      516     0.00027774    -0.00038715
      517     0.00004927    -0.00048017
      518    -0.00019595    -0.00043851
      519    -0.00038433    -0.00027331
      520    -0.00045901    -0.00003295
      521    -0.00039797     0.00021139
      522    -0.00021925     0.00038750
      523     0.00002432     0.00044309
      524     0.00025935     0.00036203
      525     0.00041500     0.00016941
      526     0.00044440    -0.00007601
      527     0.00033887    -0.00029960
      528     0.00013042    -0.00043351
      529    -0.00011797    -0.00043709
      530    -0.00033152    -0.00030912
      531    -0.00044627    -0.00008787
      532    -0.00042809     0.00016054
      533    -0.00028280     0.00036223
      534    -0.00005406     0.00045764
      535     0.00018999     0.00041919
      536     0.00037722     0.00025907
      537     0.00045285     0.00002527
      538     0.00039550    -0.00021313
      539     0.00022281    -0.00038646
      540    -0.00001419    -0.00044479
      541    -0.00024620    -0.00037215
      542    -0.00040646    -0.00019063
      543    -0.00044983     0.00004686
      544    -0.00036479     0.00027212
      545    -0.00017641     0.00042132
      546     0.00006147     0.00045292
      547     0.00028197     0.00035892
      548     0.00042409     0.00016634
      549     0.00044950    -0.00007102
      550     0.00035253    -0.00028809
      551     0.00016092    -0.00042647
      552    -0.00007253    -0.00045016
      553    -0.00028485    -0.00035460
      554    -0.00041993    -0.00016705
      555    -0.00044316     0.00006156
      556    -0.00034987     0.00027060
      557    -0.00016564     0.00040584
      558     0.00006123     0.00043313
      559     0.00027272     0.00034651
      560     0.00041608     0.00016872
      561     0.00045637    -0.00005533
      562     0.00038516    -0.00027028
      563     0.00022177    -0.00042448
      564     0.00000694    -0.00048223
      565    -0.00020729    -0.00043181
      566    -0.00037037    -0.00028735
      567    -0.00044495    -0.00008462
      568    -0.00041519     0.00012802
      569    -0.00028959     0.00030125
      570    -0.00009811     0.00039601
      571     0.00011538     0.00039185
      572     0.00030325     0.00029084
      573     0.00042483     0.00011619
      574     0.00045489    -0.00009357
      575     0.00038845    -0.00029343
      576     0.00024107    -0.00044171
      577     0.00004474    -0.00050861
      578    -0.00015934    -0.00048193
      579    -0.00032957    -0.00036885
      580    -0.00043250    -0.00019369
      581    -0.00045009     0.00000789
      582    -0.00038038     0.00019659
      583    -0.00023747     0.00033619
      584    -0.00005025     0.00040082
      585     0.00014475     0.00037966
      586     0.00031036     0.00027843
      587     0.00041579     0.00011778
      588     0.00044222    -0.00007104
      589     0.00038575    -0.00025233
      590     0.00025759    -0.00039249
      591     0.00008156    -0.00046607
      592    -0.00011056    -0.00045990
      593    -0.00028478    -0.00037514
      594    -0.00041114    -0.00022657
      595    -0.00046853    -0.00003957
      596    -0.00044795     0.00015443
      597    -0.00035381     0.00032344
      598    -0.00020327     0.00044035
      599    -0.00002254     0.00048749
      600     0.00015817     0.00045909
      601     0.00031037     0.00036167
      602     0.00040938     0.00021236
      603     0.00043784     0.00003706
      604     0.00039222    -0.00013420
      605     0.00028103    -0.00027284
      606     0.00012217    -0.00035573
      607    -0.00005869    -0.00036884
      608    -0.00023207    -0.00030939
      609    -0.00036963    -0.00018645
      610    -0.00044906    -0.00001933
      611    -0.00045791     0.00016563
      612    -0.00039428     0.00033936
      613    -0.00026683     0.00047412
      614    -0.00009655     0.00054811
      615     0.00008947     0.00054961
      616     0.00026266     0.00047789
      617     0.00039523     0.00034379
      618     0.00046630     0.00016806
      619     0.00046547    -0.00002214
      620     0.00039434    -0.00019780
      621     0.00027539    -0.00033405
      622     0.00012265    -0.00041587
      623    -0.00005326    -0.00043018
      624    -0.00022295    -0.00037339
      625    -0.00035991    -0.00025323
      626    -0.00044020    -0.00008770
      627    -0.00044994     0.00009681
      628    -0.00038841     0.00027108
      629    -0.00026495     0.00040728
      630    -0.00009908     0.00048339
      631     0.00008242     0.00048684
      632     0.00024949     0.00041690
      633     0.00037363     0.00028515
      634     0.00043306     0.00011399
      635     0.00042241    -0.00006780
      636     0.00034265    -0.00023137
      637     0.00020114    -0.00034813
      638     0.00002241    -0.00039632
      639    -0.00016149    -0.00036624
      640    -0.00031710    -0.00026225
      641    -0.00041662    -0.00010221
      642    -0.00044131     0.00008589
      643    -0.00038464     0.00026786
      644    -0.00025584     0.00040966
      645    -0.00007797     0.00048393
      646     0.00011573     0.00047549
      647     0.00028866     0.00038467
      648     0.00040738     0.00022754
      649     0.00044755     0.00003354
      650     0.00040038    -0.00015980
      651     0.00027425    -0.00031441
      652     0.00009322    -0.00039903
      653    -0.00010665    -0.00039588
      654    -0.00028473    -0.00030478
      655    -0.00040384    -0.00014373
      656    -0.00043829     0.00005421
      657    -0.00037966     0.00024741
      658    -0.00023921     0.00039431
      659    -0.00004603     0.00046237
      660     0.00015872     0.00043540
      661     0.00032903     0.00031777
      662     0.00042696     0.00013448
      663     0.00043088    -0.00007485
      664     0.00033814    -0.00026370
      665     0.00016828    -0.00038883
      666    -0.00004056    -0.00042055
      667    -0.00024003    -0.00035029
      668    -0.00038264    -0.00019348
      669    -0.00043322     0.00001320
      670    -0.00037800     0.00021992
      671    -0.00022884     0.00037548
      672    -0.00002142     0.00044002
      673     0.00019297     0.00039557
      674     0.00035998     0.00025146
      675     0.00043596     0.00004286
      676     0.00039981    -0.00017735
      677     0.00025932    -0.00035193
      678     0.00005006    -0.00043429
      679    -0.00017315    -0.00040134
      680    -0.00035044    -0.00026053
      681    -0.00043219    -0.00004874
      682    -0.00039361     0.00017624
      683    -0.00024343     0.00035097
      684    -0.00002216     0.00042434
      685     0.00020819     0.00037274
      686     0.00038109     0.00020809
      687     0.00044487    -0.00002416
      688     0.00037878    -0.00025716
      689     0.00020045    -0.00042197
      690    -0.00003805    -0.00046841
      691    -0.00026491    -0.00038113
      692    -0.00041000    -0.00018570
      693    -0.00042695     0.00005793
      694    -0.00030868     0.00027319
      695    -0.00009095     0.00039072
      696     0.00015768     0.00037105
      697     0.00035719     0.00021827
      698     0.00044190    -0.00001995
      699     0.00038257    -0.00026680
      700     0.00019711    -0.00044107
      701    -0.00004939    -0.00048517
      702    -0.00027417    -0.00038682
      703    -0.00040480    -0.00017957
      704    -0.00039540     0.00006584
      705    -0.00024761     0.00026394
      706    -0.00001143     0.00034414
      707     0.00023101     0.00027601
      708     0.00039380     0.00008123
      709     0.00041794    -0.00017283
      710     0.00029325    -0.00039623
      711     0.00006315    -0.00050855
      712    -0.00018980    -0.00046845
      713    -0.00037350    -0.00028971
      714    -0.00042017    -0.00003716
      715    -0.00031172     0.00019636
      716    -0.00008750     0.00032404
      717     0.00016939     0.00029776
      718     0.00036283     0.00012675
      719     0.00041973    -0.00012516
      720     0.00031779    -0.00036300
      721     0.00009780    -0.00049690
      722    -0.00015766    -0.00047763
      723    -0.00035531    -0.00031165
      724    -0.00042006    -0.00006047
      725    -0.00032727     0.00018181
      726    -0.00011242     0.00032436
      727     0.00014238     0.00031445
      728     0.00033957     0.00015774
      729     0.00040360    -0.00008381
      730     0.00030983    -0.00031566
      731     0.00009388    -0.00044690
      732    -0.00016196    -0.00042507
      733    -0.00036040    -0.00025610
      734    -0.00042641    -0.00000176
      735    -0.00033552     0.00024417
      736    -0.00012272     0.00039174
      737     0.00013136     0.00038870
      738     0.00033129     0.00023982
      739     0.00040284     0.00000428
      740     0.00032034    -0.00022714
      741     0.00011483    -0.00036614
      742    -0.00013698    -0.00035932
      743    -0.00034188    -0.00020798
      744    -0.00042581     0.00003383
      745    -0.00035954     0.00028021
      746    -0.00016807     0.00044497
      747     0.00007967     0.00047235
      748     0.00029644     0.00035581
      749     0.00040767     0.00013884
      750     0.00037695    -0.00010161
      751     0.00021723    -0.00028269
      752    -0.00001522    -0.00034389
      753    -0.00024125    -0.00026663
      754    -0.00038593    -0.00007886
      755    -0.00040296     0.00015584
      756    -0.00028866     0.00036028
      757    -0.00008141     0.00046899
      758     0.00015226     0.00044845
      759     0.00033957     0.00030622
      760     0.00042424     0.00008690
      761     0.00038315    -0.00014323
      762     0.00023107    -0.00031700
      763     0.00001485    -0.00038596
      764    -0.00020145    -0.00033380
      765    -0.00035600    -0.00017944
      766    -0.00040648     0.00002996
      767    -0.00034106     0.00023361
      768    -0.00018020     0.00037449
      769     0.00003069     0.00041466
      770     0.00023463     0.00034432
      771     0.00037863     0.00018298
      772     0.00042711    -0.00002724
      773     0.00036997    -0.00023341
      774     0.00022386    -0.00038565
      775     0.00002646    -0.00044922
      776    -0.00017369    -0.00041202
      777    -0.00032929    -0.00028626
      778    -0.00040539    -0.00010424
      779    -0.00038656     0.00009024
      780    -0.00027946     0.00025236
      781    -0.00011330     0.00034696
      782     0.00007391     0.00035641
      783     0.00024407     0.00028066
      784     0.00036103     0.00013748
      785     0.00040108    -0.00004165
      786     0.00035741    -0.00021875
      787     0.00024036    -0.00035742
      788     0.00007484    -0.00043007
      789    -0.00010514    -0.00042314
      790    -0.00026393    -0.00033922
      791    -0.00037109    -0.00019569
      792    -0.00040663    -0.00002096
      793    -0.00036534     0.00015139
      794    -0.00025669     0.00028944
      795    -0.00010207     0.00036858
      796     0.00006916     0.00037575
      797     0.00022535     0.00031139
      798     0.00033835     0.00018889
      799     0.00038826     0.00003178
      800     0.00036667    -0.00013068
      801     0.00027870    -0.00026898
      802     0.00014076    -0.00035862
      803    -0.00002319    -0.00038372
      804    -0.00018491    -0.00033964
      805    -0.00031640    -0.00023357
      806    -0.00039593    -0.00008328
      807    -0.00041123     0.00008663
      808    -0.00035997     0.00024860
      809    -0.00025145     0.00037671
      810    -0.00010382     0.00045101
      811     0.00006462     0.00045954
      812     0.00022419     0.00039908
      813     0.00034171     0.00028099
      814     0.00039902     0.00012666
      815     0.00038618    -0.00003687
      816     0.00030391    -0.00018057
      817     0.00016626    -0.00027843
      818    -0.00000394    -0.00031237
      819    -0.00017825    -0.00027463
      820    -0.00032750    -0.00016969
      821    -0.00042222    -0.00001358
      822    -0.00044496     0.00016680
      823    -0.00039556     0.00034176
      824    -0.00028213     0.00048293
      825    -0.00012350     0.00056748
      826     0.00004683     0.00058292
      827     0.00020186     0.00053094
      828     0.00032389     0.00042084
      829     0.00039250     0.00027059
      830     0.00039596     0.00010491
      831     0.00033321    -0.00004858
      832     0.00021527    -0.00016422
      833     0.00006291    -0.00022293
      834    -0.00009809    -0.00021541
      835    -0.00023956    -0.00014354
      836    -0.00033644    -0.00002079
      837    -0.00037207     0.00013057
      838    -0.00033898     0.00028292
      839    -0.00024247     0.00040783
      840    -0.00009903     0.00048150
      841     0.00006650     0.00048866
      842     0.00022449     0.00042582
      843     0.00034677     0.00030193
      844     0.00041124     0.00013700
      845     0.00040530    -0.00004127
      846     0.00032915    -0.00020209
      847     0.00019659    -0.00031752
      848     0.00003160    -0.00036770
      849    -0.00013550    -0.00034454
      850    -0.00027339    -0.00025360
      851    -0.00035585    -0.00011328
      852    -0.00036685     0.00004839
      853    -0.00030369     0.00019888
      854    -0.00017792     0.00030737
      855    -0.00001343     0.00035070
      856     0.00015794     0.00031812
      857     0.00030260     0.00021366
      858     0.00039167     0.00005559
      859     0.00040682    -0.00012680
      860     0.00034424    -0.00029890
      861     0.00021976    -0.00042823
      862     0.00005806    -0.00049225
      863    -0.00011229    -0.00047954
      864    -0.00025673    -0.00039355
      865    -0.00034545    -0.00025281
      866    -0.00035959    -0.00008746
      867    -0.00029571     0.00006675
      868    -0.00016678     0.00017600
      869     0.00000027     0.00021552
      870     0.00016991     0.00017517
      871     0.00030552     0.00006192
      872     0.00037727    -0.00010129
      873     0.00036878    -0.00028020
      874     0.00028096    -0.00043649
      875     0.00013227    -0.00053616
      876    -0.00004507    -0.00055723
      877    -0.00021207    -0.00049479
      878    -0.00033154    -0.00036248
      879    -0.00037645    -0.00018971
      880    -0.00033636    -0.00001534
      881    -0.00020482     0.00011868
      882    -0.00001136     0.00017187
      883     0.00018459     0.00012907
      884     0.00033742    -0.00000025
      885     0.00041105    -0.00018621
      886     0.00038744    -0.00038518
      887     0.00027105    -0.00054975
      888     0.00008831    -0.00063985
      889    -0.00011816    -0.00063246
      890    -0.00029951    -0.00052743
      891    -0.00041241    -0.00034788
      892    -0.00042946    -0.00013505
      893    -0.00034609     0.00006145
      894    -0.00018205     0.00019549
      895     0.00002306     0.00023582
      896     0.00021922     0.00017384
      897     0.00035818     0.00002608
      898     0.00040542    -0.00016962
      899     0.00034882    -0.00036327
      900     0.00020181    -0.00050492
      901     0.00000878    -0.00055857
      902    -0.00018329    -0.00051382
      903    -0.00033571    -0.00038002
      904    -0.00041007    -0.00018731
      905    -0.00038726     0.00001907
      906    -0.00027258     0.00019008
      907    -0.00009458     0.00028526
      908     0.00010197     0.00028309
      909     0.00026735     0.00018659
      910     0.00035951     0.00002279
      911     0.00035492    -0.00016407
      912     0.00025473    -0.00032370
      913     0.00008476    -0.00041276
      914    -0.00011114    -0.00040602
      915    -0.00028224    -0.00030303
      916    -0.00038397    -0.00012835
      917    -0.00038947     0.00007462
      918    -0.00029672     0.00025480
      919    -0.00012907     0.00036665
      920     0.00007071     0.00038195
      921     0.00025104     0.00029725
      922     0.00036512     0.00013505
      923     0.00038364    -0.00006206
      924     0.00030236    -0.00024265
      925     0.00014300    -0.00035987
      926    -0.00005249    -0.00038364
      927    -0.00023282    -0.00030845
      928    -0.00035061    -0.00015478
      929    -0.00037478     0.00003623
      930    -0.00029857     0.00021351
      931    -0.00014124     0.00032934
      932     0.00005694     0.00035171
      933     0.00024524     0.00027257
      934     0.00037556     0.00010989
      935     0.00041487    -0.00009713
      936     0.00035364    -0.00029822
      937     0.00020818    -0.00044500
      938     0.00001630    -0.00050340
      939    -0.00017257    -0.00046226
      940    -0.00031004    -0.00033602
      941    -0.00035401    -0.00016204
      942    -0.00029332     0.00000669
      943    -0.00015063     0.00012233
      944     0.00003776     0.00015194
      945     0.00022428     0.00008449
      946     0.00036219    -0.00006660
      947     0.00041734    -0.00026714
      948     0.00037638    -0.00047090
      949     0.00024982    -0.00063124
      950     0.00006922    -0.00071260
      951    -0.00012100    -0.00069908
      952    -0.00027464    -0.00059800
      953    -0.00035488    -0.00043775
      954    -0.00034314    -0.00026057
      955    -0.00024330    -0.00011208
      956    -0.00008029    -0.00003027
      957     0.00010618    -0.00003659
      958     0.00027125    -0.00013106
      959     0.00037569    -0.00029266
      960     0.00039494    -0.00048465
      961     0.00034073    -0.00066600
      962     0.00022576    -0.00080623
      963     0.00006037    -0.00087681
      964    -0.00011786    -0.00086266
      965    -0.00026915    -0.00076786
      966    -0.00036052    -0.00061417
      967    -0.00037282    -0.00043583
      968    -0.00030497    -0.00027164
      969    -0.00017369    -0.00015617
      970    -0.00000927    -0.00011233
      971     0.00015131    -0.00014664
      972     0.00027225    -0.00024816
      973     0.00032693    -0.00039119
      974     0.00030338    -0.00054114
      975     0.00020633    -0.00066208
      976     0.00005583    -0.00072430
      977    -0.00011693    -0.00071040
      978    -0.00027668    -0.00061876
      979    -0.00039165    -0.00046337
      980    -0.00043954    -0.00027065
      981    -0.00041631    -0.00007317
      982    -0.00032735     0.00009816
      983    -0.00018692     0.00021611
      984    -0.00002436     0.00026407
      985     0.00012703     0.00023992
      986     0.00023655     0.00015616
      987     0.00028217     0.00003725
      988     0.00025482    -0.00008554
      989     0.00015986    -0.00018028
      990     0.00001577    -0.00022073
      991    -0.00014963    -0.00019123
      992    -0.00030466    -0.00008965
      993    -0.00041975     0.00007241
      994    -0.00047341     0.00027195
      995    -0.00045608     0.00047922
      996    -0.00037148     0.00066332
      997    -0.00023613     0.00079804
      998    -0.00007581     0.00086674
      999     0.00007920     0.00086525
     1000     0.00019981     0.00080262
