#     Density Matrix: population Re; see the manual for detail orders
        0     0.00000000     1.00000000
        1     0.00000000     1.00000000
        2     0.00000000     1.00000000
        3     0.00000001     0.99999999
        4     0.00000002     0.99999998
        5     0.00000002     0.99999998
        6     0.00000002     0.99999998
        7     0.00000004     0.99999996
        8     0.00000007     0.99999993
        9     0.00000010     0.99999990
       10     0.00000012     0.99999988
       11     0.00000013     0.99999987
       12     0.00000016     0.99999984
       13     0.00000019     0.99999981
       14     0.00000020     0.99999980
       15     0.00000016     0.99999984
       16     0.00000010     0.99999990
       17     0.00000006     0.99999994
       18     0.00000004     0.99999996
       19     0.00000002     0.99999998
       20     0.00000001     0.99999999
       21     0.00000000     1.00000000
       22     0.00000000     1.00000000
       23     0.00000000     1.00000000
       24     0.00000000     1.00000000
       25     0.00000000     1.00000000
       26     0.00000000     1.00000000
       27     0.00000000     1.00000000
       28     0.00000000     1.00000000
       29     0.00000000     1.00000000
       30     0.00000000     1.00000000
       31     0.00000000     1.00000000
       32     0.00000000     1.00000000
       33     0.00000000     1.00000000
       34     0.00000000     1.00000000
       35     0.00000000     1.00000000
       36     0.00000000     1.00000000
       37     0.00000000     1.00000000
       38     0.00000001     0.99999999
       39     0.00000000     1.00000000
       40     0.00000000     1.00000000
       41     0.00000000     1.00000000
       42     0.00000000     1.00000000
       43     0.00000000     1.00000000
       44     0.00000001     0.99999999
       45     0.00000000     1.00000000
       46     0.00000000     1.00000000
       47     0.00000000     1.00000000
       48     0.00000000     1.00000000
       49     0.00000001     0.99999999
       50     0.00000001     0.99999999
       51     0.00000000     1.00000000
       52     0.00000000     1.00000000
       53     0.00000000     1.00000000
       54     0.00000000     1.00000000
       55     0.00000001     0.99999999
       56     0.00000001     0.99999999
       57     0.00000000     1.00000000
       58     0.00000000     1.00000000
       59     0.00000000     1.00000000
       60     0.00000000     1.00000000
       61     0.00000000     1.00000000
       62     0.00000000     1.00000000
       63     0.00000000     1.00000000
       64     0.00000000     1.00000000
       65     0.00000000     1.00000000
       66     0.00000000     1.00000000
       67     0.00000000     1.00000000
       68     0.00000000     1.00000000
       69     0.00000000     1.00000000
       70     0.00000000     1.00000000
       71     0.00000000     1.00000000
       72     0.00000000     1.00000000
       73     0.00000000     1.00000000
       74     0.00000000     1.00000000
       75     0.00000000     1.00000000
       76     0.00000000     1.00000000
       77     0.00000001     0.99999999
       78     0.00000001     0.99999999
       79     0.00000001     0.99999999
       80     0.00000000     1.00000000
       81     0.00000000     1.00000000
       82     0.00000000     1.00000000
       83     0.00000000     1.00000000
       84     0.00000001     0.99999999
       85     0.00000001     0.99999999
       86     0.00000001     0.99999999
       87     0.00000000     1.00000000
       88     0.00000000     1.00000000
       89     0.00000000     1.00000000
       90     0.00000000     1.00000000
       91     0.00000001     0.99999999
       92     0.00000001     0.99999999
       93     0.00000001     0.99999999
       94     0.00000001     0.99999999
       95     0.00000000     1.00000000
       96     0.00000000     1.00000000
       97     0.00000000     1.00000000
       98     0.00000001     0.99999999
       99     0.00000001     0.99999999
      100     0.00000001     0.99999999
      101     0.00000001     0.99999999
      102     0.00000000     1.00000000
      103     0.00000000     1.00000000
      104     0.00000000     1.00000000
      105     0.00000000     1.00000000
      106     0.00000001     0.99999999
      107     0.00000001     0.99999999
      108     0.00000001     0.99999999
      109     0.00000001     0.99999999
      110     0.00000000     1.00000000
      111     0.00000000     1.00000000
      112     0.00000000     1.00000000
      113     0.00000000     1.00000000
      114     0.00000000     1.00000000
      115     0.00000000     1.00000000
      116     0.00000000     1.00000000
      117     0.00000000     1.00000000
      118     0.00000001     0.99999999
      119     0.00000001     0.99999999
      120     0.00000002     0.99999998
      121     0.00000002     0.99999998
      122     0.00000002     0.99999998
      123     0.00000001     0.99999999
      124     0.00000001     0.99999999
      125     0.00000002     0.99999998
      126     0.00000007     0.99999993
      127     0.00000015     0.99999985
      128     0.00000027     0.99999973
      129     0.00000041     0.99999959
      130     0.00000053     0.99999947
      131     0.00000058     0.99999942
      132     0.00000054     0.99999946
      133     0.00000041     0.99999959
      134     0.00000025     0.99999975
      135     0.00000011     0.99999989
      136     0.00000004     0.99999996
      137     0.00000002     0.99999998
      138     0.00000007     0.99999993
      139     0.00000013     0.99999987
      140     0.00000018     0.99999982
      141     0.00000019     0.99999981
      142     0.00000016     0.99999984
      143     0.00000010     0.99999990
      144     0.00000005     0.99999995
      145     0.00000002     0.99999998
      146     0.00000002     0.99999998
      147     0.00000005     0.99999995
      148     0.00000010     0.99999990
      149     0.00000013     0.99999987
      150     0.00000015     0.99999985
      151     0.00000014     0.99999986
      152     0.00000011     0.99999989
      153     0.00000006     0.99999994
      154     0.00000003     0.99999997
      155     0.00000002     0.99999998
      156     0.00000004     0.99999996
      157     0.00000007     0.99999993
      158     0.00000011     0.99999989
      159     0.00000014     0.99999986
      160     0.00000015     0.99999985
      161     0.00000013     0.99999987
      162     0.00000011     0.99999989
      163     0.00000008     0.99999992
      164     0.00000006     0.99999994
      165     0.00000005     0.99999995
      166     0.00000006     0.99999994
      167     0.00000009     0.99999991
      168     0.00000012     0.99999988
      169     0.00000014     0.99999986
      170     0.00000015     0.99999985
      171     0.00000014     0.99999986
      172     0.00000012     0.99999988
      173     0.00000009     0.99999991
      174     0.00000006     0.99999994
      175     0.00000005     0.99999995
      176     0.00000005     0.99999995
      177     0.00000007     0.99999993
      178     0.00000011     0.99999989
      179     0.00000014     0.99999986
      180     0.00000016     0.99999984
      181     0.00000016     0.99999984
      182     0.00000015     0.99999985
      183     0.00000013     0.99999987
      184     0.00000010     0.99999990
      185     0.00000008     0.99999992
      186     0.00000008     0.99999992
      187     0.00000008     0.99999992
      188     0.00000010     0.99999990
      189     0.00000012     0.99999988
      190     0.00000014     0.99999986
      191     0.00000015     0.99999985
      192     0.00000016     0.99999984
      193     0.00000015     0.99999985
      194     0.00000013     0.99999987
      195     0.00000011     0.99999989
      196     0.00000010     0.99999990
      197     0.00000009     0.99999991
      198     0.00000008     0.99999992
      199     0.00000009     0.99999991
      200     0.00000010     0.99999990
      201     0.00000011     0.99999989
      202     0.00000012     0.99999988
      203     0.00000012     0.99999988
      204     0.00000012     0.99999988
      205     0.00000012     0.99999988
      206     0.00000012     0.99999988
      207     0.00000012     0.99999988
      208     0.00000012     0.99999988
      209     0.00000012     0.99999988
      210     0.00000012     0.99999988
      211     0.00000012     0.99999988
      212     0.00000012     0.99999988
      213     0.00000011     0.99999989
      214     0.00000010     0.99999990
      215     0.00000008     0.99999992
      216     0.00000008     0.99999992
      217     0.00000008     0.99999992
      218     0.00000008     0.99999992
      219     0.00000011     0.99999989
      220     0.00000013     0.99999987
      221     0.00000016     0.99999984
      222     0.00000018     0.99999982
      223     0.00000020     0.99999980
      224     0.00000020     0.99999980
      225     0.00000018     0.99999982
      226     0.00000016     0.99999984
      227     0.00000012     0.99999988
      228     0.00000008     0.99999992
      229     0.00000006     0.99999994
      230     0.00000004     0.99999996
      231     0.00000004     0.99999996
      232     0.00000007     0.99999993
      233     0.00000011     0.99999989
      234     0.00000016     0.99999984
      235     0.00000022     0.99999978
      236     0.00000026     0.99999974
      237     0.00000030     0.99999970
      238     0.00000031     0.99999969
      239     0.00000029     0.99999971
      240     0.00000025     0.99999975
      241     0.00000020     0.99999980
      242     0.00000015     0.99999985
      243     0.00000010     0.99999990
      244     0.00000006     0.99999994
      245     0.00000003     0.99999997
      246     0.00000003     0.99999997
      247     0.00000005     0.99999995
      248     0.00000010     0.99999990
      249     0.00000015     0.99999985
      250     0.00000022     0.99999978
      251     0.00000027     0.99999973
      252     0.00000031     0.99999969
      253     0.00000033     0.99999967
      254     0.00000033     0.99999967
      255     0.00000030     0.99999970
      256     0.00000025     0.99999975
      257     0.00000019     0.99999981
      258     0.00000013     0.99999987
      259     0.00000008     0.99999992
      260     0.00000004     0.99999996
      261     0.00000003     0.99999997
      262     0.00000003     0.99999997
      263     0.00000005     0.99999995
      264     0.00000009     0.99999991
      265     0.00000013     0.99999987
      266     0.00000016     0.99999984
      267     0.00000019     0.99999981
      268     0.00000021     0.99999979
      269     0.00000021     0.99999979
      270     0.00000020     0.99999980
      271     0.00000018     0.99999982
      272     0.00000015     0.99999985
      273     0.00000012     0.99999988
      274     0.00000009     0.99999991
      275     0.00000006     0.99999994
      276     0.00000005     0.99999995
      277     0.00000005     0.99999995
      278     0.00000006     0.99999994
      279     0.00000007     0.99999993
      280     0.00000008     0.99999992
      281     0.00000010     0.99999990
      282     0.00000011     0.99999989
      283     0.00000011     0.99999989
      284     0.00000011     0.99999989
      285     0.00000011     0.99999989
      286     0.00000011     0.99999989
      287     0.00000011     0.99999989
      288     0.00000010     0.99999990
      289     0.00000010     0.99999990
      290     0.00000010     0.99999990
      291     0.00000011     0.99999989
      292     0.00000011     0.99999989
      293     0.00000010     0.99999990
      294     0.00000010     0.99999990
      295     0.00000009     0.99999991
      296     0.00000008     0.99999992
      297     0.00000007     0.99999993
      298     0.00000007     0.99999993
      299     0.00000006     0.99999994
      300     0.00000007     0.99999993
      301     0.00000007     0.99999993
      302     0.00000008     0.99999992
      303     0.00000009     0.99999991
      304     0.00000010     0.99999990
      305     0.00000010     0.99999990
      306     0.00000011     0.99999989
      307     0.00000011     0.99999989
      308     0.00000010     0.99999990
      309     0.00000010     0.99999990
      310     0.00000009     0.99999991
      311     0.00000008     0.99999992
      312     0.00000008     0.99999992
      313     0.00000007     0.99999993
      314     0.00000007     0.99999993
      315     0.00000007     0.99999993
      316     0.00000008     0.99999992
      317     0.00000008     0.99999992
      318     0.00000009     0.99999991
      319     0.00000009     0.99999991
      320     0.00000009     0.99999991
      321     0.00000009     0.99999991
      322     0.00000009     0.99999991
      323     0.00000009     0.99999991
      324     0.00000009     0.99999991
      325     0.00000009     0.99999991
      326     0.00000009     0.99999991
      327     0.00000009     0.99999991
      328     0.00000009     0.99999991
      329     0.00000009     0.99999991
      330     0.00000009     0.99999991
      331     0.00000008     0.99999992
      332     0.00000007     0.99999993
      333     0.00000007     0.99999993
      334     0.00000007     0.99999993
      335     0.00000007     0.99999993
      336     0.00000007     0.99999993
      337     0.00000008     0.99999992
      338     0.00000009     0.99999991
      339     0.00000011     0.99999989
      340     0.00000011     0.99999989
      341     0.00000011     0.99999989
      342     0.00000011     0.99999989
      343     0.00000010     0.99999990
      344     0.00000009     0.99999991
      345     0.00000007     0.99999993
      346     0.00000006     0.99999994
      347     0.00000005     0.99999995
      348     0.00000005     0.99999995
      349     0.00000006     0.99999994
      350     0.00000007     0.99999993
      351     0.00000009     0.99999991
      352     0.00000011     0.99999989
      353     0.00000012     0.99999988
      354     0.00000013     0.99999987
      355     0.00000012     0.99999988
      356     0.00000011     0.99999989
      357     0.00000009     0.99999991
      358     0.00000007     0.99999993
      359     0.00000006     0.99999994
      360     0.00000005     0.99999995
      361     0.00000005     0.99999995
      362     0.00000006     0.99999994
      363     0.00000007     0.99999993
      364     0.00000010     0.99999990
      365     0.00000012     0.99999988
      366     0.00000014     0.99999986
      367     0.00000014     0.99999986
      368     0.00000014     0.99999986
      369     0.00000013     0.99999987
      370     0.00000011     0.99999989
      371     0.00000009     0.99999991
      372     0.00000007     0.99999993
      373     0.00000005     0.99999995
      374     0.00000005     0.99999995
      375     0.00000005     0.99999995
      376     0.00000007     0.99999993
      377     0.00000009     0.99999991
      378     0.00000011     0.99999989
      379     0.00000013     0.99999987
      380     0.00000014     0.99999986
      381     0.00000014     0.99999986
      382     0.00000013     0.99999987
      383     0.00000011     0.99999989
      384     0.00000009     0.99999991
      385     0.00000006     0.99999994
      386     0.00000004     0.99999996
      387     0.00000003     0.99999997
      388     0.00000004     0.99999996
      389     0.00000005     0.99999995
      390     0.00000007     0.99999993
      391     0.00000009     0.99999991
      392     0.00000012     0.99999988
      393     0.00000014     0.99999986
      394     0.00000015     0.99999985
      395     0.00000014     0.99999986
      396     0.00000013     0.99999987
      397     0.00000011     0.99999989
      398     0.00000008     0.99999992
      399     0.00000006     0.99999994
      400     0.00000004     0.99999996
      401     0.00000003     0.99999997
      402     0.00000004     0.99999996
      403     0.00000006     0.99999994
      404     0.00000009     0.99999991
      405     0.00000012     0.99999988
      406     0.00000015     0.99999985
      407     0.00000017     0.99999983
      408     0.00000019     0.99999981
      409     0.00000018     0.99999982
      410     0.00000017     0.99999983
      411     0.00000014     0.99999986
      412     0.00000011     0.99999989
      413     0.00000009     0.99999991
      414     0.00000007     0.99999993
      415     0.00000006     0.99999994
      416     0.00000005     0.99999995
      417     0.00000006     0.99999994
      418     0.00000007     0.99999993
      419     0.00000008     0.99999992
      420     0.00000009     0.99999991
      421     0.00000009     0.99999991
      422     0.00000010     0.99999990
      423     0.00000010     0.99999990
      424     0.00000010     0.99999990
      425     0.00000011     0.99999989
      426     0.00000013     0.99999987
      427     0.00000016     0.99999984
      428     0.00000021     0.99999979
      429     0.00000025     0.99999975
      430     0.00000029     0.99999971
      431     0.00000030     0.99999970
      432     0.00000030     0.99999970
      433     0.00000027     0.99999973
      434     0.00000021     0.99999979
      435     0.00000014     0.99999986
      436     0.00000007     0.99999993
      437     0.00000004     0.99999996
      438     0.00000004     0.99999996
      439     0.00000010     0.99999990
      440     0.00000021     0.99999979
      441     0.00000038     0.99999962
      442     0.00000063     0.99999937
      443     0.00000091     0.99999909
      444     0.00000116     0.99999884
      445     0.00000134     0.99999866
      446     0.00000141     0.99999859
      447     0.00000136     0.99999864
      448     0.00000121     0.99999879
      449     0.00000097     0.99999903
      450     0.00000071     0.99999929
      451     0.00000045     0.99999955
      452     0.00000024     0.99999976
      453     0.00000009     0.99999991
      454     0.00000002     0.99999998
      455     0.00000002     0.99999998
      456     0.00000006     0.99999994
      457     0.00000014     0.99999986
      458     0.00000021     0.99999979
      459     0.00000027     0.99999973
      460     0.00000030     0.99999970
      461     0.00000031     0.99999969
      462     0.00000030     0.99999970
      463     0.00000028     0.99999972
      464     0.00000027     0.99999973
      465     0.00000026     0.99999974
      466     0.00000027     0.99999973
      467     0.00000028     0.99999972
      468     0.00000029     0.99999971
      469     0.00000029     0.99999971
      470     0.00000027     0.99999973
      471     0.00000024     0.99999976
      472     0.00000019     0.99999981
      473     0.00000014     0.99999986
      474     0.00000010     0.99999990
      475     0.00000009     0.99999991
      476     0.00000011     0.99999989
      477     0.00000015     0.99999985
      478     0.00000023     0.99999977
      479     0.00000030     0.99999970
      480     0.00000037     0.99999963
      481     0.00000041     0.99999959
      482     0.00000041     0.99999959
      483     0.00000038     0.99999962
      484     0.00000031     0.99999969
      485     0.00000023     0.99999977
      486     0.00000016     0.99999984
      487     0.00000011     0.99999989
      488     0.00000009     0.99999991
      489     0.00000012     0.99999988
      490     0.00000017     0.99999983
      491     0.00000025     0.99999975
      492     0.00000032     0.99999968
      493     0.00000037     0.99999963
      494     0.00000038     0.99999962
      495     0.00000036     0.99999964
      496     0.00000031     0.99999969
      497     0.00000025     0.99999975
      498     0.00000018     0.99999982
      499     0.00000014     0.99999986
      500     0.00000013     0.99999987
      501     0.00000014     0.99999986
      502     0.00000017     0.99999983
      503     0.00000021     0.99999979
      504     0.00000025     0.99999975
      505     0.00000027     0.99999973
      506     0.00000028     0.99999972
      507     0.00000026     0.99999974
      508     0.00000024     0.99999976
      509     0.00000021     0.99999979
      510     0.00000018     0.99999982
      511     0.00000017     0.99999983
      512     0.00000016     0.99999984
      513     0.00000018     0.99999982
      514     0.00000019     0.99999981
      515     0.00000021     0.99999979
      516     0.00000023     0.99999977
      517     0.00000023     0.99999977
      518     0.00000023     0.99999977
      519     0.00000022     0.99999978
      520     0.00000021     0.99999979
      521     0.00000020     0.99999980
      522     0.00000020     0.99999980
      523     0.00000020     0.99999980
      524     0.00000020     0.99999980
      525     0.00000020     0.99999980
      526     0.00000020     0.99999980
      527     0.00000020     0.99999980
      528     0.00000020     0.99999980
      529     0.00000020     0.99999980
      530     0.00000021     0.99999979
      531     0.00000021     0.99999979
      532     0.00000021     0.99999979
      533     0.00000021     0.99999979
      534     0.00000021     0.99999979
      535     0.00000021     0.99999979
      536     0.00000021     0.99999979
      537     0.00000021     0.99999979
      538     0.00000020     0.99999980
      539     0.00000020     0.99999980
      540     0.00000020     0.99999980
      541     0.00000020     0.99999980
      542     0.00000020     0.99999980
      543     0.00000020     0.99999980
      544     0.00000021     0.99999979
      545     0.00000021     0.99999979
      546     0.00000021     0.99999979
      547     0.00000021     0.99999979
      548     0.00000021     0.99999979
      549     0.00000021     0.99999979
      550     0.00000021     0.99999979
      551     0.00000021     0.99999979
      552     0.00000021     0.99999979
      553     0.00000021     0.99999979
      554     0.00000020     0.99999980
      555     0.00000020     0.99999980
      556     0.00000020     0.99999980
      557     0.00000019     0.99999981
      558     0.00000019     0.99999981
      559     0.00000019     0.99999981
      560     0.00000020     0.99999980
      561     0.00000021     0.99999979
      562     0.00000022     0.99999978
      563     0.00000023     0.99999977
      564     0.00000023     0.99999977
      565     0.00000023     0.99999977
      566     0.00000022     0.99999978
      567     0.00000021     0.99999979
      568     0.00000019     0.99999981
      569     0.00000017     0.99999983
      570     0.00000017     0.99999983
      571     0.00000017     0.99999983
      572     0.00000018     0.99999982
      573     0.00000019     0.99999981
      574     0.00000022     0.99999978
      575     0.00000024     0.99999976
      576     0.00000025     0.99999975
      577     0.00000026     0.99999974
      578     0.00000026     0.99999974
      579     0.00000024     0.99999976
      580     0.00000022     0.99999978
      581     0.00000020     0.99999980
      582     0.00000018     0.99999982
      583     0.00000017     0.99999983
      584     0.00000016     0.99999984
      585     0.00000017     0.99999983
      586     0.00000017     0.99999983
      587     0.00000019     0.99999981
      588     0.00000020     0.99999980
      589     0.00000021     0.99999979
      590     0.00000022     0.99999978
      591     0.00000022     0.99999978
      592     0.00000022     0.99999978
      593     0.00000022     0.99999978
      594     0.00000022     0.99999978
      595     0.00000022     0.99999978
      596     0.00000022     0.99999978
      597     0.00000023     0.99999977
      598     0.00000024     0.99999976
      599     0.00000024     0.99999976
      600     0.00000024     0.99999976
      601     0.00000023     0.99999977
      602     0.00000021     0.99999979
      603     0.00000019     0.99999981
      604     0.00000017     0.99999983
      605     0.00000015     0.99999985
      606     0.00000014     0.99999986
      607     0.00000014     0.99999986
      608     0.00000015     0.99999985
      609     0.00000017     0.99999983
      610     0.00000020     0.99999980
      611     0.00000024     0.99999976
      612     0.00000027     0.99999973
      613     0.00000030     0.99999970
      614     0.00000031     0.99999969
      615     0.00000031     0.99999969
      616     0.00000030     0.99999970
      617     0.00000027     0.99999973
      618     0.00000025     0.99999975
      619     0.00000022     0.99999978
      620     0.00000019     0.99999981
      621     0.00000019     0.99999981
      622     0.00000019     0.99999981
      623     0.00000019     0.99999981
      624     0.00000019     0.99999981
      625     0.00000019     0.99999981
      626     0.00000020     0.99999980
      627     0.00000021     0.99999979
      628     0.00000022     0.99999978
      629     0.00000024     0.99999976
      630     0.00000024     0.99999976
      631     0.00000024     0.99999976
      632     0.00000024     0.99999976
      633     0.00000022     0.99999978
      634     0.00000020     0.99999980
      635     0.00000018     0.99999982
      636     0.00000017     0.99999983
      637     0.00000016     0.99999984
      638     0.00000016     0.99999984
      639     0.00000016     0.99999984
      640     0.00000017     0.99999983
      641     0.00000018     0.99999982
      642     0.00000020     0.99999980
      643     0.00000022     0.99999978
      644     0.00000023     0.99999977
      645     0.00000024     0.99999976
      646     0.00000024     0.99999976
      647     0.00000023     0.99999977
      648     0.00000022     0.99999978
      649     0.00000020     0.99999980
      650     0.00000019     0.99999981
      651     0.00000017     0.99999983
      652     0.00000017     0.99999983
      653     0.00000017     0.99999983
      654     0.00000017     0.99999983
      655     0.00000018     0.99999982
      656     0.00000020     0.99999980
      657     0.00000021     0.99999979
      658     0.00000021     0.99999979
      659     0.00000022     0.99999978
      660     0.00000021     0.99999979
      661     0.00000021     0.99999979
      662     0.00000020     0.99999980
      663     0.00000019     0.99999981
      664     0.00000018     0.99999982
      665     0.00000018     0.99999982
      666     0.00000018     0.99999982
      667     0.00000018     0.99999982
      668     0.00000018     0.99999982
      669     0.00000019     0.99999981
      670     0.00000019     0.99999981
      671     0.00000019     0.99999981
      672     0.00000019     0.99999981
      673     0.00000019     0.99999981
      674     0.00000019     0.99999981
      675     0.00000019     0.99999981
      676     0.00000019     0.99999981
      677     0.00000019     0.99999981
      678     0.00000019     0.99999981
      679     0.00000019     0.99999981
      680     0.00000019     0.99999981
      681     0.00000019     0.99999981
      682     0.00000019     0.99999981
      683     0.00000018     0.99999982
      684     0.00000018     0.99999982
      685     0.00000018     0.99999982
      686     0.00000019     0.99999981
      687     0.00000020     0.99999980
      688     0.00000021     0.99999979
      689     0.00000022     0.99999978
      690     0.00000022     0.99999978
      691     0.00000022     0.99999978
      692     0.00000020     0.99999980
      693     0.00000019     0.99999981
      694     0.00000017     0.99999983
      695     0.00000016     0.99999984
      696     0.00000016     0.99999984
      697     0.00000018     0.99999982
      698     0.00000020     0.99999980
      699     0.00000022     0.99999978
      700     0.00000023     0.99999977
      701     0.00000024     0.99999976
      702     0.00000022     0.99999978
      703     0.00000020     0.99999980
      704     0.00000016     0.99999984
      705     0.00000013     0.99999987
      706     0.00000012     0.99999988
      707     0.00000013     0.99999987
      708     0.00000016     0.99999984
      709     0.00000020     0.99999980
      710     0.00000024     0.99999976
      711     0.00000026     0.99999974
      712     0.00000026     0.99999974
      713     0.00000022     0.99999978
      714     0.00000018     0.99999982
      715     0.00000014     0.99999986
      716     0.00000011     0.99999989
      717     0.00000012     0.99999988
      718     0.00000015     0.99999985
      719     0.00000019     0.99999981
      720     0.00000023     0.99999977
      721     0.00000026     0.99999974
      722     0.00000025     0.99999975
      723     0.00000022     0.99999978
      724     0.00000018     0.99999982
      725     0.00000014     0.99999986
      726     0.00000012     0.99999988
      727     0.00000012     0.99999988
      728     0.00000014     0.99999986
      729     0.00000017     0.99999983
      730     0.00000020     0.99999980
      731     0.00000021     0.99999979
      732     0.00000021     0.99999979
      733     0.00000020     0.99999980
      734     0.00000018     0.99999982
      735     0.00000017     0.99999983
      736     0.00000017     0.99999983
      737     0.00000017     0.99999983
      738     0.00000017     0.99999983
      739     0.00000016     0.99999984
      740     0.00000015     0.99999985
      741     0.00000015     0.99999985
      742     0.00000015     0.99999985
      743     0.00000016     0.99999984
      744     0.00000018     0.99999982
      745     0.00000021     0.99999979
      746     0.00000023     0.99999977
      747     0.00000023     0.99999977
      748     0.00000021     0.99999979
      749     0.00000019     0.99999981
      750     0.00000015     0.99999985
      751     0.00000013     0.99999987
      752     0.00000012     0.99999988
      753     0.00000013     0.99999987
      754     0.00000016     0.99999984
      755     0.00000019     0.99999981
      756     0.00000021     0.99999979
      757     0.00000023     0.99999977
      758     0.00000022     0.99999978
      759     0.00000021     0.99999979
      760     0.00000019     0.99999981
      761     0.00000017     0.99999983
      762     0.00000015     0.99999985
      763     0.00000015     0.99999985
      764     0.00000015     0.99999985
      765     0.00000016     0.99999984
      766     0.00000017     0.99999983
      767     0.00000017     0.99999983
      768     0.00000017     0.99999983
      769     0.00000017     0.99999983
      770     0.00000017     0.99999983
      771     0.00000018     0.99999982
      772     0.00000018     0.99999982
      773     0.00000019     0.99999981
      774     0.00000020     0.99999980
      775     0.00000020     0.99999980
      776     0.00000020     0.99999980
      777     0.00000019     0.99999981
      778     0.00000018     0.99999982
      779     0.00000016     0.99999984
      780     0.00000014     0.99999986
      781     0.00000013     0.99999987
      782     0.00000013     0.99999987
      783     0.00000014     0.99999986
      784     0.00000015     0.99999985
      785     0.00000016     0.99999984
      786     0.00000018     0.99999982
      787     0.00000019     0.99999981
      788     0.00000019     0.99999981
      789     0.00000019     0.99999981
      790     0.00000018     0.99999982
      791     0.00000018     0.99999982
      792     0.00000017     0.99999983
      793     0.00000016     0.99999984
      794     0.00000015     0.99999985
      795     0.00000015     0.99999985
      796     0.00000015     0.99999985
      797     0.00000015     0.99999985
      798     0.00000015     0.99999985
      799     0.00000015     0.99999985
      800     0.00000015     0.99999985
      801     0.00000015     0.99999985
      802     0.00000015     0.99999985
      803     0.00000015     0.99999985
      804     0.00000015     0.99999985
      805     0.00000015     0.99999985
      806     0.00000016     0.99999984
      807     0.00000018     0.99999982
      808     0.00000019     0.99999981
      809     0.00000021     0.99999979
      810     0.00000021     0.99999979
      811     0.00000022     0.99999978
      812     0.00000021     0.99999979
      813     0.00000020     0.99999980
      814     0.00000018     0.99999982
      815     0.00000015     0.99999985
      816     0.00000012     0.99999988
      817     0.00000011     0.99999989
      818     0.00000010     0.99999990
      819     0.00000011     0.99999989
      820     0.00000014     0.99999986
      821     0.00000018     0.99999982
      822     0.00000023     0.99999977
      823     0.00000027     0.99999973
      824     0.00000031     0.99999969
      825     0.00000034     0.99999966
      826     0.00000034     0.99999966
      827     0.00000032     0.99999968
      828     0.00000028     0.99999972
      829     0.00000023     0.99999977
      830     0.00000017     0.99999983
      831     0.00000011     0.99999989
      832     0.00000007     0.99999993
      833     0.00000005     0.99999995
      834     0.00000006     0.99999994
      835     0.00000008     0.99999992
      836     0.00000011     0.99999989
      837     0.00000016     0.99999984
      838     0.00000019     0.99999981
      839     0.00000023     0.99999977
      840     0.00000024     0.99999976
      841     0.00000024     0.99999976
      842     0.00000023     0.99999977
      843     0.00000021     0.99999979
      844     0.00000019     0.99999981
      845     0.00000017     0.99999983
      846     0.00000015     0.99999985
      847     0.00000014     0.99999986
      848     0.00000014     0.99999986
      849     0.00000014     0.99999986
      850     0.00000014     0.99999986
      851     0.00000014     0.99999986
      852     0.00000014     0.99999986
      853     0.00000013     0.99999987
      854     0.00000013     0.99999987
      855     0.00000012     0.99999988
      856     0.00000013     0.99999987
      857     0.00000014     0.99999986
      858     0.00000016     0.99999984
      859     0.00000018     0.99999982
      860     0.00000021     0.99999979
      861     0.00000023     0.99999977
      862     0.00000025     0.99999975
      863     0.00000024     0.99999976
      864     0.00000022     0.99999978
      865     0.00000018     0.99999982
      866     0.00000014     0.99999986
      867     0.00000009     0.99999991
      868     0.00000006     0.99999994
      869     0.00000005     0.99999995
      870     0.00000006     0.99999994
      871     0.00000010     0.99999990
      872     0.00000015     0.99999985
      873     0.00000021     0.99999979
      874     0.00000027     0.99999973
      875     0.00000030     0.99999970
      876     0.00000031     0.99999969
      877     0.00000029     0.99999971
      878     0.00000024     0.99999976
      879     0.00000018     0.99999982
      880     0.00000011     0.99999989
      881     0.00000006     0.99999994
      882     0.00000003     0.99999997
      883     0.00000005     0.99999995
      884     0.00000011     0.99999989
      885     0.00000020     0.99999980
      886     0.00000030     0.99999970
      887     0.00000038     0.99999962
      888     0.00000042     0.99999958
      889     0.00000041     0.99999959
      890     0.00000037     0.99999963
      891     0.00000029     0.99999971
      892     0.00000020     0.99999980
      893     0.00000012     0.99999988
      894     0.00000007     0.99999993
      895     0.00000006     0.99999994
      896     0.00000008     0.99999992
      897     0.00000013     0.99999987
      898     0.00000019     0.99999981
      899     0.00000025     0.99999975
      900     0.00000030     0.99999970
      901     0.00000031     0.99999969
      902     0.00000030     0.99999970
      903     0.00000026     0.99999974
      904     0.00000020     0.99999980
      905     0.00000015     0.99999985
      906     0.00000011     0.99999989
      907     0.00000009     0.99999991
      908     0.00000009     0.99999991
      909     0.00000011     0.99999989
      910     0.00000013     0.99999987
      911     0.00000015     0.99999985
      912     0.00000017     0.99999983
      913     0.00000018     0.99999982
      914     0.00000018     0.99999982
      915     0.00000017     0.99999983
      916     0.00000016     0.99999984
      917     0.00000016     0.99999984
      918     0.00000015     0.99999985
      919     0.00000015     0.99999985
      920     0.00000015     0.99999985
      921     0.00000015     0.99999985
      922     0.00000015     0.99999985
      923     0.00000015     0.99999985
      924     0.00000015     0.99999985
      925     0.00000015     0.99999985
      926     0.00000015     0.99999985
      927     0.00000015     0.99999985
      928     0.00000015     0.99999985
      929     0.00000014     0.99999986
      930     0.00000013     0.99999987
      931     0.00000013     0.99999987
      932     0.00000013     0.99999987
      933     0.00000013     0.99999987
      934     0.00000015     0.99999985
      935     0.00000018     0.99999982
      936     0.00000021     0.99999979
      937     0.00000024     0.99999976
      938     0.00000025     0.99999975
      939     0.00000024     0.99999976
      940     0.00000021     0.99999979
      941     0.00000015     0.99999985
      942     0.00000009     0.99999991
      943     0.00000004     0.99999996
      944     0.00000002     0.99999998
      945     0.00000006     0.99999994
      946     0.00000014     0.99999986
      947     0.00000025     0.99999975
      948     0.00000036     0.99999964
      949     0.00000046     0.99999954
      950     0.00000051     0.99999949
      951     0.00000050     0.99999950
      952     0.00000043     0.99999957
      953     0.00000032     0.99999968
      954     0.00000019     0.99999981
      955     0.00000007     0.99999993
      956     0.00000001     0.99999999
      957     0.00000001     0.99999999
      958     0.00000009     0.99999991
      959     0.00000023     0.99999977
      960     0.00000039     0.99999961
      961     0.00000056     0.99999944
      962     0.00000070     0.99999930
      963     0.00000077     0.99999923
      964     0.00000076     0.99999924
      965     0.00000066     0.99999934
      966     0.00000051     0.99999949
      967     0.00000033     0.99999967
      968     0.00000017     0.99999983
      969     0.00000005     0.99999995
      970     0.00000001     0.99999999
      971     0.00000004     0.99999996
      972     0.00000014     0.99999986
      973     0.00000026     0.99999974
      974     0.00000038     0.99999962
      975     0.00000048     0.99999952
      976     0.00000053     0.99999947
      977     0.00000052     0.99999948
      978     0.00000046     0.99999954
      979     0.00000037     0.99999963
      980     0.00000027     0.99999973
      981     0.00000018     0.99999982
      982     0.00000012     0.99999988
      983     0.00000008     0.99999992
      984     0.00000007     0.99999993
      985     0.00000007     0.99999993
      986     0.00000008     0.99999992
      987     0.00000008     0.99999992
      988     0.00000007     0.99999993
      989     0.00000006     0.99999994
      990     0.00000005     0.99999995
      991     0.00000006     0.99999994
      992     0.00000010     0.99999990
      993     0.00000018     0.99999982
      994     0.00000030     0.99999970
      995     0.00000044     0.99999956
      996     0.00000058     0.99999942
      997     0.00000069     0.99999931
      998     0.00000076     0.99999924
      999     0.00000075     0.99999925
     1000     0.00000068     0.99999932
