#    Non-Adiabatic Coupling Matrix Eliments: off-diagonal
         0     0.00000000
         1    -0.00000617
         2    -0.00001249
         3    -0.00001912
         4    -0.00002621
         5    -0.00003391
         6    -0.00004226
         7    -0.00005140
         8    -0.00006120
         9    -0.00007138
        10    -0.00008138
        11    -0.00009028
        12    -0.00009670
        13    -0.00009926
        14    -0.00009673
        15    -0.00008871
        16    -0.00007585
        17    -0.00005982
        18    -0.00004237
        19    -0.00002548
        20    -0.00001024
        21    -0.00000103
        22    -0.00000024
        23     0.00000042
        24     0.00000094
        25     0.00000137
        26     0.00000171
        27     0.00000198
        28     0.00000221
        29     0.00000241
        30     0.00000258
        31     0.00000277
        32     0.00000297
        33     0.00000318
        34     0.00000342
        35     0.00000370
        36     0.00000398
        37     0.00000429
        38     0.00000463
        39     0.00000497
        40     0.00000528
        41     0.00000382
        42     0.00000414
        43     0.00000446
        44     0.00000476
        45     0.00000507
        46     0.00000535
        47     0.00000560
        48     0.00000579
        49     0.00000593
        50     0.00000604
        51     0.00000606
        52     0.00000604
        53     0.00000594
        54     0.00000575
        55     0.00000549
        56     0.00000516
        57     0.00000475
        58     0.00000425
        59     0.00000366
        60     0.00000298
        61     0.00000103
        62     0.00000065
        63     0.00000024
        64    -0.00000020
        65    -0.00000067
        66    -0.00000116
        67    -0.00000167
        68    -0.00000221
        69    -0.00000275
        70    -0.00000331
        71    -0.00000388
        72    -0.00000445
        73    -0.00000503
        74    -0.00000561
        75    -0.00000618
        76    -0.00000674
        77    -0.00000730
        78    -0.00000784
        79    -0.00000837
        80    -0.00000888
        81    -0.00000724
        82    -0.00000767
        83    -0.00000807
        84    -0.00000845
        85    -0.00000881
        86    -0.00000914
        87    -0.00000944
        88    -0.00000970
        89    -0.00000994
        90    -0.00001016
        91    -0.00001033
        92    -0.00001048
        93    -0.00001060
        94    -0.00001068
        95    -0.00001073
        96    -0.00001075
        97    -0.00001073
        98    -0.00001068
        99    -0.00001059
       100    -0.00001045
       101    -0.00000674
       102    -0.00000659
       103    -0.00000640
       104    -0.00000619
       105    -0.00000595
       106    -0.00000567
       107    -0.00000535
       108    -0.00000499
       109    -0.00000457
       110    -0.00000408
       111    -0.00000352
       112    -0.00000285
       113    -0.00000206
       114    -0.00000112
       115     0.00000002
       116     0.00000141
       117     0.00000313
       118     0.00000528
       119     0.00000803
       120     0.00001155
       121     0.00001136
       122     0.00001473
       123     0.00001897
       124     0.00002440
       125     0.00003140
       126     0.00004040
       127     0.00005163
       128     0.00006445
       129     0.00007613
       130     0.00008228
       131     0.00008090
       132     0.00007457
       133     0.00006680
       134     0.00005953
       135     0.00005327
       136     0.00004809
       137     0.00004384
       138     0.00004031
       139     0.00003738
       140     0.00003492
       141     0.00002232
       142     0.00002133
       143     0.00002044
       144     0.00001963
       145     0.00001892
       146     0.00001828
       147     0.00001770
       148     0.00001720
       149     0.00001675
       150     0.00001635
       151     0.00001601
       152     0.00001573
       153     0.00001549
       154     0.00001529
       155     0.00001513
       156     0.00001503
       157     0.00001495
       158     0.00001492
       159     0.00001491
       160     0.00001495
       161     0.00000936
       162     0.00000934
       163     0.00000934
       164     0.00000936
       165     0.00000938
       166     0.00000942
       167     0.00000947
       168     0.00000953
       169     0.00000960
       170     0.00000969
       171     0.00000978
       172     0.00000988
       173     0.00000999
       174     0.00001011
       175     0.00001022
       176     0.00001035
       177     0.00001048
       178     0.00001061
       179     0.00001074
       180     0.00001087
       181     0.00000695
       182     0.00000692
       183     0.00000689
       184     0.00000685
       185     0.00000679
       186     0.00000674
       187     0.00000666
       188     0.00000658
       189     0.00000648
       190     0.00000637
       191     0.00000624
       192     0.00000609
       193     0.00000593
       194     0.00000574
       195     0.00000552
       196     0.00000528
       197     0.00000500
       198     0.00000470
       199     0.00000436
       200     0.00000401
       201     0.00000247
       202     0.00000211
       203     0.00000173
       204     0.00000133
       205     0.00000091
       206     0.00000045
       207    -0.00000004
       208    -0.00000055
       209    -0.00000108
       210    -0.00000164
       211    -0.00000222
       212    -0.00000284
       213    -0.00000346
       214    -0.00000413
       215    -0.00000482
       216    -0.00000551
       217    -0.00000625
       218    -0.00000699
       219    -0.00000778
       220    -0.00000856
       221    -0.00000711
       222    -0.00000769
       223    -0.00000828
       224    -0.00000889
       225    -0.00000949
       226    -0.00001010
       227    -0.00001071
       228    -0.00001129
       229    -0.00001190
       230    -0.00001251
       231    -0.00001307
       232    -0.00001366
       233    -0.00001426
       234    -0.00001482
       235    -0.00001538
       236    -0.00001588
       237    -0.00001643
       238    -0.00001691
       239    -0.00001738
       240    -0.00001786
       241    -0.00001416
       242    -0.00001444
       243    -0.00001473
       244    -0.00001496
       245    -0.00001521
       246    -0.00001543
       247    -0.00001563
       248    -0.00001605
       249    -0.00001608
       250    -0.00001613
       251    -0.00001624
       252    -0.00001632
       253    -0.00001640
       254    -0.00001653
       255    -0.00001658
       256    -0.00001668
       257    -0.00001652
       258    -0.00001650
       259    -0.00001616
       260    -0.00001624
       261    -0.00001299
       262    -0.00001264
       263    -0.00001243
       264    -0.00001239
       265    -0.00001187
       266    -0.00001138
       267    -0.00001112
       268    -0.00001075
       269    -0.00001016
       270    -0.00000980
       271    -0.00000893
       272    -0.00001050
       273    -0.00001024
       274    -0.00000953
       275    -0.00000849
       276    -0.00000763
       277    -0.00000724
       278    -0.00000615
       279    -0.00000540
       280    -0.00000541
       281    -0.00000370
       282    -0.00000310
       283    -0.00000267
       284    -0.00000192
       285    -0.00000169
       286    -0.00000132
       287    -0.00000059
       288    -0.00000028
       289     0.00000017
       290     0.00000047
       291     0.00000072
       292     0.00000109
       293     0.00000266
       294     0.00000282
       295     0.00000311
       296     0.00000322
       297     0.00000327
       298     0.00000339
       299     0.00000333
       300     0.00000337
       301     0.00000327
       302     0.00000330
       303     0.00000319
       304     0.00000315
       305     0.00000306
       306     0.00000306
       307     0.00000295
       308     0.00000277
       309     0.00000269
       310     0.00000251
       311     0.00000237
       312     0.00000219
       313     0.00000201
       314     0.00000181
       315     0.00000160
       316     0.00000139
       317     0.00000117
       318     0.00000094
       319     0.00000070
       320     0.00000047
       321     0.00000024
       322    -0.00000000
       323    -0.00000027
       324    -0.00000052
       325    -0.00000078
       326    -0.00000103
       327    -0.00000128
       328    -0.00000153
       329    -0.00000178
       330    -0.00000202
       331    -0.00000225
       332    -0.00000249
       333    -0.00000270
       334    -0.00000292
       335    -0.00000316
       336    -0.00000334
       337    -0.00000354
       338    -0.00000372
       339    -0.00000391
       340    -0.00000408
       341    -0.00000474
       342    -0.00000492
       343    -0.00000508
       344    -0.00000525
       345    -0.00000540
       346    -0.00000552
       347    -0.00000564
       348    -0.00000576
       349    -0.00000586
       350    -0.00000597
       351    -0.00000604
       352    -0.00000611
       353    -0.00000617
       354    -0.00000622
       355    -0.00000627
       356    -0.00000631
       357    -0.00000634
       358    -0.00000634
       359    -0.00000636
       360    -0.00000637
       361    -0.00000746
       362    -0.00000748
       363    -0.00000751
       364    -0.00000752
       365    -0.00000752
       366    -0.00000753
       367    -0.00000752
       368    -0.00000751
       369    -0.00000749
       370    -0.00000748
       371    -0.00000746
       372    -0.00000744
       373    -0.00000740
       374    -0.00000738
       375    -0.00000734
       376    -0.00000731
       377    -0.00000728
       378    -0.00000725
       379    -0.00000722
       380    -0.00000718
       381    -0.00000869
       382    -0.00000872
       383    -0.00000874
       384    -0.00000877
       385    -0.00000879
       386    -0.00000882
       387    -0.00000884
       388    -0.00000887
       389    -0.00000889
       390    -0.00000890
       391    -0.00000892
       392    -0.00000892
       393    -0.00000893
       394    -0.00000893
       395    -0.00000892
       396    -0.00000890
       397    -0.00000886
       398    -0.00000882
       399    -0.00000876
       400    -0.00000869
       401    -0.00001126
       402    -0.00001117
       403    -0.00001104
       404    -0.00001092
       405    -0.00001075
       406    -0.00001054
       407    -0.00001028
       408    -0.00000998
       409    -0.00000965
       410    -0.00000927
       411    -0.00000883
       412    -0.00000835
       413    -0.00000781
       414    -0.00000723
       415    -0.00000658
       416    -0.00000589
       417    -0.00000512
       418    -0.00000430
       419    -0.00000341
       420    -0.00000249
       421    -0.00000176
       422    -0.00000011
       423     0.00000167
       424     0.00000350
       425     0.00000554
       426     0.00000757
       427     0.00000965
       428     0.00001189
       429     0.00001444
       430     0.00001678
       431     0.00001920
       432     0.00002151
       433     0.00002402
       434     0.00002960
       435     0.00003216
       436     0.00003475
       437     0.00003727
       438     0.00003924
       439     0.00004166
       440     0.00004332
       441     0.00005714
       442     0.00005911
       443     0.00005999
       444     0.00006070
       445     0.00005689
       446     0.00005571
       447     0.00005459
       448     0.00005207
       449     0.00004890
       450     0.00004581
       451     0.00004207
       452     0.00003891
       453     0.00003550
       454     0.00003205
       455     0.00002801
       456     0.00002470
       457     0.00002129
       458     0.00001816
       459     0.00001491
       460     0.00001199
       461     0.00000954
       462     0.00000673
       463     0.00000423
       464     0.00000183
       465    -0.00000036
       466    -0.00000240
       467    -0.00000430
       468    -0.00000605
       469    -0.00000757
       470    -0.00000908
       471    -0.00001037
       472    -0.00001156
       473    -0.00001263
       474    -0.00001360
       475    -0.00001443
       476    -0.00001518
       477    -0.00001580
       478    -0.00001635
       479    -0.00001677
       480    -0.00001714
       481    -0.00001608
       482    -0.00001626
       483    -0.00001639
       484    -0.00001646
       485    -0.00001648
       486    -0.00001644
       487    -0.00001634
       488    -0.00001620
       489    -0.00001603
       490    -0.00001581
       491    -0.00001554
       492    -0.00001525
       493    -0.00001493
       494    -0.00001458
       495    -0.00001422
       496    -0.00001380
       497    -0.00001337
       498    -0.00001293
       499    -0.00001247
       500    -0.00001201
       501    -0.00000968
       502    -0.00000926
       503    -0.00000885
       504    -0.00000844
       505    -0.00000802
       506    -0.00000760
       507    -0.00000718
       508    -0.00000675
       509    -0.00000633
       510    -0.00000592
       511    -0.00000550
       512    -0.00000511
       513    -0.00000470
       514    -0.00000432
       515    -0.00000395
       516    -0.00000357
       517    -0.00000322
       518    -0.00000288
       519    -0.00000254
       520    -0.00000223
       521    -0.00000160
       522    -0.00000134
       523    -0.00000108
       524    -0.00000084
       525    -0.00000062
       526    -0.00000041
       527    -0.00000022
       528    -0.00000003
       529     0.00000012
       530     0.00000027
       531     0.00000041
       532     0.00000053
       533     0.00000062
       534     0.00000071
       535     0.00000077
       536     0.00000082
       537     0.00000086
       538     0.00000086
       539     0.00000087
       540     0.00000086
       541     0.00000073
       542     0.00000069
       543     0.00000063
       544     0.00000056
       545     0.00000048
       546     0.00000038
       547     0.00000028
       548     0.00000016
       549     0.00000003
       550    -0.00000011
       551    -0.00000027
       552    -0.00000043
       553    -0.00000061
       554    -0.00000079
       555    -0.00000099
       556    -0.00000119
       557    -0.00000140
       558    -0.00000162
       559    -0.00000184
       560    -0.00000207
       561    -0.00000216
       562    -0.00000239
       563    -0.00000261
       564    -0.00000284
       565    -0.00000306
       566    -0.00000328
       567    -0.00000351
       568    -0.00000372
       569    -0.00000391
       570    -0.00000412
       571    -0.00000430
       572    -0.00000446
       573    -0.00000463
       574    -0.00000475
       575    -0.00000486
       576    -0.00000495
       577    -0.00000500
       578    -0.00000504
       579    -0.00000504
       580    -0.00000499
       581    -0.00000447
       582    -0.00000437
       583    -0.00000420
       584    -0.00000402
       585    -0.00000380
       586    -0.00000355
       587    -0.00000323
       588    -0.00000292
       589    -0.00000253
       590    -0.00000214
       591    -0.00000168
       592    -0.00000120
       593    -0.00000070
       594    -0.00000014
       595     0.00000044
       596     0.00000099
       597     0.00000154
       598     0.00000224
       599     0.00000289
       600     0.00000348
       601     0.00000355
       602     0.00000408
       603     0.00000475
       604     0.00000502
       605     0.00000545
       606     0.00000591
       607     0.00000642
       608     0.00000677
       609     0.00000706
       610     0.00000723
       611     0.00000754
       612     0.00000747
       613     0.00000716
       614     0.00000734
       615     0.00000702
       616     0.00000680
       617     0.00000655
       618     0.00000619
       619     0.00000550
       620     0.00000448
       621    -0.00000065
       622     0.00000023
       623     0.00000054
       624     0.00000106
       625     0.00000185
       626     0.00000188
       627     0.00000256
       628     0.00000316
       629     0.00000373
       630     0.00000409
       631     0.00000437
       632     0.00000451
       633     0.00000474
       634     0.00000489
       635     0.00000292
       636     0.00000311
       637     0.00000343
       638     0.00000356
       639     0.00000365
       640     0.00000361
       641     0.00000400
       642     0.00000404
       643     0.00000406
       644     0.00000401
       645     0.00000396
       646     0.00000396
       647     0.00000378
       648     0.00000365
       649     0.00000360
       650     0.00000339
       651     0.00000325
       652     0.00000309
       653     0.00000293
       654     0.00000279
       655     0.00000262
       656     0.00000247
       657     0.00000232
       658     0.00000218
       659     0.00000204
       660     0.00000190
       661     0.00000234
       662     0.00000212
       663     0.00000192
       664     0.00000172
       665     0.00000153
       666     0.00000133
       667     0.00000116
       668     0.00000100
       669     0.00000087
       670     0.00000072
       671     0.00000058
       672     0.00000047
       673     0.00000037
       674     0.00000026
       675     0.00000018
       676     0.00000009
       677     0.00000002
       678    -0.00000005
       679    -0.00000010
       680    -0.00000016
       681    -0.00000056
       682    -0.00000090
       683    -0.00000123
       684    -0.00000153
       685    -0.00000184
       686    -0.00000213
       687    -0.00000241
       688    -0.00000269
       689    -0.00000296
       690    -0.00000322
       691    -0.00000346
       692    -0.00000370
       693    -0.00000392
       694    -0.00000415
       695    -0.00000434
       696    -0.00000453
       697    -0.00000472
       698    -0.00000490
       699    -0.00000507
       700    -0.00000523
       701    -0.00000730
       702    -0.00000773
       703    -0.00000812
       704    -0.00000850
       705    -0.00000886
       706    -0.00000920
       707    -0.00000950
       708    -0.00000977
       709    -0.00001004
       710    -0.00001025
       711    -0.00001043
       712    -0.00001060
       713    -0.00001071
       714    -0.00001077
       715    -0.00001083
       716    -0.00001081
       717    -0.00001074
       718    -0.00001063
       719    -0.00001049
       720    -0.00001027
       721    -0.00001132
       722    -0.00001102
       723    -0.00001065
       724    -0.00001025
       725    -0.00000975
       726    -0.00000918
       727    -0.00000855
       728    -0.00000786
       729    -0.00000712
       730    -0.00000632
       731    -0.00000547
       732    -0.00000460
       733    -0.00000372
       734    -0.00000281
       735    -0.00000189
       736    -0.00000098
       737    -0.00000007
       738     0.00000082
       739     0.00000169
       740     0.00000253
       741     0.00000362
       742     0.00000440
       743     0.00000512
       744     0.00000577
       745     0.00000635
       746     0.00000685
       747     0.00000727
       748     0.00000760
       749     0.00000784
       750     0.00000798
       751     0.00000803
       752     0.00000799
       753     0.00000786
       754     0.00000766
       755     0.00000736
       756     0.00000702
       757     0.00000659
       758     0.00000611
       759     0.00000561
       760     0.00000505
       761     0.00000438
       762     0.00000383
       763     0.00000323
       764     0.00000266
       765     0.00000208
       766     0.00000149
       767     0.00000091
       768     0.00000036
       769    -0.00000020
       770    -0.00000071
       771    -0.00000124
       772    -0.00000172
       773    -0.00000219
       774    -0.00000263
       775    -0.00000303
       776    -0.00000340
       777    -0.00000376
       778    -0.00000406
       779    -0.00000439
       780    -0.00000463
       781    -0.00000352
       782    -0.00000352
       783    -0.00000348
       784    -0.00000337
       785    -0.00000329
       786    -0.00000322
       787    -0.00000309
       788    -0.00000297
       789    -0.00000287
       790    -0.00000270
       791    -0.00000255
       792    -0.00000245
       793    -0.00000218
       794    -0.00000193
       795    -0.00000164
       796    -0.00000135
       797    -0.00000101
       798    -0.00000065
       799    -0.00000020
       800     0.00000033
       801     0.00000057
       802     0.00000092
       803     0.00000133
       804     0.00000179
       805     0.00000208
       806     0.00000274
       807     0.00000337
       808     0.00000395
       809     0.00000468
       810     0.00000511
       811     0.00000323
       812     0.00000426
       813     0.00000499
       814     0.00000553
       815     0.00000649
       816     0.00000765
       817     0.00000847
       818     0.00000963
       819     0.00001034
       820     0.00001137
       821     0.00001024
       822     0.00001060
       823     0.00001095
       824     0.00001135
       825     0.00001174
       826     0.00001495
       827     0.00001478
       828     0.00001472
       829     0.00001444
       830     0.00001434
       831     0.00001412
       832     0.00001374
       833     0.00001315
       834     0.00001282
       835     0.00001205
       836     0.00001155
       837     0.00001097
       838     0.00001015
       839     0.00000958
       840     0.00000872
       841     0.00000801
       842     0.00000723
       843     0.00000640
       844     0.00000546
       845     0.00000477
       846     0.00000393
       847     0.00000305
       848     0.00000222
       849     0.00000139
       850     0.00000055
       851    -0.00000027
       852    -0.00000107
       853    -0.00000187
       854    -0.00000266
       855    -0.00000342
       856    -0.00000416
       857    -0.00000492
       858    -0.00000563
       859    -0.00000633
       860    -0.00000700
       861    -0.00000929
       862    -0.00001007
       863    -0.00001082
       864    -0.00001150
       865    -0.00001215
       866    -0.00001279
       867    -0.00001334
       868    -0.00001389
       869    -0.00001436
       870    -0.00001482
       871    -0.00001523
       872    -0.00001560
       873    -0.00001593
       874    -0.00001621
       875    -0.00001646
       876    -0.00001668
       877    -0.00001686
       878    -0.00001700
       879    -0.00001710
       880    -0.00001716
       881    -0.00002314
       882    -0.00002313
       883    -0.00002303
       884    -0.00002285
       885    -0.00002265
       886    -0.00002238
       887    -0.00002205
       888    -0.00002164
       889    -0.00002122
       890    -0.00002074
       891    -0.00002021
       892    -0.00001964
       893    -0.00001903
       894    -0.00001839
       895    -0.00001772
       896    -0.00001701
       897    -0.00001628
       898    -0.00001555
       899    -0.00001479
       900    -0.00001402
       901    -0.00001655
       902    -0.00001544
       903    -0.00001428
       904    -0.00001315
       905    -0.00001200
       906    -0.00001087
       907    -0.00000974
       908    -0.00000867
       909    -0.00000760
       910    -0.00000660
       911    -0.00000563
       912    -0.00000473
       913    -0.00000390
       914    -0.00000314
       915    -0.00000246
       916    -0.00000188
       917    -0.00000138
       918    -0.00000097
       919    -0.00000066
       920    -0.00000045
       921    -0.00000018
       922     0.00000006
       923     0.00000020
       924     0.00000020
       925     0.00000008
       926    -0.00000017
       927    -0.00000054
       928    -0.00000103
       929    -0.00000163
       930    -0.00000235
       931    -0.00000317
       932    -0.00000410
       933    -0.00000511
       934    -0.00000622
       935    -0.00000740
       936    -0.00000864
       937    -0.00000995
       938    -0.00001130
       939    -0.00001269
       940    -0.00001411
       941    -0.00001837
       942    -0.00001991
       943    -0.00002144
       944    -0.00002298
       945    -0.00002449
       946    -0.00002599
       947    -0.00002747
       948    -0.00002890
       949    -0.00003028
       950    -0.00003163
       951    -0.00003290
       952    -0.00003411
       953    -0.00003524
       954    -0.00003630
       955    -0.00003726
       956    -0.00003815
       957    -0.00003893
       958    -0.00003961
       959    -0.00004018
       960    -0.00004062
       961    -0.00004728
       962    -0.00004743
       963    -0.00004741
       964    -0.00004729
       965    -0.00004694
       966    -0.00004647
       967    -0.00004585
       968    -0.00004504
       969    -0.00004406
       970    -0.00004294
       971    -0.00004165
       972    -0.00004014
       973    -0.00003849
       974    -0.00003664
       975    -0.00003462
       976    -0.00003237
       977    -0.00003006
       978    -0.00002750
       979    -0.00002478
       980    -0.00002191
       981    -0.00001723
       982    -0.00001440
       983    -0.00001146
       984    -0.00000840
       985    -0.00000526
       986    -0.00000197
       987     0.00000139
       988     0.00000484
       989     0.00000835
       990     0.00001195
       991     0.00001561
       992     0.00001932
       993     0.00002302
       994     0.00002681
       995     0.00003060
       996     0.00003436
       997     0.00003817
       998     0.00004189
       999     0.00004565
      1000     0.00004936
