#    Step     Kinetic(H)     Potential(H)   Total(H)       E(0)(H)        E(1)(H)        
        0     0.00000000   -78.38172525   -78.38172525   -78.38172525     0.00000000
        1     0.00177927   -78.38351206   -78.38173279   -78.38351206     0.00000000
        2     0.00699758   -78.38875201   -78.38175443   -78.38875201     0.00000000
        3     0.01531094   -78.39709838   -78.38178744   -78.39709838     0.00000000
        4     0.02619131   -78.40801922   -78.38182791   -78.40801922     0.00000000
        5     0.03898529   -78.42085675   -78.38187146   -78.42085675     0.00000000
        6     0.05298027   -78.43489420   -78.38191393   -78.43489420     0.00000000
        7     0.06746774   -78.44941970   -78.38195196   -78.44941970     0.00000000
        8     0.08179556   -78.46377884   -78.38198329   -78.46377884     0.00000000
        9     0.09540488   -78.47741162   -78.38200674   -78.47741162     0.00000000
       10     0.10785077   -78.48987289   -78.38202213   -78.48987289     0.00000000
       11     0.11880843   -78.50083841   -78.38202998   -78.50083841     0.00000000
       12     0.12806811   -78.51009946   -78.38203136   -78.51009946     0.00000000
       13     0.13552254   -78.51755003   -78.38202749   -78.51755003     0.00000000
       14     0.14115029   -78.52316980   -78.38201951   -78.52316980     0.00000000
       15     0.14499714   -78.52700594   -78.38200880   -78.52700594     0.00000000
       16     0.14715894   -78.52915542   -78.38199648   -78.52915542     0.00000000
       17     0.14776634   -78.52974951   -78.38198317   -78.52974951     0.00000000
       18     0.14697132   -78.52894081   -78.38196950   -78.52894081     0.00000000
       19     0.14493695   -78.52689287   -78.38195592   -78.52689287     0.00000000
       20     0.00570027   -78.52377228   -78.51807202   -78.52377228     0.00000000
       21     0.00501145   -78.52308262   -78.51807117   -78.52308262     0.00000000
       22     0.00439512   -78.52246552   -78.51807040   -78.52246552     0.00000000
       23     0.00386211   -78.52193183   -78.51806971   -78.52193183     0.00000000
       24     0.00342216   -78.52149127   -78.51806911   -78.52149127     0.00000000
       25     0.00308388   -78.52115247   -78.51806859   -78.52115247     0.00000000
       26     0.00285468   -78.52092285   -78.51806816   -78.52092285     0.00000000
       27     0.00274079   -78.52080861   -78.51806783   -78.52080861     0.00000000
       28     0.00274714   -78.52081472   -78.51806758   -78.52081472     0.00000000
       29     0.00287743   -78.52094486   -78.51806743   -78.52094486     0.00000000
       30     0.00313404   -78.52120140   -78.51806736   -78.52120140     0.00000000
       31     0.00351807   -78.52158545   -78.51806739   -78.52158545     0.00000000
       32     0.00402927   -78.52209678   -78.51806751   -78.52209678     0.00000000
       33     0.00466611   -78.52273383   -78.51806771   -78.52273383     0.00000000
       34     0.00542572   -78.52349374   -78.51806802   -78.52349374     0.00000000
       35     0.00630391   -78.52437233   -78.51806842   -78.52437233     0.00000000
       36     0.00729519   -78.52536409   -78.51806890   -78.52536409     0.00000000
       37     0.00839276   -78.52646224   -78.51806948   -78.52646224     0.00000000
       38     0.00958856   -78.52765870   -78.51807014   -78.52765870     0.00000000
       39     0.01087328   -78.52894417   -78.51807089   -78.52894417     0.00000000
       40     0.00570027   -78.53030811   -78.52460784   -78.53030811     0.00000000
       41     0.00669664   -78.53130511   -78.52460846   -78.53130511     0.00000000
       42     0.00777065   -78.53237981   -78.52460916   -78.53237981     0.00000000
       43     0.00891248   -78.53352241   -78.52460993   -78.53352241     0.00000000
       44     0.01011129   -78.53472206   -78.52461077   -78.53472206     0.00000000
       45     0.01135536   -78.53596702   -78.52461166   -78.53596702     0.00000000
       46     0.01263214   -78.53724475   -78.52461261   -78.53724475     0.00000000
       47     0.01392839   -78.53854198   -78.52461359   -78.53854198     0.00000000
       48     0.01523033   -78.53984494   -78.52461461   -78.53984494     0.00000000
       49     0.01652383   -78.54113946   -78.52461564   -78.54113946     0.00000000
       50     0.01779454   -78.54241121   -78.52461667   -78.54241121     0.00000000
       51     0.01902819   -78.54364591   -78.52461772   -78.54364591     0.00000000
       52     0.02021081   -78.54482956   -78.52461875   -78.54482956     0.00000000
       53     0.02132907   -78.54594878   -78.52461971   -78.54594878     0.00000000
       54     0.02237047   -78.54699106   -78.52462059   -78.54699106     0.00000000
       55     0.02332366   -78.54794508   -78.52462142   -78.54794508     0.00000000
       56     0.02417893   -78.54880107   -78.52462215   -78.54880107     0.00000000
       57     0.02492845   -78.54955115   -78.52462270   -78.54955115     0.00000000
       58     0.02556656   -78.55018961   -78.52462304   -78.55018961     0.00000000
       59     0.02609003   -78.55071325   -78.52462321   -78.55071325     0.00000000
       60     0.00570027   -78.55112164   -78.54542138   -78.55112164     0.00000000
       61     0.00585847   -78.55127973   -78.54542126   -78.55127973     0.00000000
       62     0.00600886   -78.55142998   -78.54542112   -78.55142998     0.00000000
       63     0.00615466   -78.55157563   -78.54542097   -78.55157563     0.00000000
       64     0.00629952   -78.55172032   -78.54542080   -78.55172032     0.00000000
       65     0.00644736   -78.55186798   -78.54542062   -78.55186798     0.00000000
       66     0.00660229   -78.55202275   -78.54542045   -78.55202275     0.00000000
       67     0.00676849   -78.55218878   -78.54542030   -78.55218878     0.00000000
       68     0.00695001   -78.55237017   -78.54542016   -78.55237017     0.00000000
       69     0.00715072   -78.55257078   -78.54542006   -78.55257078     0.00000000
       70     0.00737409   -78.55279408   -78.54542000   -78.55279408     0.00000000
       71     0.00762309   -78.55304307   -78.54541998   -78.55304307     0.00000000
       72     0.00790008   -78.55332010   -78.54542002   -78.55332010     0.00000000
       73     0.00820668   -78.55362679   -78.54542012   -78.55362679     0.00000000
       74     0.00854369   -78.55396397   -78.54542028   -78.55396397     0.00000000
       75     0.00891106   -78.55433156   -78.54542050   -78.55433156     0.00000000
       76     0.00930783   -78.55472861   -78.54542078   -78.55472861     0.00000000
       77     0.00973213   -78.55515325   -78.54542112   -78.55515325     0.00000000
       78     0.01018123   -78.55560274   -78.54542151   -78.55560274     0.00000000
       79     0.01065160   -78.55607354   -78.54542194   -78.55607354     0.00000000
       80     0.00570027   -78.55656137   -78.55086110   -78.55656137     0.00000000
       81     0.00606335   -78.55692482   -78.55086146   -78.55692482     0.00000000
       82     0.00644279   -78.55730464   -78.55086185   -78.55730464     0.00000000
       83     0.00683428   -78.55769653   -78.55086225   -78.55769653     0.00000000
       84     0.00723319   -78.55809586   -78.55086267   -78.55809586     0.00000000
       85     0.00763465   -78.55849774   -78.55086309   -78.55849774     0.00000000
       86     0.00803371   -78.55889721   -78.55086351   -78.55889721     0.00000000
       87     0.00842541   -78.55928932   -78.55086391   -78.55928932     0.00000000
       88     0.00880499   -78.55966927   -78.55086428   -78.55966927     0.00000000
       89     0.00916788   -78.56003248   -78.55086460   -78.56003248     0.00000000
       90     0.00950986   -78.56037475   -78.55086489   -78.56037475     0.00000000
       91     0.00982714   -78.56069231   -78.55086517   -78.56069231     0.00000000
       92     0.01011644   -78.56098186   -78.55086542   -78.56098186     0.00000000
       93     0.01037508   -78.56124070   -78.55086562   -78.56124070     0.00000000
       94     0.01060094   -78.56146671   -78.55086578   -78.56146671     0.00000000
       95     0.01079252   -78.56165840   -78.55086588   -78.56165840     0.00000000
       96     0.01094895   -78.56181489   -78.55086594   -78.56181489     0.00000000
       97     0.01106996   -78.56193594   -78.55086598   -78.56193594     0.00000000
       98     0.01115589   -78.56202189   -78.55086600   -78.56202189     0.00000000
       99     0.01120768   -78.56207366   -78.55086598   -78.56207366     0.00000000
      100     0.00570027   -78.56209269   -78.55639243   -78.56209269     0.00000000
      101     0.00569616   -78.56208854   -78.55639237   -78.56208854     0.00000000
      102     0.00568022   -78.56207253   -78.55639231   -78.56207253     0.00000000
      103     0.00565421   -78.56204646   -78.55639225   -78.56204646     0.00000000
      104     0.00562001   -78.56201219   -78.55639218   -78.56201219     0.00000000
      105     0.00557956   -78.56197167   -78.55639211   -78.56197167     0.00000000
      106     0.00553482   -78.56192686   -78.55639204   -78.56192686     0.00000000
      107     0.00548771   -78.56187968   -78.55639197   -78.56187968     0.00000000
      108     0.00544014   -78.56183204   -78.55639190   -78.56183204     0.00000000
      109     0.00539390   -78.56178574   -78.55639184   -78.56178574     0.00000000
      110     0.00535067   -78.56174246   -78.55639179   -78.56174246     0.00000000
      111     0.00531200   -78.56170374   -78.55639174   -78.56170374     0.00000000
      112     0.00527926   -78.56167095   -78.55639169   -78.56167095     0.00000000
      113     0.00525361   -78.56164527   -78.55639166   -78.56164527     0.00000000
      114     0.00523603   -78.56162767   -78.55639164   -78.56162767     0.00000000
      115     0.00522725   -78.56161887   -78.55639162   -78.56161887     0.00000000
      116     0.00522776   -78.56161937   -78.55639161   -78.56161937     0.00000000
      117     0.00523782   -78.56162943   -78.55639161   -78.56162943     0.00000000
      118     0.00525742   -78.56164903   -78.55639162   -78.56164903     0.00000000
      119     0.00528630   -78.56167793   -78.55639163   -78.56167793     0.00000000
      120     0.00570027   -78.56171561   -78.55601534   -78.56171561     0.00000000
      121     0.00574713   -78.56176250   -78.55601536   -78.56176250     0.00000000
      122     0.00580049   -78.56181588   -78.55601539   -78.56181588     0.00000000
      123     0.00585910   -78.56187453   -78.55601543   -78.56187453     0.00000000
      124     0.00592157   -78.56193703   -78.55601546   -78.56193703     0.00000000
      125     0.00598631   -78.56200180   -78.55601550   -78.56200180     0.00000000
      126     0.00605158   -78.56206711   -78.55601553   -78.56206711     0.00000000
      127     0.00611555   -78.56213111   -78.55601556   -78.56213111     0.00000000
      128     0.00617627   -78.56219186   -78.55601559   -78.56219186     0.00000000
      129     0.00623177   -78.56224739   -78.55601562   -78.56224739     0.00000000
      130     0.00628006   -78.56229569   -78.55601564   -78.56229569     0.00000000
      131     0.00631916   -78.56233481   -78.55601564   -78.56233481     0.00000000
      132     0.00634719   -78.56236283   -78.55601564   -78.56236283     0.00000000
      133     0.00636235   -78.56237796   -78.55601561   -78.56237796     0.00000000
      134     0.00636297   -78.56237854   -78.55601557   -78.56237854     0.00000000
      135     0.00634761   -78.56236311   -78.55601550   -78.56236311     0.00000000
      136     0.00631501   -78.56233042   -78.55601541   -78.56233042     0.00000000
      137     0.00626418   -78.56227948   -78.55601530   -78.56227948     0.00000000
      138     0.00619442   -78.56220960   -78.55601518   -78.56220960     0.00000000
      139     0.00610534   -78.56212038   -78.55601504   -78.56212038     0.00000000
      140     0.00570027   -78.56201179   -78.55631152   -78.56201179     0.00000000
      141     0.00557625   -78.56188759   -78.55631134   -78.56188759     0.00000000
      142     0.00543485   -78.56174599   -78.55631115   -78.56174599     0.00000000
      143     0.00527703   -78.56158796   -78.55631093   -78.56158796     0.00000000
      144     0.00510411   -78.56141479   -78.55631068   -78.56141479     0.00000000
      145     0.00491768   -78.56122808   -78.55631040   -78.56122808     0.00000000
      146     0.00471961   -78.56102971   -78.55631010   -78.56102971     0.00000000
      147     0.00451203   -78.56082182   -78.55630979   -78.56082182     0.00000000
      148     0.00429726   -78.56060674   -78.55630948   -78.56060674     0.00000000
      149     0.00407781   -78.56038697   -78.55630916   -78.56038697     0.00000000
      150     0.00385626   -78.56016511   -78.55630885   -78.56016511     0.00000000
      151     0.00363526   -78.55994380   -78.55630854   -78.55994380     0.00000000
      152     0.00341742   -78.55972567   -78.55630825   -78.55972567     0.00000000
      153     0.00320528   -78.55951325   -78.55630797   -78.55951325     0.00000000
      154     0.00300126   -78.55930898   -78.55630772   -78.55930898     0.00000000
      155     0.00280756   -78.55911505   -78.55630749   -78.55911505     0.00000000
      156     0.00262615   -78.55893343   -78.55630728   -78.55893343     0.00000000
      157     0.00245869   -78.55876579   -78.55630711   -78.55876579     0.00000000
      158     0.00230651   -78.55861347   -78.55630697   -78.55861347     0.00000000
      159     0.00217058   -78.55847744   -78.55630686   -78.55847744     0.00000000
      160     0.00570027   -78.55835828   -78.55265801   -78.55835828     0.00000000
      161     0.00552256   -78.55818049   -78.55265794   -78.55818049     0.00000000
      162     0.00535783   -78.55801572   -78.55265789   -78.55801572     0.00000000
      163     0.00520554   -78.55786342   -78.55265788   -78.55786342     0.00000000
      164     0.00506479   -78.55772269   -78.55265790   -78.55772269     0.00000000
      165     0.00493441   -78.55759235   -78.55265794   -78.55759235     0.00000000
      166     0.00481297   -78.55747097   -78.55265800   -78.55747097     0.00000000
      167     0.00469885   -78.55735693   -78.55265807   -78.55735693     0.00000000
      168     0.00459031   -78.55724845   -78.55265814   -78.55724845     0.00000000
      169     0.00448550   -78.55714373   -78.55265822   -78.55714373     0.00000000
      170     0.00438259   -78.55704090   -78.55265830   -78.55704090     0.00000000
      171     0.00427978   -78.55693816   -78.55265839   -78.55693816     0.00000000
      172     0.00417535   -78.55683382   -78.55265848   -78.55683382     0.00000000
      173     0.00406776   -78.55672632   -78.55265856   -78.55672632     0.00000000
      174     0.00395567   -78.55661430   -78.55265863   -78.55661430     0.00000000
      175     0.00383793   -78.55649662   -78.55265869   -78.55649662     0.00000000
      176     0.00371367   -78.55637239   -78.55265872   -78.55637239     0.00000000
      177     0.00358228   -78.55624101   -78.55265874   -78.55624101     0.00000000
      178     0.00344342   -78.55610217   -78.55265874   -78.55610217     0.00000000
      179     0.00329707   -78.55595582   -78.55265875   -78.55595582     0.00000000
      180     0.00570027   -78.55580223   -78.55010196   -78.55580223     0.00000000
      181     0.00547914   -78.55558105   -78.55010191   -78.55558105     0.00000000
      182     0.00523959   -78.55534141   -78.55010183   -78.55534141     0.00000000
      183     0.00498335   -78.55508506   -78.55010171   -78.55508506     0.00000000
      184     0.00471257   -78.55481414   -78.55010158   -78.55481414     0.00000000
      185     0.00442977   -78.55453120   -78.55010142   -78.55453120     0.00000000
      186     0.00413780   -78.55423905   -78.55010125   -78.55423905     0.00000000
      187     0.00383973   -78.55394079   -78.55010107   -78.55394079     0.00000000
      188     0.00353883   -78.55363970   -78.55010088   -78.55363970     0.00000000
      189     0.00323849   -78.55333916   -78.55010068   -78.55333916     0.00000000
      190     0.00294216   -78.55304264   -78.55010048   -78.55304264     0.00000000
      191     0.00265329   -78.55275357   -78.55010028   -78.55275357     0.00000000
      192     0.00237528   -78.55247537   -78.55010009   -78.55247537     0.00000000
      193     0.00211140   -78.55221131   -78.55009990   -78.55221131     0.00000000
      194     0.00186478   -78.55196451   -78.55009973   -78.55196451     0.00000000
      195     0.00163831   -78.55173789   -78.55009958   -78.55173789     0.00000000
      196     0.00143466   -78.55153410   -78.55009944   -78.55153410     0.00000000
      197     0.00125619   -78.55135551   -78.55009932   -78.55135551     0.00000000
      198     0.00110495   -78.55120417   -78.55009922   -78.55120417     0.00000000
      199     0.00098263   -78.55108178   -78.55009915   -78.55108178     0.00000000
      200     0.00570027   -78.55098964   -78.54528937   -78.55098964     0.00000000
      201     0.00551543   -78.55080471   -78.54528929   -78.55080471     0.00000000
      202     0.00534968   -78.55063890   -78.54528922   -78.55063890     0.00000000
      203     0.00520445   -78.55049362   -78.54528916   -78.55049362     0.00000000
      204     0.00508083   -78.55036996   -78.54528913   -78.55036996     0.00000000
      205     0.00497957   -78.55026869   -78.54528912   -78.55026869     0.00000000
      206     0.00490110   -78.55019024   -78.54528914   -78.55019024     0.00000000
      207     0.00484549   -78.55013466   -78.54528917   -78.55013466     0.00000000
      208     0.00481245   -78.55010168   -78.54528923   -78.55010168     0.00000000
      209     0.00480134   -78.55009066   -78.54528931   -78.55009066     0.00000000
      210     0.00481120   -78.55010062   -78.54528942   -78.55010062     0.00000000
      211     0.00484070   -78.55013025   -78.54528954   -78.55013025     0.00000000
      212     0.00488826   -78.55017795   -78.54528969   -78.55017795     0.00000000
      213     0.00495196   -78.55024182   -78.54528985   -78.55024182     0.00000000
      214     0.00502969   -78.55031972   -78.54529003   -78.55031972     0.00000000
      215     0.00511910   -78.55040931   -78.54529022   -78.55040931     0.00000000
      216     0.00521766   -78.55050808   -78.54529042   -78.55050808     0.00000000
      217     0.00532276   -78.55061338   -78.54529062   -78.55061338     0.00000000
      218     0.00543169   -78.55072252   -78.54529083   -78.55072252     0.00000000
      219     0.00554175   -78.55083278   -78.54529103   -78.55083278     0.00000000
      220     0.00570027   -78.55094152   -78.54524125   -78.55094152     0.00000000
      221     0.00580507   -78.55104652   -78.54524145   -78.55104652     0.00000000
      222     0.00590318   -78.55114480   -78.54524163   -78.55114480     0.00000000
      223     0.00599242   -78.55123421   -78.54524179   -78.55123421     0.00000000
      224     0.00607096   -78.55131290   -78.54524193   -78.55131290     0.00000000
      225     0.00613729   -78.55137935   -78.54524205   -78.55137935     0.00000000
      226     0.00619032   -78.55143246   -78.54524214   -78.55143246     0.00000000
      227     0.00622938   -78.55147158   -78.54524221   -78.55147158     0.00000000
      228     0.00625430   -78.55149654   -78.54524224   -78.55149654     0.00000000
      229     0.00626543   -78.55150767   -78.54524224   -78.55150767     0.00000000
      230     0.00626360   -78.55150582   -78.54524222   -78.55150582     0.00000000
      231     0.00625019   -78.55149236   -78.54524216   -78.55149236     0.00000000
      232     0.00622707   -78.55146916   -78.54524208   -78.55146916     0.00000000
      233     0.00619658   -78.55143856   -78.54524198   -78.55143856     0.00000000
      234     0.00616150   -78.55140336   -78.54524186   -78.55140336     0.00000000
      235     0.00612496   -78.55136668   -78.54524172   -78.55136668     0.00000000
      236     0.00609041   -78.55133199   -78.54524158   -78.55133199     0.00000000
      237     0.00606151   -78.55130294   -78.54524143   -78.55130294     0.00000000
      238     0.00604204   -78.55128332   -78.54524128   -78.55128332     0.00000000
      239     0.00603578   -78.55127693   -78.54524115   -78.55127693     0.00000000
      240     0.00570027   -78.55128750   -78.54558723   -78.55128750     0.00000000
      241     0.00573129   -78.55131842   -78.54558714   -78.55131842     0.00000000
      242     0.00578684   -78.55137391   -78.54558707   -78.55137391     0.00000000
      243     0.00586964   -78.55145668   -78.54558704   -78.55145668     0.00000000
      244     0.00598194   -78.55156899   -78.54558705   -78.55156899     0.00000000
      245     0.00612541   -78.55171251   -78.54558710   -78.55171251     0.00000000
      246     0.00630112   -78.55188831   -78.54558719   -78.55188831     0.00000000
      247     0.00650948   -78.55209680   -78.54558732   -78.55209680     0.00000000
      248     0.00675023   -78.55233773   -78.54558750   -78.55233773     0.00000000
      249     0.00702245   -78.55261017   -78.54558772   -78.55261017     0.00000000
      250     0.00732453   -78.55291250   -78.54558798   -78.55291250     0.00000000
      251     0.00765426   -78.55324252   -78.54558826   -78.55324252     0.00000000
      252     0.00800884   -78.55359742   -78.54558858   -78.55359742     0.00000000
      253     0.00838497   -78.55397389   -78.54558892   -78.55397389     0.00000000
      254     0.00877889   -78.55436816   -78.54558927   -78.55436816     0.00000000
      255     0.00918649   -78.55477612   -78.54558963   -78.55477612     0.00000000
      256     0.00960341   -78.55519339   -78.54558999   -78.55519339     0.00000000
      257     0.01002509   -78.55561543   -78.54559034   -78.55561543     0.00000000
      258     0.01044690   -78.55603758   -78.54559068   -78.55603758     0.00000000
      259     0.01086424   -78.55645523   -78.54559099   -78.55645523     0.00000000
      260     0.00570027   -78.55686384   -78.55116357   -78.55686384     0.00000000
      261     0.00598760   -78.55715135   -78.55116375   -78.55715135     0.00000000
      262     0.00627539   -78.55743931   -78.55116392   -78.55743931     0.00000000
      263     0.00656076   -78.55772484   -78.55116407   -78.55772484     0.00000000
      264     0.00684091   -78.55800511   -78.55116421   -78.55800511     0.00000000
      265     0.00711314   -78.55827746   -78.55116432   -78.55827746     0.00000000
      266     0.00737497   -78.55853937   -78.55116440   -78.55853937     0.00000000
      267     0.00762408   -78.55878854   -78.55116446   -78.55878854     0.00000000
      268     0.00785843   -78.55902292   -78.55116449   -78.55902292     0.00000000
      269     0.00807624   -78.55924074   -78.55116449   -78.55924074     0.00000000
      270     0.00827606   -78.55944052   -78.55116446   -78.55944052     0.00000000
      271     0.00845673   -78.55962113   -78.55116440   -78.55962113     0.00000000
      272     0.00861743   -78.55978174   -78.55116430   -78.55978174     0.00000000
      273     0.00875769   -78.55992187   -78.55116418   -78.55992187     0.00000000
      274     0.00887734   -78.56004137   -78.55116403   -78.56004137     0.00000000
      275     0.00897657   -78.56014043   -78.55116385   -78.56014043     0.00000000
      276     0.00905587   -78.56021953   -78.55116366   -78.56021953     0.00000000
      277     0.00911602   -78.56027946   -78.55116344   -78.56027946     0.00000000
      278     0.00915807   -78.56032126   -78.55116320   -78.56032126     0.00000000
      279     0.00918328   -78.56034623   -78.55116295   -78.56034623     0.00000000
      280     0.00570027   -78.56035584   -78.55465557   -78.56035584     0.00000000
      281     0.00570096   -78.56035632   -78.55465536   -78.56035632     0.00000000
      282     0.00569965   -78.56035479   -78.55465514   -78.56035479     0.00000000
      283     0.00569770   -78.56035262   -78.55465493   -78.56035262     0.00000000
      284     0.00569640   -78.56035111   -78.55465472   -78.56035111     0.00000000
      285     0.00569696   -78.56035148   -78.55465451   -78.56035148     0.00000000
      286     0.00570049   -78.56035481   -78.55465431   -78.56035481     0.00000000
      287     0.00570795   -78.56036207   -78.55465413   -78.56036207     0.00000000
      288     0.00572013   -78.56037407   -78.55465395   -78.56037407     0.00000000
      289     0.00573766   -78.56039143   -78.55465378   -78.56039143     0.00000000
      290     0.00576097   -78.56041458   -78.55465362   -78.56041458     0.00000000
      291     0.00579029   -78.56044376   -78.55465347   -78.56044376     0.00000000
      292     0.00582566   -78.56047898   -78.55465333   -78.56047898     0.00000000
      293     0.00586686   -78.56052005   -78.55465319   -78.56052005     0.00000000
      294     0.00591349   -78.56056656   -78.55465307   -78.56056656     0.00000000
      295     0.00596494   -78.56061790   -78.55465296   -78.56061790     0.00000000
      296     0.00602039   -78.56067324   -78.55465285   -78.56067324     0.00000000
      297     0.00607884   -78.56073158   -78.55465274   -78.56073158     0.00000000
      298     0.00613910   -78.56079174   -78.55465264   -78.56079174     0.00000000
      299     0.00619984   -78.56085238   -78.55465254   -78.56085238     0.00000000
      300     0.00570027   -78.56091205   -78.55521179   -78.56091205     0.00000000
      301     0.00575557   -78.56096726   -78.55521169   -78.56096726     0.00000000
      302     0.00580827   -78.56101986   -78.55521159   -78.56101986     0.00000000
      303     0.00585673   -78.56106821   -78.55521148   -78.56106821     0.00000000
      304     0.00589931   -78.56111067   -78.55521137   -78.56111067     0.00000000
      305     0.00593436   -78.56114562   -78.55521126   -78.56114562     0.00000000
      306     0.00596031   -78.56117145   -78.55521114   -78.56117145     0.00000000
      307     0.00597566   -78.56118666   -78.55521100   -78.56118666     0.00000000
      308     0.00597903   -78.56118988   -78.55521085   -78.56118988     0.00000000
      309     0.00596918   -78.56117985   -78.55521068   -78.56117985     0.00000000
      310     0.00594506   -78.56115555   -78.55521049   -78.56115555     0.00000000
      311     0.00590584   -78.56111612   -78.55521028   -78.56111612     0.00000000
      312     0.00585093   -78.56106097   -78.55521004   -78.56106097     0.00000000
      313     0.00578000   -78.56098978   -78.55520978   -78.56098978     0.00000000
      314     0.00569298   -78.56090248   -78.55520950   -78.56090248     0.00000000
      315     0.00559012   -78.56079932   -78.55520920   -78.56079932     0.00000000
      316     0.00547194   -78.56068081   -78.55520887   -78.56068081     0.00000000
      317     0.00533925   -78.56054777   -78.55520853   -78.56054777     0.00000000
      318     0.00519316   -78.56040132   -78.55520817   -78.56040132     0.00000000
      319     0.00503503   -78.56024283   -78.55520780   -78.56024283     0.00000000
      320     0.00570027   -78.56007392   -78.55437365   -78.56007392     0.00000000
      321     0.00550731   -78.55988055   -78.55437324   -78.55988055     0.00000000
      322     0.00530476   -78.55967758   -78.55437282   -78.55967758     0.00000000
      323     0.00509502   -78.55946742   -78.55437241   -78.55946742     0.00000000
      324     0.00488067   -78.55925267   -78.55437200   -78.55925267     0.00000000
      325     0.00466439   -78.55903598   -78.55437159   -78.55903598     0.00000000
      326     0.00444891   -78.55882011   -78.55437120   -78.55882011     0.00000000
      327     0.00423695   -78.55860777   -78.55437083   -78.55860777     0.00000000
      328     0.00403114   -78.55840162   -78.55437047   -78.55840162     0.00000000
      329     0.00383403   -78.55820418   -78.55437015   -78.55820418     0.00000000
      330     0.00364797   -78.55801782   -78.55436985   -78.55801782     0.00000000
      331     0.00347506   -78.55784465   -78.55436959   -78.55784465     0.00000000
      332     0.00331717   -78.55768654   -78.55436936   -78.55768654     0.00000000
      333     0.00317583   -78.55754501   -78.55436918   -78.55754501     0.00000000
      334     0.00305224   -78.55742128   -78.55436903   -78.55742128     0.00000000
      335     0.00294723   -78.55731616   -78.55436893   -78.55731616     0.00000000
      336     0.00286126   -78.55723013   -78.55436887   -78.55723013     0.00000000
      337     0.00279440   -78.55716326   -78.55436885   -78.55716326     0.00000000
      338     0.00274636   -78.55711524   -78.55436888   -78.55711524     0.00000000
      339     0.00271649   -78.55708544   -78.55436895   -78.55708544     0.00000000
      340     0.00570027   -78.55707285   -78.55137259   -78.55707285     0.00000000
      341     0.00569681   -78.55706960   -78.55137279   -78.55706960     0.00000000
      342     0.00569816   -78.55707118   -78.55137302   -78.55707118     0.00000000
      343     0.00570220   -78.55707546   -78.55137326   -78.55707546     0.00000000
      344     0.00570680   -78.55708031   -78.55137351   -78.55708031     0.00000000
      345     0.00570993   -78.55708371   -78.55137378   -78.55708371     0.00000000
      346     0.00570967   -78.55708373   -78.55137406   -78.55708373     0.00000000
      347     0.00570427   -78.55707861   -78.55137433   -78.55707861     0.00000000
      348     0.00569218   -78.55706678   -78.55137460   -78.55706678     0.00000000
      349     0.00567207   -78.55704693   -78.55137486   -78.55704693     0.00000000
      350     0.00564286   -78.55701797   -78.55137511   -78.55701797     0.00000000
      351     0.00560377   -78.55697912   -78.55137535   -78.55697912     0.00000000
      352     0.00555428   -78.55692985   -78.55137557   -78.55692985     0.00000000
      353     0.00549417   -78.55686995   -78.55137578   -78.55686995     0.00000000
      354     0.00542354   -78.55679951   -78.55137597   -78.55679951     0.00000000
      355     0.00534274   -78.55671889   -78.55137615   -78.55671889     0.00000000
      356     0.00525242   -78.55662873   -78.55137631   -78.55662873     0.00000000
      357     0.00515350   -78.55652995   -78.55137645   -78.55652995     0.00000000
      358     0.00504712   -78.55642369   -78.55137657   -78.55642369     0.00000000
      359     0.00493465   -78.55631133   -78.55137668   -78.55631133     0.00000000
      360     0.00570027   -78.55619441   -78.55049414   -78.55619441     0.00000000
      361     0.00556813   -78.55606236   -78.55049423   -78.55606236     0.00000000
      362     0.00543137   -78.55592566   -78.55049429   -78.55592566     0.00000000
      363     0.00529217   -78.55578652   -78.55049435   -78.55578652     0.00000000
      364     0.00515281   -78.55564721   -78.55049439   -78.55564721     0.00000000
      365     0.00501566   -78.55551009   -78.55049443   -78.55551009     0.00000000
      366     0.00488306   -78.55537752   -78.55049446   -78.55537752     0.00000000
      367     0.00475735   -78.55525184   -78.55049449   -78.55525184     0.00000000
      368     0.00464078   -78.55513530   -78.55049452   -78.55513530     0.00000000
      369     0.00453551   -78.55503006   -78.55049455   -78.55503006     0.00000000
      370     0.00444353   -78.55493811   -78.55049458   -78.55493811     0.00000000
      371     0.00436663   -78.55486126   -78.55049463   -78.55486126     0.00000000
      372     0.00430642   -78.55480110   -78.55049468   -78.55480110     0.00000000
      373     0.00426422   -78.55475896   -78.55049474   -78.55475896     0.00000000
      374     0.00424110   -78.55473590   -78.55049481   -78.55473590     0.00000000
      375     0.00423781   -78.55473270   -78.55049489   -78.55473270     0.00000000
      376     0.00425482   -78.55474981   -78.55049500   -78.55474981     0.00000000
      377     0.00429225   -78.55478737   -78.55049512   -78.55478737     0.00000000
      378     0.00434992   -78.55484517   -78.55049525   -78.55484517     0.00000000
      379     0.00442730   -78.55492271   -78.55049541   -78.55492271     0.00000000
      380     0.00570027   -78.55501912   -78.54931885   -78.55501912     0.00000000
      381     0.00582552   -78.55514458   -78.54931906   -78.55514458     0.00000000
      382     0.00596372   -78.55528300   -78.54931928   -78.55528300     0.00000000
      383     0.00611302   -78.55543253   -78.54931951   -78.55543253     0.00000000
      384     0.00627137   -78.55559112   -78.54931976   -78.55559112     0.00000000
      385     0.00643653   -78.55575654   -78.54932001   -78.55575654     0.00000000
      386     0.00660612   -78.55592638   -78.54932026   -78.55592638     0.00000000
      387     0.00677766   -78.55609817   -78.54932052   -78.55609817     0.00000000
      388     0.00694859   -78.55626936   -78.54932077   -78.55626936     0.00000000
      389     0.00711634   -78.55643736   -78.54932102   -78.55643736     0.00000000
      390     0.00727841   -78.55659967   -78.54932127   -78.55659967     0.00000000
      391     0.00743234   -78.55675383   -78.54932150   -78.55675383     0.00000000
      392     0.00757584   -78.55689755   -78.54932171   -78.55689755     0.00000000
      393     0.00770678   -78.55702870   -78.54932191   -78.55702870     0.00000000
      394     0.00782330   -78.55714538   -78.54932209   -78.55714538     0.00000000
      395     0.00792377   -78.55724600   -78.54932224   -78.55724600     0.00000000
      396     0.00800689   -78.55732925   -78.54932236   -78.55732925     0.00000000
      397     0.00807173   -78.55739418   -78.54932244   -78.55739418     0.00000000
      398     0.00811769   -78.55744020   -78.54932250   -78.55744020     0.00000000
      399     0.00814460   -78.55746712   -78.54932253   -78.55746712     0.00000000
      400     0.00570027   -78.55747516   -78.55177490   -78.55747516     0.00000000
      401     0.00569508   -78.55746994   -78.55177486   -78.55746994     0.00000000
      402     0.00568210   -78.55745690   -78.55177480   -78.55745690     0.00000000
      403     0.00566232   -78.55743704   -78.55177471   -78.55743704     0.00000000
      404     0.00563692   -78.55741153   -78.55177461   -78.55741153     0.00000000
      405     0.00560720   -78.55738170   -78.55177450   -78.55738170     0.00000000
      406     0.00557459   -78.55734898   -78.55177439   -78.55734898     0.00000000
      407     0.00554063   -78.55731488   -78.55177425   -78.55731488     0.00000000
      408     0.00550684   -78.55728094   -78.55177410   -78.55728094     0.00000000
      409     0.00547475   -78.55724871   -78.55177397   -78.55724871     0.00000000
      410     0.00544587   -78.55721969   -78.55177382   -78.55721969     0.00000000
      411     0.00542162   -78.55719527   -78.55177365   -78.55719527     0.00000000
      412     0.00540326   -78.55717675   -78.55177349   -78.55717675     0.00000000
      413     0.00539192   -78.55716526   -78.55177334   -78.55716526     0.00000000
      414     0.00538855   -78.55716174   -78.55177319   -78.55716174     0.00000000
      415     0.00539388   -78.55716694   -78.55177305   -78.55716694     0.00000000
      416     0.00540844   -78.55718137   -78.55177293   -78.55718137     0.00000000
      417     0.00543249   -78.55720531   -78.55177282   -78.55720531     0.00000000
      418     0.00546607   -78.55723879   -78.55177272   -78.55723879     0.00000000
      419     0.00550897   -78.55728161   -78.55177264   -78.55728161     0.00000000
      420     0.00570027   -78.55733330   -78.55163303   -78.55733330     0.00000000
      421     0.00576074   -78.55739372   -78.55163298   -78.55739372     0.00000000
      422     0.00582815   -78.55746109   -78.55163294   -78.55746109     0.00000000
      423     0.00590142   -78.55753432   -78.55163290   -78.55753432     0.00000000
      424     0.00597931   -78.55761219   -78.55163288   -78.55761219     0.00000000
      425     0.00606043   -78.55769330   -78.55163287   -78.55769330     0.00000000
      426     0.00614331   -78.55777618   -78.55163287   -78.55777618     0.00000000
      427     0.00622639   -78.55785925   -78.55163286   -78.55785925     0.00000000
      428     0.00630806   -78.55794091   -78.55163285   -78.55794091     0.00000000
      429     0.00638668   -78.55801951   -78.55163284   -78.55801951     0.00000000
      430     0.00646062   -78.55809344   -78.55163283   -78.55809344     0.00000000
      431     0.00652829   -78.55816112   -78.55163283   -78.55816112     0.00000000
      432     0.00658818   -78.55822102   -78.55163284   -78.55822102     0.00000000
      433     0.00663888   -78.55827174   -78.55163286   -78.55827174     0.00000000
      434     0.00667911   -78.55831198   -78.55163287   -78.55831198     0.00000000
      435     0.00670771   -78.55834058   -78.55163287   -78.55834058     0.00000000
      436     0.00672372   -78.55835659   -78.55163286   -78.55835659     0.00000000
      437     0.00672634   -78.55835919   -78.55163285   -78.55835919     0.00000000
      438     0.00671499   -78.55834783   -78.55163283   -78.55834783     0.00000000
      439     0.00668931   -78.55832212   -78.55163281   -78.55832212     0.00000000
      440     0.00570027   -78.55828196   -78.55258170   -78.55828196     0.00000000
      441     0.00565119   -78.55823287   -78.55258167   -78.55823287     0.00000000
      442     0.00559190   -78.55817355   -78.55258165   -78.55817355     0.00000000
      443     0.00552290   -78.55810453   -78.55258163   -78.55810453     0.00000000
      444     0.00544491   -78.55802651   -78.55258160   -78.55802651     0.00000000
      445     0.00535880   -78.55794037   -78.55258157   -78.55794037     0.00000000
      446     0.00526564   -78.55784718   -78.55258155   -78.55784718     0.00000000
      447     0.00516663   -78.55774815   -78.55258152   -78.55774815     0.00000000
      448     0.00506314   -78.55764462   -78.55258148   -78.55764462     0.00000000
      449     0.00495665   -78.55753809   -78.55258144   -78.55753809     0.00000000
      450     0.00484872   -78.55743013   -78.55258141   -78.55743013     0.00000000
      451     0.00474102   -78.55732239   -78.55258138   -78.55732239     0.00000000
      452     0.00463522   -78.55721657   -78.55258135   -78.55721657     0.00000000
      453     0.00453305   -78.55711438   -78.55258133   -78.55711438     0.00000000
      454     0.00443621   -78.55701752   -78.55258131   -78.55701752     0.00000000
      455     0.00434633   -78.55692763   -78.55258130   -78.55692763     0.00000000
      456     0.00426500   -78.55684631   -78.55258131   -78.55684631     0.00000000
      457     0.00419369   -78.55677501   -78.55258132   -78.55677501     0.00000000
      458     0.00413373   -78.55671507   -78.55258134   -78.55671507     0.00000000
      459     0.00408630   -78.55666766   -78.55258137   -78.55666766     0.00000000
      460     0.00570027   -78.55663378   -78.55093351   -78.55663378     0.00000000
      461     0.00567354   -78.55660710   -78.55093356   -78.55660710     0.00000000
      462     0.00565758   -78.55659120   -78.55093362   -78.55659120     0.00000000
      463     0.00565295   -78.55658662   -78.55093368   -78.55658662     0.00000000
      464     0.00565999   -78.55659373   -78.55093374   -78.55659373     0.00000000
      465     0.00567886   -78.55661266   -78.55093381   -78.55661266     0.00000000
      466     0.00570949   -78.55664337   -78.55093388   -78.55664337     0.00000000
      467     0.00575163   -78.55668558   -78.55093395   -78.55668558     0.00000000
      468     0.00580481   -78.55673883   -78.55093402   -78.55673883     0.00000000
      469     0.00586837   -78.55680246   -78.55093408   -78.55680246     0.00000000
      470     0.00594149   -78.55687563   -78.55093414   -78.55687563     0.00000000
      471     0.00602316   -78.55695736   -78.55093420   -78.55695736     0.00000000
      472     0.00611228   -78.55704652   -78.55093424   -78.55704652     0.00000000
      473     0.00620759   -78.55714186   -78.55093428   -78.55714186     0.00000000
      474     0.00630777   -78.55724207   -78.55093430   -78.55724207     0.00000000
      475     0.00641146   -78.55734576   -78.55093430   -78.55734576     0.00000000
      476     0.00651723   -78.55745152   -78.55093429   -78.55745152     0.00000000
      477     0.00662369   -78.55755794   -78.55093426   -78.55755794     0.00000000
      478     0.00672946   -78.55766367   -78.55093420   -78.55766367     0.00000000
      479     0.00683324   -78.55776738   -78.55093413   -78.55776738     0.00000000
      480     0.00570027   -78.55786784   -78.55216757   -78.55786784     0.00000000
      481     0.00578919   -78.55795666   -78.55216747   -78.55795666     0.00000000
      482     0.00587662   -78.55804396   -78.55216734   -78.55804396     0.00000000
      483     0.00596171   -78.55812891   -78.55216720   -78.55812891     0.00000000
      484     0.00604371   -78.55821075   -78.55216704   -78.55821075     0.00000000
      485     0.00612200   -78.55828886   -78.55216686   -78.55828886     0.00000000
      486     0.00619607   -78.55836273   -78.55216666   -78.55836273     0.00000000
      487     0.00626552   -78.55843196   -78.55216644   -78.55843196     0.00000000
      488     0.00633009   -78.55849628   -78.55216619   -78.55849628     0.00000000
      489     0.00638963   -78.55855556   -78.55216593   -78.55855556     0.00000000
      490     0.00644410   -78.55860976   -78.55216566   -78.55860976     0.00000000
      491     0.00649359   -78.55865897   -78.55216539   -78.55865897     0.00000000
      492     0.00653827   -78.55870338   -78.55216511   -78.55870338     0.00000000
      493     0.00657843   -78.55874325   -78.55216482   -78.55874325     0.00000000
      494     0.00661443   -78.55877896   -78.55216454   -78.55877896     0.00000000
      495     0.00664667   -78.55881093   -78.55216426   -78.55881093     0.00000000
      496     0.00667565   -78.55883963   -78.55216398   -78.55883963     0.00000000
      497     0.00670186   -78.55886558   -78.55216372   -78.55886558     0.00000000
      498     0.00672584   -78.55888930   -78.55216346   -78.55888930     0.00000000
      499     0.00674812   -78.55891133   -78.55216322   -78.55891133     0.00000000
      500     0.00570027   -78.55893220   -78.55323193   -78.55893220     0.00000000
      501     0.00572029   -78.55895203   -78.55323173   -78.55895203     0.00000000
      502     0.00574267   -78.55897422   -78.55323155   -78.55897422     0.00000000
      503     0.00576769   -78.55899908   -78.55323139   -78.55899908     0.00000000
      504     0.00579554   -78.55902680   -78.55323126   -78.55902680     0.00000000
      505     0.00582632   -78.55905746   -78.55323114   -78.55905746     0.00000000
      506     0.00585998   -78.55909102   -78.55323103   -78.55909102     0.00000000
      507     0.00589638   -78.55912733   -78.55323095   -78.55912733     0.00000000
      508     0.00593523   -78.55916612   -78.55323089   -78.55916612     0.00000000
      509     0.00597614   -78.55920698   -78.55323084   -78.55920698     0.00000000
      510     0.00601859   -78.55924941   -78.55323083   -78.55924941     0.00000000
      511     0.00606195   -78.55929279   -78.55323084   -78.55929279     0.00000000
      512     0.00610551   -78.55933639   -78.55323087   -78.55933639     0.00000000
      513     0.00614849   -78.55937941   -78.55323092   -78.55937941     0.00000000
      514     0.00619001   -78.55942099   -78.55323097   -78.55942099     0.00000000
      515     0.00622913   -78.55946018   -78.55323104   -78.55946018     0.00000000
      516     0.00626488   -78.55949601   -78.55323113   -78.55949601     0.00000000
      517     0.00629628   -78.55952750   -78.55323122   -78.55952750     0.00000000
      518     0.00632234   -78.55955366   -78.55323132   -78.55955366     0.00000000
      519     0.00634212   -78.55957354   -78.55323142   -78.55957354     0.00000000
      520     0.00570027   -78.55958622   -78.55388595   -78.55958622     0.00000000
      521     0.00570533   -78.55959137   -78.55388604   -78.55959137     0.00000000
      522     0.00570358   -78.55958970   -78.55388612   -78.55958970     0.00000000
      523     0.00569438   -78.55958058   -78.55388620   -78.55958058     0.00000000
      524     0.00567718   -78.55956345   -78.55388626   -78.55956345     0.00000000
      525     0.00565159   -78.55953791   -78.55388632   -78.55953791     0.00000000
      526     0.00561730   -78.55950366   -78.55388636   -78.55950366     0.00000000
      527     0.00557418   -78.55946058   -78.55388640   -78.55946058     0.00000000
      528     0.00552224   -78.55940865   -78.55388641   -78.55940865     0.00000000
      529     0.00546165   -78.55934806   -78.55388641   -78.55934806     0.00000000
      530     0.00539273   -78.55927913   -78.55388640   -78.55927913     0.00000000
      531     0.00531597   -78.55920234   -78.55388637   -78.55920234     0.00000000
      532     0.00523199   -78.55911831   -78.55388632   -78.55911831     0.00000000
      533     0.00514156   -78.55902782   -78.55388626   -78.55902782     0.00000000
      534     0.00504557   -78.55893174   -78.55388618   -78.55893174     0.00000000
      535     0.00494502   -78.55883110   -78.55388608   -78.55883110     0.00000000
      536     0.00484100   -78.55872698   -78.55388598   -78.55872698     0.00000000
      537     0.00473467   -78.55862053   -78.55388586   -78.55862053     0.00000000
      538     0.00462724   -78.55851298   -78.55388574   -78.55851298     0.00000000
      539     0.00451994   -78.55840555   -78.55388561   -78.55840555     0.00000000
      540     0.00570027   -78.55829949   -78.55259922   -78.55829949     0.00000000
      541     0.00558086   -78.55817992   -78.55259907   -78.55817992     0.00000000
      542     0.00546181   -78.55806072   -78.55259891   -78.55806072     0.00000000
      543     0.00534446   -78.55794322   -78.55259875   -78.55794322     0.00000000
      544     0.00523012   -78.55782872   -78.55259860   -78.55782872     0.00000000
      545     0.00512002   -78.55771846   -78.55259845   -78.55771846     0.00000000
      546     0.00501528   -78.55761359   -78.55259831   -78.55761359     0.00000000
      547     0.00491696   -78.55751514   -78.55259817   -78.55751514     0.00000000
      548     0.00482597   -78.55742402   -78.55259805   -78.55742402     0.00000000
      549     0.00474307   -78.55734101   -78.55259794   -78.55734101     0.00000000
      550     0.00466891   -78.55726675   -78.55259785   -78.55726675     0.00000000
      551     0.00460397   -78.55720173   -78.55259776   -78.55720173     0.00000000
      552     0.00454859   -78.55714628   -78.55259769   -78.55714628     0.00000000
      553     0.00450293   -78.55710057   -78.55259764   -78.55710057     0.00000000
      554     0.00446702   -78.55706463   -78.55259760   -78.55706463     0.00000000
      555     0.00444073   -78.55703832   -78.55259760   -78.55703832     0.00000000
      556     0.00442377   -78.55702140   -78.55259762   -78.55702140     0.00000000
      557     0.00441576   -78.55701344   -78.55259768   -78.55701344     0.00000000
      558     0.00441619   -78.55701394   -78.55259775   -78.55701394     0.00000000
      559     0.00442442   -78.55702224   -78.55259782   -78.55702224     0.00000000
      560     0.00570027   -78.55703764   -78.55133737   -78.55703764     0.00000000
      561     0.00572259   -78.55706006   -78.55133747   -78.55706006     0.00000000
      562     0.00574678   -78.55708437   -78.55133759   -78.55708437     0.00000000
      563     0.00577188   -78.55710960   -78.55133773   -78.55710960     0.00000000
      564     0.00579693   -78.55713480   -78.55133787   -78.55713480     0.00000000
      565     0.00582101   -78.55715903   -78.55133802   -78.55715903     0.00000000
      566     0.00584323   -78.55718142   -78.55133818   -78.55718142     0.00000000
      567     0.00586279   -78.55720114   -78.55133835   -78.55720114     0.00000000
      568     0.00587892   -78.55721744   -78.55133852   -78.55721744     0.00000000
      569     0.00589096   -78.55722966   -78.55133870   -78.55722966     0.00000000
      570     0.00589834   -78.55723722   -78.55133888   -78.55723722     0.00000000
      571     0.00590058   -78.55723964   -78.55133906   -78.55723964     0.00000000
      572     0.00589732   -78.55723657   -78.55133925   -78.55723657     0.00000000
      573     0.00588831   -78.55722774   -78.55133943   -78.55722774     0.00000000
      574     0.00587340   -78.55721302   -78.55133961   -78.55721302     0.00000000
      575     0.00585258   -78.55719237   -78.55133979   -78.55719237     0.00000000
      576     0.00582593   -78.55716589   -78.55133996   -78.55716589     0.00000000
      577     0.00579366   -78.55713378   -78.55134013   -78.55713378     0.00000000
      578     0.00575607   -78.55709636   -78.55134029   -78.55709636     0.00000000
      579     0.00571360   -78.55705403   -78.55134044   -78.55705403     0.00000000
      580     0.00570027   -78.55700732   -78.55130705   -78.55700732     0.00000000
      581     0.00564944   -78.55695662   -78.55130719   -78.55695662     0.00000000
      582     0.00559540   -78.55690271   -78.55130731   -78.55690271     0.00000000
      583     0.00553892   -78.55684633   -78.55130742   -78.55684633     0.00000000
      584     0.00548079   -78.55678830   -78.55130751   -78.55678830     0.00000000
      585     0.00542186   -78.55672946   -78.55130760   -78.55672946     0.00000000
      586     0.00536302   -78.55667069   -78.55130767   -78.55667069     0.00000000
      587     0.00530513   -78.55661287   -78.55130774   -78.55661287     0.00000000
      588     0.00524909   -78.55655688   -78.55130779   -78.55655688     0.00000000
      589     0.00519574   -78.55650356   -78.55130783   -78.55650356     0.00000000
      590     0.00514586   -78.55645372   -78.55130786   -78.55645372     0.00000000
      591     0.00510021   -78.55640809   -78.55130788   -78.55640809     0.00000000
      592     0.00505942   -78.55636731   -78.55130789   -78.55636731     0.00000000
      593     0.00502404   -78.55633194   -78.55130790   -78.55633194     0.00000000
      594     0.00499448   -78.55630238   -78.55130790   -78.55630238     0.00000000
      595     0.00497104   -78.55627893   -78.55130790   -78.55627893     0.00000000
      596     0.00495384   -78.55626173   -78.55130789   -78.55626173     0.00000000
      597     0.00494287   -78.55625075   -78.55130788   -78.55625075     0.00000000
      598     0.00493794   -78.55624580   -78.55130786   -78.55624580     0.00000000
      599     0.00493869   -78.55624654   -78.55130784   -78.55624654     0.00000000
      600     0.00570027   -78.55625245   -78.55055218   -78.55625245     0.00000000
      601     0.00571014   -78.55626229   -78.55055215   -78.55626229     0.00000000
      602     0.00572133   -78.55627345   -78.55055212   -78.55627345     0.00000000
      603     0.00573289   -78.55628497   -78.55055208   -78.55628497     0.00000000
      604     0.00574383   -78.55629587   -78.55055204   -78.55629587     0.00000000
      605     0.00575310   -78.55630510   -78.55055199   -78.55630510     0.00000000
      606     0.00575968   -78.55631162   -78.55055193   -78.55631162     0.00000000
      607     0.00576255   -78.55631442   -78.55055187   -78.55631442     0.00000000
      608     0.00576076   -78.55631255   -78.55055179   -78.55631255     0.00000000
      609     0.00575344   -78.55630515   -78.55055171   -78.55630515     0.00000000
      610     0.00573986   -78.55629147   -78.55055161   -78.55629147     0.00000000
      611     0.00571942   -78.55627092   -78.55055150   -78.55627092     0.00000000
      612     0.00569172   -78.55624310   -78.55055138   -78.55624310     0.00000000
      613     0.00565655   -78.55620779   -78.55055124   -78.55620779     0.00000000
      614     0.00561391   -78.55616500   -78.55055109   -78.55616500     0.00000000
      615     0.00556402   -78.55611495   -78.55055093   -78.55611495     0.00000000
      616     0.00550733   -78.55605808   -78.55055076   -78.55605808     0.00000000
      617     0.00544451   -78.55599508   -78.55055057   -78.55599508     0.00000000
      618     0.00537647   -78.55592682   -78.55055036   -78.55592682     0.00000000
      619     0.00530428   -78.55585440   -78.55055012   -78.55585440     0.00000000
      620     0.00570027   -78.55577908   -78.55007882   -78.55577908     0.00000000
      621     0.00561947   -78.55569803   -78.55007856   -78.55569803     0.00000000
      622     0.00553701   -78.55561532   -78.55007831   -78.55561532     0.00000000
      623     0.00545464   -78.55553270   -78.55007806   -78.55553270     0.00000000
      624     0.00537419   -78.55545200   -78.55007781   -78.55545200     0.00000000
      625     0.00529753   -78.55537510   -78.55007757   -78.55537510     0.00000000
      626     0.00522654   -78.55530389   -78.55007735   -78.55530389     0.00000000
      627     0.00516307   -78.55524020   -78.55007713   -78.55524020     0.00000000
      628     0.00510890   -78.55518582   -78.55007692   -78.55518582     0.00000000
      629     0.00506570   -78.55514243   -78.55007673   -78.55514243     0.00000000
      630     0.00503500   -78.55511155   -78.55007655   -78.55511155     0.00000000
      631     0.00501816   -78.55509453   -78.55007638   -78.55509453     0.00000000
      632     0.00501634   -78.55509256   -78.55007622   -78.55509256     0.00000000
      633     0.00503051   -78.55510658   -78.55007607   -78.55510658     0.00000000
      634     0.00506138   -78.55513732   -78.55007594   -78.55513732     0.00000000
      635     0.00510943   -78.55518526   -78.55007582   -78.55518526     0.00000000
      636     0.00517489   -78.55525062   -78.55007572   -78.55525062     0.00000000
      637     0.00525774   -78.55533338   -78.55007563   -78.55533338     0.00000000
      638     0.00535770   -78.55543326   -78.55007556   -78.55543326     0.00000000
      639     0.00547425   -78.55554975   -78.55007550   -78.55554975     0.00000000
      640     0.00570027   -78.55568209   -78.54998182   -78.55568209     0.00000000
      641     0.00584857   -78.55583035   -78.54998178   -78.55583035     0.00000000
      642     0.00601033   -78.55599209   -78.54998175   -78.55599209     0.00000000
      643     0.00618419   -78.55616592   -78.54998173   -78.55616592     0.00000000
      644     0.00636860   -78.55635031   -78.54998171   -78.55635031     0.00000000
      645     0.00656189   -78.55654358   -78.54998169   -78.55654358     0.00000000
      646     0.00676229   -78.55674395   -78.54998167   -78.55674395     0.00000000
      647     0.00696791   -78.55694955   -78.54998164   -78.55694955     0.00000000
      648     0.00717683   -78.55715844   -78.54998161   -78.55715844     0.00000000
      649     0.00738709   -78.55736866   -78.54998157   -78.55736866     0.00000000
      650     0.00759672   -78.55757825   -78.54998153   -78.55757825     0.00000000
      651     0.00780378   -78.55778527   -78.54998149   -78.55778527     0.00000000
      652     0.00800638   -78.55798783   -78.54998145   -78.55798783     0.00000000
      653     0.00820273   -78.55818412   -78.54998139   -78.55818412     0.00000000
      654     0.00839114   -78.55837244   -78.54998131   -78.55837244     0.00000000
      655     0.00857002   -78.55855121   -78.54998119   -78.55855121     0.00000000
      656     0.00873794   -78.55871899   -78.54998105   -78.55871899     0.00000000
      657     0.00889365   -78.55887454   -78.54998089   -78.55887454     0.00000000
      658     0.00903606   -78.55901677   -78.54998071   -78.55901677     0.00000000
      659     0.00916431   -78.55914481   -78.54998051   -78.55914481     0.00000000
      660     0.00570027   -78.55925801   -78.55355774   -78.55925801     0.00000000
      661     0.00578080   -78.55933835   -78.55355755   -78.55933835     0.00000000
      662     0.00585631   -78.55941366   -78.55355735   -78.55941366     0.00000000
      663     0.00592667   -78.55948380   -78.55355713   -78.55948380     0.00000000
      664     0.00599179   -78.55954869   -78.55355690   -78.55954869     0.00000000
      665     0.00605164   -78.55960831   -78.55355666   -78.55960831     0.00000000
      666     0.00610628   -78.55966270   -78.55355642   -78.55966270     0.00000000
      667     0.00615580   -78.55971197   -78.55355616   -78.55971197     0.00000000
      668     0.00620035   -78.55975625   -78.55355590   -78.55975625     0.00000000
      669     0.00624012   -78.55979575   -78.55355563   -78.55979575     0.00000000
      670     0.00627534   -78.55983070   -78.55355536   -78.55983070     0.00000000
      671     0.00630627   -78.55986135   -78.55355509   -78.55986135     0.00000000
      672     0.00633320   -78.55988801   -78.55355481   -78.55988801     0.00000000
      673     0.00635643   -78.55991097   -78.55355454   -78.55991097     0.00000000
      674     0.00637628   -78.55993055   -78.55355426   -78.55993055     0.00000000
      675     0.00639307   -78.55994706   -78.55355400   -78.55994706     0.00000000
      676     0.00640709   -78.55996083   -78.55355373   -78.55996083     0.00000000
      677     0.00641865   -78.55997213   -78.55355348   -78.55997213     0.00000000
      678     0.00642801   -78.55998124   -78.55355323   -78.55998124     0.00000000
      679     0.00643539   -78.55998840   -78.55355300   -78.55998840     0.00000000
      680     0.00570027   -78.55999377   -78.55429350   -78.55999377     0.00000000
      681     0.00570479   -78.55999810   -78.55429331   -78.55999810     0.00000000
      682     0.00570944   -78.56000258   -78.55429313   -78.56000258     0.00000000
      683     0.00571418   -78.56000715   -78.55429298   -78.56000715     0.00000000
      684     0.00571886   -78.56001170   -78.55429283   -78.56001170     0.00000000
      685     0.00572326   -78.56001597   -78.55429271   -78.56001597     0.00000000
      686     0.00572705   -78.56001966   -78.55429261   -78.56001966     0.00000000
      687     0.00572982   -78.56002235   -78.55429253   -78.56002235     0.00000000
      688     0.00573109   -78.56002355   -78.55429246   -78.56002355     0.00000000
      689     0.00573032   -78.56002271   -78.55429240   -78.56002271     0.00000000
      690     0.00572691   -78.56001924   -78.55429233   -78.56001924     0.00000000
      691     0.00572020   -78.56001249   -78.55429230   -78.56001249     0.00000000
      692     0.00570954   -78.56000183   -78.55429229   -78.56000183     0.00000000
      693     0.00569432   -78.55998661   -78.55429229   -78.55998661     0.00000000
      694     0.00567395   -78.55996624   -78.55429229   -78.55996624     0.00000000
      695     0.00564787   -78.55994017   -78.55429230   -78.55994017     0.00000000
      696     0.00561560   -78.55990792   -78.55429232   -78.55990792     0.00000000
      697     0.00557676   -78.55986911   -78.55429235   -78.55986911     0.00000000
      698     0.00553108   -78.55982346   -78.55429238   -78.55982346     0.00000000
      699     0.00547842   -78.55977084   -78.55429242   -78.55977084     0.00000000
      700     0.00570027   -78.55971121   -78.55401094   -78.55971121     0.00000000
      701     0.00563167   -78.55964264   -78.55401097   -78.55964264     0.00000000
      702     0.00555559   -78.55956658   -78.55401100   -78.55956658     0.00000000
      703     0.00547245   -78.55948347   -78.55401102   -78.55948347     0.00000000
      704     0.00538284   -78.55939388   -78.55401104   -78.55939388     0.00000000
      705     0.00528745   -78.55929851   -78.55401105   -78.55929851     0.00000000
      706     0.00518714   -78.55919820   -78.55401106   -78.55919820     0.00000000
      707     0.00508282   -78.55909390   -78.55401107   -78.55909390     0.00000000
      708     0.00497554   -78.55898662   -78.55401108   -78.55898662     0.00000000
      709     0.00486638   -78.55887746   -78.55401108   -78.55887746     0.00000000
      710     0.00475649   -78.55876756   -78.55401108   -78.55876756     0.00000000
      711     0.00464701   -78.55865808   -78.55401107   -78.55865808     0.00000000
      712     0.00453910   -78.55855017   -78.55401107   -78.55855017     0.00000000
      713     0.00443390   -78.55844497   -78.55401107   -78.55844497     0.00000000
      714     0.00433250   -78.55834356   -78.55401106   -78.55834356     0.00000000
      715     0.00423593   -78.55824698   -78.55401105   -78.55824698     0.00000000
      716     0.00414512   -78.55815616   -78.55401103   -78.55815616     0.00000000
      717     0.00406091   -78.55807194   -78.55401102   -78.55807194     0.00000000
      718     0.00398403   -78.55799505   -78.55401102   -78.55799505     0.00000000
      719     0.00391507   -78.55792610   -78.55401103   -78.55792610     0.00000000
      720     0.00570027   -78.55786554   -78.55216528   -78.55786554     0.00000000
      721     0.00563401   -78.55779933   -78.55216531   -78.55779933     0.00000000
      722     0.00557226   -78.55773761   -78.55216536   -78.55773761     0.00000000
      723     0.00551517   -78.55768057   -78.55216540   -78.55768057     0.00000000
      724     0.00546282   -78.55762826   -78.55216544   -78.55762826     0.00000000
      725     0.00541517   -78.55758063   -78.55216546   -78.55758063     0.00000000
      726     0.00537206   -78.55753754   -78.55216548   -78.55753754     0.00000000
      727     0.00533326   -78.55749875   -78.55216550   -78.55749875     0.00000000
      728     0.00529842   -78.55746393   -78.55216551   -78.55746393     0.00000000
      729     0.00526712   -78.55743265   -78.55216553   -78.55743265     0.00000000
      730     0.00523888   -78.55740442   -78.55216555   -78.55740442     0.00000000
      731     0.00521312   -78.55737867   -78.55216556   -78.55737867     0.00000000
      732     0.00518922   -78.55735479   -78.55216557   -78.55735479     0.00000000
      733     0.00516653   -78.55733210   -78.55216557   -78.55733210     0.00000000
      734     0.00514434   -78.55730991   -78.55216558   -78.55730991     0.00000000
      735     0.00512194   -78.55728751   -78.55216557   -78.55728751     0.00000000
      736     0.00509861   -78.55726418   -78.55216557   -78.55726418     0.00000000
      737     0.00507366   -78.55723921   -78.55216555   -78.55723921     0.00000000
      738     0.00504640   -78.55721193   -78.55216553   -78.55721193     0.00000000
      739     0.00501619   -78.55718170   -78.55216551   -78.55718170     0.00000000
      740     0.00570027   -78.55714794   -78.55144767   -78.55714794     0.00000000
      741     0.00565875   -78.55710637   -78.55144762   -78.55710637     0.00000000
      742     0.00561021   -78.55705777   -78.55144757   -78.55705777     0.00000000
      743     0.00555434   -78.55700184   -78.55144750   -78.55700184     0.00000000
      744     0.00549099   -78.55693842   -78.55144742   -78.55693842     0.00000000
      745     0.00542016   -78.55686750   -78.55144733   -78.55686750     0.00000000
      746     0.00534202   -78.55678925   -78.55144724   -78.55678925     0.00000000
      747     0.00525688   -78.55670400   -78.55144713   -78.55670400     0.00000000
      748     0.00516524   -78.55661225   -78.55144701   -78.55661225     0.00000000
      749     0.00506777   -78.55651465   -78.55144688   -78.55651465     0.00000000
      750     0.00496527   -78.55641201   -78.55144674   -78.55641201     0.00000000
      751     0.00485870   -78.55630530   -78.55144660   -78.55630530     0.00000000
      752     0.00474917   -78.55619562   -78.55144645   -78.55619562     0.00000000
      753     0.00463786   -78.55608416   -78.55144629   -78.55608416     0.00000000
      754     0.00452610   -78.55597223   -78.55144613   -78.55597223     0.00000000
      755     0.00441526   -78.55586123   -78.55144597   -78.55586123     0.00000000
      756     0.00430678   -78.55575258   -78.55144580   -78.55575258     0.00000000
      757     0.00420210   -78.55564774   -78.55144563   -78.55564774     0.00000000
      758     0.00410270   -78.55554817   -78.55144547   -78.55554817     0.00000000
      759     0.00401001   -78.55545532   -78.55144531   -78.55545532     0.00000000
      760     0.00570027   -78.55537056   -78.54967029   -78.55537056     0.00000000
      761     0.00560564   -78.55527575   -78.54967011   -78.55527575     0.00000000
      762     0.00551583   -78.55518577   -78.54966994   -78.55518577     0.00000000
      763     0.00543227   -78.55510204   -78.54966977   -78.55510204     0.00000000
      764     0.00535634   -78.55502594   -78.54966961   -78.55502594     0.00000000
      765     0.00528932   -78.55495877   -78.54966945   -78.55495877     0.00000000
      766     0.00523237   -78.55490168   -78.54966932   -78.55490168     0.00000000
      767     0.00518650   -78.55485568   -78.54966918   -78.55485568     0.00000000
      768     0.00515254   -78.55482159   -78.54966905   -78.55482159     0.00000000
      769     0.00513105   -78.55480001   -78.54966895   -78.55480001     0.00000000
      770     0.00512240   -78.55479130   -78.54966890   -78.55479130     0.00000000
      771     0.00512674   -78.55479560   -78.54966885   -78.55479560     0.00000000
      772     0.00514393   -78.55481275   -78.54966882   -78.55481275     0.00000000
      773     0.00517355   -78.55484236   -78.54966881   -78.55484236     0.00000000
      774     0.00521497   -78.55488379   -78.54966882   -78.55488379     0.00000000
      775     0.00526729   -78.55493614   -78.54966885   -78.55493614     0.00000000
      776     0.00532943   -78.55499833   -78.54966890   -78.55499833     0.00000000
      777     0.00540011   -78.55506907   -78.54966896   -78.55506907     0.00000000
      778     0.00547793   -78.55514696   -78.54966904   -78.55514696     0.00000000
      779     0.00556136   -78.55523048   -78.54966912   -78.55523048     0.00000000
      780     0.00570027   -78.55531806   -78.54961779   -78.55531806     0.00000000
      781     0.00579054   -78.55540843   -78.54961789   -78.55540843     0.00000000
      782     0.00588156   -78.55549954   -78.54961798   -78.55549954     0.00000000
      783     0.00597187   -78.55558993   -78.54961807   -78.55558993     0.00000000
      784     0.00606011   -78.55567826   -78.54961815   -78.55567826     0.00000000
      785     0.00614510   -78.55576332   -78.54961823   -78.55576332     0.00000000
      786     0.00622582   -78.55584411   -78.54961829   -78.55584411     0.00000000
      787     0.00630147   -78.55591981   -78.54961834   -78.55591981     0.00000000
      788     0.00637144   -78.55598982   -78.54961838   -78.55598982     0.00000000
      789     0.00643535   -78.55605375   -78.54961840   -78.55605375     0.00000000
      790     0.00649302   -78.55611144   -78.54961841   -78.55611144     0.00000000
      791     0.00654451   -78.55616291   -78.54961841   -78.55616291     0.00000000
      792     0.00659003   -78.55620842   -78.54961839   -78.55620842     0.00000000
      793     0.00663000   -78.55624835   -78.54961835   -78.55624835     0.00000000
      794     0.00666498   -78.55628329   -78.54961831   -78.55628329     0.00000000
      795     0.00669567   -78.55631392   -78.54961825   -78.55631392     0.00000000
      796     0.00672286   -78.55634104   -78.54961818   -78.55634104     0.00000000
      797     0.00674744   -78.55636554   -78.54961810   -78.55636554     0.00000000
      798     0.00677033   -78.55638835   -78.54961801   -78.55638835     0.00000000
      799     0.00679251   -78.55641043   -78.54961792   -78.55641043     0.00000000
      800     0.00570027   -78.55643278   -78.55073251   -78.55643278     0.00000000
      801     0.00572368   -78.55645610   -78.55073241   -78.55645610     0.00000000
      802     0.00575260   -78.55648492   -78.55073232   -78.55648492     0.00000000
      803     0.00578776   -78.55651998   -78.55073222   -78.55651998     0.00000000
      804     0.00582982   -78.55656195   -78.55073213   -78.55656195     0.00000000
      805     0.00587932   -78.55661135   -78.55073204   -78.55661135     0.00000000
      806     0.00593667   -78.55666862   -78.55073195   -78.55666862     0.00000000
      807     0.00600220   -78.55673407   -78.55073187   -78.55673407     0.00000000
      808     0.00607608   -78.55680786   -78.55073178   -78.55680786     0.00000000
      809     0.00615838   -78.55689008   -78.55073170   -78.55689008     0.00000000
      810     0.00624903   -78.55698065   -78.55073163   -78.55698065     0.00000000
      811     0.00634784   -78.55707940   -78.55073156   -78.55707940     0.00000000
      812     0.00645451   -78.55718600   -78.55073149   -78.55718600     0.00000000
      813     0.00656862   -78.55730006   -78.55073144   -78.55730006     0.00000000
      814     0.00668963   -78.55742102   -78.55073139   -78.55742102     0.00000000
      815     0.00681689   -78.55754823   -78.55073134   -78.55754823     0.00000000
      816     0.00694964   -78.55768094   -78.55073131   -78.55768094     0.00000000
      817     0.00708702   -78.55781830   -78.55073128   -78.55781830     0.00000000
      818     0.00722808   -78.55795934   -78.55073126   -78.55795934     0.00000000
      819     0.00737177   -78.55810302   -78.55073124   -78.55810302     0.00000000
      820     0.00570027   -78.55824820   -78.55254794   -78.55824820     0.00000000
      821     0.00582931   -78.55837728   -78.55254797   -78.55837728     0.00000000
      822     0.00596220   -78.55851022   -78.55254802   -78.55851022     0.00000000
      823     0.00609767   -78.55864577   -78.55254809   -78.55864577     0.00000000
      824     0.00623438   -78.55878254   -78.55254816   -78.55878254     0.00000000
      825     0.00637087   -78.55891909   -78.55254822   -78.55891909     0.00000000
      826     0.00650561   -78.55905390   -78.55254829   -78.55905390     0.00000000
      827     0.00663705   -78.55918542   -78.55254837   -78.55918542     0.00000000
      828     0.00676363   -78.55931209   -78.55254846   -78.55931209     0.00000000
      829     0.00688379   -78.55943235   -78.55254856   -78.55943235     0.00000000
      830     0.00699602   -78.55954468   -78.55254866   -78.55954468     0.00000000
      831     0.00709887   -78.55964763   -78.55254876   -78.55964763     0.00000000
      832     0.00719097   -78.55973984   -78.55254887   -78.55973984     0.00000000
      833     0.00727111   -78.55982008   -78.55254897   -78.55982008     0.00000000
      834     0.00733821   -78.55988729   -78.55254907   -78.55988729     0.00000000
      835     0.00739137   -78.55994054   -78.55254917   -78.55994054     0.00000000
      836     0.00742990   -78.55997916   -78.55254926   -78.55997916     0.00000000
      837     0.00745332   -78.56000266   -78.55254934   -78.56000266     0.00000000
      838     0.00746143   -78.56001084   -78.55254941   -78.56001084     0.00000000
      839     0.00745425   -78.56000372   -78.55254947   -78.56000372     0.00000000
      840     0.00570027   -78.55998160   -78.55428133   -78.55998160     0.00000000
      841     0.00567020   -78.55995155   -78.55428135   -78.55995155     0.00000000
      842     0.00563214   -78.55991350   -78.55428137   -78.55991350     0.00000000
      843     0.00558698   -78.55986835   -78.55428137   -78.55986835     0.00000000
      844     0.00553576   -78.55981712   -78.55428136   -78.55981712     0.00000000
      845     0.00547965   -78.55976098   -78.55428134   -78.55976098     0.00000000
      846     0.00541990   -78.55970121   -78.55428131   -78.55970121     0.00000000
      847     0.00535788   -78.55963915   -78.55428127   -78.55963915     0.00000000
      848     0.00529498   -78.55957619   -78.55428122   -78.55957619     0.00000000
      849     0.00523258   -78.55951375   -78.55428116   -78.55951375     0.00000000
      850     0.00517208   -78.55945318   -78.55428110   -78.55945318     0.00000000
      851     0.00511479   -78.55939582   -78.55428103   -78.55939582     0.00000000
      852     0.00506191   -78.55934286   -78.55428095   -78.55934286     0.00000000
      853     0.00501451   -78.55929539   -78.55428088   -78.55929539     0.00000000
      854     0.00497351   -78.55925431   -78.55428080   -78.55925431     0.00000000
      855     0.00493959   -78.55922032   -78.55428073   -78.55922032     0.00000000
      856     0.00491325   -78.55919389   -78.55428064   -78.55919389     0.00000000
      857     0.00489474   -78.55917528   -78.55428053   -78.55917528     0.00000000
      858     0.00488402   -78.55916447   -78.55428045   -78.55916447     0.00000000
      859     0.00488083   -78.55916120   -78.55428037   -78.55916120     0.00000000
      860     0.00570027   -78.55916499   -78.55346472   -78.55916499     0.00000000
      861     0.00571004   -78.55917467   -78.55346463   -78.55917467     0.00000000
      862     0.00572320   -78.55918774   -78.55346454   -78.55918774     0.00000000
      863     0.00573860   -78.55920304   -78.55346444   -78.55920304     0.00000000
      864     0.00575501   -78.55921934   -78.55346433   -78.55921934     0.00000000
      865     0.00577112   -78.55923533   -78.55346421   -78.55923533     0.00000000
      866     0.00578557   -78.55924964   -78.55346407   -78.55924964     0.00000000
      867     0.00579703   -78.55926095   -78.55346393   -78.55926095     0.00000000
      868     0.00580421   -78.55926797   -78.55346376   -78.55926797     0.00000000
      869     0.00580593   -78.55926951   -78.55346358   -78.55926951     0.00000000
      870     0.00580109   -78.55926448   -78.55346338   -78.55926448     0.00000000
      871     0.00578878   -78.55925195   -78.55346317   -78.55925195     0.00000000
      872     0.00576824   -78.55923118   -78.55346294   -78.55923118     0.00000000
      873     0.00573890   -78.55920160   -78.55346270   -78.55920160     0.00000000
      874     0.00570041   -78.55916285   -78.55346244   -78.55916285     0.00000000
      875     0.00565259   -78.55911476   -78.55346217   -78.55911476     0.00000000
      876     0.00559551   -78.55905740   -78.55346189   -78.55905740     0.00000000
      877     0.00552940   -78.55899101   -78.55346161   -78.55899101     0.00000000
      878     0.00545470   -78.55891603   -78.55346132   -78.55891603     0.00000000
      879     0.00537204   -78.55883307   -78.55346103   -78.55883307     0.00000000
      880     0.00570027   -78.55874290   -78.55304263   -78.55874290     0.00000000
      881     0.00559973   -78.55864206   -78.55304234   -78.55864206     0.00000000
      882     0.00549245   -78.55853449   -78.55304204   -78.55853449     0.00000000
      883     0.00537962   -78.55842137   -78.55304176   -78.55842137     0.00000000
      884     0.00526248   -78.55830396   -78.55304148   -78.55830396     0.00000000
      885     0.00514236   -78.55818358   -78.55304122   -78.55818358     0.00000000
      886     0.00502059   -78.55806157   -78.55304098   -78.55806157     0.00000000
      887     0.00489852   -78.55793927   -78.55304075   -78.55793927     0.00000000
      888     0.00477749   -78.55781803   -78.55304054   -78.55781803     0.00000000
      889     0.00465876   -78.55769911   -78.55304035   -78.55769911     0.00000000
      890     0.00454356   -78.55758374   -78.55304018   -78.55758374     0.00000000
      891     0.00443300   -78.55747304   -78.55304004   -78.55747304     0.00000000
      892     0.00432813   -78.55736804   -78.55303992   -78.55736804     0.00000000
      893     0.00422983   -78.55726965   -78.55303982   -78.55726965     0.00000000
      894     0.00413888   -78.55717863   -78.55303974   -78.55717863     0.00000000
      895     0.00405592   -78.55709561   -78.55303969   -78.55709561     0.00000000
      896     0.00398141   -78.55702107   -78.55303966   -78.55702107     0.00000000
      897     0.00391568   -78.55695532   -78.55303965   -78.55695532     0.00000000
      898     0.00385886   -78.55689852   -78.55303965   -78.55689852     0.00000000
      899     0.00381097   -78.55685065   -78.55303968   -78.55685065     0.00000000
      900     0.00570027   -78.55681155   -78.55111128   -78.55681155     0.00000000
      901     0.00565841   -78.55676976   -78.55111135   -78.55676976     0.00000000
      902     0.00561819   -78.55672961   -78.55111142   -78.55672961     0.00000000
      903     0.00557903   -78.55669054   -78.55111151   -78.55669054     0.00000000
      904     0.00554030   -78.55665188   -78.55111159   -78.55665188     0.00000000
      905     0.00550134   -78.55661301   -78.55111167   -78.55661301     0.00000000
      906     0.00546150   -78.55657324   -78.55111174   -78.55657324     0.00000000
      907     0.00542014   -78.55653195   -78.55111181   -78.55653195     0.00000000
      908     0.00537666   -78.55648853   -78.55111187   -78.55648853     0.00000000
      909     0.00533049   -78.55644240   -78.55111191   -78.55644240     0.00000000
      910     0.00528115   -78.55639311   -78.55111196   -78.55639311     0.00000000
      911     0.00522824   -78.55634023   -78.55111199   -78.55634023     0.00000000
      912     0.00517149   -78.55628349   -78.55111201   -78.55628349     0.00000000
      913     0.00511073   -78.55622271   -78.55111198   -78.55622271     0.00000000
      914     0.00504590   -78.55615783   -78.55111194   -78.55615783     0.00000000
      915     0.00497706   -78.55608894   -78.55111188   -78.55608894     0.00000000
      916     0.00490445   -78.55601624   -78.55111179   -78.55601624     0.00000000
      917     0.00482840   -78.55594009   -78.55111169   -78.55594009     0.00000000
      918     0.00474940   -78.55586097   -78.55111156   -78.55586097     0.00000000
      919     0.00466806   -78.55577948   -78.55111142   -78.55577948     0.00000000
      920     0.00570027   -78.55569636   -78.54999609   -78.55569636     0.00000000
      921     0.00560449   -78.55560039   -78.54999590   -78.55560039     0.00000000
      922     0.00550413   -78.55549981   -78.54999569   -78.55549981     0.00000000
      923     0.00540040   -78.55539586   -78.54999545   -78.55539586     0.00000000
      924     0.00529470   -78.55528992   -78.54999521   -78.55528992     0.00000000
      925     0.00518853   -78.55518349   -78.54999496   -78.55518349     0.00000000
      926     0.00508349   -78.55507819   -78.54999470   -78.55507819     0.00000000
      927     0.00498126   -78.55497570   -78.54999444   -78.55497570     0.00000000
      928     0.00488359   -78.55487776   -78.54999417   -78.55487776     0.00000000
      929     0.00479221   -78.55478612   -78.54999392   -78.55478612     0.00000000
      930     0.00470887   -78.55470254   -78.54999367   -78.55470254     0.00000000
      931     0.00463527   -78.55462871   -78.54999344   -78.55462871     0.00000000
      932     0.00457305   -78.55456627   -78.54999322   -78.55456627     0.00000000
      933     0.00452372   -78.55451675   -78.54999302   -78.55451675     0.00000000
      934     0.00448867   -78.55448152   -78.54999285   -78.55448152     0.00000000
      935     0.00446912   -78.55446182   -78.54999270   -78.55446182     0.00000000
      936     0.00446608   -78.55445867   -78.54999259   -78.55445867     0.00000000
      937     0.00448033   -78.55447284   -78.54999251   -78.55447284     0.00000000
      938     0.00451243   -78.55450488   -78.54999245   -78.55450488     0.00000000
      939     0.00456265   -78.55455506   -78.54999241   -78.55455506     0.00000000
      940     0.00570027   -78.55462337   -78.54892310   -78.55462337     0.00000000
      941     0.00579327   -78.55471643   -78.54892316   -78.55471643     0.00000000
      942     0.00590042   -78.55482367   -78.54892324   -78.55482367     0.00000000
      943     0.00602086   -78.55494423   -78.54892337   -78.55494423     0.00000000
      944     0.00615350   -78.55507703   -78.54892352   -78.55507703     0.00000000
      945     0.00629709   -78.55522080   -78.54892371   -78.55522080     0.00000000
      946     0.00645019   -78.55537410   -78.54892391   -78.55537410     0.00000000
      947     0.00661120   -78.55553534   -78.54892414   -78.55553534     0.00000000
      948     0.00677844   -78.55570282   -78.54892438   -78.55570282     0.00000000
      949     0.00695017   -78.55587480   -78.54892463   -78.55587480     0.00000000
      950     0.00712461   -78.55604950   -78.54892490   -78.55604950     0.00000000
      951     0.00730001   -78.55622517   -78.54892516   -78.55622517     0.00000000
      952     0.00747468   -78.55640010   -78.54892542   -78.55640010     0.00000000
      953     0.00764702   -78.55657270   -78.54892567   -78.55657270     0.00000000
      954     0.00781558   -78.55674150   -78.54892592   -78.55674150     0.00000000
      955     0.00797905   -78.55690520   -78.54892615   -78.55690520     0.00000000
      956     0.00813631   -78.55706268   -78.54892637   -78.55706268     0.00000000
      957     0.00828643   -78.55721301   -78.54892658   -78.55721301     0.00000000
      958     0.00842871   -78.55735547   -78.54892676   -78.55735547     0.00000000
      959     0.00856263   -78.55748956   -78.54892693   -78.55748956     0.00000000
      960     0.00570027   -78.55761497   -78.55191471   -78.55761497     0.00000000
      961     0.00579866   -78.55771347   -78.55191481   -78.55771347     0.00000000
      962     0.00589799   -78.55781289   -78.55191491   -78.55781289     0.00000000
      963     0.00599829   -78.55791328   -78.55191499   -78.55791328     0.00000000
      964     0.00609960   -78.55801466   -78.55191506   -78.55801466     0.00000000
      965     0.00620195   -78.55811708   -78.55191513   -78.55811708     0.00000000
      966     0.00630538   -78.55822057   -78.55191518   -78.55822057     0.00000000
      967     0.00640989   -78.55832512   -78.55191524   -78.55832512     0.00000000
      968     0.00651544   -78.55843072   -78.55191528   -78.55843072     0.00000000
      969     0.00662195   -78.55853727   -78.55191533   -78.55853727     0.00000000
      970     0.00672928   -78.55864465   -78.55191537   -78.55864465     0.00000000
      971     0.00683724   -78.55875264   -78.55191540   -78.55875264     0.00000000
      972     0.00694556   -78.55886100   -78.55191544   -78.55886100     0.00000000
      973     0.00705391   -78.55896937   -78.55191547   -78.55896937     0.00000000
      974     0.00716185   -78.55907735   -78.55191550   -78.55907735     0.00000000
      975     0.00726892   -78.55918445   -78.55191553   -78.55918445     0.00000000
      976     0.00737454   -78.55929011   -78.55191556   -78.55929011     0.00000000
      977     0.00747811   -78.55939371   -78.55191560   -78.55939371     0.00000000
      978     0.00757894   -78.55949457   -78.55191564   -78.55949457     0.00000000
      979     0.00767629   -78.55959196   -78.55191567   -78.55959196     0.00000000
      980     0.00570027   -78.55968511   -78.55398484   -78.55968511     0.00000000
      981     0.00577816   -78.55976304   -78.55398488   -78.55976304     0.00000000
      982     0.00585593   -78.55984085   -78.55398492   -78.55984085     0.00000000
      983     0.00593275   -78.55991771   -78.55398496   -78.55991771     0.00000000
      984     0.00600773   -78.55999274   -78.55398501   -78.55999274     0.00000000
      985     0.00607993   -78.56006499   -78.55398506   -78.56006499     0.00000000
      986     0.00614836   -78.56013348   -78.55398511   -78.56013348     0.00000000
      987     0.00621205   -78.56019722   -78.55398517   -78.56019722     0.00000000
      988     0.00626998   -78.56025520   -78.55398522   -78.56025520     0.00000000
      989     0.00632118   -78.56030645   -78.55398527   -78.56030645     0.00000000
      990     0.00636470   -78.56035001   -78.55398531   -78.56035001     0.00000000
      991     0.00639961   -78.56038497   -78.55398536   -78.56038497     0.00000000
      992     0.00642508   -78.56041051   -78.55398543   -78.56041051     0.00000000
      993     0.00644036   -78.56042587   -78.55398550   -78.56042587     0.00000000
      994     0.00644485   -78.56043040   -78.55398555   -78.56043040     0.00000000
      995     0.00643798   -78.56042355   -78.55398557   -78.56042355     0.00000000
      996     0.00641934   -78.56040492   -78.55398558   -78.56040492     0.00000000
      997     0.00638864   -78.56037422   -78.55398558   -78.56037422     0.00000000
      998     0.00634575   -78.56033133   -78.55398558   -78.56033133     0.00000000
      999     0.00629067   -78.56027623   -78.55398556   -78.56027623     0.00000000
     1000     0.00570027   -78.56020910   -78.55450883   -78.56020910     0.00000000
