 -0.999895727421762       0.468866349446992       0.563495665195565     
  0.000000000000000E+000  0.000000000000000E+000  -1.88897398009216     
  2.964356771170606E-002  0.160970892062491       1.050843625611325E-004
  5.480657519952692E-003 -9.960688981178745E-003 -1.481303735624089E-003
 -4.903099382430357E-003 -0.879205845584197       0.825887835039847     
  0.000000000000000E+000  0.000000000000000E+000  0.103941588000237     
   1.70313186923707      -0.108324531780707       1.918739990279805E-004
  -1.04660581995479      -1.883215491624980E-002  9.394319449238006E-002
  1.358285316678268E-002  8.462521755852587E-002  1.954275413041103E-002
  0.000000000000000E+000  0.000000000000000E+000 -5.273923606768621E-002
 -5.530861844105434E-002  -2.47154259315134       7.805000991177244E-003
  2.565541156305177E-002 -0.740049690456775      -7.513417430301417E-002
  0.999895727421762       0.000000000000000E+000  0.000000000000000E+000
 -0.534280511397751      -0.492722713670974      -5.500630296236925E-004
  5.613502055106238E-003  9.885953217713166E-003   1.88412096098204     
  2.828809852616465E-003 -4.175636151167985E-003  1.400854550512171E-004
  4.903099382430357E-003  0.000000000000000E+000  0.000000000000000E+000
 -0.845134619647297       0.869797059348372      -1.432496603898548E-003
  -1.04395719032920       3.273375489823930E-002 -5.364973969058906E-002
   1.69778652113214       6.304036349149134E-002 -1.041190788920541E-002
 -1.358285316678268E-002  0.000000000000000E+000  0.000000000000000E+000
  1.708244169246969E-002 -2.602696643168607E-002 -4.100974511816428E-002
  3.639079798020766E-002  0.739566209982702      -9.603221263211798E-003
 -4.130350695259867E-002   2.48506513117510       6.553868156056075E-003
  0.000000000000000E+000 -0.468866349446992       0.000000000000000E+000
  0.000000000000000E+000  0.000000000000000E+000  0.975434758603038     
 -0.565458141721305      -8.213781417962471E-002  0.000000000000000E+000
  0.000000000000000E+000  0.000000000000000E+000 -6.645498883253346E-003
  0.000000000000000E+000  0.879205845584197       0.000000000000000E+000
  0.000000000000000E+000  0.000000000000000E+000  0.522752455329057     
 -0.297878312384964       3.633955183406954E-002  0.000000000000000E+000
  0.000000000000000E+000  0.000000000000000E+000 -5.245336199685559E-002
  0.000000000000000E+000 -8.462521755852587E-002  0.000000000000000E+000
  0.000000000000000E+000  0.000000000000000E+000  2.668802744669277E-002
  3.814396282172167E-002  0.832631283170994       0.000000000000000E+000
  0.000000000000000E+000  0.000000000000000E+000 -0.508139924801907     
  0.000000000000000E+000  0.000000000000000E+000 -0.563495665195565     
  0.000000000000000E+000  0.000000000000000E+000  0.914089284518744     
  0.530201071954492      -8.871903110057958E-002  0.000000000000000E+000
  0.000000000000000E+000  0.000000000000000E+000  7.570986050998972E-003
  0.000000000000000E+000  0.000000000000000E+000 -0.825887835039847     
  0.000000000000000E+000  0.000000000000000E+000 -0.625261546725396     
 -0.361296366522903       3.925122504839791E-002  0.000000000000000E+000
  0.000000000000000E+000  0.000000000000000E+000 -1.819822833461754E-002
  0.000000000000000E+000  0.000000000000000E+000 -1.954275413041103E-002
  0.000000000000000E+000  0.000000000000000E+000  6.706095373915771E-002
 -1.922614236087498E-002  0.899345099997649       0.000000000000000E+000
  0.000000000000000E+000  0.000000000000000E+000  0.550765644802066     
  0.000000000000000E+000  0.000000000000000E+000  0.000000000000000E+000
  0.534280511397751       0.000000000000000E+000  0.000000000000000E+000
  0.000000000000000E+000  0.000000000000000E+000 -0.934918644252972     
  0.539745953712863       7.241430054936404E-003  7.248514397112460E-003
  0.000000000000000E+000  0.000000000000000E+000  0.000000000000000E+000
  0.845134619647297       0.000000000000000E+000  0.000000000000000E+000
  0.000000000000000E+000  0.000000000000000E+000  0.590775609159285     
 -0.341285844407732      -2.264595977062869E-002  6.248610333287701E-003
  0.000000000000000E+000  0.000000000000000E+000  0.000000000000000E+000
 -1.708244169246969E-002  0.000000000000000E+000  0.000000000000000E+000
  0.000000000000000E+000  0.000000000000000E+000 -1.310653518206100E-002
 -3.321429745318124E-003 -0.893896195824694       0.535851786360588     
  0.000000000000000E+000  0.000000000000000E+000  0.000000000000000E+000
  0.000000000000000E+000  0.492722713670974       0.000000000000000E+000
  0.000000000000000E+000  0.000000000000000E+000 -0.949307401091625     
 -0.548055421085433       6.894895077410325E-003 -6.832783284285214E-003
  0.000000000000000E+000  0.000000000000000E+000  0.000000000000000E+000
  0.000000000000000E+000 -0.869797059348372       0.000000000000000E+000
  0.000000000000000E+000  0.000000000000000E+000 -0.537317743467723     
 -0.309894856769611      -2.156224880461285E-002 -1.912830660498923E-002
  0.000000000000000E+000  0.000000000000000E+000  0.000000000000000E+000
  0.000000000000000E+000  2.602696643168607E-002  0.000000000000000E+000
  0.000000000000000E+000  0.000000000000000E+000  1.490475545409555E-002
  1.896952513486502E-002 -0.851119244893628      -0.509897200213789     
