 title                                                                          
(16i5)              mcdrt
    2 1600   10
(26i3)              info
  7  2  1  5  1  1 16  2  3  3
(8a4)               slabel
 a  
(40i2)              doub
 1 2 3 4 5 6 7
(40i2)              symd
 1 1 1 1 1 1 1
(40i2)              modrt
 8 9
(80i1)              syml
11
(40i2)              nj
 1 3 1
(40i2)              njskp
 0 1 4
(40i2)              a
 0 1 0 0 1
(40i2)              b
 0 0 1 0 0
(40i2)              l
 4 3 0 2 5 0 0 0 0 0 5 0 0 0 0 5 0 0 0 0
(40i2)              y
 2 1 1 0 0 0 0 0 1 1 0 0 1 1 1 0 0 0 0 0
(40i2)              xbar
 3 1 1 1 1
(40i2)              xp
 1 1 1 1 3
(40i2)              z
 0 0 1 2 0
(80i1)              limvec
111
(40i2)              r
 0 1 2
(80i1)
30
12
03
