 2mocoef
header
                     3
NO-coefficients from mcscf.x                                                    
 total ao core energy =   32.802973678                                          
MCSCF energy =     -77.858442755                                                
                     1
                    36                    36
 A  
mocoef
(1p3d25.15)                             
    3.516715527793484D-01    7.688703008111455D-03   -7.983314568937807D-04
   -3.776203028431610D-04    8.845122616959622D-07   -4.829684682496839D-05
    1.432826961421914D-03   -5.529326415052024D-05    7.669985977990665D-05
    2.326986686327479D-05   -7.808482426636810D-06    1.193414731492750D-05
    2.363867959972872D-05   -9.129689846769295D-05    9.318733899665613D-01
    2.218195361316752D-02   -1.100686395653894D-02   -2.401528566066980D-04
    5.563051680938053D-06    1.580854416221954D-05    1.897911361253180D-04
    6.117591224408271D-05   -6.086298544487610D-05    4.289002888598043D-05
   -5.179693403866724D-06   -1.164166380834281D-04   -1.651730493037088D-05
    1.098836805683745D-04   -1.993809803582641D-04    9.801582627804264D-04
   -2.302144063121359D-04    9.262407760736097D-04   -3.180428746315214D-04
    2.326135219859519D-03   -2.562810255850783D-04    2.332044778752122D-03
    9.320167924732506D-01    2.288252601320785D-02   -1.409352072489706D-02
    6.317092215755777D-04    2.449331123400483D-05   -1.412230542477183D-04
   -1.446717063587896D-03   -1.641198023976520D-04    2.779763899498469D-04
    4.519710632976838D-05   -2.616916722955598D-05   -1.738792217651532D-04
    1.620034086927732D-05    2.239758259103158D-04   -3.520782436804674D-01
   -9.325981680142150D-03    8.665251869991444D-03    7.107414295914157D-04
    2.332641465896920D-06   -1.190143262556326D-05   -2.025888286723428D-03
   -3.032550727046814D-05   -2.198152562755230D-05   -3.941210009313505D-06
    7.607538871700109D-06    1.227812958777475D-04    2.150174154030780D-05
   -2.202158125937762D-04   -1.735473394365010D-04    2.408054542825471D-03
   -2.548634172804745D-04    2.292330423890462D-03   -1.216808235894778D-05
   -8.345865446952121D-04   -4.104044487189983D-05   -8.116758621159026D-04
   -1.574704162275140D-01    3.080125361177851D-01    2.322900406223697D-01
    1.142876144969813D-01    3.880192757652604D-03   -1.028587797085272D-03
    8.072974617575326D-03    3.113292472143158D-05    1.825555522799488D-03
    8.063362003066677D-04   -9.873767952914547D-04   -5.072888879940030D-03
    4.001869093338568D-04    3.888002384596281D-03   -1.555236672926672D-01
    3.039123040396104D-01    2.305368976107314D-01   -1.169479066275176D-01
    3.899138448422431D-04    5.773670328975107D-03   -9.200854462366506D-03
    1.363728651069667D-03    3.395875279188915D-03    6.536075479323600D-04
   -5.262422651102069D-04   -5.030237779882697D-03   -5.313093298930563D-04
    4.005704113052733D-03    8.267159871879756D-02    1.738709043973998D-02
    7.867856148755270D-02    1.503767433483342D-02    7.835706616672455D-02
    1.522789919202293D-02    7.737516054804926D-02    1.673184345926659D-02
   -1.207954660373597D-01    2.362174142992018D-01    2.755102873716173D-01
   -1.691886029572457D-01   -3.541836749483182D-04   -3.737330498221669D-03
   -5.560434369475301D-02   -3.075518043351875D-04    1.802885481505446D-03
    1.821110322163216D-03   -1.574521023189424D-03   -3.888744887470086D-03
    1.878042542836513D-03   -7.877489334643439D-03    1.229036365410091D-01
   -2.399998110611867D-01   -2.793597799667952D-01   -1.559175208529627D-01
   -4.926610879898423D-03    3.470547044557929D-03   -5.178307815422248D-02
    5.157144790887524D-05    3.040040564891890D-03   -1.261165451785485D-03
    8.997745782842549D-04    3.931591045018129D-03   -2.879782648968550D-04
    7.655707204916533D-03    1.400375491675785D-01    6.473252128337330D-02
    1.482274590372528D-01    6.786960140354287D-02   -1.459457445048770D-01
   -6.832967137180991D-02   -1.363353252389240D-01   -6.327804617250540D-02
    2.451513759319334D-04   -8.273962236246722D-04    1.431310372030978D-03
    4.764183804455094D-03    3.253668531148973D-01   -1.088556883172982D-02
    2.407539896069671D-03    1.380079250329701D-01   -2.359007740226395D-03
   -1.175896628351182D-02   -3.429836947801784D-03   -1.106117735657128D-05
    4.152627885460426D-04   -1.524127928981843D-03    2.374743832696601D-03
   -4.635618046864559D-03   -9.689982160365632D-03   -8.168698580407421D-04
    3.159499061859495D-01   -9.900113179521650D-03   -1.030282501730978D-03
    1.367344896486602D-01   -6.594323855773376D-03    1.075257059535957D-02
    2.582879180528268D-04    4.472649013437169D-05   -1.979520081630453D-04
    7.780453683634888D-04    1.606428445021909D-01    1.084597484074422D-01
   -1.539912950284348D-01   -1.043162241181395D-01    1.476511282242653D-01
    9.918788661431970D-02   -1.561555184506284D-01   -1.055794991431441D-01
    7.973967334461943D-03   -2.130165530427587D-02    2.469769811040186D-02
   -3.998954095248861D-01   -2.793033864924691D-02   -2.604007727872327D-02
   -1.524674339845458D-01   -1.977310130191707D-02   -1.982175135595626D-02
    4.990575712888114D-03   -8.187947195272702D-04   -1.155324747135313D-03
    1.075934353164341D-03   -1.159343509496399D-02    4.702503783373521D-03
   -1.524588085821679D-02    3.664285575363695D-02    4.023874273646194D-01
    3.624853676006989D-02   -2.332596268986773D-02    1.534002378980795D-01
    2.267906524208220D-02   -1.390538323463599D-02    4.172343126365534D-03
   -7.771207692076025D-04   -1.273801978407643D-03    1.920004337044337D-03
   -1.213702583851506D-02    9.903142066166686D-02    8.450729865376583D-02
    1.461836840829023D-01    1.129798985066908D-01    1.492790704168121D-01
    1.164403907302069D-01    1.019200576419601D-01    8.692836581542185D-02
    3.137949602374528D-03   -8.372099941469329D-03   -2.739376171520635D-03
   -4.173791166184912D-02    2.982502683093287D-01   -3.525554173609841D-02
   -1.411225697764551D-02    2.032270134435284D-01   -2.612023051338190D-02
   -3.380534513138560D-02   -3.620112863633504D-03   -1.247478790984857D-04
   -8.657890883058597D-05   -2.874185016496986D-03    2.574044384527551D-03
   -7.619829873863237D-03   -4.771853522175746D-03    4.657577503971893D-02
   -3.043158911513714D-01   -1.559157143909318D-02    2.078625795708344D-02
   -2.087576660286233D-01   -1.231804077873455D-02   -3.407348478925337D-02
   -4.171399580189497D-04   -2.275753579160204D-04    2.508945580331248D-03
   -1.916963033895311D-03    1.984985466151067D-01    1.638207244870750D-01
   -1.662757596993298D-01   -1.304331797712998D-01   -1.705843474301476D-01
   -1.343917523665461D-01    2.009686150357600D-01    1.675655113687109D-01
   -3.926724538660123D-04    2.451059869290268D-03   -8.216041351217716D-04
   -2.636238183363478D-02    3.101350362039471D-02    3.617850706591155D-01
   -1.297813349921821D-02    2.326523354616554D-02    3.098317821965972D-01
   -1.067131231934876D-03   -5.419059009557959D-06   -6.478759901655225D-04
    3.223756816505780D-02   -7.286881985282600D-04    2.728209410006724D-03
   -6.735135101055326D-03    2.381192513176483D-03    3.535051375726310D-02
   -6.976776201008912D-03    3.666953323503506D-01    1.309488984444413D-02
   -3.301848162735203D-03    3.154546320147918D-01   -3.135898646713323D-03
    1.156950475912227D-05    8.770190847584690D-05   -3.194784092385622D-02
   -9.848015395159170D-04    1.408645376256706D-02    2.080164057985448D-02
   -7.115719621165594D-03    1.869395215061596D-03   -1.762765754246851D-03
   -2.855912322961731D-03    1.939308593345828D-02    1.659154491419313D-02
    1.278450783198522D-02   -2.478552846399927D-02   -1.502920770940569D-01
    1.183502629969936D-02   -1.019998820892892D-02   -3.549299835552029D-01
    2.396892550891034D-02   -3.360084504591136D-02   -7.041027957735547D-01
   -1.197763048475066D-03    7.813846459712624D-05    1.293222805288070D-05
    2.101989061096805D-02    3.729343486819295D-04    1.355195380884768D-03
    1.046190238278546D-03   -3.488158757170266D-02   -2.612737116407189D-02
    1.276014601250999D-02    3.534619081015226D-01   -4.861788900099358D-02
    1.223522174489993D-02    7.061342722877865D-01    2.554316637357679D-03
    3.246075366079650D-04   -1.253580628099705D-04    2.041535414275112D-02
   -8.866502085292338D-04    1.624935504174619D-02    7.258843320596706D-02
    1.000812669152240D-02    6.432398281114590D-02    6.859664915932861D-03
    4.992713948729966D-02    5.223171398589443D-05    3.728469458065283D-02
    7.247040031100695D-02   -7.492395269755905D-02   -1.336557063052564D+00
    1.425992199635231D-01   -1.395601442282455D-02    3.134279194564039D-02
    6.011630517570459D-01   -7.474525075500847D-02    1.086763993347012D-01
   -3.093989945819509D-04   -1.135343291276430D-04   -1.229515978469985D-04
   -2.247068073695543D-03   -4.092610767163911D-03    8.220456096767718D-02
   -8.743058255544449D-02   -1.437133811705711D+00   -1.516506646574651D-01
    2.797852517807756D-03   -2.130959898376628D-02   -6.213448358562388D-01
    2.450785130604204D-02   -7.221448153637983D-02   -1.111925559449883D-04
   -4.478036054263718D-04   -1.626959265564768D-04   -1.901119727617618D-03
   -3.845488614430181D-03    1.968866234817931D-02    9.859393422048399D-01
    1.418404379696453D-02    9.079520160571596D-01    2.191206119667663D-02
    1.018254948219511D+00    2.460775705662406D-02    1.006029988445356D+00
   -1.813775316337092D-02    2.294169469667070D-02    2.401358485579052D-01
   -1.599099450541187D-02   -2.484576288512983D-01    7.068781164012237D-03
   -8.898146825016971D-02   -7.596291161179801D-01    2.363031174591618D-02
   -2.497632714451339D-02    2.386792588686321D-04    1.949137637858040D-04
    7.936523343178448D-04   -1.044103064062758D-03    1.440381117102709D-02
   -2.024100567288614D-02   -1.652423662146899D-01    2.643649345213539D-03
   -2.550077154902490D-01    6.754939190515143D-03   -3.308402750209617D-02
   -7.790846883286676D-01    1.910809340815108D-02    2.460202288650739D-02
   -8.312722066638251D-04   -1.182466953431494D-05   -6.452807632628624D-04
    7.841292649193235D-04    4.329771680735413D-02    8.820508772164644D-01
   -5.438098337710291D-02   -1.181028542660392D+00    5.118682807166768D-02
    1.135917900066435D+00   -4.579572597876395D-02   -9.348424346033487D-01
    1.103098942341317D-01   -1.067257601403152D-01   -1.867295896879412D+00
    9.492879659061396D-02   -3.316062107800972D-02    2.120410512060879D-02
    1.679686764279966D-01   -9.187367147951238D-02    8.181004514166378D-02
   -3.570173885191672D-03    2.011234166341710D-04    1.186940876872524D-03
   -1.421970284405707D-04    1.347815622626389D-03   -1.046878011774045D-01
    1.007090107945433D-01    1.725948183103576D+00    8.710597107918472D-02
   -4.560734486548791D-02   -4.477875564154253D-03    1.126886597843235D-01
   -1.551050333397140D-01   -2.245678257411873D-02    2.260944748794841D-03
   -6.408411859229544D-04   -1.034497446099622D-03   -1.395859293508856D-03
   -1.599503948114196D-03    3.186085856215824D-02    1.172743395724351D+00
    2.277347583929883D-02    9.514585816177275D-01   -2.685287000486105D-02
   -8.013391529056697D-01   -3.390071989727440D-02   -1.128516718216282D+00
   -8.133608342212212D-04    1.147835578761121D-03    1.408702462596976D-02
    1.988473602173814D-02    2.578636771062200D-01   -9.882291633901287D-03
    9.783904632987594D-02    1.793903346081407D+00   -5.950933603619865D-02
   -1.554785017728247D-02   -4.345327072018333D-04   -3.051276940030796D-04
    1.559627055362639D-04    9.400876365243426D-04    4.251358345450537D-03
    3.769204186942608D-03   -1.935587297939734D-01   -2.413325648352752D-02
   -2.543946881852853D-01    4.660116100271935D-03   -1.380552340950647D-02
   -1.770489272222699D+00    4.629871509065542D-02   -1.553321980196143D-02
    1.742268017852228D-03    8.497774130406933D-05    5.369072860957464D-04
    9.506279320010796D-04    3.011017097965046D-02   -1.524876230372940D+00
   -3.700131530305956D-02    1.575334626766852D+00   -3.626931322834395D-02
    1.596113577922227D+00    3.132061727405478D-02   -1.422878064127109D+00
    7.010227464106486D-02   -9.282329313400233D-03   -2.921028735108375D+00
   -1.523719877449092D-01   -3.025252014244010D-03   -6.627421855532560D-03
   -2.842536040127456D+00   -2.610842855779311D-02    1.457418568222599D-02
    2.752450856249908D-04    1.888944959843620D-03    3.963734878937991D-03
   -4.339263169952345D-04    7.295690192651881D-03   -7.111813107871880D-02
    1.185811617304042D-02    2.961095723201682D+00   -1.518138643732703D-01
   -4.352722967884931D-03   -6.892449017201568D-03   -2.823977439829182D+00
   -3.338740010716119D-02    3.876342777593485D-02   -6.522061359376195D-04
   -7.873152558395688D-04   -4.164256232708462D-03    1.493496639724938D-03
   -7.095323085781154D-03   -8.839635710183560D-02   -4.519826908684526D-01
   -5.924593088760484D-02   -6.128172470678847D-01    6.850810357721035D-02
    5.598403140408896D-01    8.504841127778648D-02    4.504236403190868D-01
   -1.927773754486720D-02   -2.395882867206570D-01   -1.765430457756352D-01
   -5.574038489855165D-01    6.473069039968735D-02   -4.064979739329852D-05
    9.986702381951614D-01   -4.726572512555629D-02    1.003224160915425D-02
   -3.579777875503145D-03   -1.874733668169129D-03    5.068717624467891D-03
    1.674127940819106D-03   -3.530670323132648D-02   -2.022277041673294D-02
   -2.395918408873754D-01   -1.483527943619111D-01    5.598731678473639D-01
   -2.435415710605983D-02   -1.711436083688908D-03   -1.010188121045684D+00
    2.722493052827559D-03   -1.181877290123835D-03   -1.572274921465958D-03
   -1.021576842294789D-03    4.925277136431353D-03    9.728254084174316D-04
   -3.503141499463641D-02    1.198844393695474D-01   -3.351463041905126D-02
    5.446878659733217D-02    1.297291152509028D-01    8.188795163918244D-02
    9.537598198514981D-02    8.972201628026691D-02   -5.505748770352916D-03
    3.065807792626977D-03    4.082746877066179D-02    3.006883807426019D-02
   -8.156850620245229D-02   -4.122677541825215D-01    2.438249894990246D-02
    2.557783204762971D-01    7.784205245127713D-01   -4.330021269734125D-02
    9.816665091518284D-02    8.427112925986665D-03   -3.154250992530005D-03
   -1.429901196210969D-03    3.367184201692909D-03   -4.401510777561885D-03
   -1.237949942003780D-02   -1.260516867067999D-01   -3.025608702019558D-02
   -4.047469929365544D-01    2.288716733687458D-02    1.267119597221888D-01
    7.086105805854866D-01   -2.174994977527362D-02   -9.833062651589622D-02
    7.098708217852787D-04    2.427507760860843D-03    1.595052549861476D-03
   -5.729157472698453D-03   -3.379069963050627D-01   -3.448709146355478D-02
    4.427089140139121D-01    7.543480699577508D-02   -4.091780305055470D-01
   -2.634544174894295D-02    3.648846923795306D-01    9.917587351378661D-03
    2.414350354865394D-03   -2.054881481302381D-02    1.780580769787898D-02
    6.510039323373087D-03   -3.362203231163724D-02   -7.425008011903226D-01
    5.292098512175802D-02    2.826862278575631D-02    6.373026907577853D-01
   -4.502966031628171D-04   -2.452746673035349D-04    1.909173218465643D-04
   -6.753690526818504D-02   -2.126870219158290D-03   -2.730953608416099D-04
    6.853590097393223D-04   -2.935112387987933D-02   -1.434319883964939D-03
   -2.542313312348349D-02   -7.459424303382780D-01    4.324200514753962D-02
    3.297501442035750D-02    6.382695282993814D-01    8.496946079614410D-04
    3.270834027002640D-05   -2.668103690831591D-04    6.754228437610131D-02
    1.150115913032600D-03    5.145570929474058D-03    3.231514895096323D-02
    1.575660578965344D-02    2.518542849417326D-02   -1.223967629687202D-02
   -1.717902756235825D-02   -2.149995848227806D-03   -3.938956795766418D-03
   -2.257034069133974D-02   -8.618876550473158D-01    1.351782018504687D+00
   -2.791617161608310D-02   -2.783087288686138D-02   -1.429279667555334D-02
   -3.307717569196513D-01    8.997788091411062D-02   -3.942642782449808D-02
   -1.570955486401406D-03    9.248006012741353D-03    3.320626956477599D-02
   -1.447341726686868D-03    1.659256595986497D-02   -2.322760204701116D-02
   -8.572606318534264D-01    1.322020938896041D+00    1.640853305444807D-02
    6.107932759892049D-03    2.234865498655879D-02    3.047359950176160D-01
   -1.483821028501173D-02    6.238560067236000D-03   -4.299345199459855D-03
    6.805307544074754D-03    3.423421510583562D-02    6.030781837439630D-03
    1.651131892354170D-02   -4.131400838645357D-01   -2.137506637302772D-01
   -3.982192316350398D-01   -1.437905963164661D-01   -4.299415607898549D-01
   -1.322726424771208D-01   -4.031262030819421D-01   -1.460422207628158D-01
   -3.947443709406541D-03    4.136532909740577D-04    3.181854054569155D-02
   -1.269079460256893D-03    2.690766104594533D-02    8.128893848578022D-01
   -3.049582882249178D-02   -2.656572088075956D-02   -1.081846081892053D+00
   -3.458291380513836D-04    4.953119577423337D-04    1.608290475224224D-03
   -2.637035803173336D-02    1.324985770123934D-03   -1.340654082292665D-05
   -8.187380423438450D-03    1.520612567789963D-02   -1.524819950778914D-03
   -1.734614328276271D-02   -8.104654093977370D-01    7.437290295670846D-04
    1.851841100928826D-02    1.078766811649196D+00   -1.347860318913450D-03
   -2.178161984883622D-04    6.663446771428250D-04   -2.580184063951353D-02
    1.710020115220939D-04   -2.473954083761614D-02   -1.708938784246536D-02
   -2.159200585780581D-02   -1.434460705487829D-02   -2.725777817015133D-03
    6.232065183191862D-03   -2.466117792560652D-03   -4.519507249709800D-03
   -7.999543156886293D-02   -5.821585974121640D-02    5.786611201687456D-01
    6.051743504544933D-01   -1.037753980093677D-01   -1.963276748542096D-02
   -4.989941644710008D-01    2.153480797922627D-01   -3.199161336069330D-02
   -5.125985770645351D-04    8.697803828310533D-03    3.838048983511561D-02
   -3.721645808158267D-03   -2.985143958912425D-02    7.904077802547693D-02
    2.910128531764395D-02   -5.127237239493825D-01    6.098885216362154D-01
   -5.778993418519060D-02    9.632375063843852D-03   -4.938552626318709D-01
    9.288525056269223D-02    8.783861744547159D-03   -3.336744453041913D-03
   -3.333678771694920D-03   -3.800294732742630D-02    2.498591220435409D-03
    2.842721932863003D-02   -3.988903912160673D-01   -1.270584218901127D-01
   -3.701068182129921D-01    8.345261530379275D-02    3.537459432031504D-01
   -3.924318789980060D-02    4.203823044904929D-01    2.407850265910829D-02
    5.480574461645935D-03    1.349300755217281D-02   -9.832196843596276D-02
   -4.372056875959910D-03   -6.069219678486000D-01    2.722198553465793D-02
   -6.194116691262840D-02    8.887818210412821D-01   -3.987325233544745D-02
   -1.800280208050078D-01   -5.389213926211801D-03   -3.163730686011820D-03
    6.153601777387921D-03   -4.424189675498895D-03   -7.208945012948581D-03
    2.015969991339600D-02    5.079803130585975D-02    1.233656251787719D-02
   -7.468592313097964D-01    1.743070413981404D-02   -9.683672818973582D-02
    1.266936619286428D+00   -2.837640051646328D-02    1.825651809633056D-01
    1.793950266379295D-03    3.665783766826678D-03   -6.169074643795372D-03
    4.028182384702233D-03    4.052970545042707D-01   -9.900675000023286D-01
   -3.131652232417800D-01    8.635418440828405D-01    3.432628243263591D-01
   -1.041418050783095D+00   -4.619138104056229D-01    1.215591146185431D+00
   -9.324913453137136D-04    8.950980556864203D-03    3.515954356554773D-02
    6.847561280682732D-02    9.517675197705544D-01   -3.215543919968811D-02
   -2.299678493741491D-01   -2.721614493995085D+00    8.597758346092031D-02
    2.210371279028773D-02   -9.948052406673602D-03    1.756805346110726D-03
   -1.704398554841228D-03    4.439239542183952D-03   -1.126155846840091D-04
    8.043988666523776D-02    1.618093464577964D-02    3.445556531246721D-02
   -8.526646436358551D-01    2.109586859152128D-02   -6.547813362316504D-03
    2.559755647904749D+00   -6.365564570904872D-02   -1.660989008501623D-02
   -8.105119357617440D-03   -4.225259006255791D-04    1.202665109518454D-03
    1.033449152120598D-02   -2.531992668072585D-01    1.413441918364926D+00
    2.032485573749558D-01   -1.513476655619022D+00    1.132632890065764D-01
   -1.238701451180855D+00   -1.956560464641271D-01    1.320248851259076D+00
   -1.593147704376827D-02    7.073541657597699D-01   -1.310956422883107D+00
   -3.523840663572855D-02   -4.016101550054541D-02   -1.365383909001756D-02
   -8.885496378438264D-02    1.885023784563604D-01    1.303701042071084D-02
    5.562066379933403D-03    4.633339795428603D-03    5.914884180644610D-03
   -1.701611698499858D-03    1.232759420522301D-02   -3.923856545057089D-02
    1.154907985576531D+00   -1.757420525816779D+00    5.945081921360068D-01
    9.336056016116089D-02    3.782911380863659D-03   -9.744545774159694D-01
   -2.733291309718101D-01    5.634026945984949D-03   -1.242732785372635D-02
    7.015871670442583D-03    1.837592380751708D-02    6.716916945119148D-04
    6.979281597008165D-02   -1.904465685455476D-01    2.742466162881672D-01
   -1.724890783591743D-01    4.202636588842459D-01   -6.012918549392161D-01
    1.342913359564095D+00   -5.554294158238171D-01    1.021086299282451D+00
   -3.915403883520717D-02    9.067636488455025D-01   -1.161491679753685D+00
   -7.216716808358893D-01    2.082083827732887D-03   -3.693869454010755D-02
    1.323557795432005D+00   -9.864604906294842D-03    6.404247742868857D-02
   -2.292284533341203D-02    1.072542147857485D-02    2.024788219416318D-02
   -1.269419553712976D-02    7.961702369559982D-02    1.159399113089732D-02
    1.822932656382298D-02   -3.670765559824444D-01   -4.052837868931224D-01
   -4.781642887196652D-02    9.596554726754362D-03    8.881411194443822D-01
    9.347203108039362D-02   -1.882291339356153D-02    1.261112787758849D-02
   -3.344823934896625D-03   -7.323897229353287D-03    1.040724244667734D-02
   -3.782869181305290D-02   -5.850139669980434D-01    1.193410471188814D+00
   -6.215734457559645D-01    1.273022077237057D+00    2.487644948168784D-01
   -5.578278069570446D-01    1.913895573945631D-01   -3.809267755992662D-01
   -1.667828692386939D-02   -1.601440287568369D+00    5.313486333799574D+00
   -2.391245654680705D-01   -3.283528823395802D-02    1.332385445874768D-02
    1.896090436094141D+00    8.920137850720213D-02   -6.212048416519753D-02
   -3.008325287595987D-03    8.520825037442968D-03    4.666837440586684D-03
   -8.571109781505840D-03    6.997527573269006D-02    1.644821097654284D-02
    1.595466945505193D+00   -5.283629199383615D+00   -2.395278602483552D-01
   -2.082963810993768D-02    7.382198211983099D-03    1.902609645770580D+00
    6.907250593458805D-02   -2.823958055219699D-02   -3.962183335933440D-03
   -2.707399609271462D-03   -5.292506879413158D-03    8.680563137208466D-03
   -7.142321426537014D-02   -1.166299331685138D-01   -3.867304741601438D-01
   -1.389743040225122D-01   -2.564690110869821D-01    1.202481227312767D-01
    2.800483846457713D-01    1.463612174235883D-01    3.286454704118413D-01
   -2.871083868740648D-03   -6.367945357927673D-02    1.279025697992670D-01
   -3.264213750007782D-02   -9.645230628642011D-02    3.218843532205623D-03
    3.250709460021941D-01    2.509272003184607D+00   -7.779725534962063D-02
    1.560278301198450D-01    1.113459787127920D-01    4.136618475482604D-03
   -7.939064834018955D-03    8.201020775374615D-03    3.754720680613680D-03
   -7.902252838977943D-03   -3.488206769245640D-01    3.809223609956672D-02
    1.271399095295265D-01   -4.784245775588259D-04   -8.894613529966938D-03
   -2.537705323391990D+00    6.299966438654467D-02    1.621007459147961D-01
    5.157871101348886D-02    1.549826728408348D-03    5.541468052653252D-04
    1.248598718292653D-03   -6.651731021428270D-01   -5.621634876525616D-01
    6.900072119158612D-01    6.997680380164520D-01    7.019920044002925D-01
    6.821450208899391D-01   -6.558224754981312D-01   -5.879066458923529D-01
   -1.770514133130866D-03   -1.217348767480961D-02    6.087419352265796D-02
   -6.288829042143358D-03   -4.757236161207300D-03   -1.885188834560422D-01
    2.967548837995472D-02    1.328803714600348D-02    3.378181197303525D-02
    1.637352083753356D-02    1.330488634641659D-02    5.498087992510614D-03
    6.202668132960329D-01    1.540978114596894D-02    1.311562775428580D-03
    1.803439720630943D-02   -7.702020268151311D-02   -2.697574748808746D-03
   -4.589883109116529D-03   -1.890966707884300D-01    2.118813442174291D-02
   -9.582018522390595D-03    3.468707789023524D-02   -1.461062741665092D-02
   -2.101916947739864D-03    3.710124228703950D-03   -6.187722415831650D-01
   -4.652814766112750D-03   -2.431972428555054D-02    5.801261859050891D-03
   -1.405962057108023D-02    1.090539330233040D-02    1.244777528924043D-02
    6.556885427125005D-03    6.141826201476882D-03    1.160020666952456D-03
   -7.035587133001750D-04   -1.352913678936231D-02    3.220285107788482D-02
   -6.575903465203534D-03   -5.137025230445389D-02    4.755698067096405D-04
    6.156845844860248D-02    5.085167890659276D-01   -1.679472618201537D-02
    6.667990497896695D-02   -6.628180649217831D-01    1.562810747603859D-02
    3.248108272777722D-03    1.676719614993648D-02    1.025591776644715D-03
    6.306077653446724D-03   -8.614937836409498D-02    6.937772570437235D-03
    2.523332226484722D-02   -6.839695253415536D-04   -5.522532824286050D-03
   -4.902204915007820D-01    1.311497591405930D-02    6.074852131103795D-03
   -6.872652749661077D-01    1.117213756684804D-02   -1.472380943975468D-03
    1.134331555528608D-02   -8.691594234717616D-02   -1.738749989645587D-01
    9.115748060517634D-02    1.941689220528567D-01    1.159372826793178D-01
    1.711195796707411D-01   -9.881309422024918D-02   -1.409885827928594D-01
    2.475477938476106D-03    2.093723160132896D-02   -7.999849258748705D-02
   -1.680626979215454D-04   -6.036763818331404D-02    1.443189160409456D-03
    1.553255030155721D-02    1.392122302937349D-01   -9.456004722960508D-05
    1.666022718203110D-01   -7.061120037817346D-01    3.191165422768348D-02
    1.884161992405082D-03    2.597412504144853D-02    2.034206679367411D-03
    1.719632275184811D-02   -4.204527103764372D-02   -8.577790706825843D-03
   -3.710058645705486D-02    3.355422836793225D-04   -3.911561445183285D-02
   -2.067336554142772D-01    3.915846509700453D-03   -1.013715472551713D-01
    7.173288911612208D-01    7.466296663139545D-03   -9.397489475478755D-04
    4.276065170872495D-03    7.612656346020594D-02   -5.818807313036675D-02
   -2.130699208668098D-02    8.851967412576395D-02    1.479600249343315D-01
    5.838478385661619D-02   -8.020037387398624D-02   -3.078818275255852D-02
    2.560891386242432D-02    2.261968318490293D-01   -5.543078177520251D-01
    9.429397501247958D-02    3.134591217729647D-02    6.314108021290126D-03
    1.819220811662845D-01   -1.621216363474792D-01    4.652250928930494D-02
   -5.137356064081743D-02    1.152089214841235D-01    1.917121547920881D-01
    8.104535017901811D-03    1.157377997230751D-01    2.527278526852570D-02
    2.367112105188481D-01   -5.689231600325461D-01   -8.685536412620859D-02
    9.559746294552689D-03    3.935282245714448D-03   -1.625475158527090D-01
    1.683890215502280D-01   -2.895729235746788D-02    6.489301288231868D-02
   -1.291627426236934D-02    1.966416897982196D-01    4.272401977865398D-02
    1.198158468405395D-01    3.520465878698310D-01    1.609961381299515D-01
    3.445747349074135D-01    2.747696429620056D-02    2.707094224208525D-01
    4.699336263813976D-02    4.167107913241676D-01    1.247173337620185D-01
   -3.774615756505115D-03   -6.912203785495358D-02    2.160114676251346D-01
   -2.486725246302192D-04    2.345798596831281D-01   -6.302314746621717D-03
    1.699273964549287D-01    2.519914579915696D-01   -1.255430993617734D-02
   -6.481035233206569D-01   -1.984200552296094D-01   -1.150967496800347D-02
    1.612188109646582D-02    3.710729466873715D-02   -1.808040184784761D-04
   -4.777667010716744D-02   -1.264470190335270D-01    6.602135745118036D-02
    2.276648061989668D-01   -7.009131547088501D-03    8.892826638355683D-02
    1.714955699816391D-01   -3.893091622522306D-03    6.751701765412990D-01
    1.178254343961054D-01   -2.303989590922873D-02   -2.009868689547381D-02
    5.964451496886860D-04   -4.680503070788827D-01    5.289897366360264D-02
    5.070606300469510D-01   -6.226280468171182D-02   -5.067140597897954D-01
    8.064500179802225D-02    4.341037809813011D-01   -9.874841341367595D-02
   -2.196637219300335D-03   -4.905850891348442D-01    1.506568567500572D-01
   -2.929852807533218D-01   -3.506029381416360D-02    9.173982302250331D-03
    4.257880506136111D-01   -4.877728119511879D-02    1.009063955938385D-02
    3.616165445289136D-02    3.489919672311665D-02   -6.030588250657679D-02
   -5.249990750576063D-03    3.332228387834984D-01   -2.361356828608771D-03
   -4.867071515109398D-01    1.677720331956062D-01    2.885913680762324D-01
   -1.101735107514847D-02   -4.489133760793704D-03   -4.417467732956151D-01
    2.255007806068388D-02   -5.732789440169182D-03   -7.013675279370447D-02
   -2.586083360926433D-03   -5.728748729603003D-02    8.169431755935931D-03
    3.380191937572749D-01    2.289786162304731D-01   -6.307285156033615D-02
    7.364721201256062D-02   -7.204606133647079D-03    1.773281215526560D-01
   -4.124903077971809D-02    1.405585743132863D-01   -3.344805051635728D-02
    3.874165421761794D-02    3.090388774627081D-01   -1.349438821567958D+00
    7.373593565647880D-02   -3.433092763220695D-03    1.712080451498719D-02
   -3.067751106975702D-01   -1.078486102185405D-01    5.752427383149032D-02
    1.327092616385577D-02    6.891868905654311D-02    1.974274769133155D-01
    5.724201566632067D-02    1.961739226558476D-01   -3.757389274850036D-02
   -3.130229062976168D-01    1.334887604340493D+00    6.657355106432498D-02
    2.338491550413462D-04   -3.998922287898513D-03   -3.088936177125585D-01
    2.788102674853976D-02   -2.601183910473723D-02   -3.024989818232517D-02
   -4.606597612627616D-02   -1.955745323571278D-01    7.765234111266800D-02
   -1.909187709335775D-01    4.736009223612586D-01    2.443201105036527D-02
    3.765255632892553D-01   -3.425867791993565D-02   -3.975667078256243D-01
   -7.088010411441617D-03   -4.288337053427584D-01    2.536289022865178D-02
   -4.122501291645804D-03   -1.520174646870803D-02    1.118102488101557D-01
   -3.957931208291587D-03    3.509607987795630D-03    1.101296208850850D-01
    2.781662604130934D-02    1.719884060622893D-02    2.594106247760682D-01
    1.665419755467122D-02   -5.499889251694185D-03   -2.394148344553090D-02
    8.930552792289282D-01   -1.785714385200042D-02    2.818036801374886D-03
    3.274683484371079D-02   -1.130212257240767D-01   -1.020731069113175D-02
   -2.582738518702735D-03   -1.113685110068985D-01    3.957232788966883D-02
   -1.157685477369636D-02   -2.621689748735915D-01    1.979497829331160D-02
    6.210752176901934D-03    6.721060608238191D-03    8.912453923607683D-01
    1.284442071449427D-02   -6.701562969406513D-02    1.474924880398519D-02
   -5.158157072879756D-02    1.601356505080706D-02    2.254380668835898D-02
    4.514631161851631D-04    1.998465884735903D-02   -1.641482351023164D-03
    6.061163749513870D-03   -2.786812369676757D-02   -2.165395556872756D-01
   -8.863298780795573D-02    7.199719782244951D-02    9.721833195950100D-04
   -2.123232354654010D-01   -4.583756938651349D-01    1.681762604898574D-02
    9.458477579029393D-01    4.341674429082425D-02    1.186149265269492D-02
   -1.681044629244176D-02   -4.541931330769707D-02   -9.681172576265742D-03
    1.950161627024743D-02    3.217577321243912D-01   -7.331698127967495D-02
   -8.527168620374780D-02    2.313975141148678D-03   -1.209281066754139D-01
    4.527249096995070D-01   -1.087836000670147D-02    9.318770478858373D-01
   -1.401972010723962D-02   -2.339829989887431D-02   -2.108084588689753D-02
    4.962979797657234D-02    4.031450672840812D-01   -1.067326436289883D-02
   -4.730140949380516D-01   -2.923115052189178D-02   -4.518837332977128D-01
   -1.108249854869846D-02    3.945151184402774D-01    4.024284549512294D-03
   -6.799238288353787D-02    2.719381384228307D-01    2.000976036980679D+00
    7.513765315210253D-01   -2.232547160970168D-03   -1.162355581796285D-02
    1.155477236262966D+00   -3.763754417336179D-02   -9.423073433553105D-03
    1.232949929205196D-01    7.457331141848721D-03   -1.585641977736640D-01
   -2.847428006279014D-02    4.766629553302282D-01    6.767630237396445D-02
   -2.712039678508431D-01   -1.995744882676629D+00    7.531155030341141D-01
   -1.371997291707356D-02   -9.703147736706387D-03    1.163232479472343D+00
    5.975597868399129D-02   -1.750827736451139D-02    7.441111683540481D-02
   -2.078906514941605D-03    1.574951941880969D-01    2.529630249693213D-02
   -4.760416938362885D-01    8.379842385764283D-02    2.131741899428383D-02
   -7.284006523819499D-02    7.703125544021899D-02   -3.951167860078876D-02
   -6.548136779414278D-02    1.414187139900698D-02   -3.153549929792231D-02
orbocc
(1p3d25.15)                             
    2.000000000000000D+00    2.000000000000000D+00    2.000000000000000D+00
    2.000000000000000D+00    2.000000000000000D+00    2.000000000000000D+00
    2.000000000000000D+00    1.463338570811514D+00    5.366614291884872D-01
    0.000000000000000D+00    0.000000000000000D+00    0.000000000000000D+00
    0.000000000000000D+00    0.000000000000000D+00    0.000000000000000D+00
    0.000000000000000D+00    0.000000000000000D+00    0.000000000000000D+00
    0.000000000000000D+00    0.000000000000000D+00    0.000000000000000D+00
    0.000000000000000D+00    0.000000000000000D+00    0.000000000000000D+00
    0.000000000000000D+00    0.000000000000000D+00    0.000000000000000D+00
    0.000000000000000D+00    0.000000000000000D+00    0.000000000000000D+00
    0.000000000000000D+00    0.000000000000000D+00    0.000000000000000D+00
    0.000000000000000D+00    0.000000000000000D+00    0.000000000000000D+00
