#     BO State Coefficients: state Re-Im; see the manual for detail orders
        0     0.00000000     0.00000000     1.00000000     0.00000000
        1    -0.00000535     0.00000963    -0.01695449    -0.99985626
        2     0.00001973     0.00002945    -0.99945188     0.03310510
        3     0.00005351    -0.00001148     0.04764601     0.99886428
        4    -0.00000358    -0.00005882     0.99821239    -0.05976646
        5    -0.00006427     0.00001468    -0.06864512    -0.99764114
        6     0.00002586     0.00008885    -0.99729953     0.07344143
        7     0.00011408    -0.00001811     0.07328413     0.99731110
        8    -0.00000991    -0.00012149     0.99773565    -0.06725737
        9    -0.00013018     0.00001955    -0.05438646    -0.99851995
       10     0.00002756     0.00015908    -0.99943444     0.03362700
       11     0.00018924    -0.00001418     0.00386209     0.99999252
       12     0.00000315    -0.00020100     0.99934877     0.03608330
       13    -0.00021104    -0.00000728     0.08739878    -0.99617338
       14    -0.00001854     0.00023398    -0.98850354    -0.15119752
       15     0.00024367     0.00005634    -0.22835267     0.97357845
       16     0.00009965    -0.00020942     0.94767802     0.31922768
       17    -0.00013233    -0.00012062     0.42325910    -0.90600867
       18    -0.00011490     0.00000927    -0.84272184    -0.53834922
       19    -0.00019255     0.00005343    -0.66004784     0.75122355
       20    -0.00015666     0.00045557     0.62502405     0.78060535
       21     0.00018067     0.00058142     0.88390255    -0.46767073
       22     0.00022977     0.00046051    -0.28925516    -0.95725189
       23     0.00011393     0.00038379    -0.99545844     0.09519627
       24     0.00001192     0.00048512    -0.10762911     0.99419100
       25     0.00009071     0.00060708     0.95041595     0.31098093
       26     0.00022515     0.00055641     0.50547889    -0.86283877
       27     0.00020530     0.00041794    -0.73231752    -0.68096317
       28     0.00007113     0.00040710    -0.82699509     0.56220899
       29     0.00003207     0.00052958     0.35860307     0.93348999
       30     0.00013691     0.00059270     0.99146135    -0.13039944
       31     0.00021891     0.00050990     0.11081703    -0.99384067
       32     0.00016103     0.00041467    -0.93632254    -0.35114087
       33     0.00005838     0.00044602    -0.57497914     0.81816795
       34     0.00006263     0.00055029     0.64288232     0.76596476
       35     0.00016273     0.00057278     0.90813721    -0.41867226
       36     0.00021070     0.00048269    -0.15857927    -0.98734611
       37     0.00013652     0.00041162    -0.99279695    -0.11980831
       38     0.00004607     0.00046403    -0.39514956     0.91861668
       39     0.00007124     0.00056844     0.76527480     0.64370346
       40     0.00018230     0.00057503     0.84124150    -0.54065921
       41     0.00021976     0.00049005    -0.26189009    -0.96509755
       42     0.00016305     0.00044473    -0.99893853    -0.04606080
       43     0.00010134     0.00048554    -0.35424927     0.93515090
       44     0.00012144     0.00055907     0.77549859     0.63134904
       45     0.00020058     0.00056351     0.84672406    -0.53203196
       46     0.00023176     0.00048650    -0.22698310    -0.97389855
       47     0.00016583     0.00042879    -0.99409223    -0.10853765
       48     0.00008491     0.00047422    -0.43712408     0.89940108
       49     0.00010111     0.00057146     0.69514551     0.71886882
       50     0.00020420     0.00059106     0.91612143    -0.40090041
       51     0.00026236     0.00049558    -0.04978343    -0.99875988
       52     0.00018956     0.00040129    -0.94933154    -0.31427604
       53     0.00006776     0.00043690    -0.64132816     0.76726658
       54     0.00005483     0.00057135     0.47129746     0.88197414
       55     0.00018199     0.00063814     0.99505938    -0.09927933
       56     0.00029946     0.00054081     0.29516310    -0.95544668
       57     0.00025341     0.00038571    -0.76051711    -0.64931773
       58     0.00008335     0.00036473    -0.90096069     0.43390055
       59    -0.00001019     0.00051992     0.02505465     0.99968595
       60     0.00009784     0.00067781     0.91815087     0.39623037
       61     0.00024185     0.00066494     0.74884209    -0.66274808
       62     0.00026766     0.00057438    -0.27774836    -0.96065366
       63     0.00019376     0.00050917    -0.98627874    -0.16508768
       64     0.00009882     0.00054911    -0.57903358     0.81530350
       65     0.00009281     0.00065644     0.47680862     0.87900688
       66     0.00019033     0.00071159     0.99934773    -0.03610512
       67     0.00028705     0.00064645     0.41651467    -0.90912872
       68     0.00027201     0.00052620    -0.62138810    -0.78350270
       69     0.00015381     0.00048320    -0.98109695     0.19351621
       70     0.00005780     0.00057145    -0.28236442     0.95930705
       71     0.00009246     0.00070198     0.71607260     0.69802545
       72     0.00022853     0.00073380     0.95346638    -0.30149837
       73     0.00032429     0.00062559     0.19012679    -0.98175929
       74     0.00027367     0.00048511    -0.76827912    -0.64011474
       75     0.00012139     0.00046046    -0.93346190     0.35867625
       76     0.00002207     0.00058509    -0.14798786     0.98898900
       77     0.00008306     0.00073804     0.78373433     0.62109576
       78     0.00025148     0.00076269     0.93135235    -0.36411833
       79     0.00036169     0.00062540     0.16107981    -0.98694112
       80     0.00029807     0.00045463    -0.76297569    -0.64642695
       81     0.00013761     0.00041991    -0.94894222     0.31544962
       82     0.00003934     0.00052841    -0.22907894     0.97340770
       83     0.00008184     0.00067607     0.70498079     0.70922607
       84     0.00023685     0.00072061     0.97593974    -0.21803912
       85     0.00036348     0.00060825     0.34122728    -0.93998055
       86     0.00033606     0.00043270    -0.60439123    -0.79668748
       87     0.00016590     0.00035640    -0.99756638     0.06972211
       88     0.00000082     0.00046155    -0.49270497     0.87019630
       89    -0.00000344     0.00066688     0.44822541     0.89392032
       90     0.00017259     0.00079112     0.99130294     0.13159718
       91     0.00038436     0.00071228     0.67041047    -0.74198999
       92     0.00044286     0.00048272    -0.22520204    -0.97431187
       93     0.00028120     0.00029436    -0.92570262    -0.37825189
       94     0.00002237     0.00031798    -0.84640820     0.53253456
       95    -0.00011594     0.00055213    -0.06595395     0.99782251
       96    -0.00000356     0.00081327     0.76487805     0.64417460
       97     0.00028547     0.00088120     0.97354745    -0.22848304
       98     0.00052310     0.00068255     0.40432422    -0.91461532
       99     0.00050820     0.00036018    -0.48060401    -0.87693751
      100     0.00023303     0.00016771    -0.98749003    -0.15768118
      101    -0.00007902     0.00025968    -0.73392173     0.67923399
      102    -0.00019293     0.00055244     0.07528733     0.99716171
      103    -0.00002951     0.00083433     0.82441483     0.56598542
      104     0.00030383     0.00088626     0.95922211    -0.28265183
      105     0.00056348     0.00065358     0.39095144    -0.92041090
      106     0.00054928     0.00029422    -0.45761715    -0.88914912
      107     0.00025617     0.00006801    -0.97500032    -0.22220329
      108    -0.00011580     0.00014777    -0.80102081     0.59863647
      109    -0.00030167     0.00049074    -0.06857204     0.99764600
      110    -0.00016073     0.00086423     0.70773910     0.70647335
      111     0.00022111     0.00100703     0.99788680    -0.06496819
      112     0.00058791     0.00081195     0.61438722    -0.78900402
      113     0.00068860     0.00040164    -0.17635532    -0.98432625
      114     0.00044812     0.00004670    -0.84734357    -0.53104489
      115     0.00001849    -0.00001576    -0.96411406     0.26548837
      116    -0.00032219     0.00026058    -0.46053593     0.88764097
      117    -0.00035244     0.00070182     0.33340794     0.94278233
      118    -0.00004999     0.00102815     0.91420731     0.40524552
      119     0.00039661     0.00103363     0.92430055    -0.38166382
      120     0.00071017     0.00071459     0.36631735    -0.93048943
      121     0.00069650     0.00025189    -0.41173289    -0.91130427
      122     0.00034656    -0.00007340    -0.93874047    -0.34462474
      123    -0.00012908    -0.00005286    -0.90557071     0.42419532
      124    -0.00044827     0.00029660    -0.34044252     0.94026518
      125    -0.00042820     0.00076557     0.42003860     0.90750582
      126    -0.00008823     0.00108195     0.93562331     0.35299837
      127     0.00036998     0.00107059     0.91650548    -0.40002053
      128     0.00068602     0.00074851     0.38115123    -0.92451215
      129     0.00069039     0.00030545    -0.36459667    -0.93116524
      130     0.00039390    -0.00001137    -0.90593882    -0.42340843
      131    -0.00002910    -0.00003686    -0.94940350     0.31405890
      132    -0.00034615     0.00022723    -0.47789511     0.87841681
      133    -0.00039615     0.00062467     0.24871088     0.96857749
      134    -0.00017013     0.00093956     0.84017952     0.54230753
      135     0.00019588     0.00101520     0.98560600    -0.16905544
      136     0.00050428     0.00083139     0.61387316    -0.78940407
      137     0.00060418     0.00050278    -0.07597619    -0.99710932
      138     0.00046481     0.00020689    -0.72444124    -0.68933637
      139     0.00017920     0.00008677    -0.99957640    -0.02910305
      140    -0.00009672     0.00018179    -0.76498796     0.64404454
      141    -0.00023467     0.00043015    -0.14420039     0.98954839
      142    -0.00017659     0.00069905     0.54724459     0.83697243
      143     0.00002736     0.00084968     0.96366875     0.26709888
      144     0.00025744     0.00083049     0.90103214    -0.43375146
      145     0.00040165     0.00068197     0.39430348    -0.91897994
      146     0.00041189     0.00050042    -0.30452096    -0.95250541
      147     0.00031729     0.00037736    -0.85325800    -0.52148877
      148     0.00019304     0.00035131    -0.98685841     0.16158687
      149     0.00010795     0.00039755    -0.64373716     0.76524656
      150     0.00008421     0.00045764     0.00808978     0.99996717
      151     0.00009276     0.00048632     0.65485392     0.75575532
      152     0.00008481     0.00048458     0.98841414     0.15178024
      153     0.00003740     0.00049675     0.85215489    -0.52328940
      154    -0.00001877     0.00057228     0.31293004    -0.94977601
      155    -0.00001102     0.00071636    -0.37312436    -0.92778106
      156     0.00012559     0.00086309    -0.88288182    -0.46959443
      157     0.00038763     0.00089586    -0.97807147     0.20826725
      158     0.00067079     0.00071344    -0.61564496     0.78802305
      159     0.00079604     0.00031141     0.03384868     0.99942660
      160     0.00059638    -0.00016862     0.66710321     0.74496504
      161     0.00008209    -0.00044327     0.98958429     0.14395389
      162    -0.00055250    -0.00030559     0.85183488    -0.52381002
      163     0.00469819    -0.00969819     0.24716180    -0.96891430
      164     0.00476667    -0.01940109    -0.58286193    -0.81232558
      165     0.00670569    -0.01825234    -0.99893277    -0.04189530
      166     0.00806348    -0.01881534    -0.64162488     0.76674538
      167     0.00834833    -0.01992113     0.22248151     0.97469761
      168     0.00775281    -0.02066621     0.91194993     0.40970737
      169     0.00692521    -0.02064093     0.87582935    -0.48212960
      170     0.00650208    -0.02003989     0.14154799    -0.98970717
      171     0.00670539    -0.01941060    -0.70491779    -0.70899166
      172     0.00727172    -0.01921397    -0.99076346     0.13403624
      173     0.00772554    -0.01951616    -0.49345421     0.86951847
      174     0.00775770    -0.02001091     0.38991832     0.92059931
      175     0.00742023    -0.02030761     0.96684535     0.25444570
      176     0.00702284    -0.02023170     0.79539568    -0.60571204
      177     0.00685721    -0.01991149     0.01704989    -0.99963284
      178     0.00698661    -0.01962276    -0.77057222    -0.63701224
      179     0.00724932    -0.01955359    -0.97988435     0.19847357
      180     0.00743221    -0.01968607    -0.46811715     0.88341585
      181     0.00744886    -0.01981853     0.38100528     0.92433042
      182     0.00741465    -0.01985295     0.95353189     0.30054588
      183     0.00739668    -0.01985289     0.84435949    -0.53535801
      184     0.00740203    -0.01986546     0.13921420    -0.99003534
      185     0.00738670    -0.01990838    -0.66045490    -0.75056540
      186     0.00731419    -0.01993818    -0.99974905     0.00712837
      187     0.00721346    -0.01988891    -0.65373537     0.75642743
      188     0.00717394    -0.01974748     0.13217552     0.99100363
      189     0.00727198    -0.01959345     0.82577630     0.56361044
      190     0.00748825    -0.01955635     0.97251304    -0.23190484
      191     0.00769190    -0.01971383     0.48838494    -0.87237168
      192     0.00771881    -0.02000929    -0.30405067    -0.95241443
      193     0.00749547    -0.02026189    -0.90036863    -0.43459130
      194     0.00711675    -0.02027676    -0.93751277     0.34728663
      195     0.00681091    -0.01998570    -0.40724331     0.91307561
      196     0.00680236    -0.01951900     0.36030943     0.93260380
      197     0.00715755    -0.01914913     0.91187249     0.40996419
      198     0.00771753    -0.01913185     0.93979878    -0.34110506
      199     0.00816947    -0.01954027     0.44491382    -0.89532292
      200     0.00822189    -0.02019768    -0.28654862    -0.95781749
      201     0.00792205    -0.02061608    -0.85979025    -0.51016953
      202     0.00757738    -0.02067285    -0.97902115     0.20256553
      203     0.00727423    -0.02047701    -0.59100513     0.80637505
      204     0.00717646    -0.02011786     0.09613872     0.99513874
      205     0.00734658    -0.01977449     0.73053948     0.68254455
      206     0.00771063    -0.01962449     0.99918643     0.03437881
      207     0.00809352    -0.01975263     0.77963361    -0.62587200
      208     0.00830607    -0.02010693     0.18882520    -0.98176971
      209     0.00823866    -0.02052334    -0.48598071    -0.87368968
      210     0.00791459    -0.02080545    -0.93118290    -0.36387210
      211     0.00747828    -0.02081827    -0.95182440     0.30584470
      212     0.00712628    -0.02055060    -0.55120671     0.83408516
      213     0.00701631    -0.02011770     0.08408123     0.99623110
      214     0.00719767    -0.01970629     0.67733848     0.73537232
      215     0.00759344    -0.01949019     0.98458020     0.17367874
      216     0.00803890    -0.01955640     0.89196018    -0.45161927
      217     0.00835520    -0.01987321     0.45067425    -0.89242813
      218     0.00842351    -0.02031052    -0.15702977    -0.98734907
      219     0.00822836    -0.02069914    -0.69860484    -0.71516091
      220     0.00785507    -0.02090047    -0.98160379    -0.18961926
      221     0.00755580    -0.02087967    -0.91771339     0.39662209
      222     0.00742968    -0.02077461    -0.53901114     0.84200962
      223     0.00739317    -0.02065205     0.01846272     0.99958890
      224     0.00741825    -0.02056718     0.56498212     0.82481341
      225     0.00745233    -0.02053675     0.92311196     0.38391017
      226     0.00745109    -0.02053455     0.98436641    -0.17477297
      227     0.00740572    -0.02050940     0.73892093    -0.67343921
      228     0.00735170    -0.02041671     0.27159867    -0.96216593
      229     0.00735465    -0.02024895    -0.27099465    -0.96233975
      230     0.00747883    -0.02005073    -0.72882522    -0.68436528
      231     0.00775116    -0.01991073    -0.97586883    -0.21730972
      232     0.00813592    -0.01993174    -0.95273680     0.30303320
      233     0.00853167    -0.02018903    -0.67696086     0.73569260
      234     0.00879371    -0.02069197    -0.23100773     0.97269211
      235     0.00877665    -0.02136326     0.26559123     0.96380905
      236     0.00838423    -0.02204463     0.69021988     0.72321522
      237     0.00761100    -0.02252952     0.94745921     0.31899145
      238     0.00656238    -0.02261486     0.98853766    -0.14912676
      239     0.00544594    -0.02215842     0.81689632    -0.57633301
      240     0.00453477    -0.02112641     0.48088606    -0.87651681
      241     0.00419357    -0.02001297     0.05498805    -0.99827762
      242     0.00435171    -0.01909880    -0.37664464    -0.92615070
      243     0.00496033    -0.01822671    -0.73224338    -0.68078104
      244     0.00600377    -0.01761642    -0.94925859    -0.31394545
      245     0.00736130    -0.01747610    -0.99441909     0.10378377
      246     0.00881747    -0.01795376    -0.86717506     0.49760157
      247     0.01009377    -0.01909687    -0.59671030     0.80216597
      248     0.01089594    -0.02082894    -0.23394943     0.97196456
      249     0.01096816    -0.02294823     0.15926569     0.98690806
      250     0.01014383    -0.02514940     0.52146629     0.85284085
      251     0.00838395    -0.02706444     0.80125448     0.59765247
      252     0.00579641    -0.02831596     0.96399180     0.26435660
      253     0.00263317    -0.02857412     0.99485111    -0.09720005
      254    -0.00073369    -0.02760838     0.89835340    -0.43840438
      255    -0.00385311    -0.02532651     0.69508817    -0.71846792
      256    -0.00624674    -0.02179622     0.41664795    -0.90878511
      257    -0.00746404    -0.01724724     0.09988855    -0.99482114
      258    -0.00713351    -0.01205520    -0.21850028    -0.97573634
      259    -0.00500440    -0.00671044    -0.50639160    -0.86226300
      260    -0.00097522    -0.00177687    -0.73918320    -0.67350136
      261     0.00331277     0.00119321    -0.90230269    -0.43108870
      262     0.00704283     0.00234389    -0.98754848    -0.15713979
      263     0.01129595     0.00240398    -0.99218231     0.12426133
      264     0.01576502     0.00118935    -0.92044263     0.39055782
      265     0.02008989    -0.00139785    -0.78234130     0.62252433
      266     0.02388236    -0.00535696    -0.59208781     0.80550168
      267     0.02675317    -0.01058423    -0.36636041     0.93002811
      268     0.02833833    -0.01687561    -0.12262073     0.99190539
      269     0.02832304    -0.02393610     0.12237208     0.99179128
      270     0.02646159    -0.03139445     0.35374173     0.93444152
      271     0.02259220    -0.03882145     0.55931580     0.82773687
      272     0.01664651    -0.04575029     0.73008045     0.68162479
      273     0.00865367    -0.05169719     0.86029907     0.50708779
      274    -0.00126024    -0.05618122     0.94735212     0.31522381
      275    -0.01287681    -0.05874202     0.99136896     0.11649525
      276    -0.02589281    -0.05895499     0.99472701    -0.07982515
      277    -0.03992948    -0.05644361     0.96148818    -0.26600795
      278    -0.05454286    -0.05088914     0.89683261    -0.43603514
      279    -0.06923416    -0.04203812     0.80653541    -0.58561084
      280    -0.08345989    -0.02970863     0.69651814    -0.71204938
      281    -0.09347317    -0.01781884     0.57169981    -0.81492612
      282    -0.09939048    -0.00775672     0.43584170    -0.89448498
      283    -0.10388128     0.00364420     0.29293807    -0.95046446
      284    -0.10672147     0.01618011     0.14707873    -0.98321746
      285    -0.10772200     0.02961519     0.00196966    -0.99373791
      286    -0.10673304     0.04368832    -0.13914099    -0.98353402
      287    -0.10364688     0.05812012    -0.27350584    -0.95450193
      288    -0.09839970     0.07262018    -0.39889392    -0.90880551
      289    -0.09097211     0.08689436    -0.51358361    -0.84876694
      290    -0.08138859     0.10065185    -0.61633754    -0.77677097
      291    -0.06971581     0.11361199    -0.70636451    -0.69518429
      292    -0.05605991     0.12551059    -0.78327250    -0.60629082
      293    -0.04056278     0.13610562    -0.84701707    -0.51224214
      294    -0.02339747     0.14518203    -0.89784824    -0.41502202
      295    -0.00476271     0.15255570    -0.93625865    -0.31642347
      296     0.01512306     0.15807593    -0.96293483    -0.21803624
      297     0.03602819     0.16162648    -0.97871294    -0.12124290
      298     0.05771400     0.16312434    -0.98453976    -0.02722157
      299     0.07993872     0.16251293    -0.98143999     0.06304675
      300     0.10246285     0.15976314    -0.97048713     0.14876773
      301     0.12071210     0.15584125    -0.95319830     0.22924899
      302     0.13399367     0.15160744    -0.93075019     0.30457340
      303     0.14590052     0.14663403    -0.90368511     0.37491962
      304     0.15630886     0.14119356    -0.87296942     0.43995036
      305     0.16510924     0.13558487    -0.83959462     0.49943624
      306     0.17219471     0.13014123    -0.80456688     0.55324893
      307     0.17744289     0.12524745    -0.76889860     0.60135018
      308     0.18068774     0.12137216    -0.73360309     0.64377577
      309     0.18167235     0.11912776    -0.69969437     0.68061114
      310     0.17996316     0.11938502    -0.66819555     0.71195168
      311     0.17477889     0.12350514    -0.64016127     0.73782950
      312     0.16461150     0.13385041    -0.61672353     0.75804961
      313     0.14627465     0.15503457    -0.59916105     0.77173444
      314     0.11215663     0.19736920    -0.58884628     0.77571022
      315     0.04159742     0.28660861    -0.58536083     0.75728321
      316    -0.10866843     0.46572449    -0.57002888     0.66810100
      317    -0.28932362     0.64615422    -0.50741565     0.49122900
      318    -0.39139208     0.71893293    -0.45093494     0.35581645
      319    -0.42356834     0.72550293    -0.44232235     0.31398453
      320    -0.42890280     0.71142428    -0.45762625     0.31701119
      321    -0.42044303     0.68722255    -0.48284170     0.34324439
      322    -0.40400546     0.65734069    -0.50909506     0.38145120
      323    -0.38353397     0.62471161    -0.53135121     0.42462099
      324    -0.36015390     0.59028580    -0.54830700     0.47033103
      325    -0.33448662     0.55448023    -0.55979709     0.51700832
      326    -0.30666528     0.51709817    -0.56639054     0.56370883
      327    -0.27632531     0.47725254    -0.56905212     0.60996231
      328    -0.24256933     0.43324916    -0.56886456     0.65562825
      329    -0.20391425     0.38240716    -0.56675708     0.70069263
      330    -0.15832778     0.32093670    -0.56313265     0.74485808
      331    -0.10372213     0.24441235    -0.55729230     0.78672080
      332    -0.03958750     0.15004964    -0.54687922     0.82270350
      333     0.00000000     0.00000000    -0.52916710     0.84851764
      334     0.06747496    -0.11098998    -0.50496438     0.85331081
      335     0.12420963    -0.20955362    -0.47254481     0.84697146
      336     0.16696760    -0.28868009    -0.43529437     0.83624425
      337     0.19713868    -0.34889299    -0.39571055     0.82633116
      338     0.21770630    -0.39386562    -0.35473849     0.81953307
      339     0.23142338    -0.42738194    -0.31239757     0.81620809
      340     0.24035059    -0.45238026    -0.26838063     0.81581587
      341     0.24566802    -0.47002463    -0.22283502     0.81796615
      342     0.24851676    -0.48192079    -0.17565512     0.82166724
      343     0.24989914    -0.49005272    -0.12640269     0.82548235
      344     0.25029359    -0.49495700    -0.07510791     0.82869143
      345     0.25008648    -0.49702527    -0.02189354     0.83062826
      346     0.24960431    -0.49655481     0.03303119     0.83068643
      347     0.24913424    -0.49378348     0.08937812     0.82832455
      348     0.24893667    -0.48891405     0.14678901     0.82307143
      349     0.24925211    -0.48213122     0.20484611     0.81453112
      350     0.25030395    -0.47361364     0.26308452     0.80238681
      351     0.25229804    -0.46354260     0.32100603     0.78640263
      352     0.25541992    -0.45210825     0.37809396     0.76642270
      353     0.25982992    -0.43951399     0.43382811     0.74236718
      354     0.26565678    -0.42597909     0.48769893     0.71422548
      355     0.27299005    -0.41173956     0.53922022     0.68204730
      356     0.28187198    -0.39704696     0.58793977     0.64593245
      357     0.29228963    -0.38216495     0.63344772     0.60602039
      358     0.30416818    -0.36736344     0.67538252     0.56248047
      359     0.31736674    -0.35291044     0.71343439     0.51550358
      360     0.33167754    -0.33906206     0.74734643     0.46529585
      361     0.34988261    -0.32603621     0.77531676     0.41251240
      362     0.37064948    -0.31326172     0.79781386     0.35774167
      363     0.39148992    -0.30209423     0.81566431     0.30027730
      364     0.41191107    -0.29264107     0.82882286     0.24029804
      365     0.43143245    -0.28492976     0.83725448     0.17800563
      366     0.46386584    -0.27936404     0.83263307     0.11621694
      367     0.50383041    -0.27518963     0.81699170     0.05431528
      368     0.53831401    -0.27425074     0.79677160    -0.01263258
      369     0.56706756    -0.27600395     0.77135725    -0.08523032
      370     0.59040447    -0.27982265     0.73917739    -0.16351951
      371     0.60895015    -0.28510802     0.69783023    -0.24683214
      372     0.62346547    -0.29134928     0.64430878    -0.33357546
      373     0.63475322    -0.29814735     0.57531800    -0.42095809
      374     0.64362479    -0.30521936     0.48772173    -0.50469375
      375     0.65090127    -0.31239656     0.37917944    -0.57875633
      376     0.65742777    -0.31962139     0.24902232    -0.63530999
      377     0.66408533    -0.32694429     0.09936699    -0.66499948
      378     0.67178642    -0.33451645    -0.06364478    -0.65783820
      379     0.68144178    -0.34257272    -0.22877173    -0.60493349
      380     0.69389433    -0.35140055    -0.37928983    -0.50116618
      381     0.70630968    -0.35899916    -0.49555888    -0.35590397
      382     0.71989466    -0.36624134    -0.56060556    -0.18259342
      383     0.73434624    -0.37370804    -0.56663435     0.00184591
      384     0.75015386    -0.38175663    -0.51031064     0.17639193
      385     0.76589194    -0.38977436    -0.39919870     0.31957139
      386     0.78057543    -0.39734861    -0.24782934     0.41400085
      387     0.79395138    -0.40439508    -0.07578803     0.44761814
      388     0.80588207    -0.41083579     0.09323925     0.41602222
      389     0.81635018    -0.41660688     0.23442185     0.32412571
      390     0.82544322    -0.42166743     0.32553588     0.18672562
      391     0.83332311    -0.42600816     0.35118570     0.02753630
      392     0.84018812    -0.42965828     0.30686292    -0.12374502
      393     0.84623425    -0.43268728     0.20182524    -0.23650769
      394     0.85162257    -0.43519943     0.05951163    -0.28600493
      395     0.85645868    -0.43731978    -0.08566253    -0.26056069
      396     0.86078815    -0.43917336    -0.19556698    -0.16710500
      397     0.86460912    -0.44086178    -0.23881464    -0.03255031
      398     0.86789839    -0.44244392    -0.20195040     0.10105345
      399     0.87064380    -0.44392733    -0.09745613     0.18817602
      400     0.87287283    -0.44527576     0.03597338     0.19628664
      401     0.87468140    -0.44636475     0.14296372     0.12350035
      402     0.87620014    -0.44720350     0.17960308     0.00500817
      403     0.87749651    -0.44787853     0.13482417    -0.10595825
      404     0.87865085    -0.44842108     0.03275456    -0.16068091
      405     0.87971311    -0.44887729    -0.07705571    -0.13666178
      406     0.88069604    -0.44929608    -0.14193822    -0.04859074
      407     0.88158257    -0.44971117    -0.13135075     0.05761096
      408     0.88234622    -0.45012794    -0.05304828     0.12663280
      409     0.88297564    -0.45052396     0.04916119     0.12233296
      410     0.88349013    -0.45086497     0.11745280     0.04869096
      411     0.88393658    -0.45112854     0.11246153    -0.04991567
      412     0.88436781    -0.45132155     0.03840601    -0.11281583
      413     0.88481440    -0.45147941    -0.05649008    -0.10039270
      414     0.88526821    -0.45164583    -0.10880307    -0.02186620
      415     0.88569052    -0.45184504    -0.08265642     0.06750019
      416     0.88604129    -0.45206559     0.00228173     0.10277317
      417     0.89073371    -0.45452553     0.00000000     0.00000000
      418     0.89073358    -0.45452540     0.00033961    -0.00047154
      419     0.89073341    -0.45452494     0.00014117    -0.00102673
      420     0.89073350    -0.45452422    -0.00044486    -0.00117033
      421     0.89073379    -0.45452380    -0.00102934    -0.00060142
      422     0.89073402    -0.45452378    -0.00093826     0.00038649
      423     0.89073414    -0.45452393    -0.00004065     0.00082811
      424     0.89073404    -0.45452407     0.00080849     0.00027986
      425     0.89073384    -0.45452402     0.00076694    -0.00074142
      426     0.89073376    -0.45452377    -0.00014616    -0.00122085
      427     0.89073391    -0.45452352    -0.00101548    -0.00065612
      428     0.89073418    -0.45452349    -0.00092957     0.00038224
      429     0.89073431    -0.45452367     0.00004352     0.00078782
      430     0.89073417    -0.45452381     0.00086147     0.00009004
      431     0.89073392    -0.45452368     0.00060185    -0.00097406
      432     0.89073390    -0.45452330    -0.00047496    -0.00121261
      433     0.89073420    -0.45452302    -0.00114092    -0.00033792
      434     0.89073454    -0.45452309    -0.00059498     0.00062014
      435     0.89073455    -0.45452335     0.00052318     0.00047254
      436     0.89073422    -0.45452332     0.00082186    -0.00065154
      437     0.89073403    -0.45452283    -0.00011700    -0.00136655
      438     0.89073436    -0.45452227    -0.00111203    -0.00075019
      439     0.89073493    -0.45452219    -0.00084366     0.00038063
      440     0.89073507    -0.45452250     0.00034164     0.00045673
      441     0.89073482    -0.45452252     0.00067727    -0.00054768
      442     0.89073475    -0.45452230    -0.00022312    -0.00101424
      443     0.89073493    -0.45452210    -0.00092357    -0.00029680
      444     0.89073515    -0.45452216    -0.00041917     0.00056399
      445     0.89073512    -0.45452233     0.00055996     0.00029300
      446     0.89073489    -0.45452225     0.00056500    -0.00074720
      447     0.89073486    -0.45452189    -0.00043622    -0.00103794
      448     0.89073517    -0.45452163    -0.00095756    -0.00015386
      449     0.89073545    -0.45452175    -0.00020736     0.00054486
      450     0.89073531    -0.45452191     0.00065877    -0.00005296
      451     0.89073504    -0.45452162     0.00027068    -0.00105710
      452     0.89073518    -0.45452106    -0.00078876    -0.00090683
      453     0.89073569    -0.45452085    -0.00083934     0.00014527
      454     0.89073589    -0.45452107     0.00020218     0.00036799
      455     0.89073557    -0.45452101     0.00061527    -0.00064898
      456     0.89073543    -0.45452034    -0.00031806    -0.00124886
      457     0.89073596    -0.45451972    -0.00104805    -0.00043331
      458     0.89073651    -0.45451976    -0.00032845     0.00038728
      459     0.89073635    -0.45451990     0.00059103    -0.00024720
      460     0.89073601    -0.45451928     0.00006946    -0.00125945
      461     0.89073628    -0.45451861    -0.00110700    -0.00069498
      462     0.89073668    -0.45451864    -0.00067230     0.00071859
      463     0.89073664    -0.45451893     0.00078632     0.00039375
      464     0.89073627    -0.45451877     0.00059041    -0.00110995
      465     0.89073635    -0.45451820    -0.00092327    -0.00104738
      466     0.89073688    -0.45451807    -0.00096094     0.00045595
      467     0.89073699    -0.45451841     0.00054877     0.00057201
      468     0.89073656    -0.45451833     0.00075416    -0.00095090
      469     0.89073654    -0.45451765    -0.00075852    -0.00124437
      470     0.89073716    -0.45451735    -0.00110746     0.00024755
      471     0.89073739    -0.45451771     0.00038436     0.00062967
      472     0.89073693    -0.45451767     0.00080544    -0.00087385
      473     0.89073686    -0.45451688    -0.00069517    -0.00132960
      474     0.89073756    -0.45451648    -0.00115425     0.00016344
      475     0.89073786    -0.45451686     0.00035294     0.00060270
      476     0.89073735    -0.45451679     0.00077421    -0.00093177
      477     0.89073731    -0.45451588    -0.00077452    -0.00132775
      478     0.89073813    -0.45451546    -0.00111122     0.00022928
      479     0.89073838    -0.45451588     0.00047220     0.00047977
      480     0.89073780    -0.45451565     0.00063432    -0.00113749
      481     0.89073787    -0.45451487    -0.00108584    -0.00105279
      482     0.89073836    -0.45451484    -0.00086556     0.00082306
      483     0.89073831    -0.45451522     0.00099500     0.00043527
      484     0.89073788    -0.45451497     0.00044594    -0.00140223
      485     0.89073813    -0.45451438    -0.00133322    -0.00069085
      486     0.89073866    -0.45451452    -0.00043744     0.00099976
      487     0.89073841    -0.45451485     0.00115291    -0.00009120
      488     0.89073805    -0.45451434    -0.00011913    -0.00155815
      489     0.89073855    -0.45451382    -0.00141726    -0.00011670
      490     0.89073896    -0.45451417     0.00019289     0.00097219
      491     0.89073848    -0.45451429     0.00104648    -0.00079108
      492     0.89073838    -0.45451354    -0.00083158    -0.00137705
      493     0.89073908    -0.45451329    -0.00110876     0.00057325
      494     0.89073914    -0.45451377     0.00086904     0.00051091
      495     0.89073860    -0.45451347     0.00045083    -0.00143390
      496     0.89073893    -0.45451271    -0.00138734    -0.00065150
      497     0.89073955    -0.45451291    -0.00024865     0.00100144
      498     0.89073917    -0.45451319     0.00113244    -0.00046307
      499     0.89073892    -0.45451248    -0.00061079    -0.00148473
      500     0.89073961    -0.45451214    -0.00120371     0.00046468
      501     0.89073975    -0.45451251     0.00078161     0.00067759
      502     0.89073947    -0.45451242     0.00050608    -0.00118429
      503     0.89073961    -0.45451209    -0.00122769    -0.00043884
      504     0.89073988    -0.45451224    -0.00005008     0.00104313
      505     0.89073965    -0.45451238     0.00106203    -0.00049236
      506     0.89073957    -0.45451205    -0.00072677    -0.00113507
      507     0.89073989    -0.45451199    -0.00083698     0.00077217
      508     0.89073985    -0.45451224     0.00102402     0.00032709
      509     0.89073962    -0.45451205     0.00004040    -0.00131476
      510     0.89073984    -0.45451183    -0.00122749     0.00013491
      511     0.89073997    -0.45451205     0.00054940     0.00089650
      512     0.89073973    -0.45451204     0.00070129    -0.00102639
      513     0.89073980    -0.45451177    -0.00117212    -0.00052948
      514     0.89074001    -0.45451187    -0.00007721     0.00108564
      515     0.89073985    -0.45451199     0.00106978    -0.00048577
      516     0.89073980    -0.45451177    -0.00080753    -0.00100627
      517     0.89074000    -0.45451176    -0.00063489     0.00095021
      518     0.89073993    -0.45451191     0.00113233     0.00010092
      519     0.89073983    -0.45451178    -0.00030210    -0.00122943
      520     0.89073997    -0.45451171    -0.00101910     0.00060575
      521     0.89073999    -0.45451182     0.00094153     0.00062882
      522     0.89073992    -0.45451179     0.00024363    -0.00117329
      523     0.89073997    -0.45451173    -0.00117304     0.00014646
      524     0.89074000    -0.45451179     0.00057767     0.00097703
      525     0.89073993    -0.45451180     0.00069891    -0.00095298
      526     0.89073995    -0.45451174    -0.00113871    -0.00034565
      527     0.89074000    -0.45451177     0.00010576     0.00113963
      528     0.89073995    -0.45451179     0.00102443    -0.00056170
      529     0.89073995    -0.45451175    -0.00089556    -0.00078369
      530     0.89073999    -0.45451176    -0.00039641     0.00108626
      531     0.89073997    -0.45451179     0.00115921    -0.00005887
      532     0.89073995    -0.45451176    -0.00047390    -0.00108513
      533     0.89073998    -0.45451175    -0.00083772     0.00081160
      534     0.89073997    -0.45451178     0.00106052     0.00047040
      535     0.89073996    -0.45451177     0.00006114    -0.00117378
      536     0.89073997    -0.45451176    -0.00111802     0.00034901
      537     0.89073997    -0.45451177     0.00072183     0.00091531
      538     0.89073997    -0.45451177     0.00060326    -0.00100053
      539     0.89073997    -0.45451177    -0.00114898    -0.00021530
      540     0.89073996    -0.45451176     0.00019538     0.00115717
      541     0.89073997    -0.45451176     0.00101606    -0.00057188
      542     0.89073998    -0.45451178    -0.00088873    -0.00074152
      543     0.89073995    -0.45451177    -0.00039901     0.00111103
      544     0.89073997    -0.45451174     0.00117543     0.00002832
      545     0.89073999    -0.45451178    -0.00037475    -0.00108199
      546     0.89073995    -0.45451179    -0.00090080     0.00075546
      547     0.89073995    -0.45451173     0.00100501     0.00064298
      548     0.89074001    -0.45451175     0.00026423    -0.00111052
      549     0.89073996    -0.45451180    -0.00114446     0.00017493
      550     0.89073993    -0.45451173     0.00053365     0.00108371
      551     0.89074001    -0.45451172     0.00083608    -0.00079519
      552     0.89074000    -0.45451180    -0.00103789    -0.00045539
      553     0.89073992    -0.45451175    -0.00009875     0.00120586
      554     0.89073999    -0.45451168     0.00115819    -0.00022568
      555     0.89074003    -0.45451177    -0.00060996    -0.00093356
      556     0.89073993    -0.45451177    -0.00069083     0.00097385
      557     0.89073997    -0.45451166     0.00113488     0.00041745
      558     0.89074006    -0.45451172    -0.00000169    -0.00111439
      559     0.89073997    -0.45451178    -0.00106287     0.00047516
      560     0.89073994    -0.45451166     0.00079306     0.00093878
      561     0.89074007    -0.45451167     0.00059262    -0.00095566
      562     0.89074001    -0.45451179    -0.00111854    -0.00010590
      563     0.89073992    -0.45451167     0.00027137     0.00120972
      564     0.89074006    -0.45451160     0.00102107    -0.00055124
      565     0.89074007    -0.45451174    -0.00089307    -0.00063363
      566     0.89073993    -0.45451168    -0.00029265     0.00118899
      567     0.89074004    -0.45451155     0.00119775    -0.00002161
      568     0.89074012    -0.45451168    -0.00046860    -0.00097847
      569     0.89073997    -0.45451169    -0.00075921     0.00092311
      570     0.89074001    -0.45451152     0.00111940     0.00050275
      571     0.89074015    -0.45451160     0.00004094    -0.00109336
      572     0.89074002    -0.45451168    -0.00104835     0.00049664
      573     0.89073999    -0.45451151     0.00083215     0.00092313
      574     0.89074015    -0.45451153     0.00053311    -0.00098290
      575     0.89074008    -0.45451165    -0.00112671     0.00000077
      576     0.89073999    -0.45451152     0.00040281     0.00117657
      577     0.89074014    -0.45451146     0.00092723    -0.00068095
      578     0.89074013    -0.45451160    -0.00099180    -0.00048048
      579     0.89074001    -0.45451152    -0.00009538     0.00122612
      580     0.89074012    -0.45451142     0.00115962    -0.00023789
      581     0.89074018    -0.45451155    -0.00066198    -0.00086819
      582     0.89074004    -0.45451153    -0.00058185     0.00105429
      583     0.89074010    -0.45451139     0.00117878     0.00027840
      584     0.89074020    -0.45451148    -0.00017892    -0.00108489
      585     0.89074009    -0.45451153    -0.00096355     0.00066589
      586     0.89074008    -0.45451139     0.00095019     0.00077290
      587     0.89074020    -0.45451142     0.00037760    -0.00105793
      588     0.89074013    -0.45451151    -0.00113583     0.00011117
      589     0.89074008    -0.45451141     0.00048252     0.00112147
      590     0.89074018    -0.45451138     0.00087936    -0.00074745
      591     0.89074017    -0.45451147    -0.00101025    -0.00049520
      592     0.89074009    -0.45451143    -0.00014109     0.00119317
      593     0.89074016    -0.45451137     0.00116404    -0.00018967
      594     0.89074019    -0.45451143    -0.00056648    -0.00097584
      595     0.89074012    -0.45451144    -0.00074864     0.00090710
      596     0.89074014    -0.45451138     0.00109224     0.00046952
      597     0.89074018    -0.45451141     0.00009462    -0.00114237
      598     0.89074015    -0.45451143    -0.00111842     0.00030352
      599     0.89074014    -0.45451140     0.00063425     0.00099496
      600     0.89074016    -0.45451140     0.00074782    -0.00089284
      601     0.89074015    -0.45451142    -0.00108426    -0.00041801
      602     0.89074013    -0.45451141    -0.00006865     0.00117977
      603     0.89074014    -0.45451140     0.00114471    -0.00028100
      604     0.89074014    -0.45451140    -0.00061162    -0.00100471
      605     0.89074015    -0.45451140    -0.00077172     0.00087652
      606     0.89074015    -0.45451142     0.00107245     0.00045454
      607     0.89074011    -0.45451140     0.00012120    -0.00119148
      608     0.89074016    -0.45451137    -0.00116358     0.00019441
      609     0.89074019    -0.45451143     0.00054545     0.00099290
      610     0.89074010    -0.45451143     0.00079790    -0.00089159
      611     0.89074012    -0.45451133    -0.00107421    -0.00057928
      612     0.89074023    -0.45451138    -0.00020758     0.00109876
      613     0.89074014    -0.45451146     0.00112952    -0.00025137
      614     0.89074008    -0.45451132    -0.00056666    -0.00112034
      615     0.89074024    -0.45451128    -0.00086560     0.00075510
      616     0.89074022    -0.45451143     0.00101214     0.00044340
      617     0.89074007    -0.45451134     0.00012046    -0.00124597
      618     0.89074021    -0.45451120    -0.00119550     0.00013893
      619     0.89074029    -0.45451135     0.00054351     0.00093445
      620     0.89074012    -0.45451135     0.00072518    -0.00097172
      621     0.89074016    -0.45451118    -0.00114083    -0.00050125
      622     0.89074030    -0.45451125    -0.00007089     0.00111307
      623     0.89074018    -0.45451133     0.00108972    -0.00043919
      624     0.89074014    -0.45451118    -0.00076635    -0.00100347
      625     0.89074030    -0.45451117    -0.00066220     0.00093687
      626     0.89074024    -0.45451130     0.00112490     0.00017250
      627     0.89074014    -0.45451119    -0.00021215    -0.00123845
      628     0.89074028    -0.45451112    -0.00107048     0.00050925
      629     0.89074030    -0.45451125     0.00086771     0.00070488
      630     0.89074016    -0.45451121     0.00037045    -0.00117735
      631     0.89074025    -0.45451108    -0.00121728    -0.00004707
      632     0.89074033    -0.45451119     0.00040038     0.00104250
      633     0.89074020    -0.45451121     0.00084828    -0.00085396
      634     0.89074022    -0.45451107    -0.00108444    -0.00060073
      635     0.89074034    -0.45451113    -0.00016461     0.00111948
      636     0.89074025    -0.45451120     0.00111933    -0.00034693
      637     0.89074021    -0.45451108    -0.00070569    -0.00102905
      638     0.89074034    -0.45451107    -0.00070129     0.00092020
      639     0.89074030    -0.45451118     0.00112126     0.00023248
      640     0.89074021    -0.45451109    -0.00016121    -0.00123165
      641     0.89074031    -0.45451103    -0.00108912     0.00049043
      642     0.89074032    -0.45451113     0.00084967     0.00077003
      643     0.89074023    -0.45451110     0.00043936    -0.00114533
      644     0.89074028    -0.45451101    -0.00121509    -0.00009934
      645     0.89074035    -0.45451109     0.00033608     0.00109225
      646     0.89074025    -0.45451111     0.00092293    -0.00077313
      647     0.89074026    -0.45451101    -0.00102961    -0.00068786
      648     0.89074036    -0.45451104    -0.00028582     0.00111806
      649     0.89074029    -0.45451111     0.00116079    -0.00019233
      650     0.89074024    -0.45451102    -0.00055940    -0.00111205
      651     0.89074035    -0.45451100    -0.00084914     0.00081625
      652     0.89074033    -0.45451109     0.00106399     0.00044722
      653     0.89074025    -0.45451104     0.00008142    -0.00123288
      654     0.89074032    -0.45451097    -0.00117952     0.00024963
      655     0.89074036    -0.45451106     0.00063345     0.00095482
      656     0.89074027    -0.45451106     0.00070723    -0.00098602
      657     0.89074030    -0.45451097    -0.00115136    -0.00042327
      658     0.89074037    -0.45451101    -0.00001880     0.00115464
      659     0.89074030    -0.45451106     0.00110964    -0.00042223
      660     0.89074028    -0.45451098    -0.00074491    -0.00098347
      661     0.89074037    -0.45451098    -0.00068333     0.00094906
      662     0.89074034    -0.45451106     0.00112703     0.00027521
      663     0.89074027    -0.45451101    -0.00008336    -0.00122551
      664     0.89074034    -0.45451096    -0.00112816     0.00039742
      665     0.89074036    -0.45451103     0.00073843     0.00088597
      666     0.89074029    -0.45451102     0.00062177    -0.00103586
      667     0.89074032    -0.45451096    -0.00116897    -0.00032711
      668     0.89074037    -0.45451100     0.00005693     0.00115946
      669     0.89074032    -0.45451103     0.00109372    -0.00046142
      670     0.89074030    -0.45451097    -0.00076673    -0.00094902
      671     0.89074036    -0.45451097    -0.00066182     0.00097256
      672     0.89074034    -0.45451102     0.00113538     0.00028697
      673     0.89074030    -0.45451099    -0.00006619    -0.00121397
      674     0.89074035    -0.45451096    -0.00112888     0.00038937
      675     0.89074036    -0.45451101     0.00072258     0.00091238
      676     0.89074031    -0.45451100     0.00065386    -0.00101003
      677     0.89074033    -0.45451095    -0.00115557    -0.00035381
      678     0.89074037    -0.45451098     0.00002635     0.00116732
      679     0.89074033    -0.45451101     0.00110763    -0.00042718
      680     0.89074032    -0.45451096    -0.00074591    -0.00095754
      681     0.89074036    -0.45451096    -0.00066773     0.00097066
      682     0.89074035    -0.45451101     0.00113813     0.00028583
      683     0.89074031    -0.45451098    -0.00008999    -0.00120616
      684     0.89074035    -0.45451096    -0.00110657     0.00044311
      685     0.89074036    -0.45451099     0.00078740     0.00086652
      686     0.89074032    -0.45451099     0.00055756    -0.00106200
      687     0.89074034    -0.45451096    -0.00118433    -0.00019298
      688     0.89074036    -0.45451098     0.00023051     0.00115059
      689     0.89074033    -0.45451099     0.00100091    -0.00064591
      690     0.89074033    -0.45451096    -0.00095570    -0.00073371
      691     0.89074036    -0.45451097    -0.00033536     0.00112735
      692     0.89074034    -0.45451100     0.00117600    -0.00013123
      693     0.89074032    -0.45451096    -0.00055419    -0.00107552
      694     0.89074036    -0.45451096    -0.00078359     0.00088330
      695     0.89074035    -0.45451100     0.00111968     0.00035199
      696     0.89074032    -0.45451097    -0.00009935    -0.00120841
      697     0.89074036    -0.45451094    -0.00107110     0.00051663
      698     0.89074037    -0.45451099     0.00089708     0.00074297
      699     0.89074031    -0.45451098     0.00034167    -0.00116161
      700     0.89074035    -0.45451093    -0.00119694     0.00008730
      701     0.89074038    -0.45451098     0.00054876     0.00102164
      702     0.89074033    -0.45451098     0.00073687    -0.00094726
      703     0.89074034    -0.45451092    -0.00115082    -0.00036763
      704     0.89074040    -0.45451096     0.00010584     0.00114929
      705     0.89074033    -0.45451099     0.00103210    -0.00059175
      706     0.89074033    -0.45451091    -0.00092643    -0.00079974
      707     0.89074041    -0.45451093    -0.00038970     0.00108775
      708     0.89074036    -0.45451100     0.00116495    -0.00011054
      709     0.89074031    -0.45451092    -0.00051565    -0.00112279
      710     0.89074041    -0.45451090    -0.00085131     0.00080446
      711     0.89074039    -0.45451099     0.00106593     0.00042692
      712     0.89074031    -0.45451093     0.00003418    -0.00123020
      713     0.89074039    -0.45451087    -0.00115377     0.00031787
      714     0.89074042    -0.45451095     0.00070909     0.00089361
      715     0.89074033    -0.45451095     0.00060270    -0.00104759
      716     0.89074037    -0.45451087    -0.00118266    -0.00027312
      717     0.89074042    -0.45451091     0.00015698     0.00114296
      718     0.89074036    -0.45451094     0.00102622    -0.00059449
      719     0.89074036    -0.45451088    -0.00090512    -0.00080801
      720     0.89074041    -0.45451089    -0.00044232     0.00108595
      721     0.89074038    -0.45451094     0.00118014    -0.00000510
      722     0.89074034    -0.45451089    -0.00040968    -0.00115360
      723     0.89074039    -0.45451087    -0.00093075     0.00074263
      724     0.89074039    -0.45451092     0.00102934     0.00056440
      725     0.89074035    -0.45451090     0.00016449    -0.00120395
      726     0.89074038    -0.45451087    -0.00117766     0.00024194
      727     0.89074040    -0.45451091     0.00065814     0.00097252
      728     0.89074036    -0.45451091     0.00066646    -0.00100293
      729     0.89074037    -0.45451087    -0.00117542    -0.00027744
      730     0.89074040    -0.45451089     0.00018447     0.00116783
      731     0.89074037    -0.45451090     0.00101385    -0.00063205
      732     0.89074037    -0.45451088    -0.00096880    -0.00071349
      733     0.89074038    -0.45451089    -0.00028970     0.00115922
      734     0.89074038    -0.45451089     0.00118031    -0.00017865
      735     0.89074038    -0.45451090    -0.00062240    -0.00101284
      736     0.89074036    -0.45451090    -0.00069665     0.00098214
      737     0.89074038    -0.45451087     0.00117073     0.00028708
      738     0.89074041    -0.45451090    -0.00019608    -0.00115441
      739     0.89074036    -0.45451092    -0.00099468     0.00067539
      740     0.89074036    -0.45451085     0.00100026     0.00071101
      741     0.89074043    -0.45451087     0.00026171    -0.00113851
      742     0.89074037    -0.45451092    -0.00115946     0.00025961
      743     0.89074035    -0.45451084     0.00067810     0.00103738
      744     0.89074044    -0.45451084     0.00068573    -0.00094952
      745     0.89074040    -0.45451092    -0.00115110    -0.00018494
      746     0.89074033    -0.45451084     0.00025841     0.00122402
      747     0.89074044    -0.45451079     0.00102035    -0.00061022
      748     0.89074044    -0.45451091    -0.00096530    -0.00061054
      749     0.89074033    -0.45451085    -0.00021285     0.00123021
      750     0.89074042    -0.45451075     0.00120586    -0.00015755
      751     0.89074048    -0.45451086    -0.00061287    -0.00094634
      752     0.89074035    -0.45451086    -0.00066301     0.00103634
      753     0.89074040    -0.45451072     0.00119417     0.00034537
      754     0.89074051    -0.45451081    -0.00013572    -0.00112126
      755     0.89074039    -0.45451086    -0.00100682     0.00065491
      756     0.89074038    -0.45451071     0.00096412     0.00081130
      757     0.89074051    -0.45451074     0.00038957    -0.00108061
      758     0.89074044    -0.45451084    -0.00116212     0.00014014
      759     0.89074037    -0.45451072     0.00053712     0.00114099
      760     0.89074050    -0.45451069     0.00085841    -0.00080678
      761     0.89074048    -0.45451081    -0.00107763    -0.00040280
      762     0.89074036    -0.45451073    -0.00000721     0.00126598
      763     0.89074047    -0.45451064     0.00117249    -0.00033097
      764     0.89074051    -0.45451076    -0.00073645    -0.00087470
      765     0.89074040    -0.45451074    -0.00057315     0.00109719
      766     0.89074045    -0.45451063     0.00121635     0.00024851
      767     0.89074053    -0.45451070    -0.00020210    -0.00113703
      768     0.89074044    -0.45451074    -0.00100665     0.00066863
      769     0.89074043    -0.45451064     0.00096610     0.00079139
      770     0.89074052    -0.45451066     0.00039927    -0.00110684
      771     0.89074047    -0.45451073    -0.00118511     0.00007569
      772     0.89074043    -0.45451066     0.00047251     0.00114889
      773     0.89074050    -0.45451064     0.00090779    -0.00078258
      774     0.89074049    -0.45451071    -0.00105472    -0.00052824
      775     0.89074044    -0.45451068    -0.00013569     0.00122041
      776     0.89074048    -0.45451064     0.00118639    -0.00025367
      777     0.89074050    -0.45451068    -0.00065591    -0.00098489
      778     0.89074046    -0.45451068    -0.00069666     0.00099310
      779     0.89074047    -0.45451065     0.00117160     0.00033196
      780     0.89074049    -0.45451067    -0.00010592    -0.00118915
      781     0.89074047    -0.45451068    -0.00107672     0.00054351
      782     0.89074047    -0.45451066     0.00089139     0.00083000
      783     0.89074048    -0.45451066     0.00045247    -0.00111745
      784     0.89074048    -0.45451067    -0.00120501    -0.00001004
      785     0.89074048    -0.45451067     0.00043206     0.00112424
      786     0.89074047    -0.45451067     0.00088989    -0.00082458
      787     0.89074047    -0.45451065    -0.00109074    -0.00054186
      788     0.89074050    -0.45451067    -0.00009252     0.00118410
      789     0.89074046    -0.45451069     0.00114025    -0.00039720
      790     0.89074045    -0.45451063    -0.00078690    -0.00096164
      791     0.89074053    -0.45451064    -0.00058444     0.00102467
      792     0.89074048    -0.45451072     0.00118154     0.00007445
      793     0.89074041    -0.45451062    -0.00036501    -0.00121523
      794     0.89074054    -0.45451058    -0.00097024     0.00069158
      795     0.89074053    -0.45451071     0.00102567     0.00051252
      796     0.89074039    -0.45451062     0.00010155    -0.00127895
      797     0.89074054    -0.45451049    -0.00120113     0.00024507
      798     0.89074060    -0.45451067     0.00070582     0.00085566
      799     0.89074040    -0.45451063     0.00054465    -0.00115162
      800     0.89074052    -0.45451041    -0.00124863    -0.00024898
      801     0.89074067    -0.45451054     0.00025959     0.00107508
      802     0.89074049    -0.45451059     0.00091703    -0.00081004
      803     0.89074051    -0.45451037    -0.00107544    -0.00071097
      804     0.89074071    -0.45451044    -0.00023111     0.00109068
      805     0.89074057    -0.45451056     0.00111973    -0.00037337
      806     0.89074050    -0.45451034    -0.00074318    -0.00107876
      807     0.89074073    -0.45451032    -0.00070068     0.00090960
      808     0.89074066    -0.45451050     0.00112780     0.00012858
      809     0.89074051    -0.45451032    -0.00027508    -0.00127954
      810     0.89074072    -0.45451021    -0.00106489     0.00054315
      811     0.89074074    -0.45451041     0.00091933     0.00060720
      812     0.89074054    -0.45451032     0.00025223    -0.00126104
      813     0.89074070    -0.45451013    -0.00124302     0.00004173
      814     0.89074081    -0.45451030     0.00051339     0.00096104
      815     0.89074061    -0.45451031     0.00073347    -0.00100790
      816     0.89074067    -0.45451007    -0.00118133    -0.00050113
      817     0.89074086    -0.45451018    -0.00001815     0.00110187
      818     0.89074069    -0.45451028     0.00105778    -0.00056034
      819     0.89074065    -0.45451004    -0.00088070    -0.00096445
      820     0.89074088    -0.45451006    -0.00055851     0.00099060
      821     0.89074076    -0.45451024     0.00115858    -0.00003647
      822     0.89074061    -0.45450999    -0.00042784    -0.00128508
      823     0.89074088    -0.45450989    -0.00101259     0.00065214
      824     0.89074087    -0.45451012     0.00100529     0.00048847
      825     0.89074066    -0.45450998     0.00010523    -0.00132323
      826     0.89074086    -0.45450978    -0.00124224     0.00019417
      827     0.89074095    -0.45450999     0.00067258     0.00087714
      828     0.89074073    -0.45450995     0.00057643    -0.00115179
      829     0.89074084    -0.45450972    -0.00126323    -0.00028010
      830     0.89074101    -0.45450987     0.00025399     0.00108369
      831     0.89074080    -0.45450992     0.00091847    -0.00084533
      832     0.89074083    -0.45450967    -0.00111840    -0.00069690
      833     0.89074104    -0.45450975    -0.00017653     0.00111766
      834     0.89074088    -0.45450987     0.00111594    -0.00046676
      835     0.89074083    -0.45450964    -0.00085209    -0.00102215
      836     0.89074106    -0.45450964    -0.00058006     0.00100560
      837     0.89074096    -0.45450981     0.00117241    -0.00004495
      838     0.89074084    -0.45450962    -0.00048355    -0.00123629
      839     0.89074106    -0.45450955    -0.00093108     0.00075672
      840     0.89074103    -0.45450973     0.00107564     0.00040156
      841     0.89074087    -0.45450961    -0.00002002    -0.00131052
      842     0.89074104    -0.45450948    -0.00118816     0.00035217
      843     0.89074109    -0.45450964     0.00078632     0.00082024
      844     0.89074093    -0.45450961     0.00048912    -0.00117283
      845     0.89074101    -0.45450946    -0.00125631    -0.00015700
      846     0.89074111    -0.45450956     0.00031734     0.00111510
      847     0.89074099    -0.45450959     0.00093947    -0.00079245
      848     0.89074100    -0.45450949    -0.00106493    -0.00068212
      849     0.89074108    -0.45450951    -0.00025833     0.00116957
      850     0.89074104    -0.45450956     0.00119009    -0.00021795
      851     0.89074102    -0.45450952    -0.00061753    -0.00107396
      852     0.89074104    -0.45450952    -0.00079162     0.00093394
      853     0.89074104    -0.45450952     0.00114919     0.00041271
      854     0.89074105    -0.45450953    -0.00001711    -0.00121114
      855     0.89074103    -0.45450954    -0.00113445     0.00046097
      856     0.89074102    -0.45450950     0.00082131     0.00093664
      857     0.89074107    -0.45450951     0.00058273    -0.00105206
      858     0.89074104    -0.45450956    -0.00119824    -0.00012374
      859     0.89074099    -0.45450950     0.00029465     0.00122710
      860     0.89074107    -0.45450947     0.00103542    -0.00063891
      861     0.89074108    -0.45450955    -0.00097043    -0.00067647
      862     0.89074100    -0.45450952    -0.00030131     0.00121375
      863     0.89074106    -0.45450945     0.00123215    -0.00007528
      864     0.89074110    -0.45450953    -0.00051517    -0.00105380
      865     0.89074102    -0.45450954    -0.00081381     0.00092778
      866     0.89074104    -0.45450944     0.00114586     0.00050675
      867     0.89074111    -0.45450949     0.00005882    -0.00117828
      868     0.89074105    -0.45450954    -0.00113179     0.00043364
      869     0.89074102    -0.45450945     0.00079817     0.00097322
      870     0.89074111    -0.45450946     0.00061832    -0.00102576
      871     0.89074107    -0.45450952    -0.00118618    -0.00015109
      872     0.89074103    -0.45450947     0.00027335     0.00122120
      873     0.89074109    -0.45450944     0.00103752    -0.00063504
      874     0.89074109    -0.45450950    -0.00096876    -0.00069271
      875     0.89074104    -0.45450948    -0.00030774     0.00119870
      876     0.89074107    -0.45450944     0.00122470    -0.00009681
      877     0.89074110    -0.45450948    -0.00053155    -0.00107073
      878     0.89074105    -0.45450949    -0.00081484     0.00091390
      879     0.89074106    -0.45450945     0.00114075     0.00046739
      880     0.89074109    -0.45450947     0.00002620    -0.00120319
      881     0.89074107    -0.45450949    -0.00113653     0.00043179
      882     0.89074106    -0.45450946     0.00080613     0.00093232
      883     0.89074109    -0.45450946     0.00058066    -0.00106327
      884     0.89074108    -0.45450948    -0.00120284    -0.00014260
      885     0.89074106    -0.45450946     0.00029360     0.00119330
      886     0.89074108    -0.45450946     0.00100829    -0.00068265
      887     0.89074108    -0.45450948    -0.00099880    -0.00068356
      888     0.89074106    -0.45450947    -0.00028481     0.00119042
      889     0.89074107    -0.45450946     0.00121265    -0.00014516
      890     0.89074108    -0.45450947    -0.00056734    -0.00107211
      891     0.89074107    -0.45450947    -0.00080173     0.00091835
      892     0.89074107    -0.45450946     0.00114263     0.00042942
      893     0.89074107    -0.45450946    -0.00000214    -0.00121872
      894     0.89074108    -0.45450946    -0.00113863     0.00043082
      895     0.89074108    -0.45450947     0.00080594     0.00090835
      896     0.89074107    -0.45450947     0.00056875    -0.00108358
      897     0.89074107    -0.45450945    -0.00121157    -0.00016606
      898     0.89074109    -0.45450947     0.00027271     0.00117389
      899     0.89074106    -0.45450948     0.00100837    -0.00069038
      900     0.89074106    -0.45450944    -0.00099430    -0.00073284
      901     0.89074110    -0.45450946    -0.00033448     0.00115338
      902     0.89074107    -0.45450949     0.00120380    -0.00012709
      903     0.89074105    -0.45450944    -0.00053128    -0.00112792
      904     0.89074110    -0.45450943    -0.00086546     0.00084211
      905     0.89074109    -0.45450950     0.00109826     0.00046647
      906     0.89074103    -0.45450946     0.00006435    -0.00124833
      907     0.89074109    -0.45450941    -0.00118417     0.00031329
      908     0.89074112    -0.45450948     0.00071435     0.00093853
      909     0.89074104    -0.45450947     0.00064093    -0.00106169
      910     0.89074107    -0.45450939    -0.00120887    -0.00029882
      911     0.89074114    -0.45450945     0.00015112     0.00116807
      912     0.89074106    -0.45450948     0.00105125    -0.00061987
      913     0.89074105    -0.45450940    -0.00093933    -0.00083792
      914     0.89074114    -0.45450941    -0.00044497     0.00110355
      915     0.89074109    -0.45450948     0.00119874    -0.00004243
      916     0.89074105    -0.45450941    -0.00045524    -0.00117448
      917     0.89074113    -0.45450939    -0.00092737     0.00077646
      918     0.89074112    -0.45450946     0.00106456     0.00052437
      919     0.89074105    -0.45450942     0.00011471    -0.00124352
      920     0.89074111    -0.45450937    -0.00119411     0.00028332
      921     0.89074113    -0.45450944     0.00070597     0.00095061
      922     0.89074106    -0.45450944     0.00063405    -0.00106452
      923     0.89074109    -0.45450937    -0.00121662    -0.00025482
      924     0.89074114    -0.45450941     0.00021886     0.00117214
      925     0.89074108    -0.45450944     0.00101202    -0.00068744
      926     0.89074108    -0.45450938    -0.00101116    -0.00072613
      927     0.89074113    -0.45450940    -0.00028898     0.00116948
      928     0.89074110    -0.45450943     0.00119579    -0.00021000
      929     0.89074108    -0.45450939    -0.00064400    -0.00105980
      930     0.89074112    -0.45450939    -0.00073273     0.00096945
      931     0.89074111    -0.45450942     0.00117797     0.00028241
      932     0.89074109    -0.45450940    -0.00018691    -0.00121886
      933     0.89074111    -0.45450939    -0.00105276     0.00061976
      934     0.89074111    -0.45450941     0.00097739     0.00071819
      935     0.89074109    -0.45450941     0.00028962    -0.00119240
      936     0.89074110    -0.45450939    -0.00121115     0.00017800
      937     0.89074111    -0.45450941     0.00063022     0.00103960
      938     0.89074110    -0.45450941     0.00071894    -0.00099002
      939     0.89074110    -0.45450940    -0.00118928    -0.00029215
      940     0.89074111    -0.45450940     0.00018703     0.00120289
      941     0.89074110    -0.45450941     0.00104020    -0.00064085
      942     0.89074110    -0.45450940    -0.00098931    -0.00072288
      943     0.89074111    -0.45450940    -0.00028829     0.00118243
      944     0.89074110    -0.45450941     0.00120425    -0.00019506
      945     0.89074110    -0.45450940    -0.00063845    -0.00104983
      946     0.89074111    -0.45450940    -0.00072471     0.00097707
      947     0.89074110    -0.45450941     0.00118207     0.00028099
      948     0.89074109    -0.45450940    -0.00018764    -0.00121964
      949     0.89074111    -0.45450939    -0.00105284     0.00061456
      950     0.89074111    -0.45450942     0.00097306     0.00071222
      951     0.89074108    -0.45450940     0.00029305    -0.00120286
      952     0.89074111    -0.45450937    -0.00121859     0.00014972
      953     0.89074113    -0.45450942     0.00060819     0.00102767
      954     0.89074107    -0.45450942     0.00072545    -0.00100165
      955     0.89074110    -0.45450935    -0.00119501    -0.00034304
      956     0.89074115    -0.45450940     0.00014734     0.00117499
      957     0.89074108    -0.45450943     0.00103842    -0.00065262
      958     0.89074108    -0.45450934    -0.00099112    -0.00078256
      959     0.89074117    -0.45450937    -0.00033030     0.00113556
      960     0.89074110    -0.45450944     0.00118597    -0.00022095
      961     0.89074106    -0.45450931    -0.00064678    -0.00111261
      962     0.89074121    -0.45450929    -0.00075516     0.00090635
      963     0.89074117    -0.45450943     0.00114517     0.00020829
      964     0.89074106    -0.45450931    -0.00025425    -0.00125757
      965     0.89074120    -0.45450925    -0.00103574     0.00062046
      966     0.89074120    -0.45450938     0.00099983     0.00057803
      967     0.89074109    -0.45450932     0.00012264    -0.00125452
      968     0.89074118    -0.45450924    -0.00118384     0.00031561
      969     0.89074121    -0.45450933     0.00079020     0.00085585
      970     0.89074112    -0.45450931     0.00044789    -0.00115454
      971     0.89074117    -0.45450924    -0.00123045     0.00001450
      972     0.89074121    -0.45450930     0.00053852     0.00104734
      973     0.89074115    -0.45450931     0.00072700    -0.00098486
      974     0.89074117    -0.45450925    -0.00119462    -0.00029809
      975     0.89074121    -0.45450929     0.00022732     0.00116472
      976     0.89074116    -0.45450931     0.00097498    -0.00072843
      977     0.89074116    -0.45450925    -0.00105360    -0.00064645
      978     0.89074122    -0.45450928    -0.00016621     0.00116959
      979     0.89074116    -0.45450932     0.00114900    -0.00037203
      980     0.89074114    -0.45450923    -0.00078450    -0.00098198
      981     0.89074123    -0.45450924    -0.00058699     0.00103572
      982     0.89074119    -0.45450931     0.00119156     0.00005989
      983     0.89074114    -0.45450924    -0.00041164    -0.00118845
      984     0.89074123    -0.45450921    -0.00091482     0.00077957
      985     0.89074121    -0.45450930     0.00109157     0.00044419
      986     0.89074113    -0.45450924    -0.00002811    -0.00125961
      987     0.89074122    -0.45450918    -0.00112884     0.00045301
      988     0.89074124    -0.45450928     0.00088523     0.00075378
      989     0.89074113    -0.45450925     0.00033662    -0.00121278
      990     0.89074121    -0.45450914    -0.00123282     0.00008645
      991     0.89074128    -0.45450925     0.00059421     0.00098234
      992     0.89074114    -0.45450925     0.00066864    -0.00105601
      993     0.89074120    -0.45450911    -0.00122271    -0.00030297
      994     0.89074131    -0.45450921     0.00022958     0.00111636
      995     0.89074117    -0.45450925     0.00094605    -0.00078750
      996     0.89074118    -0.45450907    -0.00108308    -0.00069003
      997     0.89074134    -0.45450914    -0.00018992     0.00112753
      998     0.89074121    -0.45450924     0.00112888    -0.00041150
      999     0.89074117    -0.45450905    -0.00080018    -0.00102876
     1000     0.89074136    -0.45450905    -0.00062237     0.00098257
