#    Step     Kinetic(H)     Potential(H)   Total(H)       E(0)(H)        E(1)(H)        
        0     0.00000000   -77.51568311   -77.51568311   -77.82296874   -77.51568311
        1     0.00189734   -77.51758884   -77.51569150   -77.82479721   -77.51758884
        2     0.00745737   -77.52317293   -77.51571556   -77.83014914   -77.52317293
        3     0.01630100   -77.53205312   -77.51575212   -77.83864110   -77.53205312
        4     0.02784883   -77.54364548   -77.51579665   -77.84968707   -77.54364548
        5     0.04138863   -77.55723279   -77.51584416   -77.86256642   -77.55723279
        6     0.05615078   -77.57204078   -77.51589000   -77.87649998   -77.57204078
        7     0.07137954   -77.58730998   -77.51593044   -77.89072157   -77.58730998
        8     0.08639078   -77.60235384   -77.51596306   -77.90453579   -77.60235384
        9     0.10061140   -77.61659811   -77.51598671   -77.91735736   -77.61659811
       10     0.11359975   -77.62960107   -77.51600132   -77.92873129   -77.62960107
       11     0.12504936   -77.64105702   -77.51600766   -77.93833643   -77.64105702
       12     0.13478033   -77.65078728   -77.51600695   -77.94597682   -77.65078728
       13     0.14272262   -77.65872328   -77.51600066   -77.95156505   -77.65872328
       14     0.14889547   -77.66488570   -77.51599023   -77.95510203   -77.66488570
       15     0.15338588   -77.66936295   -77.51597707   -77.95665614   -77.66936295
       16     0.15632810   -77.67229050   -77.51596240   -77.95634410   -77.67229050
       17     0.15788466   -77.67383210   -77.51594744   -77.95431524   -77.67383210
       18     0.15822796   -77.67416155   -77.51593359   -77.95074082   -77.67416155
       19     0.15751984   -77.67344258   -77.51592274   -77.94581065   -77.67344258
       20     0.00570027   -77.67180546   -77.66610519   -77.93973628   -77.67180546
       21     0.00533744   -77.67144243   -77.66610499   -77.93848650   -77.67144243
       22     0.00504022   -77.67114502   -77.66610480   -77.93725824   -77.67114502
       23     0.00481167   -77.67091626   -77.66610459   -77.93606283   -77.67091626
       24     0.00465504   -77.67075940   -77.66610436   -77.93491018   -77.67075940
       25     0.00457383   -77.67067795   -77.66610412   -77.93380874   -77.67067795
       26     0.00457176   -77.67067563   -77.66610387   -77.93276552   -77.67067563
       27     0.00465258   -77.67075621   -77.66610363   -77.93178619   -77.67075621
       28     0.00481996   -77.67092337   -77.66610341   -77.93087521   -77.67092337
       29     0.00507728   -77.67118050   -77.66610322   -77.93003584   -77.67118050
       30     0.00542747   -77.67153054   -77.66610307   -77.92927025   -77.67153054
       31     0.00587287   -77.67197583   -77.66610296   -77.92857955   -77.67197583
       32     0.00641509   -77.67251801   -77.66610292   -77.92796379   -77.67251801
       33     0.00705495   -77.67315788   -77.66610293   -77.92742199   -77.67315788
       34     0.00779234   -77.67389535   -77.66610301   -77.92695213   -77.67389535
       35     0.00862619   -77.67472934   -77.66610315   -77.92655113   -77.67472934
       36     0.00955440   -77.67565776   -77.66610336   -77.92621490   -77.67565776
       37     0.01057381   -77.67667746   -77.66610365   -77.92593831   -77.67667746
       38     0.01168019   -77.67778420   -77.66610401   -77.92571521   -77.67778420
       39     0.01286821   -77.67897264   -77.66610443   -77.92553848   -77.67897264
       40     0.00570027   -77.68023638   -77.67453611   -77.92540001   -77.68023638
       41     0.00656793   -77.68110436   -77.67453643   -77.92535092   -77.68110436
       42     0.00751799   -77.68205480   -77.67453681   -77.92535424   -77.68205480
       43     0.00854453   -77.68308178   -77.67453725   -77.92540221   -77.68308178
       44     0.00964074   -77.68417849   -77.67453775   -77.92548615   -77.68417849
       45     0.01079892   -77.68533722   -77.67453830   -77.92559655   -77.68533722
       46     0.01201053   -77.68654944   -77.67453891   -77.92572312   -77.68654944
       47     0.01326625   -77.68780581   -77.67453956   -77.92585491   -77.68780581
       48     0.01455602   -77.68909628   -77.67454026   -77.92598035   -77.68909628
       49     0.01586917   -77.69041016   -77.67454099   -77.92608738   -77.69041016
       50     0.01719449   -77.69173624   -77.67454175   -77.92616360   -77.69173624
       51     0.01852038   -77.69306292   -77.67454254   -77.92619638   -77.69306292
       52     0.01983500   -77.69437832   -77.67454332   -77.92617300   -77.69437832
       53     0.02112637   -77.69567048   -77.67454411   -77.92608082   -77.69567048
       54     0.02238262   -77.69692750   -77.67454488   -77.92590747   -77.69692750
       55     0.02359210   -77.69813774   -77.67454564   -77.92564098   -77.69813774
       56     0.02474363   -77.69928997   -77.67454634   -77.92527003   -77.69928997
       57     0.02582663   -77.70037364   -77.67454701   -77.92478408   -77.70037364
       58     0.02683138   -77.70137899   -77.67454761   -77.92417357   -77.70137899
       59     0.02774916   -77.70229729   -77.67454813   -77.92343013   -77.70229729
       60     0.00570027   -77.70312102   -77.69742075   -77.92254672   -77.70312102
       61     0.00604494   -77.70346579   -77.69742085   -77.92210590   -77.70346579
       62     0.00638652   -77.70380747   -77.69742095   -77.92163579   -77.70380747
       63     0.00672357   -77.70414460   -77.69742103   -77.92113481   -77.70414460
       64     0.00705467   -77.70447580   -77.69742113   -77.92060140   -77.70447580
       65     0.00737844   -77.70479967   -77.69742123   -77.92003403   -77.70479967
       66     0.00769354   -77.70511485   -77.69742131   -77.91943117   -77.70511485
       67     0.00799861   -77.70542001   -77.69742140   -77.91879134   -77.70542001
       68     0.00829233   -77.70571382   -77.69742149   -77.91811309   -77.70571382
       69     0.00857345   -77.70599502   -77.69742157   -77.91739502   -77.70599502
       70     0.00884073   -77.70626238   -77.69742165   -77.91663580   -77.70626238
       71     0.00909305   -77.70651477   -77.69742172   -77.91583422   -77.70651477
       72     0.00932938   -77.70675116   -77.69742178   -77.91498921   -77.70675116
       73     0.00954887   -77.70697070   -77.69742183   -77.91409989   -77.70697070
       74     0.00975083   -77.70717270   -77.69742187   -77.91316559   -77.70717270
       75     0.00993481   -77.70735670   -77.69742189   -77.91218594   -77.70735670
       76     0.01010063   -77.70752251   -77.69742188   -77.91116086   -77.70752251
       77     0.01024838   -77.70767024   -77.69742186   -77.91009064   -77.70767024
       78     0.01037847   -77.70780029   -77.69742182   -77.90897594   -77.70780029
       79     0.01049162   -77.70791338   -77.69742176   -77.90781781   -77.70791338
       80     0.00570027   -77.70801055   -77.70231028   -77.90661770   -77.70801055
       81     0.00576681   -77.70807703   -77.70231022   -77.90571117   -77.70807703
       82     0.00583545   -77.70814561   -77.70231016   -77.90478353   -77.70814561
       83     0.00590717   -77.70821727   -77.70231010   -77.90383624   -77.70821727
       84     0.00598280   -77.70829286   -77.70231006   -77.90287071   -77.70829286
       85     0.00606306   -77.70837308   -77.70231002   -77.90188829   -77.70837308
       86     0.00614845   -77.70845845   -77.70231000   -77.90089022   -77.70845845
       87     0.00623928   -77.70854928   -77.70231000   -77.89987764   -77.70854928
       88     0.00633560   -77.70864561   -77.70231001   -77.89885149   -77.70864561
       89     0.00643723   -77.70874726   -77.70231003   -77.89781259   -77.70874726
       90     0.00654368   -77.70885376   -77.70231008   -77.89676152   -77.70885376
       91     0.00665422   -77.70896436   -77.70231014   -77.89569872   -77.70896436
       92     0.00676786   -77.70907808   -77.70231022   -77.89462440   -77.70907808
       93     0.00688335   -77.70919365   -77.70231030   -77.89353862   -77.70919365
       94     0.00699922   -77.70930963   -77.70231041   -77.89244127   -77.70930963
       95     0.00711383   -77.70942435   -77.70231052   -77.89133212   -77.70942435
       96     0.00722541   -77.70953605   -77.70231064   -77.89021085   -77.70953605
       97     0.00733208   -77.70964284   -77.70231076   -77.88907710   -77.70964284
       98     0.00743194   -77.70974281   -77.70231087   -77.88793050   -77.70974281
       99     0.00752308   -77.70983407   -77.70231099   -77.88677071   -77.70983407
      100     0.00570027   -77.70991479   -77.70421452   -77.88559750   -77.70991479
      101     0.00576169   -77.70997631   -77.70421462   -77.88457137   -77.70997631
      102     0.00581557   -77.71003026   -77.70421469   -77.88353636   -77.71003026
      103     0.00586064   -77.71007540   -77.70421476   -77.88249257   -77.71007540
      104     0.00589577   -77.71011058   -77.70421481   -77.88144025   -77.71011058
      105     0.00592000   -77.71013486   -77.70421486   -77.88037984   -77.71013486
      106     0.00593258   -77.71014748   -77.70421490   -77.87931194   -77.71014748
      107     0.00593298   -77.71014789   -77.70421491   -77.87823736   -77.71014789
      108     0.00592090   -77.71013581   -77.70421491   -77.87715712   -77.71013581
      109     0.00589626   -77.71011115   -77.70421489   -77.87607242   -77.71011115
      110     0.00585922   -77.71007409   -77.70421487   -77.87498470   -77.71007409
      111     0.00581020   -77.71002502   -77.70421482   -77.87389556   -77.71002502
      112     0.00574979   -77.70996456   -77.70421477   -77.87280678   -77.70996456
      113     0.00567881   -77.70989352   -77.70421471   -77.87172031   -77.70989352
      114     0.00559826   -77.70981289   -77.70421463   -77.87063820   -77.70981289
      115     0.00550928   -77.70972383   -77.70421455   -77.86956264   -77.70972383
      116     0.00541317   -77.70962763   -77.70421446   -77.86849587   -77.70962763
      117     0.00531130   -77.70952567   -77.70421437   -77.86744020   -77.70952567
      118     0.00520517   -77.70941943   -77.70421426   -77.86639796   -77.70941943
      119     0.00509628   -77.70931045   -77.70421417   -77.86537149   -77.70931045
      120     0.00570027   -77.70920028   -77.70350001   -77.86436307   -77.70920028
      121     0.00558199   -77.70908190   -77.70349991   -77.86330514   -77.70908190
      122     0.00546382   -77.70896362   -77.70349980   -77.86226842   -77.70896362
      123     0.00534742   -77.70884712   -77.70349970   -77.86125519   -77.70884712
      124     0.00523445   -77.70873404   -77.70349959   -77.86026763   -77.70873404
      125     0.00512648   -77.70862598   -77.70349950   -77.85930784   -77.70862598
      126     0.00502505   -77.70852445   -77.70349940   -77.85837778   -77.70852445
      127     0.00493160   -77.70843092   -77.70349932   -77.85747927   -77.70843092
      128     0.00484748   -77.70834673   -77.70349925   -77.85661398   -77.70834673
      129     0.00477394   -77.70827312   -77.70349918   -77.85578342   -77.70827312
      130     0.00471210   -77.70821122   -77.70349912   -77.85498892   -77.70821122
      131     0.00466295   -77.70816201   -77.70349906   -77.85423163   -77.70816201
      132     0.00462732   -77.70812634   -77.70349902   -77.85351251   -77.70812634
      133     0.00460592   -77.70810491   -77.70349899   -77.85283230   -77.70810491
      134     0.00459927   -77.70809823   -77.70349896   -77.85219154   -77.70809823
      135     0.00460770   -77.70810665   -77.70349895   -77.85159053   -77.70810665
      136     0.00463138   -77.70813033   -77.70349895   -77.85102935   -77.70813033
      137     0.00467026   -77.70816923   -77.70349897   -77.85050783   -77.70816923
      138     0.00472409   -77.70822309   -77.70349900   -77.85002555   -77.70822309
      139     0.00479241   -77.70829145   -77.70349904   -77.84958183   -77.70829145
      140     0.00570027   -77.70837362   -77.70267335   -77.84917575   -77.70837362
      141     0.00580176   -77.70847519   -77.70267343   -77.84877360   -77.70847519
      142     0.00591352   -77.70858704   -77.70267352   -77.84840449   -77.70858704
      143     0.00603412   -77.70870774   -77.70267362   -77.84806667   -77.70870774
      144     0.00616197   -77.70883571   -77.70267374   -77.84775815   -77.70883571
      145     0.00629529   -77.70896915   -77.70267386   -77.84747680   -77.70896915
      146     0.00643216   -77.70910615   -77.70267399   -77.84722029   -77.70910615
      147     0.00657054   -77.70924467   -77.70267413   -77.84698621   -77.70924467
      148     0.00670832   -77.70938259   -77.70267427   -77.84677204   -77.70938259
      149     0.00684333   -77.70951775   -77.70267442   -77.84657525   -77.70951775
      150     0.00697341   -77.70964796   -77.70267455   -77.84639337   -77.70964796
      151     0.00709642   -77.70977112   -77.70267470   -77.84622398   -77.70977112
      152     0.00721036   -77.70988518   -77.70267482   -77.84606485   -77.70988518
      153     0.00731331   -77.70998826   -77.70267495   -77.84591399   -77.70998826
      154     0.00740359   -77.71007863   -77.70267504   -77.84576970   -77.71007863
      155     0.00747967   -77.71015481   -77.70267514   -77.84563068   -77.71015481
      156     0.00754030   -77.71021552   -77.70267522   -77.84549610   -77.71021552
      157     0.00758443   -77.71025972   -77.70267529   -77.84536567   -77.71025972
      158     0.00761123   -77.71028660   -77.70267537   -77.84523972   -77.71028660
      159     0.00762006   -77.71029549   -77.70267543   -77.84511929   -77.71029549
      160     0.00570027   -77.71028581   -77.70458554   -77.84500628   -77.71028581
      161     0.00567785   -77.71026345   -77.70458560   -77.84492022   -77.71026345
      162     0.00564365   -77.71022934   -77.70458569   -77.84485173   -77.71022934
      163     0.01014219   -77.69536501   -77.68522282   -77.85863927   -77.69536501
      164     0.01628091   -77.69019806   -77.67391715   -77.86444650   -77.69019806
      165     0.01538550   -77.68937541   -77.67398991   -77.86597521   -77.68937541
      166     0.01510260   -77.68911029   -77.67400769   -77.86699999   -77.68911029
      167     0.01513111   -77.68914602   -77.67401491   -77.86778009   -77.68914602
      168     0.01537103   -77.68938965   -77.67401862   -77.86841112   -77.68938965
      169     0.01577525   -77.68979607   -77.67402082   -77.86893979   -77.68979607
      170     0.01631715   -77.69033944   -77.67402229   -77.86939208   -77.69033944
      171     0.01697961   -77.69100298   -77.67402337   -77.86978331   -77.69100298
      172     0.01775027   -77.69177451   -77.67402424   -77.87012252   -77.69177451
      173     0.01861928   -77.69264426   -77.67402498   -77.87041467   -77.69264426
      174     0.01957806   -77.69360370   -77.67402564   -77.87066185   -77.69360370
      175     0.02061861   -77.69464490   -77.67402629   -77.87086406   -77.69464490
      176     0.02173320   -77.69576010   -77.67402690   -77.87101966   -77.69576010
      177     0.02291408   -77.69694159   -77.67402751   -77.87112581   -77.69694159
      178     0.02415347   -77.69818159   -77.67402812   -77.87117872   -77.69818159
      179     0.02544353   -77.69947226   -77.67402873   -77.87117391   -77.69947226
      180     0.00570027   -77.70080568   -77.69510541   -77.87110645   -77.70080568
      181     0.00634755   -77.70145311   -77.69510556   -77.87105438   -77.70145311
      182     0.00704048   -77.70214619   -77.69510571   -77.87098892   -77.70214619
      183     0.00777675   -77.70288263   -77.69510588   -77.87090690   -77.70288263
      184     0.00855382   -77.70365988   -77.69510606   -77.87080505   -77.70365988
      185     0.00936900   -77.70447525   -77.69510625   -77.87067998   -77.70447525
      186     0.01021946   -77.70532591   -77.69510645   -77.87052831   -77.70532591
      187     0.01110232   -77.70620896   -77.69510664   -77.87034665   -77.70620896
      188     0.01201465   -77.70712150   -77.69510685   -77.87013171   -77.70712150
      189     0.01295358   -77.70806061   -77.69510703   -77.86988026   -77.70806061
      190     0.01391626   -77.70902348   -77.69510722   -77.86958928   -77.70902348
      191     0.01489997   -77.71000738   -77.69510741   -77.86925590   -77.71000738
      192     0.01590212   -77.71100970   -77.69510758   -77.86887747   -77.71100970
      193     0.01692027   -77.71202800   -77.69510773   -77.86845158   -77.71202800
      194     0.01795215   -77.71306003   -77.69510788   -77.86797609   -77.71306003
      195     0.01899570   -77.71410372   -77.69510802   -77.86744912   -77.71410372
      196     0.02004907   -77.71515721   -77.69510814   -77.86686905   -77.71515721
      197     0.02111060   -77.71621885   -77.69510825   -77.86623455   -77.71621885
      198     0.02217888   -77.71728723   -77.69510835   -77.86554457   -77.71728723
      199     0.02325268   -77.71836111   -77.69510843   -77.86479833   -77.71836111
      200     0.00570027   -77.71943949   -77.71373922   -77.86399529   -77.71943949
      201     0.00623783   -77.71997706   -77.71373923   -77.86358444   -77.71997706
      202     0.00680471   -77.72054394   -77.71373923   -77.86315676   -77.72054394
      203     0.00740088   -77.72114012   -77.71373924   -77.86271203   -77.72114012
      204     0.00802631   -77.72176555   -77.71373924   -77.86224993   -77.72176555
      205     0.00868089   -77.72242015   -77.71373926   -77.86177007   -77.72242015
      206     0.00936451   -77.72310379   -77.71373928   -77.86127200   -77.72310379
      207     0.01007701   -77.72381630   -77.71373929   -77.86075513   -77.72381630
      208     0.01081817   -77.72455748   -77.71373931   -77.86021883   -77.72455748
      209     0.01158775   -77.72532708   -77.71373933   -77.85966238   -77.72532708
      210     0.01238544   -77.72612480   -77.71373936   -77.85908495   -77.72612480
      211     0.01321092   -77.72695030   -77.71373938   -77.85848567   -77.72695030
      212     0.01406382   -77.72780323   -77.71373941   -77.85786355   -77.72780323
      213     0.01494371   -77.72868316   -77.71373945   -77.85721757   -77.72868316
      214     0.01585016   -77.72958964   -77.71373948   -77.85654662   -77.72958964
      215     0.01678269   -77.73052221   -77.71373952   -77.85584953   -77.73052221
      216     0.01774078   -77.73148034   -77.71373956   -77.85512506   -77.73148034
      217     0.01872389   -77.73246349   -77.71373960   -77.85437193   -77.73246349
      218     0.01973145   -77.73347109   -77.71373964   -77.85358883   -77.73347109
      219     0.02076286   -77.73450254   -77.71373968   -77.85277437   -77.73450254
      220     0.00570027   -77.73555721   -77.72985694   -77.85192716   -77.73555721
      221     0.00626127   -77.73611823   -77.72985696   -77.85148007   -77.73611823
      222     0.00685428   -77.73671127   -77.72985699   -77.85102152   -77.73671127
      223     0.00747898   -77.73733599   -77.72985701   -77.85055048   -77.73733599
      224     0.00813498   -77.73799201   -77.72985703   -77.85006581   -77.73799201
      225     0.00882184   -77.73867890   -77.72985706   -77.84956629   -77.73867890
      226     0.00953907   -77.73939617   -77.72985710   -77.84905056   -77.73939617
      227     0.01028615   -77.74014329   -77.72985714   -77.84851722   -77.74014329
      228     0.01106252   -77.74091969   -77.72985717   -77.84796476   -77.74091969
      229     0.01186757   -77.74172479   -77.72985722   -77.84739165   -77.74172479
      230     0.01270069   -77.74255795   -77.72985726   -77.84679627   -77.74255795
      231     0.01356124   -77.74341854   -77.72985730   -77.84617699   -77.74341854
      232     0.01444855   -77.74430590   -77.72985735   -77.84553217   -77.74430590
      233     0.01536196   -77.74521935   -77.72985739   -77.84486012   -77.74521935
      234     0.01630079   -77.74615823   -77.72985744   -77.84415921   -77.74615823
      235     0.01726435   -77.74712184   -77.72985749   -77.84342780   -77.74712184
      236     0.01825197   -77.74810951   -77.72985754   -77.84266429   -77.74810951
      237     0.01926295   -77.74912054   -77.72985759   -77.84186713   -77.74912054
      238     0.02029661   -77.75015425   -77.72985764   -77.84103482   -77.75015425
      239     0.02135225   -77.75120993   -77.72985768   -77.84016596   -77.75120993
      240     0.00570027   -77.75228689   -77.74658662   -77.83925920   -77.75228689
      241     0.00626267   -77.75284931   -77.74658664   -77.83878398   -77.75284931
      242     0.00685344   -77.75344010   -77.74658666   -77.83829164   -77.75344010
      243     0.00747233   -77.75405900   -77.74658667   -77.83778147   -77.75405900
      244     0.00811906   -77.75470576   -77.74658670   -77.83725271   -77.75470576
      245     0.00879335   -77.75538006   -77.74658671   -77.83670463   -77.75538006
      246     0.00949484   -77.75608158   -77.74658674   -77.83613646   -77.75608158
      247     0.01022316   -77.75680994   -77.74658678   -77.83554745   -77.75680994
      248     0.01097789   -77.75756470   -77.74658681   -77.83493684   -77.75756470
      249     0.01175854   -77.75834539   -77.74658685   -77.83430386   -77.75834539
      250     0.01256456   -77.75915145   -77.74658689   -77.83364778   -77.75915145
      251     0.01339531   -77.75998225   -77.74658694   -77.83296785   -77.75998225
      252     0.01425010   -77.76083710   -77.74658700   -77.83226336   -77.76083710
      253     0.01512811   -77.76171517   -77.74658706   -77.83153361   -77.76171517
      254     0.01602842   -77.76261556   -77.74658714   -77.83077796   -77.76261556
      255     0.01694999   -77.76353721   -77.74658722   -77.82999576   -77.76353721
      256     0.01789164   -77.76447896   -77.74658732   -77.82918646   -77.76447896
      257     0.01885204   -77.76543947   -77.74658743   -77.82834956   -77.76543947
      258     0.01982967   -77.76641722   -77.74658755   -77.82748462   -77.76641722
      259     0.02082284   -77.76741053   -77.74658769   -77.82659133   -77.76741053
      260     0.00570027   -77.76841747   -77.76271720   -77.82566948   -77.76841747
      261     0.00622909   -77.76894635   -77.76271726   -77.82518393   -77.76894635
      262     0.00677980   -77.76949711   -77.76271731   -77.82468385   -77.76949711
      263     0.00735152   -77.77006890   -77.76271738   -77.82416898   -77.77006890
      264     0.00794331   -77.77066076   -77.76271745   -77.82363909   -77.77066076
      265     0.00855411   -77.77127164   -77.76271753   -77.82309394   -77.77127164
      266     0.00918273   -77.77190035   -77.76271762   -77.82253332   -77.77190035
      267     0.00982789   -77.77254561   -77.76271772   -77.82195708   -77.77254561
      268     0.01048815   -77.77320598   -77.76271783   -77.82136509   -77.77320598
      269     0.01116194   -77.77387989   -77.76271795   -77.82075733   -77.77387989
      270     0.01184754   -77.77456562   -77.76271808   -77.82013382   -77.77456562
      271     0.01254306   -77.77526129   -77.76271823   -77.81949472   -77.77526129
      272     0.01324642   -77.77596481   -77.76271839   -77.81884031   -77.77596481
      273     0.01395534   -77.77667392   -77.76271858   -77.81817101   -77.77667392
      274     0.01466733   -77.77738611   -77.76271878   -77.81748744   -77.77738611
      275     0.01537966   -77.77809866   -77.76271900   -77.81679041   -77.77809866
      276     0.01608932   -77.77880857   -77.76271925   -77.81608100   -77.77880857
      277     0.01679301   -77.77951253   -77.76271952   -77.81536057   -77.77951253
      278     0.01748711   -77.78020695   -77.76271984   -77.81463083   -77.78020695
      279     0.01816768   -77.78088785   -77.76272017   -77.81389385   -77.78088785
      280     0.00570027   -77.78155093   -77.77585066   -77.81315213   -77.78155093
      281     0.00606144   -77.78191219   -77.77585075   -77.81274100   -77.78191219
      282     0.00642626   -77.78227710   -77.77585084   -77.81232556   -77.78227710
      283     0.00679364   -77.78264456   -77.77585092   -77.81190617   -77.78264456
      284     0.00716248   -77.78301349   -77.77585101   -77.81148319   -77.78301349
      285     0.00753173   -77.78338283   -77.77585110   -77.81105697   -77.78338283
      286     0.00790035   -77.78375153   -77.77585118   -77.81062785   -77.78375153
      287     0.00826734   -77.78411860   -77.77585126   -77.81019613   -77.78411860
      288     0.00863178   -77.78448313   -77.77585135   -77.80976212   -77.78448313
      289     0.00899285   -77.78484428   -77.77585143   -77.80932604   -77.78484428
      290     0.00934982   -77.78520132   -77.77585150   -77.80888806   -77.78520132
      291     0.00970210   -77.78555367   -77.77585157   -77.80844829   -77.78555367
      292     0.01004928   -77.78590090   -77.77585162   -77.80800672   -77.78590090
      293     0.01039112   -77.78624279   -77.77585167   -77.80756325   -77.78624279
      294     0.01072762   -77.78657931   -77.77585169   -77.80711762   -77.78657931
      295     0.01105899   -77.78691070   -77.77585171   -77.80666943   -77.78691070
      296     0.01138574   -77.78723745   -77.77585171   -77.80621812   -77.78723745
      297     0.01170865   -77.78756035   -77.77585170   -77.80576293   -77.78756035
      298     0.01202881   -77.78788048   -77.77585167   -77.80530290   -77.78788048
      299     0.01234762   -77.78819924   -77.77585162   -77.80483688   -77.78819924
      300     0.00570027   -77.78851834   -77.78281807   -77.80436351   -77.78851834
      301     0.00592508   -77.78874301   -77.78281793   -77.80403851   -77.78874301
      302     0.00617169   -77.78898948   -77.78281779   -77.80370277   -77.78898948
      303     0.00644253   -77.78926019   -77.78281766   -77.80335407   -77.78926019
      304     0.00673991   -77.78955746   -77.78281755   -77.80299012   -77.78955746
      305     0.00706593   -77.78988338   -77.78281745   -77.80260861   -77.78988338
      306     0.00742244   -77.79023980   -77.78281736   -77.80220717   -77.79023980
      307     0.00781096   -77.79062826   -77.78281730   -77.80178345   -77.79062826
      308     0.00823258   -77.79104985   -77.78281727   -77.80133518   -77.79104985
      309     0.00868786   -77.79150514   -77.78281728   -77.80086017   -77.79150514
      310     0.00917657   -77.79199393   -77.78281736   -77.80035652   -77.79199393
      311     0.00969733   -77.79251489   -77.78281756   -77.79982283   -77.79251489
      312     0.01024681   -77.79306481   -77.78281800   -77.79925875   -77.79306481
      313     0.01081782   -77.79363682   -77.78281900   -77.79866652   -77.79363682
      314     0.01139383   -77.79421551   -77.78282168   -77.79805525   -77.79421551
      315     0.01192967   -77.79476019   -77.78283052   -77.79745671   -77.79476019
      316     0.01228062   -77.79513989   -77.78285927   -77.79698935   -77.79513989
      317     0.01220998   -77.79506422   -77.78285424   -77.79693525   -77.79506422
      318     0.01176221   -77.79458860   -77.78282639   -77.79727185   -77.79458860
      319     0.01121115   -77.79402946   -77.78281831   -77.79772159   -77.79402946
      320     0.00570027   -77.79351251   -77.78781224   -77.79817728   -77.79351251
      321     0.00540072   -77.79321241   -77.78781169   -77.79848943   -77.79321241
      322     0.00520589   -77.79301740   -77.78781151   -77.79877130   -77.79301740
      323     0.00511892   -77.79293047   -77.78781155   -77.79901999   -77.79293047
      324     0.00513931   -77.79295107   -77.78781176   -77.79923438   -77.79295107
      325     0.00526373   -77.79307586   -77.78781213   -77.79941460   -77.79307586
      326     0.00548613   -77.79329883   -77.78781270   -77.79956204   -77.79329883
      327     0.00579729   -77.79361083   -77.78781354   -77.79967978   -77.79361083
      328     0.00618384   -77.79399861   -77.78781477   -77.79977339   -77.79399861
      329     0.00662655   -77.79444314   -77.78781659   -77.79985238   -77.79444314
      330     0.00709786   -77.79491708   -77.78781922   -77.79993237   -77.79491708
      331     0.00755920   -77.79538196   -77.78782276   -77.80003766   -77.79538196
      332     0.00796119   -77.79578777   -77.78782658   -77.80020175   -77.79578777
      333     0.00825282   -77.79608175   -77.78782893   -77.80046004   -77.79608175
      334     0.00840089   -77.79622927   -77.78782838   -77.80083223   -77.79622927
      335     0.00840477   -77.79623050   -77.78782573   -77.80130902   -77.79623050
      336     0.00829040   -77.79611316   -77.78782276   -77.80186014   -77.79611316
      337     0.00809230   -77.79591265   -77.78782035   -77.80245218   -77.79591265
      338     0.00784107   -77.79565969   -77.78781862   -77.80305867   -77.79565969
      339     0.00755998   -77.79537740   -77.78781742   -77.80366135   -77.79537740
      340     0.00570027   -77.79508249   -77.78938222   -77.80424833   -77.79508249
      341     0.00544137   -77.79482312   -77.78938175   -77.80474637   -77.79482312
      342     0.00519397   -77.79457538   -77.78938141   -77.80521731   -77.79457538
      343     0.00496332   -77.79434450   -77.78938118   -77.80565872   -77.79434450
      344     0.00475316   -77.79413418   -77.78938102   -77.80606914   -77.79413418
      345     0.00456594   -77.79394687   -77.78938093   -77.80644783   -77.79394687
      346     0.00440305   -77.79378396   -77.78938091   -77.80679455   -77.79378396
      347     0.00426498   -77.79364591   -77.78938093   -77.80710949   -77.79364591
      348     0.00415138   -77.79353238   -77.78938100   -77.80739319   -77.79353238
      349     0.00406116   -77.79344227   -77.78938111   -77.80764649   -77.79344227
      350     0.00399257   -77.79337382   -77.78938125   -77.80787048   -77.79337382
      351     0.00394324   -77.79332467   -77.78938143   -77.80806653   -77.79332467
      352     0.00391028   -77.79329192   -77.78938164   -77.80823620   -77.79329192
      353     0.00389035   -77.79327222   -77.78938187   -77.80838131   -77.79327222
      354     0.00387973   -77.79326185   -77.78938212   -77.80850382   -77.79326185
      355     0.00387445   -77.79325683   -77.78938238   -77.80860584   -77.79325683
      356     0.00387042   -77.79325305   -77.78938263   -77.80868957   -77.79325305
      357     0.00386353   -77.79324641   -77.78938288   -77.80875724   -77.79324641
      358     0.00384986   -77.79323296   -77.78938310   -77.80881102   -77.79323296
      359     0.00382577   -77.79320906   -77.78938329   -77.80885296   -77.79320906
      360     0.00570027   -77.79317158   -77.78747131   -77.80888486   -77.79317158
      361     0.00562950   -77.79310092   -77.78747142   -77.80891622   -77.79310092
      362     0.00552729   -77.79299874   -77.78747145   -77.80894370   -77.79299874
      363     0.00539303   -77.79286442   -77.78747139   -77.80896783   -77.79286442
      364     0.00522748   -77.79269873   -77.78747125   -77.80898847   -77.79269873
      365     0.02153387   -77.80900490   -77.78747103   -77.80900490   -77.79250369
      366     0.02166852   -77.80914003   -77.78747151   -77.80914003   -77.79198764
      367     0.02201241   -77.80948475   -77.78747234   -77.80948475   -77.79131018
      368     0.02255755   -77.81003085   -77.78747330   -77.81003085   -77.79048542
      369     0.02329420   -77.81076838   -77.78747418   -77.81076838   -77.78952863
      370     0.02421296   -77.81168787   -77.78747491   -77.81168787   -77.78845432
      371     0.02530598   -77.81278145   -77.78747547   -77.81278145   -77.78727516
      372     0.02656734   -77.81404320   -77.78747586   -77.81404320   -77.78600170
      373     0.02799286   -77.81546901   -77.78747615   -77.81546901   -77.78464248
      374     0.02957986   -77.81705618   -77.78747632   -77.81705618   -77.78320433
      375     0.03132666   -77.81880310   -77.78747644   -77.81880310   -77.78169265
      376     0.03323224   -77.82070878   -77.78747654   -77.82070878   -77.78011173
      377     0.03529590   -77.82277252   -77.78747662   -77.82277252   -77.77846494
      378     0.03751699   -77.82499369   -77.78747670   -77.82499369   -77.77675496
      379     0.03989466   -77.82737148   -77.78747682   -77.82737148   -77.77498389
      380     0.00570027   -77.82990467   -77.82420440   -77.82990467   -77.77315336
      381     0.00675207   -77.83095653   -77.82420446   -77.83095653   -77.77246413
      382     0.00799332   -77.83219786   -77.82420454   -77.83219786   -77.77175924
      383     0.00942250   -77.83362720   -77.82420470   -77.83362720   -77.77103720
      384     0.01103728   -77.83524218   -77.82420490   -77.83524218   -77.77029571
      385     0.01283447   -77.83703962   -77.82420515   -77.83703962   -77.76953176
      386     0.01481005   -77.83901551   -77.82420546   -77.83901551   -77.76874169
      387     0.01695920   -77.84116501   -77.82420581   -77.84116501   -77.76792124
      388     0.01927633   -77.84348254   -77.82420621   -77.84348254   -77.76706569
      389     0.02175513   -77.84596178   -77.82420665   -77.84596178   -77.76616993
      390     0.02438861   -77.84859575   -77.82420714   -77.84859575   -77.76522859
      391     0.02716921   -77.85137686   -77.82420765   -77.85137686   -77.76423618
      392     0.03008881   -77.85429700   -77.82420819   -77.85429700   -77.76318718
      393     0.03313887   -77.85734762   -77.82420875   -77.85734762   -77.76207624
      394     0.03631046   -77.86051980   -77.82420934   -77.86051980   -77.76089827
      395     0.03959443   -77.86380436   -77.82420993   -77.86380436   -77.75964858
      396     0.04298142   -77.86719195   -77.82421053   -77.86719195   -77.75832309
      397     0.04646202   -77.87067316   -77.82421114   -77.87067316   -77.75691836
      398     0.05002685   -77.87423858   -77.82421173   -77.87423858   -77.75543179
      399     0.05366664   -77.87787896   -77.82421232   -77.87787896   -77.75386172
      400     0.00570027   -77.88158518   -77.87588491   -77.88158518   -77.75220748
      401     0.00693999   -77.88282507   -77.87588508   -77.88282507   -77.75164846
      402     0.00830232   -77.88418758   -77.87588526   -77.88418758   -77.75104020
      403     0.00978440   -77.88566986   -77.87588546   -77.88566986   -77.75038186
      404     0.01138318   -77.88726884   -77.87588566   -77.88726884   -77.74967265
      405     0.01309537   -77.88898125   -77.87588588   -77.88898125   -77.74891186
      406     0.01491752   -77.89080363   -77.87588611   -77.89080363   -77.74809885
      407     0.01684597   -77.89273232   -77.87588635   -77.89273232   -77.74723317
      408     0.01887690   -77.89476350   -77.87588660   -77.89476350   -77.74631449
      409     0.02100631   -77.89689318   -77.87588687   -77.89689318   -77.74534268
      410     0.02323007   -77.89911720   -77.87588713   -77.89911720   -77.74431784
      411     0.02554385   -77.90143127   -77.87588742   -77.90143127   -77.74324028
      412     0.02794321   -77.90383091   -77.87588770   -77.90383091   -77.74211056
      413     0.03042352   -77.90631152   -77.87588800   -77.90631152   -77.74092950
      414     0.03298002   -77.90886834   -77.87588832   -77.90886834   -77.73969818
      415     0.03560781   -77.91149645   -77.87588864   -77.91149645   -77.73841793
      416     0.03830181   -77.91419079   -77.87588898   -77.91419079   -77.73709033
      417     0.04105683   -77.91694615   -77.87588932   -77.91694615   -77.73571721
      418     0.04386749   -77.91975715   -77.87588966   -77.91975715   -77.73430062
      419     0.04672824   -77.92261828   -77.87589004   -77.92261828   -77.73284281
      420     0.00570027   -77.92552382   -77.91982355   -77.92552382   -77.73134620
      421     0.00673392   -77.92655759   -77.91982367   -77.92655759   -77.73081177
      422     0.00785068   -77.92767449   -77.91982381   -77.92767449   -77.73023576
      423     0.00904838   -77.92887234   -77.91982396   -77.92887234   -77.72961868
      424     0.01032462   -77.93014875   -77.91982413   -77.93014875   -77.72896105
      425     0.01167681   -77.93150111   -77.91982430   -77.93150111   -77.72826341
      426     0.01310215   -77.93292664   -77.91982449   -77.93292664   -77.72752632
      427     0.01459764   -77.93442233   -77.91982469   -77.93442233   -77.72675039
      428     0.01616013   -77.93598503   -77.91982490   -77.93598503   -77.72593627
      429     0.01778628   -77.93761140   -77.91982512   -77.93761140   -77.72508465
      430     0.01947257   -77.93929793   -77.91982536   -77.93929793   -77.72419629
      431     0.02121537   -77.94104097   -77.91982560   -77.94104097   -77.72327203
      432     0.02301089   -77.94283674   -77.91982585   -77.94283674   -77.72231277
      433     0.02485520   -77.94468131   -77.91982611   -77.94468131   -77.72131948
      434     0.02674428   -77.94657065   -77.91982637   -77.94657065   -77.72029319
      435     0.02867396   -77.94850061   -77.91982665   -77.94850061   -77.71923501
      436     0.03064000   -77.95046693   -77.91982693   -77.95046693   -77.71814608
      437     0.03263802   -77.95246525   -77.91982723   -77.95246525   -77.71702758
      438     0.03466358   -77.95449110   -77.91982752   -77.95449110   -77.71588068
      439     0.03671211   -77.95653994   -77.91982783   -77.95653994   -77.71470655
      440     0.00570027   -77.95860710   -77.95290683   -77.95860710   -77.71350625
      441     0.00652126   -77.95942819   -77.95290693   -77.95942819   -77.71302376
      442     0.00739246   -77.96029950   -77.95290704   -77.96029950   -77.71250686
      443     0.00831222   -77.96121937   -77.95290715   -77.96121937   -77.71195619
      444     0.00927879   -77.96218605   -77.95290726   -77.96218605   -77.71137244
      445     0.01029032   -77.96319771   -77.95290739   -77.96319771   -77.71075631
      446     0.01134488   -77.96425240   -77.95290752   -77.96425240   -77.71010854
      447     0.01244045   -77.96534811   -77.95290766   -77.96534811   -77.70942986
      448     0.01357490   -77.96648270   -77.95290780   -77.96648270   -77.70872098
      449     0.01474602   -77.96765397   -77.95290795   -77.96765397   -77.70798263
      450     0.01595151   -77.96885961   -77.95290810   -77.96885961   -77.70721547
      451     0.01718899   -77.97009725   -77.95290826   -77.97009725   -77.70642013
      452     0.01845597   -77.97136440   -77.95290843   -77.97136440   -77.70559714
      453     0.01974991   -77.97265851   -77.95290860   -77.97265851   -77.70474695
      454     0.02106820   -77.97397698   -77.95290878   -77.97397698   -77.70386989
      455     0.02240817   -77.97531712   -77.95290895   -77.97531712   -77.70296612
      456     0.02376709   -77.97667623   -77.95290914   -77.97667623   -77.70203564
      457     0.02514224   -77.97805155   -77.95290931   -77.97805155   -77.70107825
      458     0.02653088   -77.97944037   -77.95290949   -77.97944037   -77.70009346
      459     0.02793030   -77.98083997   -77.95290967   -77.98083997   -77.69908057
      460     0.00570027   -77.98224769   -77.97654742   -77.98224769   -77.69803851
      461     0.00633781   -77.98288529   -77.97654748   -77.98288529   -77.69755762
      462     0.00700603   -77.98355358   -77.97654755   -77.98355358   -77.69704683
      463     0.00770393   -77.98425154   -77.97654761   -77.98425154   -77.69650604
      464     0.00843044   -77.98497812   -77.97654768   -77.98497812   -77.69593508
      465     0.00918448   -77.98573223   -77.97654775   -77.98573223   -77.69533370
      466     0.00996494   -77.98651276   -77.97654782   -77.98651276   -77.69470152
      467     0.01077071   -77.98731860   -77.97654789   -77.98731860   -77.69403808
      468     0.01160068   -77.98814864   -77.97654796   -77.98814864   -77.69334278
      469     0.01245375   -77.98900177   -77.97654802   -77.98900177   -77.69261492
      470     0.01332884   -77.98987692   -77.97654808   -77.98987692   -77.69185365
      471     0.01422489   -77.99077303   -77.97654814   -77.99077303   -77.69105799
      472     0.01514089   -77.99168909   -77.97654820   -77.99168909   -77.69022684
      473     0.01607586   -77.99262411   -77.97654825   -77.99262411   -77.68935896
      474     0.01702884   -77.99357715   -77.97654831   -77.99357715   -77.68845302
      475     0.01799893   -77.99454728   -77.97654835   -77.99454728   -77.68750756
      476     0.01898522   -77.99553363   -77.97654841   -77.99553363   -77.68652109
      477     0.01998686   -77.99653532   -77.97654846   -77.99653532   -77.68549204
      478     0.02100296   -77.99755148   -77.97654852   -77.99755148   -77.68441884
      479     0.02203267   -77.99858123   -77.97654856   -77.99858123   -77.68329994
      480     0.00570027   -77.99962373   -77.99392346   -77.99962373   -77.68213387
      481     0.00623306   -78.00015654   -77.99392348   -78.00015654   -77.68152453
      482     0.00678887   -78.00071238   -77.99392351   -78.00071238   -77.68087913
      483     0.00736724   -78.00129078   -77.99392354   -78.00129078   -77.68019706
      484     0.00796770   -78.00189127   -77.99392357   -78.00189127   -77.67947764
      485     0.00858976   -78.00251337   -77.99392361   -78.00251337   -77.67872023
      486     0.00923296   -78.00315659   -77.99392363   -78.00315659   -77.67792416
      487     0.00989681   -78.00382046   -77.99392365   -78.00382046   -77.67708879
      488     0.01058085   -78.00450453   -77.99392368   -78.00450453   -77.67621350
      489     0.01128465   -78.00520835   -77.99392370   -78.00520835   -77.67529774
      490     0.01200781   -78.00593153   -77.99392372   -78.00593153   -77.67434101
      491     0.01274997   -78.00667371   -77.99392374   -78.00667371   -77.67334293
      492     0.01351081   -78.00743456   -77.99392375   -78.00743456   -77.67230324
      493     0.01429003   -78.00821379   -77.99392376   -78.00821379   -77.67122186
      494     0.01508736   -78.00901114   -77.99392378   -78.00901114   -77.67009896
      495     0.01590252   -78.00982632   -77.99392380   -78.00982632   -77.66893502
      496     0.01673516   -78.01065899   -77.99392383   -78.01065899   -77.66773091
      497     0.01758484   -78.01150872   -77.99392388   -78.01150872   -77.66648803
      498     0.01845090   -78.01237485   -77.99392395   -78.01237485   -77.66520843
      499     0.01933235   -78.01325641   -77.99392406   -78.01325641   -77.66389504
      500     0.00570027   -78.01415195   -78.00845168   -78.01415195   -77.66255180
      501     0.00618864   -78.01464037   -78.00845173   -78.01464037   -77.66181639
      502     0.00669581   -78.01514760   -78.00845179   -78.01514760   -77.66105140
      503     0.00722089   -78.01567277   -78.00845188   -78.01567277   -77.66025863
      504     0.00776276   -78.01621474   -78.00845198   -78.01621474   -77.65944031
      505     0.00832001   -78.01677212   -78.00845211   -78.01677212   -77.65859918
      506     0.00889086   -78.01734314   -78.00845228   -78.01734314   -77.65773859
      507     0.00947313   -78.01792561   -78.00845248   -78.01792561   -77.65686254
      508     0.01006411   -78.01851683   -78.00845272   -78.01851683   -77.65597585
      509     0.01066052   -78.01911354   -78.00845302   -78.01911354   -77.65508416
      510     0.01125842   -78.01971179   -78.00845337   -78.01971179   -77.65419407
      511     0.01185315   -78.02030693   -78.00845378   -78.02030693   -77.65331317
      512     0.01243926   -78.02089352   -78.00845426   -78.02089352   -77.65245009
      513     0.01301051   -78.02146529   -78.00845478   -78.02146529   -77.65161443
      514     0.01355984   -78.02201522   -78.00845538   -78.02201522   -77.65081676
      515     0.01407952   -78.02253554   -78.00845602   -78.02253554   -77.65006842
      516     0.01456119   -78.02301788   -78.00845669   -78.02301788   -77.64938132
      517     0.01499616   -78.02345353   -78.00845737   -78.02345353   -77.64876760
      518     0.01537562   -78.02383366   -78.00845804   -78.02383366   -77.64823922
      519     0.01569106   -78.02414972   -78.00845866   -78.02414972   -77.64780744
      520     0.00570027   -78.02439387   -78.01869360   -78.02439387   -77.64748230
      521     0.00581089   -78.02450461   -78.01869372   -78.02450461   -77.64733976
      522     0.00589581   -78.02458962   -78.01869381   -78.02458962   -77.64723465
      523     0.00595387   -78.02464775   -78.01869388   -78.02464775   -77.64716787
      524     0.00598432   -78.02467824   -78.01869392   -78.02467824   -77.64713971
      525     0.00598682   -78.02468074   -78.01869392   -78.02468074   -77.64714985
      526     0.00596151   -78.02465541   -78.01869390   -78.02465541   -77.64719734
      527     0.00590901   -78.02460284   -78.01869383   -78.02460284   -77.64728062
      528     0.00583039   -78.02452414   -78.01869375   -78.02452414   -77.64739753
      529     0.00572722   -78.02442085   -78.01869363   -78.02442085   -77.64754536
      530     0.00560149   -78.02429496   -78.01869347   -78.02429496   -77.64772091
      531     0.00545558   -78.02414888   -78.01869330   -78.02414888   -77.64792057
      532     0.00529221   -78.02398533   -78.01869312   -78.02398533   -77.64814037
      533     0.00511441   -78.02380732   -78.01869291   -78.02380732   -77.64837611
      534     0.00492538   -78.02361808   -78.01869270   -78.02361808   -77.64862340
      535     0.00472850   -78.02342098   -78.01869248   -78.02342098   -77.64887778
      536     0.00452719   -78.02321946   -78.01869227   -78.02321946   -77.64913479
      537     0.00432489   -78.02301694   -78.01869205   -78.02301694   -77.64939003
      538     0.00412493   -78.02281678   -78.01869185   -78.02281678   -77.64963925
      539     0.00393054   -78.02262220   -78.01869166   -78.02262220   -77.64987838
      540     0.00570027   -78.02243622   -78.01673595   -78.02243622   -77.65010359
      541     0.00547977   -78.02221553   -78.01673576   -78.02221553   -77.65036555
      542     0.00526588   -78.02200146   -78.01673558   -78.02200146   -77.65061317
      543     0.00506150   -78.02179692   -78.01673542   -78.02179692   -77.65084266
      544     0.00486925   -78.02160452   -78.01673527   -78.02160452   -77.65105047
      545     0.00469142   -78.02142658   -78.01673516   -78.02142658   -77.65123339
      546     0.00452998   -78.02126503   -78.01673505   -78.02126503   -77.65138852
      547     0.00438651   -78.02112148   -78.01673497   -78.02112148   -77.65151326
      548     0.00426226   -78.02099718   -78.01673492   -78.02099718   -77.65160537
      549     0.00415810   -78.02089299   -78.01673489   -78.02089299   -77.65166291
      550     0.00407454   -78.02080942   -78.01673488   -78.02080942   -77.65168429
      551     0.00401176   -78.02074664   -78.01673488   -78.02074664   -77.65166826
      552     0.00396957   -78.02070448   -78.01673491   -78.02070448   -77.65161392
      553     0.00394750   -78.02068246   -78.01673496   -78.02068246   -77.65152074
      554     0.00394476   -78.02067978   -78.01673502   -78.02067978   -77.65138858
      555     0.00396032   -78.02069542   -78.01673510   -78.02069542   -77.65121771
      556     0.00399289   -78.02072808   -78.01673519   -78.02072808   -77.65100883
      557     0.00404097   -78.02077625   -78.01673528   -78.02077625   -77.65076311
      558     0.00410288   -78.02083828   -78.01673540   -78.02083828   -77.65048217
      559     0.00417680   -78.02091232   -78.01673552   -78.02091232   -77.65016817
      560     0.00570027   -78.02099643   -78.01529616   -78.02099643   -77.64982376
      561     0.00580264   -78.02109896   -78.01529632   -78.02109896   -77.64939771
      562     0.00590383   -78.02120029   -78.01529646   -78.02120029   -77.64895208
      563     0.00600151   -78.02129812   -78.01529661   -78.02129812   -77.64849171
      564     0.00609348   -78.02139022   -78.01529674   -78.02139022   -77.64802196
      565     0.00617763   -78.02147451   -78.01529688   -78.02147451   -77.64754863
      566     0.00625204   -78.02154904   -78.01529700   -78.02154904   -77.64707791
      567     0.00631494   -78.02161205   -78.01529711   -78.02161205   -77.64661626
      568     0.00636477   -78.02166198   -78.01529721   -78.02166198   -77.64617032
      569     0.00640016   -78.02169745   -78.01529729   -78.02169745   -77.64574679
      570     0.00641994   -78.02171731   -78.01529737   -78.02171731   -77.64535227
      571     0.00642318   -78.02172061   -78.01529743   -78.02172061   -77.64499316
      572     0.00640913   -78.02170660   -78.01529747   -78.02170660   -77.64467546
      573     0.00637726   -78.02167476   -78.01529750   -78.02167476   -77.64440465
      574     0.00632720   -78.02162473   -78.01529753   -78.02162473   -77.64418555
      575     0.00625880   -78.02155634   -78.01529754   -78.02155634   -77.64402216
      576     0.00617205   -78.02146958   -78.01529753   -78.02146958   -77.64391758
      577     0.00606707   -78.02136458   -78.01529751   -78.02136458   -77.64387390
      578     0.00594416   -78.02124165   -78.01529749   -78.02124165   -77.64389211
      579     0.00580371   -78.02110116   -78.01529745   -78.02110116   -77.64397212
      580     0.00570027   -78.02094367   -78.01524340   -78.02094367   -77.64411269
      581     0.00552548   -78.02076882   -78.01524334   -78.02076882   -77.64431259
      582     0.00533474   -78.02057802   -78.01524328   -78.02057802   -77.64456793
      583     0.00512896   -78.02037216   -78.01524320   -78.02037216   -77.64487434
      584     0.00490922   -78.02015234   -78.01524312   -78.02015234   -77.64522663
      585     0.00467676   -78.01991977   -78.01524301   -78.01991977   -77.64561886
      586     0.00443300   -78.01967590   -78.01524290   -78.01967590   -77.64604454
      587     0.00417959   -78.01942237   -78.01524278   -78.01942237   -77.64649676
      588     0.00391842   -78.01916105   -78.01524263   -78.01916105   -77.64696833
      589     0.00365162   -78.01889410   -78.01524248   -78.01889410   -77.64745193
      590     0.00338165   -78.01862395   -78.01524230   -78.01862395   -77.64794027
      591     0.00311122   -78.01835333   -78.01524211   -78.01835333   -77.64842618
      592     0.00284340   -78.01808531   -78.01524191   -78.01808531   -77.64890272
      593     0.00258155   -78.01782323   -78.01524168   -78.01782323   -77.64936327
      594     0.00232933   -78.01757077   -78.01524144   -78.01757077   -77.64980158
      595     0.00209065   -78.01733183   -78.01524118   -78.01733183   -77.65021183
      596     0.00186964   -78.01711056   -78.01524092   -78.01711056   -77.65058869
      597     0.00167055   -78.01691121   -78.01524066   -78.01691121   -77.65092730
      598     0.00149766   -78.01673806   -78.01524040   -78.01673806   -77.65122339
      599     0.00135512   -78.01659528   -78.01524016   -78.01659528   -77.65147325
      600     0.00570027   -78.01648679   -78.01078652   -78.01648679   -77.65167384
      601     0.00550728   -78.01629347   -78.01078619   -78.01629347   -77.65201997
      602     0.00531726   -78.01610306   -78.01078580   -78.01610306   -77.65230848
      603     0.00513693   -78.01592232   -78.01078539   -78.01592232   -77.65253804
      604     0.00497359   -78.01575853   -78.01078494   -78.01575853   -77.65270772
      605     0.00483479   -78.01561929   -78.01078450   -78.01561929   -77.65281695
      606     0.00472801   -78.01551209   -78.01078408   -78.01551209   -77.65286561
      607     0.00466021   -78.01544393   -78.01078372   -78.01544393   -77.65285417
      608     0.00463743   -78.01542086   -78.01078343   -78.01542086   -77.65278389
      609     0.00466428   -78.01544753   -78.01078325   -78.01544753   -77.65265700
      610     0.00474360   -78.01552680   -78.01078320   -78.01552680   -77.65247695
      611     0.00487622   -78.01565949   -78.01078327   -78.01565949   -77.65224851
      612     0.00506085   -78.01584431   -78.01078346   -78.01584431   -77.65197775
      613     0.00529423   -78.01607798   -78.01078375   -78.01607798   -77.65167190
      614     0.00557135   -78.01635548   -78.01078413   -78.01635548   -77.65133908
      615     0.00588590   -78.01667045   -78.01078455   -78.01667045   -77.65098794
      616     0.00623064   -78.01701563   -78.01078499   -78.01701563   -77.65062731
      617     0.00659789   -78.01738333   -78.01078544   -78.01738333   -77.65026578
      618     0.00697987   -78.01776574   -78.01078587   -78.01776574   -77.64991144
      619     0.00736905   -78.01815531   -78.01078626   -78.01815531   -77.64957164
      620     0.00570027   -78.01854494   -78.01284467   -78.01854494   -77.64925280
      621     0.00603461   -78.01887960   -78.01284499   -78.01887960   -77.64899874
      622     0.00637040   -78.01921568   -78.01284528   -78.01921568   -77.64876481
      623     0.00670236   -78.01954791   -78.01284555   -78.01954791   -77.64855463
      624     0.00702568   -78.01987146   -78.01284578   -78.01987146   -77.64837093
      625     0.00733606   -78.02018204   -78.01284598   -78.02018204   -77.64821555
      626     0.00762974   -78.02047589   -78.01284615   -78.02047589   -77.64808948
      627     0.00790349   -78.02074977   -78.01284628   -78.02074977   -77.64799291
      628     0.00815458   -78.02100097   -78.01284639   -78.02100097   -77.64792533
      629     0.00838075   -78.02122723   -78.01284648   -78.02122723   -77.64788564
      630     0.00858020   -78.02142673   -78.01284653   -78.02142673   -77.64787227
      631     0.00875148   -78.02159805   -78.01284657   -78.02159805   -77.64788332
      632     0.00889352   -78.02174012   -78.01284660   -78.02174012   -77.64791667
      633     0.00900556   -78.02185218   -78.01284662   -78.02185218   -77.64797020
      634     0.00908712   -78.02193373   -78.01284661   -78.02193373   -77.64804183
      635     0.00913797   -78.02198457   -78.01284660   -78.02198457   -77.64812969
      636     0.00915816   -78.02200473   -78.01284657   -78.02200473   -77.64823223
      637     0.00914799   -78.02199453   -78.01284654   -78.02199453   -77.64834825
      638     0.00910805   -78.02195453   -78.01284648   -78.02195453   -77.64847696
      639     0.00903922   -78.02188563   -78.01284641   -78.02188563   -77.64861802
      640     0.00570027   -78.02178904   -78.01608877   -78.02178904   -77.64877151
      641     0.00560771   -78.02169638   -78.01608867   -78.02169638   -77.64890305
      642     0.00550644   -78.02159502   -78.01608858   -78.02159502   -77.64904299
      643     0.00539810   -78.02148658   -78.01608848   -78.02148658   -77.64919217
      644     0.00528445   -78.02137281   -78.01608836   -78.02137281   -77.64935146
      645     0.00516730   -78.02125555   -78.01608825   -78.02125555   -77.64952171
      646     0.00504851   -78.02113664   -78.01608813   -78.02113664   -77.64970371
      647     0.00492994   -78.02101796   -78.01608802   -78.02101796   -77.64989806
      648     0.00481338   -78.02090130   -78.01608792   -78.02090130   -77.65010522
      649     0.00470055   -78.02078837   -78.01608782   -78.02078837   -77.65032534
      650     0.00459299   -78.02068073   -78.01608774   -78.02068073   -77.65055832
      651     0.00449209   -78.02057976   -78.01608767   -78.02057976   -77.65080371
      652     0.00439898   -78.02048660   -78.01608762   -78.02048660   -77.65106070
      653     0.00431457   -78.02040214   -78.01608757   -78.02040214   -77.65132813
      654     0.00423946   -78.02032703   -78.01608757   -78.02032703   -77.65160445
      655     0.00417402   -78.02026158   -78.01608756   -78.02026158   -77.65188778
      656     0.00411832   -78.02020589   -78.01608757   -78.02020589   -77.65217585
      657     0.00407215   -78.02015976   -78.01608761   -78.02015976   -77.65246613
      658     0.00403510   -78.02012275   -78.01608765   -78.02012275   -77.65275578
      659     0.00400655   -78.02009425   -78.01608770   -78.02009425   -77.65304175
      660     0.00570027   -78.02007346   -78.01437319   -78.02007346   -77.65332078
      661     0.00567826   -78.02005154   -78.01437328   -78.02005154   -77.65364327
      662     0.00565284   -78.02002619   -78.01437335   -78.02002619   -77.65395174
      663     0.00562293   -78.01999635   -78.01437342   -78.01999635   -77.65424231
      664     0.00558764   -78.01996112   -78.01437348   -78.01996112   -77.65451123
      665     0.00554635   -78.01991986   -78.01437351   -78.01991986   -77.65475488
      666     0.00549869   -78.01987221   -78.01437352   -78.01987221   -77.65496982
      667     0.00544462   -78.01981813   -78.01437351   -78.01981813   -77.65515280
      668     0.00538444   -78.01975792   -78.01437348   -78.01975792   -77.65530077
      669     0.00531882   -78.01969225   -78.01437343   -78.01969225   -77.65541089
      670     0.00524878   -78.01962213   -78.01437335   -78.01962213   -77.65548050
      671     0.00517571   -78.01954896   -78.01437325   -78.01954896   -77.65550716
      672     0.00510135   -78.01947449   -78.01437314   -78.01947449   -77.65548857
      673     0.00502780   -78.01940080   -78.01437300   -78.01940080   -77.65542260
      674     0.00495745   -78.01933029   -78.01437284   -78.01933029   -77.65530723
      675     0.00489297   -78.01926564   -78.01437267   -78.01926564   -77.65514060
      676     0.00483726   -78.01920974   -78.01437248   -78.01920974   -77.65492096
      677     0.00479339   -78.01916568   -78.01437229   -78.01916568   -77.65464675
      678     0.00476453   -78.01913662   -78.01437209   -78.01913662   -77.65431658
      679     0.00475385   -78.01912575   -78.01437190   -78.01912575   -77.65392934
      680     0.00570027   -78.01913613   -78.01343586   -78.01913613   -77.65348432
      681     0.00573494   -78.01917063   -78.01343569   -78.01917063   -77.65293457
      682     0.00579227   -78.01922782   -78.01343555   -78.01922782   -77.65232281
      683     0.00587449   -78.01930994   -78.01343545   -78.01930994   -77.65165059
      684     0.00598314   -78.01941856   -78.01343542   -78.01941856   -77.65092075
      685     0.00611885   -78.01955431   -78.01343546   -78.01955431   -77.65013769
      686     0.00628113   -78.01971672   -78.01343559   -78.01971672   -77.64930767
      687     0.00646821   -78.01990404   -78.01343583   -78.01990404   -77.64843906
      688     0.00667690   -78.02011307   -78.01343617   -78.02011307   -77.64754249
      689     0.00690251   -78.02033913   -78.01343662   -78.02033913   -77.64663095
      690     0.00713891   -78.02057608   -78.01343717   -78.02057608   -77.64571968
      691     0.00737865   -78.02081645   -78.01343780   -78.02081645   -77.64482596
      692     0.00761317   -78.02105166   -78.01343849   -78.02105166   -77.64396866
      693     0.00783315   -78.02127237   -78.01343922   -78.02127237   -77.64316764
      694     0.00802896   -78.02146890   -78.01343994   -78.02146890   -77.64244293
      695     0.00819113   -78.02163174   -78.01344061   -78.02163174   -77.64181385
      696     0.00831095   -78.02175213   -78.01344118   -78.02175213   -77.64129788
      697     0.00838095   -78.02182259   -78.01344164   -78.02182259   -77.64090972
      698     0.00839548   -78.02183742   -78.01344194   -78.02183742   -77.64066032
      699     0.00835098   -78.02179305   -78.01344207   -78.02179305   -77.64055606
      700     0.00570027   -78.02168829   -78.01598802   -78.02168829   -77.64059838
      701     0.00557359   -78.02156146   -78.01598787   -78.02156146   -77.64074559
      702     0.00541927   -78.02140692   -78.01598765   -78.02140692   -77.64099097
      703     0.00524073   -78.02122812   -78.01598739   -78.02122812   -77.64132439
      704     0.00504201   -78.02102910   -78.01598709   -78.02102910   -77.64173323
      705     0.00482756   -78.02081435   -78.01598679   -78.02081435   -77.64220295
      706     0.00460210   -78.02058857   -78.01598647   -78.02058857   -77.64271768
      707     0.00437047   -78.02035663   -78.01598616   -78.02035663   -77.64326076
      708     0.00413754   -78.02012340   -78.01598586   -78.02012340   -77.64381528
      709     0.00390817   -78.01989372   -78.01598555   -78.01989372   -77.64436464
      710     0.00368712   -78.01967238   -78.01598526   -78.01967238   -77.64489297
      711     0.00347905   -78.01946404   -78.01598499   -78.01946404   -77.64538554
      712     0.00328845   -78.01927317   -78.01598472   -78.01927317   -77.64582912
      713     0.00311957   -78.01910406   -78.01598449   -78.01910406   -77.64621233
      714     0.00297638   -78.01896065   -78.01598427   -78.01896065   -77.64652582
      715     0.00286242   -78.01884650   -78.01598408   -78.01884650   -77.64676255
      716     0.00278075   -78.01876469   -78.01598394   -78.01876469   -77.64691791
      717     0.00273387   -78.01871770   -78.01598383   -78.01871770   -77.64698977
      718     0.00272361   -78.01870737   -78.01598376   -78.01870737   -77.64697854
      719     0.00275112   -78.01873484   -78.01598372   -78.01873484   -77.64688707
      720     0.00570027   -78.01880056   -78.01310029   -78.01880056   -77.64672048
      721     0.00582422   -78.01892451   -78.01310029   -78.01892451   -77.64639291
      722     0.00595472   -78.01905498   -78.01310026   -78.01905498   -77.64599290
      723     0.00609194   -78.01919214   -78.01310020   -78.01919214   -77.64553408
      724     0.00623645   -78.01933657   -78.01310012   -78.01933657   -77.64503134
      725     0.00638914   -78.01948917   -78.01310003   -78.01948917   -77.64450050
      726     0.00655108   -78.01965102   -78.01309994   -78.01965102   -77.64395779
      727     0.00672339   -78.01982324   -78.01309985   -78.01982324   -77.64341952
      728     0.00690707   -78.02000684   -78.01309977   -78.02000684   -77.64290147
      729     0.00710283   -78.02020255   -78.01309972   -78.02020255   -77.64241855
      730     0.00731097   -78.02041067   -78.01309970   -78.02041067   -77.64198425
      731     0.00753124   -78.02063097   -78.01309973   -78.02063097   -77.64161026
      732     0.00776274   -78.02086253   -78.01309979   -78.02086253   -77.64130612
      733     0.00800385   -78.02110376   -78.01309991   -78.02110376   -77.64107893
      734     0.00825223   -78.02135230   -78.01310007   -78.02135230   -77.64093315
      735     0.00850477   -78.02160504   -78.01310027   -78.02160504   -77.64087055
      736     0.00875769   -78.02185820   -78.01310051   -78.02185820   -77.64089025
      737     0.00900662   -78.02210739   -78.01310077   -78.02210739   -77.64098887
      738     0.00924666   -78.02234772   -78.01310106   -78.02234772   -77.64116078
      739     0.00947255   -78.02257391   -78.01310136   -78.02257391   -77.64139848
      740     0.00570027   -78.02278049   -78.01708022   -78.02278049   -77.64169296
      741     0.00584909   -78.02292961   -78.01708052   -78.02292961   -77.64195701
      742     0.00599362   -78.02307444   -78.01708082   -78.02307444   -77.64225363
      743     0.00612872   -78.02320985   -78.01708113   -78.02320985   -77.64257496
      744     0.00624926   -78.02333068   -78.01708142   -78.02333068   -77.64291296
      745     0.00635030   -78.02343200   -78.01708170   -78.02343200   -77.64325967
      746     0.00642722   -78.02350916   -78.01708194   -78.02350916   -77.64360746
      747     0.00647590   -78.02355805   -78.01708215   -78.02355805   -77.64394923
      748     0.00649286   -78.02357517   -78.01708231   -78.02357517   -77.64427862
      749     0.00647530   -78.02355773   -78.01708243   -78.02355773   -77.64459007
      750     0.00642127   -78.02350376   -78.01708249   -78.02350376   -77.64487896
      751     0.00632966   -78.02341215   -78.01708249   -78.02341215   -77.64514163
      752     0.00620024   -78.02328269   -78.01708245   -78.02328269   -77.64537535
      753     0.00603372   -78.02311606   -78.01708234   -78.02311606   -77.64557836
      754     0.00583166   -78.02291385   -78.01708219   -78.02291385   -77.64574973
      755     0.00559648   -78.02267847   -78.01708199   -78.02267847   -77.64588939
      756     0.00533143   -78.02241317   -78.01708174   -78.02241317   -77.64599795
      757     0.00504048   -78.02212193   -78.01708145   -78.02212193   -77.64607667
      758     0.00472831   -78.02180944   -78.01708113   -78.02180944   -77.64612732
      759     0.00440018   -78.02148094   -78.01708076   -78.02148094   -77.64615214
      760     0.00570027   -78.02114222   -78.01544195   -78.02114222   -77.64615366
      761     0.00528772   -78.02072921   -78.01544149   -78.02072921   -77.64612918
      762     0.00486421   -78.02030519   -78.01544098   -78.02030519   -77.64608021
      763     0.00443791   -78.01987838   -78.01544047   -78.01987838   -77.64601083
      764     0.00401739   -78.01945731   -78.01543992   -78.01945731   -77.64592518
      765     0.00361142   -78.01905080   -78.01543938   -78.01905080   -77.64582742
      766     0.00322886   -78.01866771   -78.01543885   -78.01866771   -77.64572157
      767     0.00287843   -78.01831675   -78.01543832   -78.01831675   -77.64561148
      768     0.00256850   -78.01800634   -78.01543784   -78.01800634   -77.64550079
      769     0.00230689   -78.01774430   -78.01543741   -78.01774430   -77.64539281
      770     0.00210058   -78.01753762   -78.01543704   -78.01753762   -77.64529059
      771     0.00195548   -78.01739222   -78.01543674   -78.01739222   -77.64519684
      772     0.00187617   -78.01731272   -78.01543655   -78.01731272   -77.64511398
      773     0.00186575   -78.01730221   -78.01543646   -78.01730221   -77.64504404
      774     0.00192562   -78.01736211   -78.01543649   -78.01736211   -77.64498873
      775     0.00205545   -78.01749207   -78.01543662   -78.01749207   -77.64494931
      776     0.00225311   -78.01768996   -78.01543685   -78.01768996   -77.64492659
      777     0.00251476   -78.01795196   -78.01543720   -78.01795196   -77.64492082
      778     0.00283497   -78.01827259   -78.01543762   -78.01827259   -77.64493162
      779     0.00320687   -78.01864500   -78.01543813   -78.01864500   -77.64495792
      780     0.00570027   -78.01906109   -78.01336082   -78.01906109   -77.64499792
      781     0.00625312   -78.01961468   -78.01336156   -78.01961468   -77.64505917
      782     0.00681388   -78.02017617   -78.01336229   -78.02017617   -77.64512429
      783     0.00737071   -78.02073372   -78.01336301   -78.02073372   -77.64518832
      784     0.00791201   -78.02127571   -78.01336370   -78.02127571   -77.64524585
      785     0.00842669   -78.02179103   -78.01336434   -78.02179103   -77.64529129
      786     0.00890435   -78.02226928   -78.01336493   -78.02226928   -77.64531909
      787     0.00933553   -78.02270098   -78.01336545   -78.02270098   -77.64532403
      788     0.00971188   -78.02307778   -78.01336590   -78.02307778   -77.64530146
      789     0.01002633   -78.02339258   -78.01336625   -78.02339258   -77.64524752
      790     0.01027319   -78.02363971   -78.01336652   -78.02363971   -77.64515945
      791     0.01044829   -78.02381498   -78.01336669   -78.02381498   -77.64503571
      792     0.01054902   -78.02391578   -78.01336676   -78.02391578   -77.64487618
      793     0.01057437   -78.02394111   -78.01336674   -78.02394111   -77.64468224
      794     0.01052492   -78.02389154   -78.01336662   -78.02389154   -77.64445686
      795     0.01040283   -78.02376924   -78.01336641   -78.02376924   -77.64420455
      796     0.01021171   -78.02357783   -78.01336612   -78.02357783   -77.64393133
      797     0.00995655   -78.02332231   -78.01336576   -78.02332231   -77.64364454
      798     0.00964356   -78.02300890   -78.01336534   -78.02300890   -77.64335268
      799     0.00927998   -78.02264484   -78.01336486   -78.02264484   -77.64306513
      800     0.00570027   -78.02223825   -78.01653798   -78.02223825   -77.64279185
      801     0.00535735   -78.02189487   -78.01653752   -78.02189487   -77.64259445
      802     0.00501395   -78.02155104   -78.01653709   -78.02155104   -77.64242795
      803     0.00467740   -78.02121408   -78.01653668   -78.02121408   -77.64229844
      804     0.00435455   -78.02089087   -78.01653632   -78.02089087   -77.64221092
      805     0.00405159   -78.02058759   -78.01653600   -78.02058759   -77.64216906
      806     0.00377394   -78.02030969   -78.01653575   -78.02030969   -77.64217499
      807     0.00352616   -78.02006171   -78.01653555   -78.02006171   -77.64222920
      808     0.00331188   -78.01984729   -78.01653541   -78.01984729   -77.64233039
      809     0.00313385   -78.01966917   -78.01653532   -78.01966917   -77.64247548
      810     0.00299390   -78.01952918   -78.01653528   -78.01952918   -77.64265964
      811     0.00289309   -78.01942838   -78.01653529   -78.01942838   -77.64287640
      812     0.00283180   -78.01936713   -78.01653533   -78.01936713   -77.64311778
      813     0.00280982   -78.01934521   -78.01653539   -78.01934521   -77.64337454
      814     0.00282653   -78.01936200   -78.01653547   -78.01936200   -77.64363641
      815     0.00288099   -78.01941656   -78.01653557   -78.01941656   -77.64389240
      816     0.00297206   -78.01950772   -78.01653566   -78.01950772   -77.64413116
      817     0.00309843   -78.01963419   -78.01653576   -78.01963419   -77.64434131
      818     0.00325861   -78.01979448   -78.01653587   -78.01979448   -77.64451191
      819     0.00345088   -78.01998687   -78.01653599   -78.01998687   -77.64463287
      820     0.00570027   -78.02020928   -78.01450901   -78.02020928   -77.64469542
      821     0.00599749   -78.02050670   -78.01450921   -78.02050670   -77.64469072
      822     0.00629772   -78.02080714   -78.01450942   -78.02080714   -77.64459649
      823     0.00659705   -78.02110673   -78.01450968   -78.02110673   -77.64441011
      824     0.00689081   -78.02140083   -78.01451002   -78.02140083   -77.64413253
      825     0.00717324   -78.02168369   -78.01451045   -78.02168369   -77.64376859
      826     0.00743722   -78.02194820   -78.01451098   -78.02194820   -77.64332720
      827     0.00767423   -78.02218583   -78.01451160   -78.02218583   -77.64282131
      828     0.00787450   -78.02238681   -78.01451231   -78.02238681   -77.64226758
      829     0.00802743   -78.02254046   -78.01451303   -78.02254046   -77.64168575
      830     0.00812216   -78.02263589   -78.01451373   -78.02263589   -77.64109783
      831     0.00814835   -78.02266271   -78.01451436   -78.02266271   -77.64052702
      832     0.00809705   -78.02261190   -78.01451485   -78.02261190   -77.63999648
      833     0.00796162   -78.02247676   -78.01451514   -78.02247676   -77.63952809
      834     0.00773855   -78.02225372   -78.01451517   -78.02225372   -77.63914112
      835     0.00742825   -78.02194316   -78.01451491   -78.02194316   -77.63885116
      836     0.00703557   -78.02154990   -78.01451433   -78.02154990   -77.63866907
      837     0.00657014   -78.02108358   -78.01451344   -78.02108358   -77.63860038
      838     0.00604636   -78.02055861   -78.01451225   -78.02055861   -77.63864495
      839     0.00548303   -78.01999383   -78.01451080   -78.01999383   -77.63879703
      840     0.00570027   -78.01941179   -78.01371152   -78.01941179   -77.63904581
      841     0.00507756   -78.01878720   -78.01370964   -78.01878720   -77.63940367
      842     0.00448120   -78.01818897   -78.01370777   -78.01818897   -77.63983294
      843     0.00393960   -78.01764567   -78.01370607   -78.01764567   -77.64031219
      844     0.00347859   -78.01718327   -78.01370468   -78.01718327   -77.64082063
      845     0.00311914   -78.01682287   -78.01370373   -78.01682287   -77.64134018
      846     0.00287562   -78.01657891   -78.01370329   -78.01657891   -77.64185717
      847     0.00275493   -78.01645825   -78.01370332   -78.01645825   -77.64236317
      848     0.00275664   -78.01646040   -78.01370376   -78.01646040   -77.64285471
      849     0.00287412   -78.01657860   -78.01370448   -78.01657860   -77.64333216
      850     0.00309613   -78.01680150   -78.01370537   -78.01680150   -77.64379819
      851     0.00340849   -78.01711483   -78.01370634   -78.01711483   -77.64425617
      852     0.00379547   -78.01750278   -78.01370731   -78.01750278   -77.64470898
      853     0.00424083   -78.01794911   -78.01370828   -78.01794911   -77.64515821
      854     0.00472849   -78.01843769   -78.01370920   -78.01843769   -77.64560381
      855     0.00524294   -78.01895300   -78.01371006   -78.01895300   -77.64604406
      856     0.00576944   -78.01948031   -78.01371087   -78.01948031   -77.64647566
      857     0.00629421   -78.02000581   -78.01371160   -78.02000581   -77.64689405
      858     0.00680447   -78.02051675   -78.01371228   -78.02051675   -77.64729374
      859     0.00728858   -78.02100146   -78.01371288   -78.02100146   -77.64766865
      860     0.00570027   -78.02144953   -78.01574926   -78.02144953   -77.64801243
      861     0.00605192   -78.02180161   -78.01574969   -78.02180161   -77.64827664
      862     0.00637082   -78.02212087   -78.01575005   -78.02212087   -77.64850661
      863     0.00665089   -78.02240122   -78.01575033   -78.02240122   -77.64869848
      864     0.00688722   -78.02263776   -78.01575054   -78.02263776   -77.64884895
      865     0.00707614   -78.02282681   -78.01575067   -78.02282681   -77.64895547
      866     0.00721528   -78.02296601   -78.01575073   -78.02296601   -77.64901637
      867     0.00730362   -78.02305431   -78.01575069   -78.02305431   -77.64903097
      868     0.00734140   -78.02309199   -78.01575059   -78.02309199   -77.64899970
      869     0.00733021   -78.02308061   -78.01575040   -78.02308061   -77.64892407
      870     0.00727283   -78.02302297   -78.01575014   -78.02302297   -77.64880675
      871     0.00717319   -78.02292302   -78.01574983   -78.02292302   -77.64865147
      872     0.00703623   -78.02278569   -78.01574946   -78.02278569   -77.64846299
      873     0.00686775   -78.02261679   -78.01574904   -78.02261679   -77.64824699
      874     0.00667423   -78.02242282   -78.01574859   -78.02242282   -77.64800986
      875     0.00646261   -78.02221075   -78.01574814   -78.02221075   -77.64775863
      876     0.00624012   -78.02198780   -78.01574768   -78.02198780   -77.64750066
      877     0.00601399   -78.02176123   -78.01574724   -78.02176123   -77.64724349
      878     0.00579128   -78.02153809   -78.01574681   -78.02153809   -77.64699458
      879     0.00557861   -78.02132505   -78.01574644   -78.02132505   -77.64676108
      880     0.00570027   -78.02112809   -78.01542782   -78.02112809   -77.64654961
      881     0.00551864   -78.02094618   -78.01542754   -78.02094618   -77.64636031
      882     0.00536099   -78.02078832   -78.01542733   -78.02078832   -77.64620403
      883     0.00523065   -78.02065784   -78.01542719   -78.02065784   -77.64608482
      884     0.00512981   -78.02055694   -78.01542713   -78.02055694   -77.64600551
      885     0.00505951   -78.02048665   -78.01542714   -78.02048665   -77.64596770
      886     0.00501965   -78.02044687   -78.01542722   -78.02044687   -77.64597171
      887     0.00500904   -78.02043640   -78.01542736   -78.02043640   -77.64601660
      888     0.00502552   -78.02045306   -78.01542754   -78.02045306   -77.64610024
      889     0.00506607   -78.02049384   -78.01542777   -78.02049384   -77.64621941
      890     0.00512700   -78.02055504   -78.01542804   -78.02055504   -77.64636995
      891     0.00520412   -78.02063244   -78.01542832   -78.02063244   -77.64654691
      892     0.00529289   -78.02072150   -78.01542861   -78.02072150   -77.64674473
      893     0.00538866   -78.02081756   -78.01542890   -78.02081756   -77.64695747
      894     0.00548683   -78.02091599   -78.01542916   -78.02091599   -77.64717893
      895     0.00558296   -78.02101237   -78.01542941   -78.02101237   -77.64740289
      896     0.00567297   -78.02110261   -78.01542964   -78.02110261   -77.64762324
      897     0.00575325   -78.02118307   -78.01542982   -78.02118307   -77.64783411
      898     0.00582069   -78.02125066   -78.01542997   -78.02125066   -77.64803004
      899     0.00587281   -78.02130289   -78.01543008   -78.02130289   -77.64820603
      900     0.00570027   -78.02133788   -78.01563761   -78.02133788   -77.64835762
      901     0.00571714   -78.02135478   -78.01563764   -78.02135478   -77.64847898
      902     0.00571662   -78.02135426   -78.01563764   -78.02135426   -77.64856980
      903     0.00569866   -78.02133627   -78.01563761   -78.02133627   -77.64862738
      904     0.00566375   -78.02130129   -78.01563754   -78.02130129   -77.64864961
      905     0.00561284   -78.02125029   -78.01563745   -78.02125029   -77.64863490
      906     0.00554731   -78.02118465   -78.01563734   -78.02118465   -77.64858220
      907     0.00546891   -78.02110612   -78.01563721   -78.02110612   -77.64849091
      908     0.00537969   -78.02101675   -78.01563706   -78.02101675   -77.64836091
      909     0.00528192   -78.02091884   -78.01563692   -78.02091884   -77.64819252
      910     0.00517808   -78.02081484   -78.01563676   -78.02081484   -77.64798649
      911     0.00507072   -78.02070732   -78.01563660   -78.02070732   -77.64774399
      912     0.00496245   -78.02059889   -78.01563644   -78.02059889   -77.64746664
      913     0.00485585   -78.02049214   -78.01563629   -78.02049214   -77.64715652
      914     0.00475341   -78.02038957   -78.01563616   -78.02038957   -77.64681621
      915     0.00465747   -78.02029350   -78.01563603   -78.02029350   -77.64644879
      916     0.00457015   -78.02020607   -78.01563592   -78.02020607   -77.64605790
      917     0.00449332   -78.02012916   -78.01563584   -78.02012916   -77.64564773
      918     0.00442858   -78.02006434   -78.01563576   -78.02006434   -77.64522304
      919     0.00437718   -78.02001290   -78.01563572   -78.02001290   -77.64478909
      920     0.00570027   -78.01997578   -78.01427551   -78.01997578   -77.64435159
      921     0.00566895   -78.01994445   -78.01427550   -78.01994445   -77.64385106
      922     0.00564333   -78.01991883   -78.01427550   -78.01991883   -77.64335667
      923     0.00562380   -78.01989929   -78.01427549   -78.01989929   -77.64287595
      924     0.00561080   -78.01988627   -78.01427547   -78.01988627   -77.64241640
      925     0.00560487   -78.01988031   -78.01427544   -78.01988031   -77.64198524
      926     0.00560667   -78.01988207   -78.01427540   -78.01988207   -77.64158917
      927     0.00561696   -78.01989232   -78.01427536   -78.01989232   -77.64123409
      928     0.00563655   -78.01991186   -78.01427531   -78.01991186   -77.64092485
      929     0.00566624   -78.01994151   -78.01427527   -78.01994151   -77.64066512
      930     0.00570668   -78.01998193   -78.01427525   -78.01998193   -77.64045715
      931     0.00575828   -78.02003352   -78.01427524   -78.02003352   -77.64030174
      932     0.00582105   -78.02009632   -78.01427527   -78.02009632   -77.64019816
      933     0.00589448   -78.02016982   -78.01427534   -78.02016982   -77.64014417
      934     0.00597743   -78.02025289   -78.01427546   -78.02025289   -77.64013611
      935     0.00606807   -78.02034369   -78.01427562   -78.02034369   -77.64016904
      936     0.00616379   -78.02043962   -78.01427583   -78.02043962   -77.64023685
      937     0.00626126   -78.02053736   -78.01427610   -78.02053736   -77.64033255
      938     0.00635649   -78.02063288   -78.01427639   -78.02063288   -77.64044847
      939     0.00644490   -78.02072162   -78.01427672   -78.02072162   -77.64057652
      940     0.00570027   -78.02079858   -78.01509831   -78.02079858   -77.64070845
      941     0.00575899   -78.02085762   -78.01509863   -78.02085762   -77.64082861
      942     0.00580294   -78.02090188   -78.01509894   -78.02090188   -77.64093896
      943     0.00582747   -78.02092670   -78.01509923   -78.02092670   -77.64103248
      944     0.00582832   -78.02092780   -78.01509948   -78.02092780   -77.64110276
      945     0.00580183   -78.02090151   -78.01509968   -78.02090151   -77.64114419
      946     0.00574514   -78.02084497   -78.01509983   -78.02084497   -77.64115208
      947     0.00565644   -78.02075633   -78.01509989   -78.02075633   -77.64112274
      948     0.00553506   -78.02063493   -78.01509987   -78.02063493   -77.64105352
      949     0.00538166   -78.02048144   -78.01509978   -78.02048144   -77.64094282
      950     0.00519833   -78.02029791   -78.01509958   -78.02029791   -77.64079006
      951     0.00498861   -78.02008790   -78.01509929   -78.02008790   -77.64059557
      952     0.00475753   -78.01985645   -78.01509892   -78.01985645   -77.64036046
      953     0.00451164   -78.01961009   -78.01509845   -78.01961009   -77.64008651
      954     0.00425888   -78.01935678   -78.01509790   -78.01935678   -77.63977593
      955     0.00400854   -78.01910581   -78.01509727   -78.01910581   -77.63943123
      956     0.00377106   -78.01886763   -78.01509657   -78.01886763   -77.63905499
      957     0.00355779   -78.01865363   -78.01509584   -78.01865363   -77.63864981
      958     0.00338062   -78.01847572   -78.01509510   -78.01847572   -77.63821824
      959     0.00325148   -78.01834586   -78.01509438   -78.01834586   -77.63776294
      960     0.00570027   -78.01827534   -78.01257507   -78.01827534   -77.63728699
      961     0.00567999   -78.01825439   -78.01257440   -78.01825439   -77.63662494
      962     0.00572430   -78.01829826   -78.01257396   -78.01829826   -77.63594255
      963     0.00583972   -78.01841360   -78.01257388   -78.01841360   -77.63525025
      964     0.00602730   -78.01860158   -78.01257428   -78.01860158   -77.63456259
      965     0.00628123   -78.01885643   -78.01257520   -78.01885643   -77.63389928
      966     0.00658828   -78.01916489   -78.01257661   -78.01916489   -77.63328530
      967     0.00692811   -78.01950655   -78.01257844   -78.01950655   -77.63275015
      968     0.00727481   -78.01985535   -78.01258054   -78.01985535   -77.63232600
      969     0.00759921   -78.02018191   -78.01258270   -78.02018191   -77.63204509
      970     0.00787175   -78.02045650   -78.01258475   -78.02045650   -77.63193668
      971     0.00806579   -78.02065222   -78.01258643   -78.02065222   -77.63202387
      972     0.00816097   -78.02074850   -78.01258753   -78.02074850   -77.63232049
      973     0.00814693   -78.02073474   -78.01258781   -78.02073474   -77.63282781
      974     0.00802762   -78.02061452   -78.01258690   -78.02061452   -77.63353108
      975     0.00782646   -78.02041087   -78.01258441   -78.02041087   -77.63439504
      976     0.00759237   -78.02017230   -78.01257993   -78.02017230   -77.63535859
      977     0.00740283   -78.01997668   -78.01257385   -78.01997668   -77.63633135
      978     0.00735326   -78.01992182   -78.01256856   -78.01992182   -77.63720295
      979     0.00752045   -78.02008812   -78.01256767   -78.02008812   -77.63787945
      980     0.00570027   -78.02048933   -78.01478906   -78.02048933   -77.63833140
      981     0.00620806   -78.02100222   -78.01479416   -78.02100222   -77.63854911
      982     0.00683127   -78.02162992   -78.01479865   -78.02162992   -77.63865543
      983     0.00749295   -78.02229463   -78.01480168   -78.02229463   -77.63871179
      984     0.00813497   -78.02293844   -78.01480347   -78.02293844   -77.63876074
      985     0.00871865   -78.02352305   -78.01480440   -78.02352305   -77.63882692
      986     0.00922003   -78.02402481   -78.01480478   -78.02402481   -77.63892232
      987     0.00962545   -78.02443023   -78.01480478   -78.02443023   -77.63905087
      988     0.00992838   -78.02473292   -78.01480454   -78.02473292   -77.63921159
      989     0.01012743   -78.02493156   -78.01480413   -78.02493156   -77.63940064
      990     0.01022497   -78.02502856   -78.01480359   -78.02502856   -77.63961265
      991     0.01022619   -78.02502914   -78.01480295   -78.02502914   -77.63984167
      992     0.01013836   -78.02494062   -78.01480226   -78.02494062   -77.64008185
      993     0.00997033   -78.02477184   -78.01480151   -78.02477184   -77.64032797
      994     0.00973199   -78.02453274   -78.01480075   -78.02453274   -77.64057576
      995     0.00943401   -78.02423399   -78.01479998   -78.02423399   -77.64082221
      996     0.00908747   -78.02388668   -78.01479921   -78.02388668   -77.64106562
      997     0.00870367   -78.02350213   -78.01479846   -78.02350213   -77.64130567
      998     0.00829389   -78.02309161   -78.01479772   -78.02309161   -77.64154331
      999     0.00786920   -78.02266623   -78.01479703   -78.02266623   -77.64178062
     1000     0.00570027   -78.02223670   -78.01653643   -78.02223670   -77.64202061
