#    Step        Prob(0)        Prob(1)        
        0    -0.00000000     0.00000000
        1     0.00000000     0.00000000
        2     0.00000000     0.00000000
        3     0.00000000     0.00000000
        4     0.00000000     0.00000000
        5     0.00000000     0.00000000
        6     0.00000001     0.00000000
        7     0.00000000     0.00000000
        8     0.00000000     0.00000000
        9     0.00000001     0.00000000
       10     0.00000001     0.00000000
       11     0.00000001     0.00000000
       12     0.00000000     0.00000000
       13     0.00000001     0.00000000
       14     0.00000001     0.00000000
       15     0.00000000     0.00000000
       16     0.00000000     0.00000000
       17     0.00000000     0.00000000
       18     0.00000000     0.00000000
       19     0.00000008     0.00000000
       20     0.00000033     0.00000000
       21     0.00000000     0.00000000
       22     0.00000000     0.00000000
       23     0.00000000     0.00000000
       24     0.00000015     0.00000000
       25     0.00000009     0.00000000
       26     0.00000000     0.00000000
       27     0.00000000     0.00000000
       28     0.00000005     0.00000000
       29     0.00000014     0.00000000
       30     0.00000002     0.00000000
       31     0.00000000     0.00000000
       32     0.00000000     0.00000000
       33     0.00000008     0.00000000
       34     0.00000010     0.00000000
       35     0.00000000     0.00000000
       36     0.00000000     0.00000000
       37     0.00000000     0.00000000
       38     0.00000009     0.00000000
       39     0.00000010     0.00000000
       40     0.00000000     0.00000000
       41     0.00000000     0.00000000
       42     0.00000000     0.00000000
       43     0.00000007     0.00000000
       44     0.00000007     0.00000000
       45     0.00000000     0.00000000
       46     0.00000000     0.00000000
       47     0.00000000     0.00000000
       48     0.00000008     0.00000000
       49     0.00000010     0.00000000
       50     0.00000000     0.00000000
       51     0.00000000     0.00000000
       52     0.00000000     0.00000000
       53     0.00000008     0.00000000
       54     0.00000016     0.00000000
       55     0.00000004     0.00000000
       56     0.00000000     0.00000000
       57     0.00000000     0.00000000
       58     0.00000003     0.00000000
       59     0.00000020     0.00000000
       60     0.00000015     0.00000000
       61     0.00000000     0.00000000
       62     0.00000000     0.00000000
       63     0.00000000     0.00000000
       64     0.00000009     0.00000000
       65     0.00000014     0.00000000
       66     0.00000004     0.00000000
       67     0.00000000     0.00000000
       68     0.00000000     0.00000000
       69     0.00000000     0.00000000
       70     0.00000015     0.00000000
       71     0.00000016     0.00000000
       72     0.00000000     0.00000000
       73     0.00000000     0.00000000
       74     0.00000000     0.00000000
       75     0.00000002     0.00000000
       76     0.00000020     0.00000000
       77     0.00000018     0.00000000
       78     0.00000000     0.00000000
       79     0.00000000     0.00000000
       80     0.00000000     0.00000000
       81     0.00000000     0.00000000
       82     0.00000016     0.00000000
       83     0.00000018     0.00000000
       84     0.00000003     0.00000000
       85     0.00000000     0.00000000
       86     0.00000000     0.00000000
       87     0.00000000     0.00000000
       88     0.00000017     0.00000000
       89     0.00000026     0.00000000
       90     0.00000013     0.00000000
       91     0.00000000     0.00000000
       92     0.00000000     0.00000000
       93     0.00000000     0.00000000
       94     0.00000008     0.00000000
       95     0.00000032     0.00000000
       96     0.00000031     0.00000000
       97     0.00000005     0.00000000
       98     0.00000000     0.00000000
       99     0.00000000     0.00000000
      100     0.00000000     0.00000000
      101     0.00000015     0.00000000
      102     0.00000036     0.00000000
      103     0.00000031     0.00000000
      104     0.00000003     0.00000000
      105     0.00000000     0.00000000
      106     0.00000000     0.00000000
      107     0.00000000     0.00000000
      108     0.00000014     0.00000000
      109     0.00000042     0.00000000
      110     0.00000041     0.00000000
      111     0.00000013     0.00000000
      112     0.00000000     0.00000000
      113     0.00000000     0.00000000
      114     0.00000000     0.00000000
      115     0.00000000     0.00000000
      116     0.00000034     0.00000000
      117     0.00000050     0.00000000
      118     0.00000034     0.00000000
      119     0.00000000     0.00000000
      120     0.00000000     0.00000000
      121     0.00000000     0.00000000
      122     0.00000000     0.00000000
      123     0.00000009     0.00000000
      124     0.00000042     0.00000000
      125     0.00000049     0.00000000
      126     0.00000028     0.00000000
      127     0.00000000     0.00000000
      128     0.00000000     0.00000000
      129     0.00000000     0.00000000
      130     0.00000000     0.00000000
      131     0.00000001     0.00000000
      132     0.00000030     0.00000000
      133     0.00000041     0.00000000
      134     0.00000029     0.00000000
      135     0.00000002     0.00000000
      136     0.00000000     0.00000000
      137     0.00000000     0.00000000
      138     0.00000000     0.00000000
      139     0.00000000     0.00000000
      140     0.00000011     0.00000000
      141     0.00000027     0.00000000
      142     0.00000026     0.00000000
      143     0.00000013     0.00000000
      144     0.00000000     0.00000000
      145     0.00000000     0.00000000
      146     0.00000000     0.00000000
      147     0.00000000     0.00000000
      148     0.00000000     0.00000000
      149     0.00000004     0.00000000
      150     0.00000004     0.00000000
      151     0.00000001     0.00000000
      152     0.00000000     0.00000000
      153     0.00000003     0.00000000
      154     0.00000013     0.00000000
      155     0.00000023     0.00000000
      156     0.00000024     0.00000000
      157     0.00000012     0.00000000
      158     0.00000000     0.00000000
      159     0.00000000     0.00000000
      160     0.00000000     0.00000000
      161     0.00000000     0.00000000
      162     0.00000045     0.00000000
      163     0.00047712     0.00000000
      164     0.00000000     0.00000000
      165     0.00002069     0.00000000
      166     0.00005106     0.00000000
      167     0.00003741     0.00000000
      168     0.00000255     0.00000000
      169     0.00000000     0.00000000
      170     0.00000000     0.00000000
      171     0.00000000     0.00000000
      172     0.00001158     0.00000000
      173     0.00002239     0.00000000
      174     0.00001506     0.00000000
      175     0.00000000     0.00000000
      176     0.00000000     0.00000000
      177     0.00000000     0.00000000
      178     0.00000000     0.00000000
      179     0.00000566     0.00000000
      180     0.00000874     0.00000000
      181     0.00000204     0.00000000
      182     0.00000000     0.00000000
      183     0.00000000     0.00000000
      184     0.00000125     0.00000000
      185     0.00000128     0.00000000
      186     0.00000000     0.00000000
      187     0.00000000     0.00000000
      188     0.00000000     0.00000000
      189     0.00000000     0.00000000
      190     0.00000580     0.00000000
      191     0.00001194     0.00000000
      192     0.00001089     0.00000000
      193     0.00000151     0.00000000
      194     0.00000000     0.00000000
      195     0.00000000     0.00000000
      196     0.00000000     0.00000000
      197     0.00000000     0.00000000
      198     0.00001651     0.00000000
      199     0.00002746     0.00000000
      200     0.00002384     0.00000000
      201     0.00000261     0.00000000
      202     0.00000000     0.00000000
      203     0.00000000     0.00000000
      204     0.00000000     0.00000000
      205     0.00000000     0.00000000
      206     0.00000573     0.00000000
      207     0.00001559     0.00000000
      208     0.00001818     0.00000000
      209     0.00001212     0.00000000
      210     0.00000018     0.00000000
      211     0.00000000     0.00000000
      212     0.00000000     0.00000000
      213     0.00000000     0.00000000
      214     0.00000000     0.00000000
      215     0.00000376     0.00000000
      216     0.00001465     0.00000000
      217     0.00001950     0.00000000
      218     0.00001674     0.00000000
      219     0.00000792     0.00000000
      220     0.00000000     0.00000000
      221     0.00000000     0.00000000
      222     0.00000000     0.00000000
      223     0.00000000     0.00000000
      224     0.00000000     0.00000000
      225     0.00000000     0.00000000
      226     0.00000000     0.00000000
      227     0.00000000     0.00000000
      228     0.00000000     0.00000000
      229     0.00000000     0.00000000
      230     0.00000000     0.00000000
      231     0.00000225     0.00000000
      232     0.00001191     0.00000000
      233     0.00002160     0.00000000
      234     0.00002765     0.00000000
      235     0.00002682     0.00000000
      236     0.00001738     0.00000000
      237     0.00000000     0.00000000
      238     0.00000000     0.00000000
      239     0.00000000     0.00000000
      240     0.00000000     0.00000000
      241     0.00000000     0.00000000
      242     0.00000000     0.00000000
      243     0.00000000     0.00000000
      244     0.00000044     0.00000000
      245     0.00002662     0.00000000
      246     0.00005412     0.00000000
      247     0.00007773     0.00000000
      248     0.00009234     0.00000000
      249     0.00009394     0.00000000
      250     0.00008042     0.00000000
      251     0.00005204     0.00000000
      252     0.00001153     0.00000000
      253     0.00000000     0.00000000
      254     0.00000000     0.00000000
      255     0.00000000     0.00000000
      256     0.00000000     0.00000000
      257     0.00000000     0.00000000
      258     0.00000000     0.00000000
      259     0.00000000     0.00000000
      260     0.00000000     0.00000000
      261     0.00002626     0.00000000
      262     0.00005985     0.00000000
      263     0.00009710     0.00000000
      264     0.00013609     0.00000000
      265     0.00017486     0.00000000
      266     0.00021166     0.00000000
      267     0.00024514     0.00000000
      268     0.00027451     0.00000000
      269     0.00029976     0.00000000
      270     0.00032176     0.00000000
      271     0.00034238     0.00000000
      272     0.00036463     0.00000000
      273     0.00039275     0.00000000
      274     0.00043241     0.00000000
      275     0.00049089     0.00000000
      276     0.00057735     0.00000000
      277     0.00070324     0.00000000
      278     0.00088273     0.00000000
      279     0.00113325     0.00000000
      280     0.00147603     0.00000000
      281     0.00089952     0.00000000
      282     0.00088412     0.00000000
      283     0.00086548     0.00000000
      284     0.00084728     0.00000000
      285     0.00083356     0.00000000
      286     0.00082861     0.00000000
      287     0.00083683     0.00000000
      288     0.00086264     0.00000000
      289     0.00091031     0.00000000
      290     0.00098387     0.00000000
      291     0.00108697     0.00000000
      292     0.00122277     0.00000000
      293     0.00139385     0.00000000
      294     0.00160221     0.00000000
      295     0.00184921     0.00000000
      296     0.00213570     0.00000000
      297     0.00246219     0.00000000
      298     0.00282917     0.00000000
      299     0.00323748     0.00000000
      300     0.00368904     0.00000000
      301     0.00246142     0.00000000
      302     0.00228428     0.00000000
      303     0.00206567     0.00000000
      304     0.00180915     0.00000000
      305     0.00151811     0.00000000
      306     0.00119562     0.00000000
      307     0.00084511     0.00000000
      308     0.00047256     0.00000000
      309     0.00009321     0.00000000
      310     0.00000000     0.00000000
      311     0.00000000     0.00000000
      312     0.00000000     0.00000000
      313     0.00252768     0.00000000
      314     0.01367929     0.00000000
      315     0.06881950     0.00000000
      316     0.34551494     0.00000000
      317     0.63290368     0.00000000
      318     0.39941351     0.00000000
      319     0.19682756     0.00000000
      320     0.09482821     0.00000000
      321     0.02913194     0.00000000
      322     0.00494368     0.00000000
      323     0.00000000     0.00000000
      324     0.00000000     0.00000000
      325     0.00000000     0.00000000
      326     0.00000000     0.00000000
      327     0.00000000     0.00000000
      328     0.00000000     0.00000000
      329     0.00000000     0.00000000
      330     0.00000000     0.00000000
      331     0.00000000     0.00000000
      332     0.00000000     0.00000000
      333     0.00000000     0.00000000
      334     0.03304342     0.00000000
      335     0.05300025     0.00000000
      336     0.05825192     0.00000000
      337     0.05449894     0.00000000
      338     0.04703272     0.00000000
      339     0.03874822     0.00000000
      340     0.03087009     0.00000000
      341     0.02106437     0.00000000
      342     0.01539660     0.00000000
      343     0.01041464     0.00000000
      344     0.00607608     0.00000000
      345     0.00233843     0.00000000
      346     0.00000000     0.00000000
      347     0.00000000     0.00000000
      348     0.00000000     0.00000000
      349     0.00000000     0.00000000
      350     0.00000000     0.00000000
      351     0.00000000     0.00000000
      352     0.00000000     0.00000000
      353     0.00000000     0.00000000
      354     0.00000000     0.00000000
      355     0.00000000     0.00000000
      356     0.00000000     0.00000000
      357     0.00000000     0.00000000
      358     0.00000000     0.00000000
      359     0.00259363     0.00000000
      360     0.00541019     0.00000000
      361     0.01022561     0.00000000
      362     0.01381538     0.00000000
      363     0.01714013     0.00000000
      364     0.02005767     0.00000000
      365     0.02244804     0.00000000
      366     0.00000000     0.00000000
      367     0.00000000     0.00000000
      368     0.00000000     0.00000000
      369     0.00000000     0.00000000
      370     0.00000000     0.00000000
      371     0.00000000     0.00000000
      372     0.00000000     0.00000000
      373     0.00000000     0.00000000
      374     0.00000000     0.00000000
      375     0.00000000     0.00000000
      376     0.00000000     0.00000000
      377     0.00000000     0.00000000
      378     0.00000000     0.00000000
      379     0.00000000     0.00000000
      380     0.00000000     0.00090102
      381     0.00000000     0.00055126
      382     0.00000000     0.00045331
      383     0.00000000     0.00016277
      384     0.00000000     0.00000000
      385     0.00000000     0.00000000
      386     0.00000000     0.00000000
      387     0.00000000     0.00000000
      388     0.00000000     0.00000000
      389     0.00000000     0.00013345
      390     0.00000000     0.00047715
      391     0.00000000     0.00073159
      392     0.00000000     0.00082603
      393     0.00000000     0.00073066
      394     0.00000000     0.00046734
      395     0.00000000     0.00010719
      396     0.00000000     0.00000000
      397     0.00000000     0.00000000
      398     0.00000000     0.00000000
      399     0.00000000     0.00000000
      400     0.00000000     0.00000000
      401     0.00000000     0.00005841
      402     0.00000000     0.00014117
      403     0.00000000     0.00016158
      404     0.00000000     0.00010383
      405     0.00000000     0.00000000
      406     0.00000000     0.00000000
      407     0.00000000     0.00000000
      408     0.00000000     0.00000000
      409     0.00000000     0.00000000
      410     0.00000000     0.00009720
      411     0.00000000     0.00014564
      412     0.00000000     0.00010169
      413     0.00000000     0.00000000
      414     0.00000000     0.00000000
      415     0.00000000     0.00000000
      416     0.00000000     0.00000000
      417     0.00000000     0.00005567
      418     0.00000000     0.00000063
      419     0.00000000     0.00000073
      420     0.00000000     0.00000017
      421     0.00000000     0.00000000
      422     0.00000000     0.00000000
      423     0.00000000     0.00000000
      424     0.00000000     0.00000027
      425     0.00000000     0.00000047
      426     0.00000000     0.00000020
      427     0.00000000     0.00000000
      428     0.00000000     0.00000000
      429     0.00000000     0.00000000
      430     0.00000000     0.00000041
      431     0.00000000     0.00000059
      432     0.00000000     0.00000008
      433     0.00000000     0.00000000
      434     0.00000000     0.00000000
      435     0.00000000     0.00000020
      436     0.00000000     0.00000088
      437     0.00000000     0.00000048
      438     0.00000000     0.00000000
      439     0.00000000     0.00000000
      440     0.00000000     0.00000011
      441     0.00000000     0.00000041
      442     0.00000000     0.00000014
      443     0.00000000     0.00000000
      444     0.00000000     0.00000000
      445     0.00000000     0.00000024
      446     0.00000000     0.00000059
      447     0.00000000     0.00000006
      448     0.00000000     0.00000000
      449     0.00000000     0.00000000
      450     0.00000000     0.00000056
      451     0.00000000     0.00000071
      452     0.00000000     0.00000000
      453     0.00000000     0.00000000
      454     0.00000000     0.00000002
      455     0.00000000     0.00000105
      456     0.00000000     0.00000037
      457     0.00000000     0.00000000
      458     0.00000000     0.00000000
      459     0.00000000     0.00000095
      460     0.00000000     0.00000098
      461     0.00000000     0.00000000
      462     0.00000000     0.00000000
      463     0.00000000     0.00000043
      464     0.00000000     0.00000089
      465     0.00000000     0.00000000
      466     0.00000000     0.00000000
      467     0.00000000     0.00000023
      468     0.00000000     0.00000114
      469     0.00000000     0.00000000
      470     0.00000000     0.00000000
      471     0.00000000     0.00000006
      472     0.00000000     0.00000133
      473     0.00000000     0.00000000
      474     0.00000000     0.00000000
      475     0.00000000     0.00000005
      476     0.00000000     0.00000149
      477     0.00000000     0.00000000
      478     0.00000000     0.00000000
      479     0.00000000     0.00000030
      480     0.00000000     0.00000163
      481     0.00000000     0.00000000
      482     0.00000000     0.00000000
      483     0.00000000     0.00000059
      484     0.00000000     0.00000092
      485     0.00000000     0.00000000
      486     0.00000000     0.00000000
      487     0.00000000     0.00000105
      488     0.00000000     0.00000061
      489     0.00000000     0.00000000
      490     0.00000000     0.00000000
      491     0.00000000     0.00000140
      492     0.00000000     0.00000000
      493     0.00000000     0.00000000
      494     0.00000000     0.00000061
      495     0.00000000     0.00000120
      496     0.00000000     0.00000000
      497     0.00000000     0.00000000
      498     0.00000000     0.00000140
      499     0.00000000     0.00000015
      500     0.00000000     0.00000000
      501     0.00000000     0.00000023
      502     0.00000000     0.00000060
      503     0.00000000     0.00000000
      504     0.00000000     0.00000000
      505     0.00000000     0.00000070
      506     0.00000000     0.00000000
      507     0.00000000     0.00000000
      508     0.00000000     0.00000044
      509     0.00000000     0.00000035
      510     0.00000000     0.00000000
      511     0.00000000     0.00000004
      512     0.00000000     0.00000055
      513     0.00000000     0.00000000
      514     0.00000000     0.00000000
      515     0.00000000     0.00000050
      516     0.00000000     0.00000000
      517     0.00000000     0.00000000
      518     0.00000000     0.00000033
      519     0.00000000     0.00000009
      520     0.00000000     0.00000000
      521     0.00000000     0.00000009
      522     0.00000000     0.00000011
      523     0.00000000     0.00000000
      524     0.00000000     0.00000001
      525     0.00000000     0.00000013
      526     0.00000000     0.00000000
      527     0.00000000     0.00000000
      528     0.00000000     0.00000011
      529     0.00000000     0.00000000
      530     0.00000000     0.00000000
      531     0.00000000     0.00000007
      532     0.00000000     0.00000000
      533     0.00000000     0.00000000
      534     0.00000000     0.00000003
      535     0.00000000     0.00000002
      536     0.00000000     0.00000000
      537     0.00000000     0.00000000
      538     0.00000000     0.00000000
      539     0.00000000     0.00000001
      540     0.00000000     0.00000001
      541     0.00000000     0.00000000
      542     0.00000000     0.00000002
      543     0.00000000     0.00000005
      544     0.00000000     0.00000000
      545     0.00000000     0.00000000
      546     0.00000000     0.00000012
      547     0.00000000     0.00000000
      548     0.00000000     0.00000000
      549     0.00000000     0.00000015
      550     0.00000000     0.00000000
      551     0.00000000     0.00000000
      552     0.00000000     0.00000012
      553     0.00000000     0.00000012
      554     0.00000000     0.00000000
      555     0.00000000     0.00000002
      556     0.00000000     0.00000023
      557     0.00000000     0.00000000
      558     0.00000000     0.00000000
      559     0.00000000     0.00000027
      560     0.00000000     0.00000000
      561     0.00000000     0.00000000
      562     0.00000000     0.00000028
      563     0.00000000     0.00000009
      564     0.00000000     0.00000000
      565     0.00000000     0.00000015
      566     0.00000000     0.00000025
      567     0.00000000     0.00000000
      568     0.00000000     0.00000000
      569     0.00000000     0.00000034
      570     0.00000000     0.00000000
      571     0.00000000     0.00000000
      572     0.00000000     0.00000036
      573     0.00000000     0.00000000
      574     0.00000000     0.00000000
      575     0.00000000     0.00000031
      576     0.00000000     0.00000005
      577     0.00000000     0.00000000
      578     0.00000000     0.00000020
      579     0.00000000     0.00000019
      580     0.00000000     0.00000000
      581     0.00000000     0.00000006
      582     0.00000000     0.00000028
      583     0.00000000     0.00000000
      584     0.00000000     0.00000000
      585     0.00000000     0.00000030
      586     0.00000000     0.00000000
      587     0.00000000     0.00000000
      588     0.00000000     0.00000024
      589     0.00000000     0.00000002
      590     0.00000000     0.00000000
      591     0.00000000     0.00000013
      592     0.00000000     0.00000011
      593     0.00000000     0.00000000
      594     0.00000000     0.00000001
      595     0.00000000     0.00000013
      596     0.00000000     0.00000000
      597     0.00000000     0.00000000
      598     0.00000000     0.00000008
      599     0.00000000     0.00000000
      600     0.00000000     0.00000000
      601     0.00000000     0.00000004
      602     0.00000000     0.00000002
      603     0.00000000     0.00000000
      604     0.00000000     0.00000000
      605     0.00000000     0.00000000
      606     0.00000000     0.00000005
      607     0.00000000     0.00000006
      608     0.00000000     0.00000000
      609     0.00000000     0.00000001
      610     0.00000000     0.00000021
      611     0.00000000     0.00000000
      612     0.00000000     0.00000000
      613     0.00000000     0.00000031
      614     0.00000000     0.00000000
      615     0.00000000     0.00000000
      616     0.00000000     0.00000024
      617     0.00000000     0.00000023
      618     0.00000000     0.00000000
      619     0.00000000     0.00000002
      620     0.00000000     0.00000039
      621     0.00000000     0.00000000
      622     0.00000000     0.00000000
      623     0.00000000     0.00000036
      624     0.00000000     0.00000000
      625     0.00000000     0.00000000
      626     0.00000000     0.00000027
      627     0.00000000     0.00000011
      628     0.00000000     0.00000000
      629     0.00000000     0.00000013
      630     0.00000000     0.00000024
      631     0.00000000     0.00000000
      632     0.00000000     0.00000000
      633     0.00000000     0.00000030
      634     0.00000000     0.00000000
      635     0.00000000     0.00000000
      636     0.00000000     0.00000029
      637     0.00000000     0.00000000
      638     0.00000000     0.00000000
      639     0.00000000     0.00000021
      640     0.00000000     0.00000010
      641     0.00000000     0.00000000
      642     0.00000000     0.00000008
      643     0.00000000     0.00000018
      644     0.00000000     0.00000000
      645     0.00000000     0.00000000
      646     0.00000000     0.00000023
      647     0.00000000     0.00000000
      648     0.00000000     0.00000000
      649     0.00000000     0.00000022
      650     0.00000000     0.00000000
      651     0.00000000     0.00000000
      652     0.00000000     0.00000014
      653     0.00000000     0.00000012
      654     0.00000000     0.00000000
      655     0.00000000     0.00000002
      656     0.00000000     0.00000019
      657     0.00000000     0.00000000
      658     0.00000000     0.00000000
      659     0.00000000     0.00000019
      660     0.00000000     0.00000000
      661     0.00000000     0.00000000
      662     0.00000000     0.00000015
      663     0.00000000     0.00000008
      664     0.00000000     0.00000000
      665     0.00000000     0.00000004
      666     0.00000000     0.00000014
      667     0.00000000     0.00000000
      668     0.00000000     0.00000000
      669     0.00000000     0.00000014
      670     0.00000000     0.00000000
      671     0.00000000     0.00000000
      672     0.00000000     0.00000009
      673     0.00000000     0.00000005
      674     0.00000000     0.00000000
      675     0.00000000     0.00000002
      676     0.00000000     0.00000010
      677     0.00000000     0.00000000
      678     0.00000000     0.00000000
      679     0.00000000     0.00000011
      680     0.00000000     0.00000000
      681     0.00000000     0.00000000
      682     0.00000000     0.00000008
      683     0.00000000     0.00000004
      684     0.00000000     0.00000000
      685     0.00000000     0.00000002
      686     0.00000000     0.00000007
      687     0.00000000     0.00000000
      688     0.00000000     0.00000000
      689     0.00000000     0.00000008
      690     0.00000000     0.00000000
      691     0.00000000     0.00000000
      692     0.00000000     0.00000008
      693     0.00000000     0.00000000
      694     0.00000000     0.00000000
      695     0.00000000     0.00000008
      696     0.00000000     0.00000004
      697     0.00000000     0.00000000
      698     0.00000000     0.00000005
      699     0.00000000     0.00000009
      700     0.00000000     0.00000000
      701     0.00000000     0.00000000
      702     0.00000000     0.00000013
      703     0.00000000     0.00000000
      704     0.00000000     0.00000000
      705     0.00000000     0.00000017
      706     0.00000000     0.00000000
      707     0.00000000     0.00000000
      708     0.00000000     0.00000020
      709     0.00000000     0.00000001
      710     0.00000000     0.00000000
      711     0.00000000     0.00000015
      712     0.00000000     0.00000011
      713     0.00000000     0.00000000
      714     0.00000000     0.00000004
      715     0.00000000     0.00000017
      716     0.00000000     0.00000000
      717     0.00000000     0.00000000
      718     0.00000000     0.00000014
      719     0.00000000     0.00000000
      720     0.00000000     0.00000000
      721     0.00000000     0.00000013
      722     0.00000000     0.00000002
      723     0.00000000     0.00000000
      724     0.00000000     0.00000007
      725     0.00000000     0.00000007
      726     0.00000000     0.00000000
      727     0.00000000     0.00000001
      728     0.00000000     0.00000008
      729     0.00000000     0.00000000
      730     0.00000000     0.00000000
      731     0.00000000     0.00000005
      732     0.00000000     0.00000000
      733     0.00000000     0.00000000
      734     0.00000000     0.00000000
      735     0.00000000     0.00000000
      736     0.00000000     0.00000005
      737     0.00000000     0.00000000
      738     0.00000000     0.00000000
      739     0.00000000     0.00000015
      740     0.00000000     0.00000000
      741     0.00000000     0.00000000
      742     0.00000000     0.00000018
      743     0.00000000     0.00000000
      744     0.00000000     0.00000000
      745     0.00000000     0.00000019
      746     0.00000000     0.00000007
      747     0.00000000     0.00000000
      748     0.00000000     0.00000014
      749     0.00000000     0.00000019
      750     0.00000000     0.00000000
      751     0.00000000     0.00000003
      752     0.00000000     0.00000029
      753     0.00000000     0.00000000
      754     0.00000000     0.00000000
      755     0.00000000     0.00000033
      756     0.00000000     0.00000000
      757     0.00000000     0.00000000
      758     0.00000000     0.00000029
      759     0.00000000     0.00000001
      760     0.00000000     0.00000000
      761     0.00000000     0.00000022
      762     0.00000000     0.00000016
      763     0.00000000     0.00000000
      764     0.00000000     0.00000006
      765     0.00000000     0.00000023
      766     0.00000000     0.00000000
      767     0.00000000     0.00000000
      768     0.00000000     0.00000023
      769     0.00000000     0.00000000
      770     0.00000000     0.00000000
      771     0.00000000     0.00000017
      772     0.00000000     0.00000001
      773     0.00000000     0.00000000
      774     0.00000000     0.00000008
      775     0.00000000     0.00000007
      776     0.00000000     0.00000000
      777     0.00000000     0.00000001
      778     0.00000000     0.00000008
      779     0.00000000     0.00000000
      780     0.00000000     0.00000000
      781     0.00000000     0.00000006
      782     0.00000000     0.00000000
      783     0.00000000     0.00000000
      784     0.00000000     0.00000001
      785     0.00000000     0.00000000
      786     0.00000000     0.00000004
      787     0.00000000     0.00000000
      788     0.00000000     0.00000000
      789     0.00000000     0.00000013
      790     0.00000000     0.00000000
      791     0.00000000     0.00000000
      792     0.00000000     0.00000021
      793     0.00000000     0.00000005
      794     0.00000000     0.00000000
      795     0.00000000     0.00000021
      796     0.00000000     0.00000023
      797     0.00000000     0.00000000
      798     0.00000000     0.00000010
      799     0.00000000     0.00000043
      800     0.00000000     0.00000000
      801     0.00000000     0.00000000
      802     0.00000000     0.00000047
      803     0.00000000     0.00000000
      804     0.00000000     0.00000000
      805     0.00000000     0.00000050
      806     0.00000000     0.00000000
      807     0.00000000     0.00000000
      808     0.00000000     0.00000041
      809     0.00000000     0.00000015
      810     0.00000000     0.00000000
      811     0.00000000     0.00000024
      812     0.00000000     0.00000035
      813     0.00000000     0.00000000
      814     0.00000000     0.00000001
      815     0.00000000     0.00000048
      816     0.00000000     0.00000000
      817     0.00000000     0.00000000
      818     0.00000000     0.00000051
      819     0.00000000     0.00000000
      820     0.00000000     0.00000000
      821     0.00000000     0.00000055
      822     0.00000000     0.00000010
      823     0.00000000     0.00000000
      824     0.00000000     0.00000034
      825     0.00000000     0.00000034
      826     0.00000000     0.00000000
      827     0.00000000     0.00000009
      828     0.00000000     0.00000048
      829     0.00000000     0.00000000
      830     0.00000000     0.00000000
      831     0.00000000     0.00000053
      832     0.00000000     0.00000000
      833     0.00000000     0.00000000
      834     0.00000000     0.00000053
      835     0.00000000     0.00000000
      836     0.00000000     0.00000000
      837     0.00000000     0.00000045
      838     0.00000000     0.00000005
      839     0.00000000     0.00000000
      840     0.00000000     0.00000030
      841     0.00000000     0.00000023
      842     0.00000000     0.00000000
      843     0.00000000     0.00000011
      844     0.00000000     0.00000031
      845     0.00000000     0.00000000
      846     0.00000000     0.00000000
      847     0.00000000     0.00000026
      848     0.00000000     0.00000000
      849     0.00000000     0.00000000
      850     0.00000000     0.00000012
      851     0.00000000     0.00000000
      852     0.00000000     0.00000000
      853     0.00000000     0.00000000
      854     0.00000000     0.00000000
      855     0.00000000     0.00000008
      856     0.00000000     0.00000000
      857     0.00000000     0.00000000
      858     0.00000000     0.00000014
      859     0.00000000     0.00000005
      860     0.00000000     0.00000000
      861     0.00000000     0.00000009
      862     0.00000000     0.00000013
      863     0.00000000     0.00000000
      864     0.00000000     0.00000000
      865     0.00000000     0.00000020
      866     0.00000000     0.00000000
      867     0.00000000     0.00000000
      868     0.00000000     0.00000020
      869     0.00000000     0.00000000
      870     0.00000000     0.00000000
      871     0.00000000     0.00000014
      872     0.00000000     0.00000004
      873     0.00000000     0.00000000
      874     0.00000000     0.00000006
      875     0.00000000     0.00000009
      876     0.00000000     0.00000000
      877     0.00000000     0.00000000
      878     0.00000000     0.00000009
      879     0.00000000     0.00000000
      880     0.00000000     0.00000000
      881     0.00000000     0.00000007
      882     0.00000000     0.00000000
      883     0.00000000     0.00000000
      884     0.00000000     0.00000005
      885     0.00000000     0.00000001
      886     0.00000000     0.00000000
      887     0.00000000     0.00000002
      888     0.00000000     0.00000002
      889     0.00000000     0.00000000
      890     0.00000000     0.00000000
      891     0.00000000     0.00000002
      892     0.00000000     0.00000000
      893     0.00000000     0.00000000
      894     0.00000000     0.00000000
      895     0.00000000     0.00000001
      896     0.00000000     0.00000003
      897     0.00000000     0.00000000
      898     0.00000000     0.00000000
      899     0.00000000     0.00000008
      900     0.00000000     0.00000000
      901     0.00000000     0.00000000
      902     0.00000000     0.00000011
      903     0.00000000     0.00000000
      904     0.00000000     0.00000000
      905     0.00000000     0.00000010
      906     0.00000000     0.00000009
      907     0.00000000     0.00000000
      908     0.00000000     0.00000003
      909     0.00000000     0.00000017
      910     0.00000000     0.00000000
      911     0.00000000     0.00000000
      912     0.00000000     0.00000020
      913     0.00000000     0.00000000
      914     0.00000000     0.00000000
      915     0.00000000     0.00000018
      916     0.00000000     0.00000002
      917     0.00000000     0.00000000
      918     0.00000000     0.00000011
      919     0.00000000     0.00000010
      920     0.00000000     0.00000000
      921     0.00000000     0.00000003
      922     0.00000000     0.00000014
      923     0.00000000     0.00000000
      924     0.00000000     0.00000000
      925     0.00000000     0.00000013
      926     0.00000000     0.00000000
      927     0.00000000     0.00000000
      928     0.00000000     0.00000009
      929     0.00000000     0.00000000
      930     0.00000000     0.00000000
      931     0.00000000     0.00000005
      932     0.00000000     0.00000002
      933     0.00000000     0.00000000
      934     0.00000000     0.00000002
      935     0.00000000     0.00000002
      936     0.00000000     0.00000000
      937     0.00000000     0.00000000
      938     0.00000000     0.00000002
      939     0.00000000     0.00000000
      940     0.00000000     0.00000000
      941     0.00000000     0.00000002
      942     0.00000000     0.00000000
      943     0.00000000     0.00000000
      944     0.00000000     0.00000003
      945     0.00000000     0.00000000
      946     0.00000000     0.00000000
      947     0.00000000     0.00000004
      948     0.00000000     0.00000002
      949     0.00000000     0.00000000
      950     0.00000000     0.00000004
      951     0.00000000     0.00000007
      952     0.00000000     0.00000000
      953     0.00000000     0.00000001
      954     0.00000000     0.00000013
      955     0.00000000     0.00000000
      956     0.00000000     0.00000000
      957     0.00000000     0.00000021
      958     0.00000000     0.00000000
      959     0.00000000     0.00000000
      960     0.00000000     0.00000025
      961     0.00000000     0.00000000
      962     0.00000000     0.00000000
      963     0.00000000     0.00000028
      964     0.00000000     0.00000010
      965     0.00000000     0.00000000
      966     0.00000000     0.00000016
      967     0.00000000     0.00000016
      968     0.00000000     0.00000000
      969     0.00000000     0.00000006
      970     0.00000000     0.00000016
      971     0.00000000     0.00000000
      972     0.00000000     0.00000000
      973     0.00000000     0.00000014
      974     0.00000000     0.00000000
      975     0.00000000     0.00000000
      976     0.00000000     0.00000013
      977     0.00000000     0.00000000
      978     0.00000000     0.00000000
      979     0.00000000     0.00000019
      980     0.00000000     0.00000000
      981     0.00000000     0.00000000
      982     0.00000000     0.00000017
      983     0.00000000     0.00000003
      984     0.00000000     0.00000000
      985     0.00000000     0.00000015
      986     0.00000000     0.00000011
      987     0.00000000     0.00000000
      988     0.00000000     0.00000010
      989     0.00000000     0.00000020
      990     0.00000000     0.00000000
      991     0.00000000     0.00000002
      992     0.00000000     0.00000030
      993     0.00000000     0.00000000
      994     0.00000000     0.00000000
      995     0.00000000     0.00000038
      996     0.00000000     0.00000000
      997     0.00000000     0.00000000
      998     0.00000000     0.00000042
      999     0.00000000     0.00000000
     1000     0.00000000     0.00000000
