#     Density Matrix: coherence Re-Im; see the manual for detail orders
        0     0.00000000     0.00000000
        1    -0.00000807     0.00000509
        2    -0.00000722     0.00001476
        3     0.00000149     0.00001834
        4     0.00000797     0.00001228
        5     0.00000470     0.00000417
        6    -0.00000463     0.00000404
        7    -0.00000945     0.00001284
        8    -0.00000437     0.00002145
        9     0.00000471     0.00002112
       10     0.00000741     0.00001339
       11     0.00000062     0.00000823
       12    -0.00000808     0.00001273
       13    -0.00000905     0.00002321
       14    -0.00000136     0.00002949
       15     0.00000634     0.00002624
       16     0.00000549     0.00001877
       17    -0.00000300     0.00001705
       18    -0.00000994     0.00002474
       19    -0.00000795     0.00003538
       20     0.00000067     0.00003956
       21     0.00001007     0.00003366
       22     0.00001034     0.00002123
       23    -0.00000215     0.00001613
       24    -0.00001432     0.00002569
       25    -0.00001359     0.00004196
       26    -0.00000090     0.00005026
       27     0.00001058     0.00004435
       28     0.00000911     0.00003263
       29    -0.00000377     0.00002928
       30    -0.00001510     0.00003994
       31    -0.00001367     0.00005622
       32    -0.00000110     0.00006442
       33     0.00001010     0.00005904
       34     0.00000896     0.00004798
       35    -0.00000337     0.00004456
       36    -0.00001502     0.00005460
       37    -0.00001498     0.00007106
       38    -0.00000349     0.00008104
       39     0.00000848     0.00007800
       40     0.00000971     0.00006771
       41     0.00000581     0.00006028
       42     0.00000075     0.00005648
       43    -0.00000727     0.00005979
       44    -0.00001098     0.00006943
       45    -0.00000714     0.00007896
       46     0.00000063     0.00008220
       47     0.00000530     0.00007879
       48     0.00000277     0.00007424
       49    -0.00000475     0.00007504
       50    -0.00001069     0.00008295
       51    -0.00000996     0.00009357
       52    -0.00000329     0.00010027
       53     0.00000346     0.00009991
       54     0.00000447     0.00009551
       55    -0.00000115     0.00009351
       56    -0.00000863     0.00009830
       57    -0.00001171     0.00010853
       58    -0.00000787     0.00011832
       59    -0.00000040     0.00012229
       60     0.00000445     0.00011994
       61     0.00000008     0.00011688
       62    -0.00001001     0.00012163
       63    -0.00001511     0.00013407
       64    -0.00001110     0.00014702
       65    -0.00000127     0.00015296
       66     0.00000643     0.00015008
       67     0.00000588     0.00014364
       68    -0.00000238     0.00014162
       69    -0.00001163     0.00014835
       70    -0.00001442     0.00016105
       71    -0.00000847     0.00017217
       72     0.00000164     0.00017533
       73     0.00000812     0.00017032
       74     0.00000611     0.00016313
       75    -0.00000257     0.00016123
       76    -0.00001094     0.00016771
       77    -0.00001232     0.00017896
       78    -0.00000541     0.00018750
       79     0.00000470     0.00018778
       80     0.00001057     0.00018032
       81    -0.00000412     0.00017505
       82    -0.00002804     0.00019056
       83    -0.00003081     0.00021891
       84    -0.00001013     0.00023862
       85     0.00001873     0.00023457
       86     0.00003457     0.00020920
       87     0.00002604     0.00018044
       88    -0.00000015     0.00016828
       89    -0.00002438     0.00018008
       90    -0.00002870     0.00020535
       91    -0.00000990     0.00022374
       92     0.00001838     0.00021996
       93     0.00003575     0.00019478
       94     0.00002985     0.00016432
       95     0.00000507     0.00014824
       96    -0.00002086     0.00015579
       97    -0.00002964     0.00017939
       98    -0.00001533     0.00020036
       99     0.00001169     0.00020219
      100     0.00003220     0.00018214
      101     0.00003361     0.00015239
      102     0.00001467     0.00013038
      103    -0.00001378     0.00013000
      104    -0.00003257     0.00015107
      105    -0.00002937     0.00017911
      106    -0.00000697     0.00019546
      107     0.00001882     0.00018999
      108     0.00003007     0.00016785
      109     0.00001875     0.00014576
      110    -0.00000807     0.00014072
      111    -0.00003314     0.00015876
      112    -0.00004060     0.00019115
      113    -0.00002640     0.00022041
      114    -0.00000073     0.00023191
      115     0.00001881     0.00022340
      116     0.00001878     0.00020628
      117    -0.00000156     0.00019806
      118    -0.00002995     0.00021108
      119    -0.00004917     0.00024471
      120    -0.00004811     0.00028605
      121    -0.00000963     0.00031302
      122     0.00004122     0.00029840
      123     0.00005292     0.00025678
      124     0.00001741     0.00022543
      125    -0.00004399     0.00023563
      126    -0.00009420     0.00029348
      127    -0.00010345     0.00037648
      128    -0.00006754     0.00044784
      129    -0.00001001     0.00047924
      130     0.00003253     0.00046807
      131     0.00003286     0.00043869
      132    -0.00001056     0.00042744
      133    -0.00007302     0.00046062
      134    -0.00011878     0.00053898
      135    -0.00012257     0.00063774
      136    -0.00008448     0.00072176
      137    -0.00002952     0.00076668
      138     0.00000749     0.00077314
      139     0.00000244     0.00076619
      140    -0.00004417     0.00078037
      141    -0.00003125     0.00081935
      142     0.00003500     0.00081500
      143     0.00004129     0.00078082
      144    -0.00001813     0.00076823
      145    -0.00011174     0.00081778
      146    -0.00018920     0.00093641
      147    -0.00021013     0.00109428
      148    -0.00016662     0.00124231
      149    -0.00008712     0.00134016
      150    -0.00001994     0.00137863
      151    -0.00000629     0.00138442
      152    -0.00005776     0.00140492
      153    -0.00015076     0.00148223
      154    -0.00024008     0.00163077
      155    -0.00028378     0.00183051
      156    -0.00026549     0.00203882
      157    -0.00020249     0.00221406
      158    -0.00013575     0.00233772
      159    -0.00010799     0.00242384
      160    -0.00014176     0.00251120
      161     0.00003267     0.00257904
      162     0.00033674     0.00243254
      163     0.00036849     0.00215988
      164     0.00010815     0.00197387
      165    -0.00032128     0.00204531
      166    -0.00071854     0.00242184
      167    -0.00090386     0.00300969
      168    -0.00080375     0.00362409
      169    -0.00048161     0.00408030
      170    -0.00010276     0.00428001
      171     0.00014560     0.00425339
      172     0.00013989     0.00414028
      173    -0.00012821     0.00412341
      174    -0.00055417     0.00434704
      175    -0.00097204     0.00485781
      176    -0.00122861     0.00559175
      177    -0.00124651     0.00640872
      178    -0.00105117     0.00715578
      179    -0.00075392     0.00773039
      180    -0.00050269     0.00811825
      181     0.00037773     0.00822689
      182     0.00160001     0.00758583
      183     0.00197005     0.00645153
      184     0.00135847     0.00540415
      185    -0.00001835     0.00497723
      186    -0.00169778     0.00547832
      187    -0.00314574     0.00690358
      188    -0.00393850     0.00896522
      189    -0.00388984     0.01120920
      190    -0.00308855     0.01317356
      191    -0.00184579     0.01453107
      192    -0.00058172     0.01517403
      193     0.00030561     0.01522365
      194     0.00054748     0.01497270
      195     0.00006057     0.01478877
      196    -0.00105543     0.01501171
      197    -0.00256755     0.01587459
      198    -0.00418490     0.01746449
      199    -0.00563539     0.01972581
      200    -0.00672437     0.02249657
      201    -0.00526023     0.02527394
      202    -0.00146842     0.02671198
      203     0.00195143     0.02658893
      204     0.00439122     0.02525352
      205     0.00546289     0.02323925
      206     0.00503339     0.02114879
      207     0.00320852     0.01954586
      208     0.00027840     0.01887310
      209    -0.00335760     0.01940528
      210    -0.00726896     0.02123871
      211    -0.01106166     0.02431029
      212    -0.01442632     0.02843670
      213    -0.01716393     0.03336233
      214    -0.01919080     0.03880671
      215    -0.02052689     0.04450413
      216    -0.02127367     0.05023173
      217    -0.02158758     0.05582516
      218    -0.02165339     0.06118273
      219    -0.02166107     0.06626077
      220    -0.02178811     0.07106298
      221    -0.01886657     0.07545462
      222    -0.01293766     0.07867144
      223    -0.00744184     0.08064232
      224    -0.00262892     0.08156700
      225     0.00132675     0.08167134
      226     0.00432486     0.08118619
      227     0.00633335     0.08033022
      228     0.00738328     0.07929656
      229     0.00756390     0.07824336
      230     0.00702131     0.07728766
      231     0.00596348     0.07650206
      232     0.00467720     0.07591346
      233     0.00356442     0.07550288
      234     0.00321309     0.07520591
      235     0.00454026     0.07491318
      236     0.00908778     0.07447007
      237     0.01968095     0.07367531
      238     0.04205817     0.07227743
      239     0.08931307     0.06996665
      240     0.19321546     0.06636086
      241     0.32068353     0.06116511
      242     0.43249294     0.05490773
      243     0.49458968     0.04764978
      244     0.48584579     0.03924628
      245     0.44925424     0.02951920
      246     0.41535810     0.01827306
      247     0.39058278     0.00529703
      248     0.37362298    -0.00962558
      249     0.36211227    -0.02670567
      250     0.35398424    -0.04613538
      251     0.34756172    -0.06807082
      252     0.34143303    -0.09260931
      253     0.33433414    -0.11975977
      254     0.32506844    -0.14940585
      255     0.31246219    -0.18126127
      256     0.29535104    -0.21481899
      257     0.27259610    -0.24929212
      258     0.24313176    -0.28355603
      259     0.20604784    -0.31609555
      260     0.16070981    -0.34496708
      261     0.10649906    -0.36743964
      262     0.04502250    -0.38079535
      263    -0.02097170    -0.38302172
      264    -0.08946505    -0.37228059
      265    -0.15774930    -0.34701508
      266    -0.22240459    -0.30618289
      267    -0.27934382    -0.24953767
      268    -0.32395802    -0.17794524
      269    -0.35139488    -0.09370516
      270    -0.35699453    -0.00083081
      271    -0.33690092     0.09478144
      272    -0.28883678     0.18538594
      273    -0.21298980     0.26172910
      274    -0.11289676     0.31380505
      275     0.00385956     0.33209878
      276     0.12539960     0.30931592
      277     0.23605137     0.24246718
      278     0.31790733     0.13498979
      279     0.35361391    -0.00163092
      280     0.33030260    -0.14746889
      281     0.24351542    -0.27429833
      282     0.10599998    -0.35329232
      283    -0.05582699    -0.36490925
      284    -0.20948649    -0.30190194
      285    -0.32025998    -0.17281782
      286    -0.35908439    -0.00286290
      287    -0.31095105     0.16932842
      288    -0.18158951     0.29941247
      289     0.00012177     0.34868547
      290     0.18617766     0.29665691
      291     0.32067376     0.15104827
      292     0.35666073    -0.04915709
      293     0.27422664    -0.24104263
      294     0.09314289    -0.35602758
      295    -0.12691283    -0.34516058
      296    -0.30270915    -0.20280596
      297    -0.35833871     0.02253749
      298    -0.26058732     0.23954519
      299    -0.04260222     0.34884844
      300     0.20009059     0.29045980
      301     0.34585476     0.08378470
      302     0.31565809    -0.16981492
      303     0.12055237    -0.33937399
      304    -0.14101527    -0.33130632
      305    -0.32810723    -0.14364744
      306    -0.33286132     0.12468752
      307    -0.14581809     0.32195521
      308     0.12946224     0.32879572
      309     0.32906370     0.13395653
      310     0.32567319    -0.14860850
      311     0.11381644    -0.34126893
      312    -0.17512043    -0.31397628
      313    -0.34910475    -0.07683925
      314    -0.28337978     0.21381829
      315    -0.01579905     0.35348517
      316     0.26589519     0.23486667
      317     0.35148239    -0.06255896
      318     0.16830135    -0.31689819
      319    -0.14901194    -0.32649281
      320    -0.34930813    -0.07505834
      321    -0.26429697     0.23812252
      322     0.04122511     0.35295754
      323     0.31336818     0.16886666
      324     0.31825899    -0.16186549
      325     0.04668296    -0.35461708
      326    -0.26735367    -0.23704661
      327    -0.34428657     0.09170793
      328    -0.11005335     0.33808041
      329     0.22624524     0.27450947
      330     0.35371613    -0.04561602
      331     0.14831738    -0.32519472
      332    -0.19977626    -0.29628676
      333    -0.35603976     0.01874241
      334    -0.16368437     0.31589877
      335     0.19219826     0.29945027
      336     0.35602772    -0.01945174
      337     0.15743058    -0.32066249
      338    -0.20455280    -0.29279242
      339    -0.35420042     0.04042730
      340    -0.12984413     0.33141085
      341     0.23378882     0.26849080
      342     0.34631847    -0.08426883
      343     0.08335065    -0.34684849
      344    -0.27129818    -0.23142587
      345    -0.32816312     0.13850919
      346    -0.02149040     0.35531799
      347     0.30978836     0.17570976
      348     0.29375694    -0.20203000
      349    -0.05443503    -0.35249058
      350    -0.34136320    -0.10256290
      351    -0.23803299     0.26486324
      352     0.13959741     0.32754413
      353     0.35616040     0.01058907
      354     0.15824164    -0.31955246
      355    -0.22527209    -0.27637502
      356    -0.34424852     0.09178163
      357    -0.05633197     0.35159690
      358     0.29886047     0.19379397
      359     0.29795236    -0.19568082
      360    -0.05982027    -0.35151614
      361    -0.34605970    -0.08529551
      362    -0.21542993     0.28370261
      363     0.17561127     0.30991649
      364     0.35419730    -0.03944596
      365     0.10295773    -0.34134652
      366    -0.27362739    -0.22848806
      367    -0.31704347     0.16256641
      368     0.02633994     0.35522503
      369     0.33766069     0.11377908
      370     0.23611994    -0.26708885
      371    -0.15445626    -0.32132640
      372    -0.35591728     0.01777694
      373    -0.12129505     0.33492318
      374     0.26198495     0.24141601
      375     0.32419555    -0.14814840
      376    -0.01079565    -0.35637845
      377    -0.33251353    -0.12836554
      378    -0.24724253     0.25647448
      379     0.14030170     0.32741173
      380     0.35636847    -0.00176206
      381     0.13769263    -0.32887898
      382    -0.24857072    -0.25555030
      383    -0.33243632     0.12820070
      384    -0.01286451     0.35594535
      385     0.32209204     0.15231099
      386     0.26770612    -0.23543272
      387    -0.10925873    -0.33941009
      388    -0.35460546    -0.03559515
      389    -0.17472125     0.31038731
      390     0.21380999     0.28489332
      391     0.34727474    -0.08023177
      392     0.06824816    -0.34999638
      393    -0.29126156    -0.20556546
      394    -0.30692716     0.18086048
      395     0.03804949     0.35410062
      396     0.33810778     0.11239056
      397     0.24358761    -0.26036626
      398    -0.13372128    -0.33057175
      399    -0.35589493    -0.01859646
      400    -0.16781825     0.31413415
      401     0.21246419     0.28587358
      402     0.34980461    -0.06879019
      403     0.09010569    -0.34519410
      404    -0.27077939    -0.23212047
      405    -0.32733305     0.14070772
      406    -0.01878686     0.35558838
      407     0.31003103     0.17551200
      408     0.29660118    -0.19803727
      409    -0.04170904    -0.35435031
      410    -0.33396653    -0.12491028
      411    -0.26418201     0.23890691
      412     0.08972215     0.34458741
      413     0.34699642     0.08111498
      414     0.23484805    -0.26849976
      415    -0.12532192    -0.33404908
      416    -0.35312749    -0.04883300
      417    -0.21156595     0.28649066
      418     0.14952483     0.32319092
      419     0.35548685     0.02556526
      420     0.19583581    -0.29816593
      421    -0.16324826    -0.31718692
      422    -0.35589748    -0.01553402
      423    -0.19071813     0.30026244
      424     0.16381931     0.31571499
      425     0.35568011     0.01895375
      426     0.19890920    -0.29610692
      427    -0.15048812    -0.32346597
      428    -0.35404455    -0.03990997
      429    -0.21891248     0.28042762
      430     0.12330198     0.33361116
      431     0.34865679     0.07237499
      432     0.24796947    -0.25628359
      433    -0.08228293    -0.34713161
      434    -0.33602698    -0.11879794
      435    -0.28202705     0.21711518
      436     0.02797617     0.35462222
      437     0.31204018     0.17130437
      438     0.31550336    -0.16576822
      439     0.03741213    -0.35466259
      440    -0.27339860    -0.22877572
      441    -0.34217040     0.09815274
      442    -0.11132516     0.33759921
      443     0.21528669     0.28300937
      444     0.35583337    -0.01527676
      445     0.19257599    -0.30023603
      446    -0.13314494    -0.33096818
      447    -0.34622625    -0.08425879
      448    -0.27016414     0.23156910
      449     0.02938651     0.35442456
      450     0.30403653     0.18495266
      451     0.32937273    -0.13582526
      452     0.08668188    -0.34582319
      453    -0.22576460    -0.27584353
      454    -0.35584027     0.01598930
      455    -0.20025495     0.29432713
      456     0.11516955     0.33681738
      457     0.33841303     0.11070824
      458     0.29244806    -0.20327259
      459     0.01456627    -0.35588056
      460    -0.27473023    -0.22669446
      461    -0.34675718     0.08166578
      462    -0.14499181     0.32549856
      463     0.17109838     0.31255354
      464     0.35214755     0.05319285
      465     0.25528318    -0.24797222
      466    -0.04326155    -0.35315304
      467    -0.30779614    -0.17886336
      468    -0.32878449     0.13753795
      469    -0.08889171     0.34542662
      470     0.22193301     0.27909270
      471     0.35597031    -0.00959674
      472     0.20510081    -0.29049646
      473    -0.11088774    -0.33778268
      474    -0.33790860    -0.11193450
      475    -0.29134321     0.20565975
      476    -0.00729237     0.35686461
      477     0.28328116     0.21664693
      478     0.34106599    -0.10170015
      479     0.11629430    -0.33579316
      480    -0.20600273    -0.28969446
      481    -0.35612252     0.00031494
      482    -0.20585911     0.29135473
      483     0.11964070     0.33618485
      484     0.34360535     0.09429693
      485     0.27229031    -0.22870529
      486    -0.03529320    -0.35356052
      487    -0.31286631    -0.16928328
      488    -0.31591321     0.16512895
      489    -0.03888010     0.35475846
      490     0.27367756     0.22862878
      491     0.34064135    -0.10308480
      492     0.09851071    -0.34146479
      493    -0.23449624    -0.26725153
      494    -0.35199686     0.05456119
      495    -0.14215146     0.32719766
      496     0.20178541     0.29411473
      497     0.35569395    -0.01690551
      498     0.17039088    -0.31206639
      499    -0.17955885    -0.30689141
      500    -0.35606851    -0.00295416
      501    -0.18429486     0.30520913
      502     0.16961757     0.31361589
      503     0.35600894     0.01127284
      504     0.18723029    -0.30257927
      505    -0.17016763    -0.31247995
      506    -0.35610256    -0.00570480
      507    -0.17956491     0.30795761
      508     0.18158523     0.30677043
      509     0.35599869    -0.01087282
      510     0.16065678    -0.31753505
      511    -0.20325615    -0.29213430
      512    -0.35376808     0.04148532
      513    -0.12936575     0.33214603
      514     0.23361975     0.26914802
      515     0.34633498    -0.08284982
      516     0.08478501    -0.34564954
      517    -0.26952004    -0.23255659
      518    -0.32942137     0.13564849
      519    -0.02660429     0.35542143
      520     0.30623973     0.18210942
      521     0.29856122    -0.19402974
      522    -0.04311151    -0.35336983
      523    -0.33678128    -0.11571849
      524    -0.25089532     0.25296525
      525     0.11927254     0.33577113
      526     0.35425360     0.03705507
      527     0.18512690    -0.30411289
      528    -0.19629907    -0.29702763
      529    -0.35239922     0.05181414
      530    -0.10199552     0.34140603
      531     0.26675793     0.23615403
      532     0.32597934    -0.14334911
      533     0.00539747    -0.35597363
      534    -0.32176628    -0.15256019
      535    -0.27207155     0.23000206
      536     0.09738919     0.34274368
      537     0.35237894     0.05195640
      538     0.19142944    -0.30019854
      539    -0.19615873    -0.29713144
      540    -0.35136412     0.05844696
      541    -0.08926620     0.34494390
      542     0.27913714     0.22137003
      543     0.31518196    -0.16577216
      544    -0.02461650    -0.35519563
      545    -0.33512398    -0.12051709
      546    -0.24532455     0.25835964
      547     0.13779514     0.32858054
      548     0.35613260     0.00590642
      549     0.14828456    -0.32370863
      550    -0.23709095    -0.26566790
      551    -0.33861328     0.11061768
      552    -0.03471860     0.35462286
      553     0.31072202     0.17425361
      554     0.28425705    -0.21447992
      555    -0.08226993    -0.34640773
      556    -0.35036736    -0.06394616
      557    -0.19975017     0.29503875
      558     0.18933394     0.30183200
      559     0.35244889    -0.05127707
      560     0.09547981    -0.34300174
      561    -0.27506891    -0.22613745
      562    -0.31843919     0.15972537
      563     0.01630499     0.35596080
      564     0.33157458     0.13025154
      565     0.25418152    -0.24937306
      566    -0.12358957    -0.33391003
      567    -0.35534820    -0.02425259
      568    -0.16844747     0.31398060
      569     0.21639566     0.28305927
      570     0.34709061    -0.07984420
      571     0.07118775    -0.34886109
      572    -0.28776840    -0.20975986
      573    -0.31079289     0.17413018
      574     0.02804931     0.35521107
      575     0.33409991     0.12360872
      576     0.25256309    -0.25103585
      577    -0.12118231    -0.33481501
      578    -0.35475377    -0.03175187
      579    -0.17933470     0.30785714
      580     0.20224647     0.29330938
      581     0.35144930    -0.05772165
      582     0.09814612    -0.34225880
      583    -0.26706035    -0.23554026
      584    -0.32772477     0.13960061
      585    -0.01585139     0.35593750
      586     0.31377894     0.16865348
      587     0.28821876    -0.20916665
      588    -0.06262541    -0.35052802
      589    -0.34270159    -0.09692956
      590    -0.23748296     0.26552997
      591     0.13398346     0.33009676
      592     0.35528744     0.02530034
      593     0.17964038    -0.30749325
      594    -0.19616816    -0.29722317
      595    -0.35346445     0.04386629
      596    -0.11799634     0.33610557
      597     0.24823947     0.25546251
      598     0.33939900    -0.10801698
      599     0.05518914    -0.35185248
      600    -0.28985274    -0.20696960
      601    -0.31505180     0.16614387
      602     0.00674486     0.35611760
      603     0.32099242     0.15436682
      604     0.28257175    -0.21684865
      605    -0.06579706    -0.35006315
      606    -0.34194412    -0.09968030
      607    -0.24370707     0.25970640
      608     0.12102522     0.33494522
      609     0.35343288     0.04412849
      610     0.19988102    -0.29486504
      611    -0.17175667    -0.31208817
      612    -0.35599697     0.01101840
      613    -0.15207234     0.32199806
      614     0.21759863     0.28189835
      615     0.35012528    -0.06550109
      616     0.10112344    -0.34162107
      617    -0.25807625    -0.24557558
      618    -0.33601245     0.11801187
      619    -0.04764153     0.35285624
      620     0.29272378     0.20279761
      621     0.31378283    -0.16867760
      622    -0.00767853    -0.35623789
      623    -0.32081518    -0.15486413
      624    -0.28332876     0.21568111
      625     0.06413555     0.35019803
      626     0.34147510     0.10112550
      627     0.24464562    -0.25903185
      628    -0.12061142    -0.33530139
      629    -0.35352505    -0.04353337
      630    -0.19782558     0.29601223
      631     0.17568631     0.30965773
      632     0.35572519    -0.01814060
      633     0.14333495    -0.32624285
      634    -0.22748302    -0.27424808
      635    -0.34682041     0.08091805
      636    -0.08209743     0.34640404
      637     0.27376593     0.22766461
      638     0.32580829    -0.14409436
      639     0.01568422    -0.35601304
      640    -0.31201171    -0.17196864
      641    -0.29216834     0.20355925
      642     0.05355356     0.35197320
      643     0.33958668     0.10728112
      644     0.24618679    -0.25755099
      645    -0.12263779    -0.33455054
      646    -0.35424995    -0.03714886
      647    -0.18891455     0.30179604
      648     0.18836803     0.30213722
      649     0.35427636    -0.03688288
      650     0.12217861    -0.33471519
      651    -0.24735187    -0.25642838
      652    -0.33863671     0.11024676
      653    -0.04863851     0.35269185
      654     0.29621488     0.19763507
      655     0.30718277    -0.18042249
      656    -0.02834485    -0.35519146
      657    -0.33193337    -0.12930368
      658    -0.26079945     0.24243784
      659     0.10490539     0.34023426
      660     0.35211776     0.05346798
      661     0.20139055    -0.29390318
      662    -0.17701024    -0.30920596
      663    -0.35530048     0.02495151
      664    -0.13181755     0.33077522
      665     0.24076075     0.26237104
      666     0.34101522    -0.10295211
      667     0.05548609    -0.35195214
      668    -0.29282830    -0.20289363
      669    -0.30981976     0.17560747
      670     0.02376484     0.35527442
      671     0.33045983     0.13278596
      672     0.26320163    -0.24009572
      673    -0.10189989    -0.34140963
      674    -0.35169002    -0.05651488
      675    -0.20352434     0.29219740
      676     0.17492036     0.31016170
      677     0.35545222    -0.02291219
      678     0.13386520    -0.33018034
      679    -0.23913324    -0.26408300
      680    -0.34166246     0.10055882
      681    -0.05783821     0.35134855
      682     0.29136033     0.20477229
      683     0.31119446    -0.17338193
      684    -0.02065714    -0.35568984
      685    -0.32914543    -0.13623181
      686    -0.26582520     0.23696992
      687     0.09766689     0.34242811
      688     0.35086909     0.06119366
      689     0.20807469    -0.28918929
      690    -0.16945020    -0.31339611
      691    -0.35583240     0.01572860
      692    -0.14103683     0.32697136
      693     0.23267583     0.26958300
      694     0.34422903    -0.09160133
      695     0.06814108    -0.34970262
      696    -0.28461320    -0.21425242
      697    -0.31709342     0.16213477
      698     0.00705119     0.35601810
      699     0.32322508     0.14954435
      700     0.27615752    -0.22504649
      701    -0.08107085    -0.34692876
      702    -0.34723372    -0.07942909
      703    -0.22373007     0.27704957
      704     0.15067803     0.32264373
      705     0.35611967     0.00644237
      706     0.16251864    -0.31703498
      707    -0.21305537    -0.28552601
      708    -0.35009544     0.06546995
      709    -0.09544261     0.34306453
      710     0.26589396     0.23690074
      711     0.33000004    -0.13411652
      712     0.02545699    -0.35535598
      713    -0.30746503    -0.17989219
      714    -0.29721267     0.19620727
      715     0.04455971     0.35330028
      716     0.33660017     0.11638307
      717     0.25349687    -0.25028304
      718    -0.11195612    -0.33820356
      719    -0.35271439    -0.04965738
      720    -0.20092463     0.29402968
      721     0.17434316     0.31052554
      722     0.35570840    -0.01832660
      723     0.14169855    -0.32683974
      724    -0.22971725    -0.27226182
      725    -0.34597236     0.08461789
      726    -0.07812238     0.34745722
      727     0.27639793     0.22460051
      728     0.32422735    -0.14748133
      729     0.01243779    -0.35600063
      730    -0.31312162    -0.16980225
      731    -0.29155047     0.20457860
      732     0.05314017     0.35216730
      733     0.33892277     0.10948945
      734     0.24919584    -0.25450239
      735    -0.11657746    -0.33657436
      736    -0.35322055    -0.04585719
      737    -0.19865454     0.29563675
      738     0.17591811     0.30970503
      739     0.35565543    -0.01922678
      740     0.14147912    -0.32686044
      741    -0.22941944    -0.27243868
      742    -0.34618787     0.08381366
      743    -0.07939341     0.34724713
      744     0.27540295     0.22589693
      745     0.32492987    -0.14584446
      746     0.01414168    -0.35585605
      747    -0.31237671    -0.17108807
      748    -0.29227020     0.20363080
      749     0.05235310     0.35236671
      750     0.33887044     0.10973299
      751     0.24874759    -0.25485941
      752    -0.11809010    -0.33596547
      753    -0.35356460    -0.04303646
      754    -0.19522750     0.29798921
      755     0.18081520     0.30695010
      756     0.35518004    -0.02653659
      757     0.13284933    -0.33038716
      758    -0.23810388    -0.26480784
      759    -0.34265648     0.09731748
      760    -0.06324570     0.35061758
      761     0.28723342     0.21071144
      762     0.31511355    -0.16589234
      763    -0.01158073    -0.35586352
      764    -0.32537629    -0.14475179
      765    -0.27207614     0.22997169
      766     0.08881953     0.34503806
      767     0.34932240     0.06961647
      768     0.21376723    -0.28476031
      769    -0.16471433    -0.31566818
      770    -0.35594412     0.01279069
      771    -0.14149072     0.32698555
      772     0.23466745     0.26805856
      773     0.34254286    -0.09744547
      774     0.05785127    -0.35131152
      775    -0.29343067    -0.20175011
      776    -0.30732361     0.18015024
      777     0.03301069     0.35476273
      778     0.33541569     0.11992965
      779     0.24990591    -0.25365221
      780    -0.12535346    -0.33325493
      781    -0.35523975    -0.02566761
      782    -0.17179232     0.31214523
      783     0.21214648     0.28624138
      784     0.34835997    -0.07408088
      785     0.07665737    -0.34769628
      786    -0.28516419    -0.21327488
      787    -0.31187597     0.17216255
      788     0.02883266     0.35513830
      789     0.33569470     0.11917378
      790     0.24574749    -0.25769036
      791    -0.13537088    -0.32932123
      792    -0.35603138    -0.01002849
      793    -0.15358530     0.32148760
      794     0.23181221     0.27054216
      795     0.34095833    -0.10287812
      796     0.04298628    -0.35344889
      797    -0.30650573    -0.18130362
      798    -0.28911839     0.20814435
      799     0.07488400     0.34833990
      800     0.34912447     0.07065051
      801     0.20399950    -0.29184936
      802    -0.18646566    -0.30334753
      803    -0.35261343     0.05035642
      804    -0.09414278     0.34362470
      805     0.27781338     0.22300699
      806     0.31487896    -0.16634815
      807    -0.02783101    -0.35496652
      808    -0.33698920    -0.11520046
      809    -0.23951951     0.26373045
      810     0.14699744     0.32454528
      811     0.35611883    -0.00613468
      812     0.13555577    -0.32924882
      813    -0.24849716    -0.25504383
      814    -0.33287990     0.12681554
      815    -0.01608713     0.35593307
      816     0.32001965     0.15647907
      817     0.27091649    -0.23110035
      818    -0.10393190    -0.34055009
      819    -0.35382292    -0.04073518
      820    -0.17907038     0.30800916
      821     0.21025339     0.28762090
      822     0.34775501    -0.07694228
      823     0.06942631    -0.34924956
      824    -0.29168820    -0.20431351
      825    -0.30486572     0.18429522
      826     0.04491635     0.35344825
      827     0.34114796     0.10251665
      828     0.23239631    -0.26982944
      829    -0.15161248    -0.32220961
      830    -0.35612709     0.00658972
      831    -0.14015738     0.32754817
      832     0.24082349     0.26253346
      833     0.33840840    -0.11104335
      834     0.03879937    -0.35397967
      835    -0.30606869    -0.18209584
      836    -0.29300477     0.20260927
      837     0.06178626     0.35086941
      838     0.34444850     0.09077998
      839     0.22691811    -0.27447789
      840    -0.15348607    -0.32134852
      841    -0.35616728     0.00346707
      842    -0.14775872     0.32415362
      843     0.23064843     0.27148376
      844     0.34381881    -0.09300336
      845     0.06273340    -0.35056831
      846    -0.28994139    -0.20683661
      847    -0.31137484     0.17299473
      848     0.02194816     0.35554873
      849     0.33011399     0.13381094
      850     0.26356199    -0.23956507
      851    -0.10135833    -0.34143345
      852    -0.35152231    -0.05740808
      853    -0.20511959     0.29120995
      854     0.17206090     0.31188662
      855     0.35574593    -0.01778365
      856     0.14046810    -0.32731667
      857    -0.23188554    -0.27036355
      858    -0.34499082     0.08858049
      859    -0.07332210     0.34854760
      860     0.27983204     0.22036090
      861     0.32182294    -0.15266735
      862     0.00674933    -0.35614630
      863    -0.31563725    -0.16507210
      864    -0.28881211     0.20842475
      865     0.05689789     0.35157705
      866     0.33972425     0.10700564
      867     0.24841546    -0.25531004
      868    -0.11596650    -0.33682715
      869    -0.35286850    -0.04853224
      870    -0.20271479     0.29281632
      871     0.16942407     0.31325398
      872     0.35607503    -0.00910519
      873     0.15350910    -0.32147743
      874    -0.21659604    -0.28283109
      875    -0.35032958     0.06423939
      876    -0.10221967     0.34112671
      877     0.25714513     0.24638910
      878     0.33661948    -0.11652046
      879     0.05003967    -0.35273914
      880    -0.29086279    -0.20567526
      881    -0.31579402     0.16464909
      882     0.00207909     0.35608057
      883     0.31764996     0.16104469
      884     0.28870031    -0.20872097
      885    -0.05320253    -0.35229457
      886    -0.33741513    -0.11420523
      887    -0.25607560     0.24746715
      888     0.10259563     0.34098201
      889     0.35015556     0.06516053
      890     0.21862342    -0.28130918
      891    -0.14955559    -0.32337820
      892    -0.35585056    -0.01555171
      893    -0.17699902     0.30898189
      894     0.19342072     0.29898025
      895     0.35449916    -0.03474192
      896     0.13186926    -0.33099055
      897    -0.23351886    -0.26907059
      898    -0.34610121     0.08404107
      899    -0.08391473     0.34604472
      900     0.26917518     0.23315106
      901     0.33069411    -0.13245976
      902     0.03387196    -0.35470287
      903    -0.29969558    -0.19261962
      904    -0.30833177     0.17820215
      905     0.01747426     0.35563126
      906     0.32435626     0.14705588
      907     0.27919363    -0.22130902
      908    -0.06915118    -0.34953927
      909    -0.34241944    -0.09820487
      910    -0.24357934     0.25975512
      911     0.12011946     0.33519488
      912     0.35320516     0.04587596
      913     0.20191455    -0.29355768
      914    -0.16927056    -0.31352542
      915    -0.35609638     0.00795537
      916    -0.15475906     0.32068184
      917     0.21542889     0.28352643
      918     0.35055217    -0.06324534
      919     0.10282414    -0.34115425
      920    -0.25734328    -0.24639142
      921    -0.33611473     0.11774983
      922    -0.04698101     0.35294201
      923     0.29369593     0.20139174
      924     0.31244154    -0.17116175
      925    -0.01168465    -0.35613106
      926    -0.32306925    -0.15012157
      927    -0.27934483     0.22085359
      928     0.07182491     0.34873538
      929     0.34398011     0.09231724
      930     0.23687146    -0.26614667
      931    -0.13179099    -0.33104516
      932    -0.35491578    -0.03021372
      933    -0.18537676     0.30401123
      934     0.18960786     0.30139164
      935     0.35440659    -0.03570947
      936     0.12563116    -0.33343104
      937    -0.24295723    -0.26059876
      938    -0.34113432     0.10232448
      939    -0.05893892     0.35114511
      940     0.28919356     0.20780187
      941     0.31407818    -0.16812463
      942    -0.01274051    -0.35608352
      943    -0.32541513    -0.14495139
      944    -0.27278403     0.22891866
      945     0.08665747     0.34536538
      946     0.34865588     0.07273568
      947     0.21748043    -0.28219984
      948    -0.15945484    -0.31861759
      949    -0.35614783     0.00532851
      950    -0.14933535     0.32326110
      951     0.22706904     0.27431548
      952     0.34552085    -0.08661364
      953     0.07062695    -0.34921852
      954    -0.28493931    -0.21383115
      955    -0.31523219     0.16573152
      956     0.01506418     0.35577258
      957     0.32825233     0.13817596
      958     0.26491446    -0.23818463
      959    -0.10291010    -0.34108604
      960    -0.35245354    -0.05154326
      961    -0.19583373     0.29744276
      962     0.18690885     0.30312873
      963     0.35374481    -0.04167842
      964     0.11116134    -0.33846340
      965    -0.26037431    -0.24311931
      966    -0.32984492     0.13437283
      967    -0.01599552     0.35576809
      968     0.31658242     0.16316887
      969     0.28040747    -0.21968425
      970    -0.08290546    -0.34645221
      971    -0.34951570    -0.06867004
      972    -0.20751839     0.28945133
      973     0.17745137     0.30879633
      974     0.35458082    -0.03377772
      975     0.11579124    -0.33686861
      976    -0.25904374    -0.24449836
      977    -0.32950147     0.13525248
      978    -0.01233096     0.35595357
      979     0.31943249     0.15755777
      980     0.27484041    -0.22657149
      981    -0.09388685    -0.34359814
      982    -0.35189179    -0.05516693
      983    -0.19440441     0.29845693
      984     0.19280630     0.29949134
      985     0.35213735    -0.05352270
      986     0.09500385    -0.34327036
      987    -0.27456928    -0.22688159
      988    -0.31920281     0.15806942
      989     0.01406336     0.35593034
      990     0.33069033     0.13235225
      991     0.25568092    -0.24795054
      992    -0.12216552    -0.33454840
      993    -0.35531813    -0.02485723
      994    -0.16764031     0.31431128
      995     0.21855309     0.28129408
      996     0.34594643    -0.08473148
      997     0.06380997    -0.35037232
      998    -0.29381760    -0.20129478
      999    -0.30382581     0.18596111
     1000     0.04544077     0.35333608
