#     Density Matrix: population Re; see the manual for detail orders
        0     0.00000000     1.00000000
        1     0.00000000     1.00000000
        2     0.00000000     1.00000000
        3     0.00000000     1.00000000
        4     0.00000000     1.00000000
        5     0.00000000     1.00000000
        6     0.00000000     1.00000000
        7     0.00000000     1.00000000
        8     0.00000000     1.00000000
        9     0.00000000     1.00000000
       10     0.00000000     1.00000000
       11     0.00000000     1.00000000
       12     0.00000000     1.00000000
       13     0.00000000     1.00000000
       14     0.00000000     1.00000000
       15     0.00000000     1.00000000
       16     0.00000000     1.00000000
       17     0.00000000     1.00000000
       18     0.00000000     1.00000000
       19     0.00000000     1.00000000
       20     0.00000000     1.00000000
       21     0.00000000     1.00000000
       22     0.00000000     1.00000000
       23     0.00000000     1.00000000
       24     0.00000000     1.00000000
       25     0.00000000     1.00000000
       26     0.00000000     1.00000000
       27     0.00000000     1.00000000
       28     0.00000000     1.00000000
       29     0.00000000     1.00000000
       30     0.00000000     1.00000000
       31     0.00000000     1.00000000
       32     0.00000000     1.00000000
       33     0.00000000     1.00000000
       34     0.00000000     1.00000000
       35     0.00000000     1.00000000
       36     0.00000000     1.00000000
       37     0.00000001     0.99999999
       38     0.00000001     0.99999999
       39     0.00000001     0.99999999
       40     0.00000000     1.00000000
       41     0.00000000     1.00000000
       42     0.00000000     1.00000000
       43     0.00000000     1.00000000
       44     0.00000000     1.00000000
       45     0.00000001     0.99999999
       46     0.00000001     0.99999999
       47     0.00000001     0.99999999
       48     0.00000001     0.99999999
       49     0.00000001     0.99999999
       50     0.00000001     0.99999999
       51     0.00000001     0.99999999
       52     0.00000001     0.99999999
       53     0.00000001     0.99999999
       54     0.00000001     0.99999999
       55     0.00000001     0.99999999
       56     0.00000001     0.99999999
       57     0.00000001     0.99999999
       58     0.00000001     0.99999999
       59     0.00000001     0.99999999
       60     0.00000001     0.99999999
       61     0.00000001     0.99999999
       62     0.00000001     0.99999999
       63     0.00000002     0.99999998
       64     0.00000002     0.99999998
       65     0.00000002     0.99999998
       66     0.00000002     0.99999998
       67     0.00000002     0.99999998
       68     0.00000002     0.99999998
       69     0.00000002     0.99999998
       70     0.00000003     0.99999997
       71     0.00000003     0.99999997
       72     0.00000003     0.99999997
       73     0.00000003     0.99999997
       74     0.00000003     0.99999997
       75     0.00000003     0.99999997
       76     0.00000003     0.99999997
       77     0.00000003     0.99999997
       78     0.00000004     0.99999996
       79     0.00000004     0.99999996
       80     0.00000003     0.99999997
       81     0.00000003     0.99999997
       82     0.00000004     0.99999996
       83     0.00000005     0.99999995
       84     0.00000006     0.99999994
       85     0.00000006     0.99999994
       86     0.00000004     0.99999996
       87     0.00000003     0.99999997
       88     0.00000003     0.99999997
       89     0.00000003     0.99999997
       90     0.00000004     0.99999996
       91     0.00000005     0.99999995
       92     0.00000005     0.99999995
       93     0.00000004     0.99999996
       94     0.00000003     0.99999997
       95     0.00000002     0.99999998
       96     0.00000002     0.99999998
       97     0.00000003     0.99999997
       98     0.00000004     0.99999996
       99     0.00000004     0.99999996
      100     0.00000003     0.99999997
      101     0.00000002     0.99999998
      102     0.00000002     0.99999998
      103     0.00000002     0.99999998
      104     0.00000002     0.99999998
      105     0.00000003     0.99999997
      106     0.00000004     0.99999996
      107     0.00000004     0.99999996
      108     0.00000003     0.99999997
      109     0.00000002     0.99999998
      110     0.00000002     0.99999998
      111     0.00000003     0.99999997
      112     0.00000004     0.99999996
      113     0.00000005     0.99999995
      114     0.00000005     0.99999995
      115     0.00000005     0.99999995
      116     0.00000004     0.99999996
      117     0.00000004     0.99999996
      118     0.00000005     0.99999995
      119     0.00000006     0.99999994
      120     0.00000008     0.99999992
      121     0.00000010     0.99999990
      122     0.00000009     0.99999991
      123     0.00000007     0.99999993
      124     0.00000005     0.99999995
      125     0.00000006     0.99999994
      126     0.00000010     0.99999990
      127     0.00000015     0.99999985
      128     0.00000021     0.99999979
      129     0.00000023     0.99999977
      130     0.00000022     0.99999978
      131     0.00000019     0.99999981
      132     0.00000018     0.99999982
      133     0.00000022     0.99999978
      134     0.00000030     0.99999970
      135     0.00000042     0.99999958
      136     0.00000053     0.99999947
      137     0.00000059     0.99999941
      138     0.00000060     0.99999940
      139     0.00000059     0.99999941
      140     0.00000061     0.99999939
      141     0.00000067     0.99999933
      142     0.00000067     0.99999933
      143     0.00000061     0.99999939
      144     0.00000059     0.99999941
      145     0.00000068     0.99999932
      146     0.00000091     0.99999909
      147     0.00000124     0.99999876
      148     0.00000157     0.99999843
      149     0.00000180     0.99999820
      150     0.00000190     0.99999810
      151     0.00000192     0.99999808
      152     0.00000198     0.99999802
      153     0.00000222     0.99999778
      154     0.00000272     0.99999728
      155     0.00000343     0.99999657
      156     0.00000423     0.99999577
      157     0.00000494     0.99999506
      158     0.00000548     0.99999452
      159     0.00000589     0.99999411
      160     0.00000633     0.99999367
      161     0.00000665     0.99999335
      162     0.00000603     0.99999397
      163     0.00000480     0.99999520
      164     0.00000391     0.99999609
      165     0.00000429     0.99999571
      166     0.00000638     0.99999362
      167     0.00000988     0.99999012
      168     0.00001378     0.99998622
      169     0.00001688     0.99998312
      170     0.00001833     0.99998167
      171     0.00001811     0.99998189
      172     0.00001716     0.99998284
      173     0.00001702     0.99998298
      174     0.00001920     0.99998080
      175     0.00002454     0.99997546
      176     0.00003278     0.99996722
      177     0.00004263     0.99995737
      178     0.00005231     0.99994769
      179     0.00006033     0.99993967
      180     0.00006616     0.99993384
      181     0.00006783     0.99993217
      182     0.00006011     0.99993989
      183     0.00004551     0.99995449
      184     0.00003105     0.99996895
      185     0.00002477     0.99997523
      186     0.00003290     0.99996710
      187     0.00005756     0.99994244
      188     0.00009590     0.99990410
      189     0.00014080     0.99985920
      190     0.00018312     0.99981688
      191     0.00021460     0.99978540
      192     0.00023064     0.99976936
      193     0.00023191     0.99976809
      194     0.00022453     0.99977547
      195     0.00021876     0.99978124
      196     0.00022652     0.99977348
      197     0.00025866     0.99974134
      198     0.00032263     0.99967737
      199     0.00042104     0.99957896
      200     0.00055162     0.99944838
      201     0.00066689     0.99933311
      202     0.00071620     0.99928380
      203     0.00071129     0.99928871
      204     0.00065746     0.99934254
      205     0.00057023     0.99942977
      206     0.00047283     0.99952717
      207     0.00039249     0.99960751
      208     0.00035640     0.99964360
      209     0.00038799     0.99961201
      210     0.00050417     0.99949583
      211     0.00071386     0.99928614
      212     0.00101780     0.99898220
      213     0.00140963     0.99859037
      214     0.00187777     0.99812223
      215     0.00240777     0.99759223
      216     0.00298470     0.99701530
      217     0.00359540     0.99640460
      218     0.00423009     0.99576991
      219     0.00488354     0.99511646
      220     0.00555553     0.99444447
      221     0.00608639     0.99391361
      222     0.00639751     0.99360249
      223     0.00660215     0.99339785
      224     0.00670504     0.99329496
      225     0.00671709     0.99328291
      226     0.00665418     0.99334582
      227     0.00653577     0.99346423
      228     0.00638320     0.99361680
      229     0.00621790     0.99378210
      230     0.00605940     0.99394060
      231     0.00592321     0.99407679
      232     0.00581859     0.99418141
      233     0.00574641     0.99425359
      234     0.00569873     0.99430127
      235     0.00566469     0.99433531
      236     0.00566042     0.99433958
      237     0.00584961     0.99415039
      238     0.00704251     0.99295749
      239     0.01304226     0.98695774
      240     0.04364047     0.95635953
      241     0.12129047     0.87870953
      242     0.25518375     0.74481625
      243     0.44422777     0.55577223
      244     0.61141631     0.38858369
      245     0.71748390     0.28251610
      246     0.77774762     0.22225238
      247     0.81211702     0.18788298
      248     0.83213433     0.16786567
      249     0.84374629     0.15625371
      250     0.85009525     0.14990475
      251     0.85294081     0.14705919
      252     0.85333695     0.14666305
      253     0.85196346     0.14803654
      254     0.84929701     0.15070299
      255     0.84570469     0.15429531
      256     0.84149753     0.15850247
      257     0.83696410     0.16303590
      258     0.83238971     0.16761029
      259     0.82806690     0.17193310
      260     0.82429935     0.17570065
      261     0.82194109     0.17805891
      262     0.82088608     0.17911392
      263     0.82070944     0.17929056
      264     0.82156362     0.17843638
      265     0.82356714     0.17643286
      266     0.82678470     0.17321530
      267     0.83120686     0.16879314
      268     0.83672941     0.16327059
      269     0.84313405     0.15686595
      270     0.85007744     0.14992256
      271     0.85709137     0.14290863
      272     0.86360056     0.13639944
      273     0.86896236     0.13103764
      274     0.87253284     0.12746716
      275     0.87375861     0.12624139
      276     0.87228833     0.12771167
      277     0.86808887     0.13191113
      278     0.86154210     0.13845790
      279     0.85348910     0.14651090
      280     0.84518563     0.15481437
      281     0.83979504     0.16020496
      282     0.83756264     0.16243736
      283     0.83723076     0.16276924
      284     0.83907319     0.16092681
      285     0.84288124     0.15711876
      286     0.84792269     0.15207731
      287     0.85304012     0.14695988
      288     0.85689974     0.14310026
      289     0.85835517     0.14164483
      290     0.85683688     0.14316312
      291     0.85263687     0.14736313
      292     0.84695346     0.15304654
      293     0.84161118     0.15838882
      294     0.83848008     0.16151992
      295     0.83875848     0.16124152
      296     0.84239876     0.15760124
      297     0.84797331     0.15202669
      298     0.85314636     0.14685364
      299     0.85565407     0.14434593
      300     0.85439647     0.14560353
      301     0.85123299     0.14876701
      302     0.84860130     0.15139870
      303     0.84683198     0.15316802
      304     0.84691615     0.15308385
      305     0.84887112     0.15112888
      306     0.85164807     0.14835193
      307     0.85366923     0.14633077
      308     0.85374129     0.14625871
      309     0.85181348     0.14818652
      310     0.84907376     0.15092624
      311     0.84724824     0.15275176
      312     0.84749350     0.15250650
      313     0.84960206     0.15039794
      314     0.85210458     0.14789542
      315     0.85326849     0.14673151
      316     0.85233138     0.14766862
      317     0.85006643     0.14993357
      318     0.84820998     0.15179002
      319     0.84813487     0.15186513
      320     0.84978576     0.15021424
      321     0.85134708     0.14865292
      322     0.85174062     0.14825938
      323     0.85111883     0.14888117
      324     0.85001540     0.14998460
      325     0.84938149     0.15061851
      326     0.84975837     0.15024163
      327     0.85079397     0.14920603
      328     0.85155354     0.14844646
      329     0.85136540     0.14863460
      330     0.85043413     0.14956587
      331     0.84964318     0.15035682
      332     0.84971932     0.15028068
      333     0.85054873     0.14945127
      334     0.85130528     0.14869472
      335     0.85126822     0.14873178
      336     0.85052231     0.14947769
      337     0.84984450     0.15015550
      338     0.84990106     0.15009894
      339     0.85058194     0.14941806
      340     0.85115146     0.14884854
      341     0.85107759     0.14892241
      342     0.85065978     0.14934022
      343     0.85035524     0.14964476
      344     0.85048447     0.14951553
      345     0.85089054     0.14910946
      346     0.85112290     0.14887710
      347     0.85093767     0.14906233
      348     0.85055775     0.14944225
      349     0.85041007     0.14958993
      350     0.85064515     0.14935485
      351     0.85098114     0.14901886
      352     0.85103762     0.14896238
      353     0.85076722     0.14923278
      354     0.85049366     0.14950634
      355     0.85052722     0.14947278
      356     0.85081204     0.14918796
      357     0.85100759     0.14899241
      358     0.85089360     0.14910640
      359     0.85061861     0.14938139
      360     0.85051096     0.14948904
      361     0.85066702     0.14933298
      362     0.85086005     0.14913995
      363     0.85087384     0.14912616
      364     0.85069686     0.14930314
      365     0.85054566     0.14945434
      366     0.85060128     0.14939872
      367     0.85079282     0.14920718
      368     0.85088657     0.14911343
      369     0.85076999     0.14923001
      370     0.85058654     0.14941346
      371     0.85056042     0.14943958
      372     0.85072335     0.14927665
      373     0.85087601     0.14912399
      374     0.85083072     0.14916928
      375     0.85064127     0.14935873
      376     0.85053937     0.14946063
      377     0.85065230     0.14934770
      378     0.85084466     0.14915534
      379     0.85088031     0.14911969
      380     0.85071129     0.14928871
      381     0.85054151     0.14945849
      382     0.85058043     0.14941957
      383     0.85078580     0.14921420
      384     0.85090941     0.14909059
      385     0.85079635     0.14920365
      386     0.85057791     0.14942209
      387     0.85051864     0.14948136
      388     0.85069638     0.14930362
      389     0.85090199     0.14909801
      390     0.85088614     0.14911386
      391     0.85066097     0.14933903
      392     0.85049212     0.14950788
      393     0.85058458     0.14941542
      394     0.85083501     0.14916499
      395     0.85094869     0.14905131
      396     0.85078696     0.14921304
      397     0.85053457     0.14946543
      398     0.85048672     0.14951328
      399     0.85070353     0.14929647
      400     0.85093699     0.14906301
      401     0.85090634     0.14909366
      402     0.85057759     0.14942241
      403     0.85031699     0.14968301
      404     0.85042632     0.14957368
      405     0.85079113     0.14920887
      406     0.85100421     0.14899579
      407     0.85082232     0.14917768
      408     0.85044113     0.14955887
      409     0.85028020     0.14971980
      410     0.85051929     0.14948071
      411     0.85090077     0.14909923
      412     0.85101204     0.14898796
      413     0.85073329     0.14926671
      414     0.85036305     0.14963695
      415     0.85029363     0.14970637
      416     0.85059423     0.14940577
      417     0.85094579     0.14905421
      418     0.85098427     0.14901573
      419     0.85067865     0.14932135
      420     0.85035041     0.14964959
      421     0.85034621     0.14965379
      422     0.85084994     0.14915006
      423     0.85138165     0.14861835
      424     0.85140756     0.14859244
      425     0.85090229     0.14909771
      426     0.85036527     0.14963473
      427     0.85031856     0.14968144
      428     0.85079859     0.14920141
      429     0.85133698     0.14866302
      430     0.85142597     0.14857403
      431     0.85099901     0.14900099
      432     0.85047092     0.14952908
      433     0.85032722     0.14967278
      434     0.85067495     0.14932505
      435     0.85117195     0.14882805
      436     0.85136934     0.14863066
      437     0.85112069     0.14887931
      438     0.85068295     0.14931705
      439     0.85044940     0.14955060
      440     0.85059218     0.14940782
      441     0.85112028     0.14887972
      442     0.85161553     0.14838447
      443     0.85150724     0.14849276
      444     0.85092625     0.14907375
      445     0.85038951     0.14961049
      446     0.85033197     0.14966803
      447     0.85075325     0.14924675
      448     0.85126498     0.14873502
      449     0.85145365     0.14854635
      450     0.85121831     0.14878169
      451     0.85080636     0.14919364
      452     0.85056037     0.14943963
      453     0.85062900     0.14937100
      454     0.85088751     0.14911249
      455     0.85109756     0.14890244
      456     0.85112680     0.14887320
      457     0.85102750     0.14897250
      458     0.85093360     0.14906640
      459     0.85090860     0.14909140
      460     0.85090301     0.14909699
      461     0.85084207     0.14915793
      462     0.85075357     0.14924643
      463     0.85076435     0.14923565
      464     0.85094533     0.14905467
      465     0.85119834     0.14880166
      466     0.85129954     0.14870046
      467     0.85109747     0.14890253
      468     0.85069085     0.14930915
      469     0.85039793     0.14960207
      470     0.85050393     0.14949607
      471     0.85098867     0.14901133
      472     0.85149035     0.14850965
      473     0.85157755     0.14842245
      474     0.85112454     0.14887546
      475     0.85046141     0.14953859
      476     0.85013493     0.14986507
      477     0.85045098     0.14954902
      478     0.85118524     0.14881476
      479     0.85173654     0.14826346
      480     0.85162479     0.14837521
      481     0.85096531     0.14903469
      482     0.85033476     0.14966524
      483     0.85023685     0.14976315
      484     0.85077550     0.14922450
      485     0.85149947     0.14850053
      486     0.85178025     0.14821975
      487     0.85136568     0.14863432
      488     0.85061556     0.14938444
      489     0.85019247     0.14980753
      490     0.85047036     0.14952964
      491     0.85119367     0.14880633
      492     0.85170647     0.14829353
      493     0.85155104     0.14844896
      494     0.85088643     0.14911357
      495     0.85033506     0.14966494
      496     0.85039859     0.14960141
      497     0.85099290     0.14900710
      498     0.85154163     0.14845837
      499     0.85153418     0.14846582
      500     0.85100782     0.14899218
      501     0.85054641     0.14945359
      502     0.85053524     0.14946476
      503     0.85089965     0.14910035
      504     0.85126999     0.14873001
      505     0.85128230     0.14871770
      506     0.85093934     0.14906066
      507     0.85059743     0.14940257
      508     0.85059764     0.14940236
      509     0.85092267     0.14907733
      510     0.85122769     0.14877231
      511     0.85120434     0.14879566
      512     0.85089474     0.14910526
      513     0.85063302     0.14936698
      514     0.85068669     0.14931331
      515     0.85098147     0.14901853
      516     0.85119496     0.14880504
      517     0.85110737     0.14889263
      518     0.85082909     0.14917091
      519     0.85066768     0.14933232
      520     0.85078966     0.14921034
      521     0.85101802     0.14898198
      522     0.85109993     0.14890007
      523     0.85098091     0.14901909
      524     0.85079926     0.14920074
      525     0.85075891     0.14924109
      526     0.85090071     0.14909929
      527     0.85106037     0.14893963
      528     0.85105735     0.14894265
      529     0.85089897     0.14910103
      530     0.85076892     0.14923108
      531     0.85081546     0.14918454
      532     0.85098220     0.14901780
      533     0.85107498     0.14892502
      534     0.85098697     0.14901303
      535     0.85082207     0.14917793
      536     0.85077360     0.14922640
      537     0.85089830     0.14910170
      538     0.85104929     0.14895071
      539     0.85104794     0.14895206
      540     0.85089487     0.14910513
      541     0.85077807     0.14922193
      542     0.85082441     0.14917559
      543     0.85096997     0.14903003
      544     0.85104144     0.14895856
      545     0.85095234     0.14904766
      546     0.85080787     0.14919213
      547     0.85078102     0.14921898
      548     0.85090552     0.14909448
      549     0.85103335     0.14896665
      550     0.85101061     0.14898939
      551     0.85086290     0.14913710
      552     0.85076665     0.14923335
      553     0.85083829     0.14916171
      554     0.85099329     0.14900671
      555     0.85104607     0.14895393
      556     0.85093247     0.14906753
      557     0.85078770     0.14921230
      558     0.85078498     0.14921502
      559     0.85092797     0.14907203
      560     0.85104617     0.14895383
      561     0.85099708     0.14900292
      562     0.85083371     0.14916629
      563     0.85075070     0.14924930
      564     0.85084588     0.14915412
      565     0.85100546     0.14899454
      566     0.85104090     0.14895910
      567     0.85091233     0.14908767
      568     0.85077290     0.14922710
      569     0.85078536     0.14921464
      570     0.85093163     0.14906837
      571     0.85103881     0.14896119
      572     0.85098455     0.14901545
      573     0.85083680     0.14916320
      574     0.85076821     0.14923179
      575     0.85085344     0.14914656
      576     0.85098844     0.14901156
      577     0.85101817     0.14898183
      578     0.85091535     0.14908465
      579     0.85080343     0.14919657
      580     0.85080760     0.14919240
      581     0.85092963     0.14907037
      582     0.85103597     0.14896403
      583     0.85099795     0.14900205
      584     0.85086770     0.14913230
      585     0.85079514     0.14920486
      586     0.85085436     0.14914564
      587     0.85096903     0.14903097
      588     0.85101021     0.14898979
      589     0.85094199     0.14905801
      590     0.85084994     0.14915006
      591     0.85083409     0.14916591
      592     0.85089988     0.14910012
      593     0.85096614     0.14903386
      594     0.85096501     0.14903499
      595     0.85091115     0.14908885
      596     0.85087022     0.14912978
      597     0.85087900     0.14912100
      598     0.85091402     0.14908598
      599     0.85093303     0.14906697
      600     0.85092589     0.14907411
      601     0.85091107     0.14908893
      602     0.85090563     0.14909437
      603     0.85090561     0.14909439
      604     0.85089866     0.14910134
      605     0.85089391     0.14910609
      606     0.85091032     0.14908968
      607     0.85094081     0.14905919
      608     0.85094814     0.14905186
      609     0.85091007     0.14908993
      610     0.85085921     0.14914079
      611     0.85085698     0.14914302
      612     0.85091987     0.14908013
      613     0.85098612     0.14901388
      614     0.85097601     0.14902399
      615     0.85088730     0.14911270
      616     0.85081206     0.14918794
      617     0.85084083     0.14915917
      618     0.85095417     0.14904583
      619     0.85103099     0.14896901
      620     0.85097852     0.14902148
      621     0.85083929     0.14916071
      622     0.85076432     0.14923568
      623     0.85084857     0.14915143
      624     0.85100779     0.14899221
      625     0.85106690     0.14893310
      626     0.85095354     0.14904646
      627     0.85078629     0.14921371
      628     0.85075043     0.14924957
      629     0.85089156     0.14910844
      630     0.85105811     0.14894189
      631     0.85106468     0.14893532
      632     0.85089957     0.14910043
      633     0.85074306     0.14925694
      634     0.85076981     0.14923019
      635     0.85095281     0.14904719
      636     0.85109010     0.14890990
      637     0.85102855     0.14897145
      638     0.85083582     0.14916418
      639     0.85072599     0.14927401
      640     0.85082115     0.14917885
      641     0.85100042     0.14899958
      642     0.85106535     0.14893465
      643     0.85095818     0.14904182
      644     0.85079844     0.14920156
      645     0.85076475     0.14923525
      646     0.85089448     0.14910552
      647     0.85104194     0.14895806
      648     0.85104215     0.14895785
      649     0.85089587     0.14910413
      650     0.85076792     0.14923208
      651     0.85080128     0.14919872
      652     0.85095702     0.14904298
      653     0.85105947     0.14894053
      654     0.85099448     0.14900552
      655     0.85083681     0.14916319
      656     0.85076431     0.14923569
      657     0.85085723     0.14914277
      658     0.85100932     0.14899068
      659     0.85104916     0.14895084
      660     0.85093341     0.14906659
      661     0.85080303     0.14919697
      662     0.85079774     0.14920226
      663     0.85091165     0.14908835
      664     0.85101551     0.14898449
      665     0.85099245     0.14900755
      666     0.85086961     0.14913039
      667     0.85078624     0.14921376
      668     0.85083581     0.14916419
      669     0.85096116     0.14903884
      670     0.85102039     0.14897961
      671     0.85094756     0.14905244
      672     0.85082609     0.14917391
      673     0.85079321     0.14920679
      674     0.85088488     0.14911512
      675     0.85099647     0.14900353
      676     0.85100226     0.14899774
      677     0.85089707     0.14910293
      678     0.85080059     0.14919941
      679     0.85082112     0.14917888
      680     0.85093403     0.14906597
      681     0.85101131     0.14898869
      682     0.85096647     0.14903353
      683     0.85085142     0.14914858
      684     0.85079627     0.14920373
      685     0.85086205     0.14913795
      686     0.85097325     0.14902675
      687     0.85100452     0.14899548
      688     0.85092195     0.14907805
      689     0.85081972     0.14918028
      690     0.85081264     0.14918736
      691     0.85090727     0.14909273
      692     0.85099621     0.14900379
      693     0.85098000     0.14902000
      694     0.85087828     0.14912172
      695     0.85080603     0.14919397
      696     0.85084359     0.14915641
      697     0.85094740     0.14905260
      698     0.85100056     0.14899944
      699     0.85094449     0.14905551
      700     0.85084341     0.14915659
      701     0.85081043     0.14918957
      702     0.85088426     0.14911574
      703     0.85098204     0.14901796
      704     0.85099452     0.14900548
      705     0.85090922     0.14909078
      706     0.85082263     0.14917737
      707     0.85083088     0.14916912
      708     0.85092289     0.14907711
      709     0.85099492     0.14900508
      710     0.85096786     0.14903214
      711     0.85087424     0.14912576
      712     0.85081914     0.14918086
      713     0.85086187     0.14913813
      714     0.85095205     0.14904795
      715     0.85098910     0.14901090
      716     0.85093490     0.14906510
      717     0.85085288     0.14914712
      718     0.85083355     0.14916645
      719     0.85089415     0.14910585
      720     0.85096416     0.14903584
      721     0.85096773     0.14903227
      722     0.85090693     0.14909307
      723     0.85085225     0.14914775
      724     0.85086106     0.14913894
      725     0.85091728     0.14908272
      726     0.85095637     0.14904363
      727     0.85093988     0.14906012
      728     0.85089298     0.14910702
      729     0.85086871     0.14913129
      730     0.85088751     0.14911249
      731     0.85092153     0.14907847
      732     0.85093349     0.14906651
      733     0.85091796     0.14908204
      734     0.85089880     0.14910120
      735     0.85089513     0.14910487
      736     0.85090221     0.14909779
      737     0.85090638     0.14909362
      738     0.85090684     0.14909316
      739     0.85091245     0.14908755
      740     0.85092152     0.14907848
      741     0.85091863     0.14908137
      742     0.85089775     0.14910225
      743     0.85087906     0.14912094
      744     0.85089000     0.14911000
      745     0.85092731     0.14907269
      746     0.85095083     0.14904917
      747     0.85092686     0.14907314
      748     0.85087409     0.14912591
      749     0.85085161     0.14914839
      750     0.85089243     0.14910757
      751     0.85095771     0.14904229
      752     0.85097283     0.14902717
      753     0.85091300     0.14908700
      754     0.85083992     0.14916008
      755     0.85083828     0.14916172
      756     0.85091729     0.14908271
      757     0.85099199     0.14900801
      758     0.85097486     0.14902514
      759     0.85087868     0.14912132
      760     0.85080949     0.14919051
      761     0.85085275     0.14914725
      762     0.85097462     0.14902538
      763     0.85103709     0.14896291
      764     0.85096608     0.14903392
      765     0.85083842     0.14916158
      766     0.85079884     0.14920116
      767     0.85089515     0.14910485
      768     0.85102014     0.14897986
      769     0.85103104     0.14896896
      770     0.85091336     0.14908664
      771     0.85080026     0.14919974
      772     0.85082160     0.14917840
      773     0.85095409     0.14904591
      774     0.85104622     0.14895378
      775     0.85099192     0.14900808
      776     0.85085337     0.14914663
      777     0.85079011     0.14920989
      778     0.85087490     0.14912510
      779     0.85100939     0.14899061
      780     0.85103798     0.14896202
      781     0.85092150     0.14907850
      782     0.85078876     0.14921124
      783     0.85079872     0.14920128
      784     0.85093782     0.14906218
      785     0.85104265     0.14895735
      786     0.85099176     0.14900824
      787     0.85084675     0.14915325
      788     0.85077837     0.14922163
      789     0.85086562     0.14913438
      790     0.85100406     0.14899594
      791     0.85103027     0.14896973
      792     0.85091465     0.14908535
      793     0.85079521     0.14920479
      794     0.85081340     0.14918660
      795     0.85094659     0.14905341
      796     0.85103570     0.14896430
      797     0.85097469     0.14902531
      798     0.85083684     0.14916316
      799     0.85078726     0.14921274
      800     0.85088546     0.14911454
      801     0.85101019     0.14898981
      802     0.85101400     0.14898600
      803     0.85089599     0.14910401
      804     0.85079795     0.14920205
      805     0.85083843     0.14916157
      806     0.85096942     0.14903058
      807     0.85103306     0.14896694
      808     0.85095176     0.14904824
      809     0.85082283     0.14917717
      810     0.85080210     0.14919790
      811     0.85091558     0.14908442
      812     0.85102685     0.14897315
      813     0.85100114     0.14899886
      814     0.85086863     0.14913137
      815     0.85078890     0.14921110
      816     0.85085855     0.14914145
      817     0.85099414     0.14900586
      818     0.85103247     0.14896753
      819     0.85092732     0.14907268
      820     0.85080501     0.14919499
      821     0.85081010     0.14918990
      822     0.85092212     0.14907788
      823     0.85100531     0.14899469
      824     0.85096152     0.14903848
      825     0.85084493     0.14915507
      826     0.85079460     0.14920540
      827     0.85086808     0.14913192
      828     0.85097582     0.14902418
      829     0.85099091     0.14900909
      830     0.85089895     0.14910105
      831     0.85081064     0.14918936
      832     0.85082792     0.14917208
      833     0.85092610     0.14907390
      834     0.85098860     0.14901140
      835     0.85094596     0.14905404
      836     0.85085280     0.14914720
      837     0.85081778     0.14918222
      838     0.85087637     0.14912363
      839     0.85095592     0.14904408
      840     0.85096604     0.14903396
      841     0.85090291     0.14909709
      842     0.85084440     0.14915560
      843     0.85085306     0.14914694
      844     0.85091167     0.14908833
      845     0.85095068     0.14904932
      846     0.85093105     0.14906895
      847     0.85088251     0.14911749
      848     0.85086091     0.14913909
      849     0.85088372     0.14911628
      850     0.85091830     0.14908170
      851     0.85092690     0.14907310
      852     0.85090793     0.14909207
      853     0.85088847     0.14911153
      854     0.85088713     0.14911287
      855     0.85089681     0.14910319
      856     0.85090242     0.14909758
      857     0.85090262     0.14909738
      858     0.85090573     0.14909427
      859     0.85091087     0.14908913
      860     0.85090612     0.14909388
      861     0.85088841     0.14911159
      862     0.85087642     0.14912358
      863     0.85089077     0.14910923
      864     0.85092263     0.14907737
      865     0.85093619     0.14906381
      866     0.85090914     0.14909086
      867     0.85086542     0.14913458
      868     0.85085501     0.14914499
      869     0.85089663     0.14910337
      870     0.85094917     0.14905083
      871     0.85095218     0.14904782
      872     0.85089553     0.14910447
      873     0.85083788     0.14916212
      874     0.85084574     0.14915426
      875     0.85091663     0.14908337
      876     0.85097536     0.14902464
      877     0.85095412     0.14904588
      878     0.85087078     0.14912922
      879     0.85081496     0.14918504
      880     0.85085115     0.14914885
      881     0.85094845     0.14905155
      882     0.85100186     0.14899814
      883     0.85094602     0.14905398
      884     0.85083855     0.14916145
      885     0.85079628     0.14920372
      886     0.85086778     0.14913222
      887     0.85097763     0.14902237
      888     0.85100627     0.14899373
      889     0.85092049     0.14907951
      890     0.85081184     0.14918816
      891     0.85079861     0.14920139
      892     0.85089674     0.14910326
      893     0.85100077     0.14899923
      894     0.85099749     0.14900251
      895     0.85088936     0.14911064
      896     0.85079304     0.14920696
      897     0.85081328     0.14918672
      898     0.85092884     0.14907116
      899     0.85101477     0.14898523
      900     0.85097765     0.14902235
      901     0.85085014     0.14914986
      902     0.85076854     0.14923146
      903     0.85082794     0.14917206
      904     0.85096369     0.14903631
      905     0.85102857     0.14897143
      906     0.85095240     0.14904760
      907     0.85081795     0.14918205
      908     0.85077117     0.14922883
      909     0.85086284     0.14913716
      910     0.85099342     0.14900658
      911     0.85102095     0.14897905
      912     0.85091525     0.14908475
      913     0.85079111     0.14920889
      914     0.85078382     0.14921618
      915     0.85090181     0.14909819
      916     0.85101680     0.14898320
      917     0.85100307     0.14899693
      918     0.85087492     0.14912508
      919     0.85077197     0.14922803
      920     0.85080721     0.14919279
      921     0.85094425     0.14905575
      922     0.85103379     0.14896621
      923     0.85097588     0.14902412
      924     0.85083321     0.14916679
      925     0.85076222     0.14923778
      926     0.85084152     0.14915848
      927     0.85098456     0.14901544
      928     0.85103393     0.14896607
      929     0.85093476     0.14906524
      930     0.85079604     0.14920396
      931     0.85077092     0.14922908
      932     0.85088733     0.14911267
      933     0.85101657     0.14898343
      934     0.85101558     0.14898442
      935     0.85088574     0.14911426
      936     0.85077137     0.14922863
      937     0.85079918     0.14920082
      938     0.85093743     0.14906257
      939     0.85103178     0.14896822
      940     0.85097787     0.14902213
      941     0.85084043     0.14915957
      942     0.85077372     0.14922628
      943     0.85084767     0.14915233
      944     0.85097738     0.14902262
      945     0.85101743     0.14898257
      946     0.85092534     0.14907466
      947     0.85080694     0.14919306
      948     0.85079480     0.14920520
      949     0.85089931     0.14910069
      950     0.85100031     0.14899969
      951     0.85098529     0.14901471
      952     0.85087522     0.14912478
      953     0.85079661     0.14920339
      954     0.85083590     0.14916410
      955     0.85094405     0.14905595
      956     0.85099707     0.14900293
      957     0.85093848     0.14906152
      958     0.85083958     0.14916042
      959     0.85081309     0.14918691
      960     0.85088430     0.14911570
      961     0.85096575     0.14903425
      962     0.85096731     0.14903269
      963     0.85089531     0.14910469
      964     0.85083569     0.14916431
      965     0.85085356     0.14914644
      966     0.85092204     0.14907796
      967     0.85096041     0.14903959
      968     0.85092946     0.14907054
      969     0.85087103     0.14912897
      970     0.85085260     0.14914740
      971     0.85088915     0.14911085
      972     0.85093311     0.14906689
      973     0.85093566     0.14906434
      974     0.85090100     0.14909900
      975     0.85087309     0.14912691
      976     0.85088017     0.14911983
      977     0.85090675     0.14909325
      978     0.85092022     0.14907978
      979     0.85091087     0.14908913
      980     0.85089615     0.14910385
      981     0.85089254     0.14910746
      982     0.85089711     0.14910289
      983     0.85089940     0.14910060
      984     0.85089980     0.14910020
      985     0.85090541     0.14909459
      986     0.85091271     0.14908729
      987     0.85090804     0.14909196
      988     0.85088976     0.14911024
      989     0.85087863     0.14912137
      990     0.85089427     0.14910573
      991     0.85092420     0.14907580
      992     0.85093155     0.14906845
      993     0.85090048     0.14909952
      994     0.85086343     0.14913657
      995     0.85086777     0.14913223
      996     0.85091544     0.14908456
      997     0.85095231     0.14904769
      998     0.85092967     0.14907033
      999     0.85086799     0.14913201
     1000     0.85084006     0.14915994
