#    Step     Kinetic(H)     Potential(H)   Total(H)       E(0)(H)        E(1)(H)        
        0     0.00997554    -5.04906142    -5.03908589    -5.26808916    -5.04906142
        1     0.00999117    -5.04907706    -5.03908589    -5.26810080    -5.04907706
        2     0.01005030    -5.04913607    -5.03908577    -5.26810216    -5.04913607
        3     0.01015269    -5.04923854    -5.03908586    -5.26809345    -5.04923854
        4     0.01029756    -5.04938336    -5.03908580    -5.26807392    -5.04938336
        5     0.01048365    -5.04956971    -5.03908606    -5.26804331    -5.04956971
        6     0.01070919    -5.04979533    -5.03908615    -5.26800013    -5.04979533
        7     0.01097200    -5.05005835    -5.03908636    -5.26794348    -5.05005835
        8     0.01126953    -5.05035589    -5.03908637    -5.26787162    -5.05035589
        9     0.01159892    -5.05068554    -5.03908662    -5.26778351    -5.05068554
       10     0.01195708    -5.05104403    -5.03908695    -5.26767732    -5.05104403
       11     0.01234076    -5.05142778    -5.03908702    -5.26755112    -5.05142778
       12     0.01274663    -5.05183376    -5.03908714    -5.26740363    -5.05183376
       13     0.01317128    -5.05225873    -5.03908745    -5.26723349    -5.05225873
       14     0.01361137    -5.05269900    -5.03908763    -5.26703894    -5.05269900
       15     0.01406359    -5.05315140    -5.03908781    -5.26681889    -5.05315140
       16     0.01452470    -5.05361271    -5.03908800    -5.26657217    -5.05361271
       17     0.01499155    -5.05407974    -5.03908820    -5.26629774    -5.05407974
       18     0.01546101    -5.05454939    -5.03908838    -5.26599467    -5.05454939
       19     0.01592997    -5.05501837    -5.03908840    -5.26566188    -5.05501837
       20     0.00997547    -5.05548398    -5.04550851    -5.26529886    -5.05548398
       21     0.01033780    -5.05584650    -5.04550870    -5.26499324    -5.05584650
       22     0.01070165    -5.05621044    -5.04550880    -5.26466644    -5.05621044
       23     0.01106431    -5.05657340    -5.04550909    -5.26431782    -5.05657340
       24     0.01142330    -5.05693241    -5.04550911    -5.26394619    -5.05693241
       25     0.01177623    -5.05728539    -5.04550917    -5.26355127    -5.05728539
       26     0.01212085    -5.05763024    -5.04550940    -5.26313273    -5.05763024
       27     0.01245505    -5.05796453    -5.04550948    -5.26268992    -5.05796453
       28     0.01277686    -5.05828642    -5.04550956    -5.26222277    -5.05828642
       29     0.01308449    -5.05859410    -5.04550961    -5.26173117    -5.05859410
       30     0.01337628    -5.05888609    -5.04550981    -5.26121533    -5.05888609
       31     0.01365078    -5.05916059    -5.04550980    -5.26067513    -5.05916059
       32     0.01390672    -5.05941662    -5.04550990    -5.26011117    -5.05941662
       33     0.01414300    -5.05965293    -5.04550993    -5.25952377    -5.05965293
       34     0.01435873    -5.05986876    -5.04551003    -5.25891368    -5.05986876
       35     0.01455320    -5.06006308    -5.04550988    -5.25828130    -5.06006308
       36     0.01472585    -5.06023580    -5.04550994    -5.25762791    -5.06023580
       37     0.01487634    -5.06038623    -5.04550988    -5.25695416    -5.06038623
       38     0.01500448    -5.06051435    -5.04550986    -5.25626126    -5.06051435
       39     0.01511025    -5.06062012    -5.04550986    -5.25555035    -5.06062012
       40     0.00997547    -5.06070365    -5.05072818    -5.25482261    -5.06070365
       41     0.01002807    -5.06075616    -5.05072809    -5.25422285    -5.06075616
       42     0.01006855    -5.06079655    -5.05072800    -5.25361668    -5.06079655
       43     0.01009714    -5.06082520    -5.05072806    -5.25300520    -5.06082520
       44     0.01011411    -5.06084206    -5.05072795    -5.25238903    -5.06084206
       45     0.01011975    -5.06084774    -5.05072799    -5.25176941    -5.06084774
       46     0.01011435    -5.06084220    -5.05072785    -5.25114687    -5.06084220
       47     0.01009825    -5.06082627    -5.05072801    -5.25052275    -5.06082627
       48     0.01007179    -5.06079965    -5.05072785    -5.24989719    -5.06079965
       49     0.01003534    -5.06076316    -5.05072782    -5.24927145    -5.06076316
       50     0.00998927    -5.06071706    -5.05072779    -5.24864610    -5.06071706
       51     0.00993398    -5.06066172    -5.05072774    -5.24802183    -5.06066172
       52     0.00986988    -5.06059740    -5.05072752    -5.24739914    -5.06059740
       53     0.00979741    -5.06052487    -5.05072745    -5.24677899    -5.06052487
       54     0.00971701    -5.06044456    -5.05072755    -5.24616195    -5.06044456
       55     0.00962913    -5.06035662    -5.05072748    -5.24554829    -5.06035662
       56     0.00953428    -5.06026170    -5.05072742    -5.24493869    -5.06026170
       57     0.00943294    -5.06016030    -5.05072736    -5.24433366    -5.06016030
       58     0.00932564    -5.06005296    -5.05072732    -5.24373370    -5.06005296
       59     0.00921293    -5.05994007    -5.05072714    -5.24313911    -5.05994007
       60     0.00997547    -5.05982252    -5.04984705    -5.24255065    -5.05982252
       61     0.00984741    -5.05969422    -5.04984680    -5.24194008    -5.05969422
       62     0.00971455    -5.05956146    -5.04984691    -5.24133553    -5.05956146
       63     0.00957759    -5.05942431    -5.04984672    -5.24073684    -5.05942431
       64     0.00943727    -5.05928399    -5.04984673    -5.24014493    -5.05928399
       65     0.00929434    -5.05914095    -5.04984661    -5.23955995    -5.05914095
       66     0.00914961    -5.05899613    -5.04984653    -5.23898252    -5.05899613
       67     0.00900389    -5.05885038    -5.04984649    -5.23841310    -5.05885038
       68     0.00885803    -5.05870437    -5.04984634    -5.23785201    -5.05870437
       69     0.00871290    -5.05855913    -5.04984624    -5.23729988    -5.05855913
       70     0.00856938    -5.05841557    -5.04984619    -5.23675720    -5.05841557
       71     0.00842837    -5.05827456    -5.04984619    -5.23622442    -5.05827456
       72     0.00829076    -5.05813669    -5.04984593    -5.23570169    -5.05813669
       73     0.00815746    -5.05800335    -5.04984589    -5.23518995    -5.05800335
       74     0.00802934    -5.05787510    -5.04984577    -5.23468932    -5.05787510
       75     0.00790727    -5.05775298    -5.04984571    -5.23420040    -5.05775298
       76     0.00779210    -5.05763768    -5.04984558    -5.23372341    -5.05763768
       77     0.00768466    -5.05753020    -5.04984554    -5.23325893    -5.05753020
       78     0.00758573    -5.05743130    -5.04984557    -5.23280728    -5.05743130
       79     0.00749605    -5.05734159    -5.04984554    -5.23236864    -5.05734159
       80     0.00997547    -5.05726176    -5.04728629    -5.23194329    -5.05726176
       81     0.00989354    -5.05717972    -5.04728618    -5.23146299    -5.05717972
       82     0.00982116    -5.05710733    -5.04728617    -5.23099332    -5.05710733
       83     0.00975897    -5.05704494    -5.04728597    -5.23053420    -5.05704494
       84     0.00970758    -5.05699348    -5.04728590    -5.23008619    -5.05699348
       85     0.00966751    -5.05695347    -5.04728596    -5.22964945    -5.05695347
       86     0.00963925    -5.05692509    -5.04728584    -5.22922382    -5.05692509
       87     0.00962320    -5.05690907    -5.04728586    -5.22880975    -5.05690907
       88     0.00961971    -5.05690541    -5.04728570    -5.22840698    -5.05690541
       89     0.00962903    -5.05691473    -5.04728570    -5.22801587    -5.05691473
       90     0.00965138    -5.05693706    -5.04728568    -5.22763625    -5.05693706
       91     0.00968687    -5.05697252    -5.04728565    -5.22726807    -5.05697252
       92     0.00973559    -5.05702118    -5.04728560    -5.22691130    -5.05702118
       93     0.00979751    -5.05708306    -5.04728554    -5.22656587    -5.05708306
       94     0.00987258    -5.05715804    -5.04728545    -5.22623163    -5.05715804
       95     0.00996067    -5.05724618    -5.04728551    -5.22590855    -5.05724618
       96     0.01006158    -5.05734710    -5.04728553    -5.22559626    -5.05734710
       97     0.01017507    -5.05746058    -5.04728551    -5.22529455    -5.05746058
       98     0.01030085    -5.05758646    -5.04728561    -5.22500331    -5.05758646
       99     0.01043861    -5.05772425    -5.04728564    -5.22472215    -5.05772425
      100     0.00997547    -5.05787342    -5.04789795    -5.22445060    -5.05787342
      101     0.01013165    -5.05802960    -5.04789796    -5.22419705    -5.05802960
      102     0.01029893    -5.05819698    -5.04789804    -5.22395364    -5.05819698
      103     0.01047692    -5.05837494    -5.04789802    -5.22371990    -5.05837494
      104     0.01066516    -5.05856305    -5.04789789    -5.22349554    -5.05856305
      105     0.01086325    -5.05876136    -5.04789811    -5.22328074    -5.05876136
      106     0.01107075    -5.05896880    -5.04789805    -5.22307458    -5.05896880
      107     0.01128724    -5.05918525    -5.04789801    -5.22287708    -5.05918525
      108     0.01151233    -5.05941030    -5.04789797    -5.22268796    -5.05941030
      109     0.01174563    -5.05964357    -5.04789794    -5.22250696    -5.05964357
      110     0.01198678    -5.05988470    -5.04789792    -5.22233381    -5.05988470
      111     0.01223545    -5.06013348    -5.04789803    -5.22216842    -5.06013348
      112     0.01249135    -5.06038934    -5.04789798    -5.22201026    -5.06038934
      113     0.01275422    -5.06065212    -5.04789791    -5.22185922    -5.06065212
      114     0.01302381    -5.06092179    -5.04789798    -5.22171527    -5.06092179
      115     0.01329993    -5.06119797    -5.04789804    -5.22157800    -5.06119797
      116     0.01358243    -5.06148050    -5.04789807    -5.22144720    -5.06148050
      117     0.01387117    -5.06176909    -5.04789792    -5.22132244    -5.06176909
      118     0.01416606    -5.06206397    -5.04789792    -5.22120381    -5.06206397
      119     0.01446702    -5.06236490    -5.04789789    -5.22109087    -5.06236490
      120     0.00997547    -5.06267185    -5.05269639    -5.22098333    -5.06267185
      121     0.01023458    -5.06293104    -5.05269647    -5.22090265    -5.06293104
      122     0.01050246    -5.06319900    -5.05269654    -5.22083264    -5.06319900
      123     0.01077914    -5.06347558    -5.05269644    -5.22077281    -5.06347558
      124     0.01106462    -5.06376112    -5.05269649    -5.22072309    -5.06376112
      125     0.01135891    -5.06405530    -5.05269639    -5.22068268    -5.06405530
      126     0.01166197    -5.06435843    -5.05269646    -5.22065139    -5.06435843
      127     0.01197376    -5.06467014    -5.05269638    -5.22062826    -5.06467014
      128     0.01229424    -5.06499072    -5.05269647    -5.22061295    -5.06499072
      129     0.01262334    -5.06531979    -5.05269645    -5.22060436    -5.06531979
      130     0.01296099    -5.06565743    -5.05269645    -5.22060183    -5.06565743
      131     0.01330709    -5.06600358    -5.05269649    -5.22060448    -5.06600358
      132     0.01366155    -5.06635797    -5.05269642    -5.22061115    -5.06635797
      133     0.01402429    -5.06672054    -5.05269625    -5.22062082    -5.06672054
      134     0.01439521    -5.06709152    -5.05269632    -5.22063272    -5.06709152
      135     0.01477422    -5.06747051    -5.05269629    -5.22064539    -5.06747051
      136     0.01516125    -5.06785759    -5.05269634    -5.22065776    -5.06785759
      137     0.01555623    -5.06825240    -5.05269616    -5.22066828    -5.06825240
      138     0.01595912    -5.06865538    -5.05269626    -5.22067611    -5.06865538
      139     0.01636989    -5.06906619    -5.05269630    -5.22067961    -5.06906619
      140     0.00997547    -5.06948467    -5.05950920    -5.22067723    -5.06948467
      141     0.01030667    -5.06981598    -5.05950931    -5.22067399    -5.06981598
      142     0.01064884    -5.07015807    -5.05950923    -5.22067162    -5.07015807
      143     0.01100203    -5.07051116    -5.05950913    -5.22066915    -5.07051116
      144     0.01136630    -5.07087548    -5.05950918    -5.22066552    -5.07087548
      145     0.01174169    -5.07125092    -5.05950923    -5.22065931    -5.07125092
      146     0.01212822    -5.07163736    -5.05950913    -5.22064900    -5.07163736
      147     0.01252595    -5.07203517    -5.05950922    -5.22063352    -5.07203517
      148     0.01293488    -5.07244407    -5.05950919    -5.22061111    -5.07244407
      149     0.01335506    -5.07286411    -5.05950905    -5.22058026    -5.07286411
      150     0.01378652    -5.07329548    -5.05950896    -5.22053957    -5.07329548
      151     0.01422929    -5.07373842    -5.05950912    -5.22048761    -5.07373842
      152     0.01468343    -5.07419249    -5.05950906    -5.22042222    -5.07419249
      153     0.01514897    -5.07465791    -5.05950894    -5.22034187    -5.07465791
      154     0.01562599    -5.07513494    -5.05950894    -5.22024498    -5.07513494
      155     0.01611457    -5.07562349    -5.05950892    -5.22012963    -5.07562349
      156     0.01661479    -5.07612368    -5.05950888    -5.21999398    -5.07612368
      157     0.01712677    -5.07663561    -5.05950884    -5.21983620    -5.07663561
      158     0.01765064    -5.07715945    -5.05950881    -5.21965440    -5.07715945
      159     0.01818655    -5.07769519    -5.05950865    -5.21944651    -5.07769519
      160     0.00997547    -5.07824335    -5.06826788    -5.21921093    -5.07824335
      161     0.01038716    -5.07865519    -5.06826803    -5.21901992    -5.07865519
      162     0.01081339    -5.07908125    -5.06826786    -5.21881043    -5.07908125
      163     0.01125433    -5.07952222    -5.06826789    -5.21858143    -5.07952222
      164     0.01171015    -5.07997806    -5.06826791    -5.21833119    -5.07997806
      165     0.01218104    -5.08044885    -5.06826781    -5.21805795    -5.08044885
      166     0.01266720    -5.08093495    -5.06826775    -5.21776021    -5.08093495
      167     0.01316882    -5.08143654    -5.06826771    -5.21743628    -5.08143654
      168     0.01368615    -5.08195389    -5.06826774    -5.21708444    -5.08195389
      169     0.01421943    -5.08248723    -5.06826780    -5.21670295    -5.08248723
      170     0.01476896    -5.08303674    -5.06826778    -5.21628988    -5.08303674
      171     0.01533503    -5.08360268    -5.06826765    -5.21584346    -5.08360268
      172     0.01591802    -5.08418560    -5.06826758    -5.21536204    -5.08418560
      173     0.01651829    -5.08478590    -5.06826761    -5.21484380    -5.08478590
      174     0.01713630    -5.08540383    -5.06826753    -5.21428680    -5.08540383
      175     0.01777251    -5.08603991    -5.06826740    -5.21368920    -5.08603991
      176     0.01842744    -5.08669496    -5.06826752    -5.21304953    -5.08669496
      177     0.01910167    -5.08736911    -5.06826744    -5.21236549    -5.08736911
      178     0.01979582    -5.08806310    -5.06826729    -5.21163548    -5.08806310
      179     0.02051053    -5.08877781    -5.06826728    -5.21085788    -5.08877781
      180     0.00997547    -5.08951360    -5.07953813    -5.21003095    -5.08951360
      181     0.01049782    -5.09003614    -5.07953831    -5.20942936    -5.09003614
      182     0.01104177    -5.09057989    -5.07953811    -5.20879100    -5.09057989
      183     0.01160789    -5.09114606    -5.07953818    -5.20811525    -5.09114606
      184     0.01219677    -5.09173497    -5.07953820    -5.20740051    -5.09173497
      185     0.01280904    -5.09234708    -5.07953804    -5.20664534    -5.09234708
      186     0.01344530    -5.09298332    -5.07953801    -5.20584877    -5.09298332
      187     0.01410620    -5.09364435    -5.07953815    -5.20500952    -5.09364435
      188     0.01479235    -5.09433046    -5.07953811    -5.20412609    -5.09433046
      189     0.01550437    -5.09504265    -5.07953829    -5.20319756    -5.09504265
      190     0.01624288    -5.09578107    -5.07953819    -5.20222240    -5.09578107
      191     0.01700847    -5.09654676    -5.07953829    -5.20120011    -5.09654676
      192     0.01780167    -5.09733999    -5.07953832    -5.20012943    -5.09733999
      193     0.01862295    -5.09816125    -5.07953831    -5.19900957    -5.09816125
      194     0.01947268    -5.09901108    -5.07953840    -5.19784010    -5.09901108
      195     0.02035114    -5.09988962    -5.07953848    -5.19662040    -5.09988962
      196     0.02125849    -5.10079706    -5.07953857    -5.19535027    -5.10079706
      197     0.02219471    -5.10173341    -5.07953870    -5.19402973    -5.10173341
      198     0.02315964    -5.10269835    -5.07953872    -5.19265892    -5.10269835
      199     0.02415288    -5.10369202    -5.07953914    -5.19123894    -5.10369202
      200     0.00997547    -5.10471303    -5.09473756    -5.18976988    -5.10471303
      201     0.01064083    -5.10537854    -5.09473771    -5.18881054    -5.10537854
      202     0.01133432    -5.10607200    -5.09473768    -5.18781187    -5.10607200
      203     0.01205592    -5.10679375    -5.09473783    -5.18677456    -5.10679375
      204     0.01280552    -5.10754337    -5.09473785    -5.18569884    -5.10754337
      205     0.01358292    -5.10832082    -5.09473791    -5.18458554    -5.10832082
      206     0.01438779    -5.10912598    -5.09473819    -5.18343573    -5.10912598
      207     0.01521972    -5.10995796    -5.09473825    -5.18224994    -5.10995796
      208     0.01607815    -5.11081670    -5.09473855    -5.18102993    -5.11081670
      209     0.01696245    -5.11170094    -5.09473849    -5.17977650    -5.11170094
      210     0.01787185    -5.11261059    -5.09473874    -5.17849185    -5.11261059
      211     0.01880548    -5.11354428    -5.09473880    -5.17717738    -5.11354428
      212     0.01976239    -5.11450144    -5.09473905    -5.17583533    -5.11450144
      213     0.02074154    -5.11548072    -5.09473918    -5.17446757    -5.11548072
      214     0.02174184    -5.11648131    -5.09473947    -5.17307678    -5.11648131
      215     0.02276212    -5.11750183    -5.09473971    -5.17166496    -5.11750183
      216     0.02380122    -5.11854110    -5.09473988    -5.17023470    -5.11854110
      217     0.02485794    -5.11959799    -5.09474005    -5.16878881    -5.11959799
      218     0.02593113    -5.12067138    -5.09474025    -5.16732969    -5.12067138
      219     0.02701966    -5.12176022    -5.09474056    -5.16586019    -5.12176022
      220     0.00997547    -5.12286319    -5.11288772    -5.16438262    -5.12286319
      221     0.01064864    -5.12353643    -5.11288779    -5.16349234    -5.12353643
      222     0.01134620    -5.12423413    -5.11288794    -5.16258561    -5.12423413
      223     0.01206798    -5.12495586    -5.11288788    -5.16166407    -5.12495586
      224     0.01281378    -5.12570191    -5.11288812    -5.16072894    -5.12570191
      225     0.01358348    -5.12647185    -5.11288837    -5.15978151    -5.12647185
      226     0.01437700    -5.12726536    -5.11288836    -5.15882330    -5.12726536
      227     0.01519428    -5.12808281    -5.11288853    -5.15785514    -5.12808281
      228     0.01603530    -5.12892415    -5.11288885    -5.15687853    -5.12892415
      229     0.01690013    -5.12978929    -5.11288917    -5.15589443    -5.12978929
      230     0.01778885    -5.13067836    -5.11288950    -5.15490387    -5.13067836
      231     0.01870164    -5.13159101    -5.11288937    -5.15390828    -5.13159101
      232     0.01963868    -5.13252833    -5.11288965    -5.15290773    -5.13252833
      233     0.02060010    -5.13349024    -5.11289013    -5.15190366    -5.13349024
      234     0.02158596    -5.13447584    -5.11288988    -5.15089739    -5.13447584
      235     0.02259592    -5.13548562    -5.11288970    -5.14988974    -5.13548562
      236     0.02362884    -5.13651864    -5.11288980    -5.14888284    -5.13651864
      237     0.02468175    -5.13757181    -5.11289006    -5.14788001    -5.13757181
      238     0.02574707    -5.13863864    -5.11289156    -5.14688903    -5.13863864
      239     0.02680438    -5.13969986    -5.11289548    -5.14592956    -5.13969986
      240     0.00997547    -5.14505768    -5.13508221    -5.14505768    -5.14069880
      241     0.00959547    -5.14466427    -5.13506880    -5.14466427    -5.14119301
      242     0.00942016    -5.14448077    -5.13506061    -5.14448077    -5.14151301
      243     0.00952489    -5.14458647    -5.13506158    -5.14458647    -5.14157915
      244     0.00990075    -5.14497068    -5.13506992    -5.14497068    -5.14140081
      245     0.01047132    -5.14554751    -5.13507619    -5.14554751    -5.14106235
      246     0.01116702    -5.14624615    -5.13507913    -5.14624615    -5.14063218
      247     0.01194976    -5.14703031    -5.13508055    -5.14703031    -5.14014608
      248     0.01280127    -5.14788240    -5.13508113    -5.14788240    -5.13962017
      249     0.01371299    -5.14879443    -5.13508145    -5.14879443    -5.13906207
      250     0.01468093    -5.14976245    -5.13508152    -5.14976245    -5.13847488
      251     0.01570343    -5.15078489    -5.13508146    -5.15078489    -5.13785968
      252     0.01678009    -5.15186141    -5.13508132    -5.15186141    -5.13721637
      253     0.01791124    -5.15299253    -5.13508129    -5.15299253    -5.13654433
      254     0.01909770    -5.15417861    -5.13508091    -5.15417861    -5.13584187
      255     0.02034058    -5.15542143    -5.13508085    -5.15542143    -5.13510813
      256     0.02164119    -5.15672244    -5.13508125    -5.15672244    -5.13434030
      257     0.02300099    -5.15808197    -5.13508098    -5.15808197    -5.13353770
      258     0.02442155    -5.15950296    -5.13508140    -5.15950296    -5.13269765
      259     0.02590449    -5.16098578    -5.13508129    -5.16098578    -5.13181873
      260     0.00997547    -5.16253307    -5.15255760    -5.16253307    -5.13089824
      261     0.01095582    -5.16351375    -5.15255792    -5.16351375    -5.13031445
      262     0.01199343    -5.16455116    -5.15255773    -5.16455116    -5.12969752
      263     0.01308960    -5.16564759    -5.15255798    -5.16564759    -5.12904598
      264     0.01424571    -5.16680366    -5.15255795    -5.16680366    -5.12835832
      265     0.01546310    -5.16802125    -5.15255815    -5.16802125    -5.12763276
      266     0.01674319    -5.16930128    -5.15255809    -5.16930128    -5.12686778
      267     0.01808735    -5.17064552    -5.15255817    -5.17064552    -5.12606163
      268     0.01949682    -5.17205489    -5.15255807    -5.17205489    -5.12521271
      269     0.02097285    -5.17353102    -5.15255816    -5.17353102    -5.12431937
      270     0.02251661    -5.17507472    -5.15255811    -5.17507472    -5.12338003
      271     0.02412914    -5.17668713    -5.15255800    -5.17668713    -5.12239310
      272     0.02581130    -5.17836952    -5.15255822    -5.17836952    -5.12135744
      273     0.02756378    -5.18012195    -5.15255817    -5.18012195    -5.12027143
      274     0.02938700    -5.18194527    -5.15255826    -5.18194527    -5.11913417
      275     0.03128108    -5.18383935    -5.15255826    -5.18383935    -5.11794470
      276     0.03324578    -5.18580417    -5.15255839    -5.18580417    -5.11670243
      277     0.03528042    -5.18783899    -5.15255857    -5.18783899    -5.11540705
      278     0.03738384    -5.18994269    -5.15255885    -5.18994269    -5.11405848
      279     0.03955431    -5.19211332    -5.15255901    -5.19211332    -5.11265691
      280     0.00997547    -5.19434885    -5.18437338    -5.19434885    -5.11120336
      281     0.01111585    -5.19548917    -5.18437332    -5.19548917    -5.11045861
      282     0.01232182    -5.19669527    -5.18437345    -5.19669527    -5.10967014
      283     0.01359298    -5.19796641    -5.18437343    -5.19796641    -5.10883756
      284     0.01492873    -5.19930214    -5.18437341    -5.19930214    -5.10796105
      285     0.01632822    -5.20070175    -5.18437354    -5.20070175    -5.10704091
      286     0.01779031    -5.20216411    -5.18437379    -5.20216411    -5.10607744
      287     0.01931360    -5.20368744    -5.18437385    -5.20368744    -5.10507075
      288     0.02089632    -5.20527030    -5.18437399    -5.20527030    -5.10402183
      289     0.02253636    -5.20691056    -5.18437420    -5.20691056    -5.10293153
      290     0.02423126    -5.20860570    -5.18437444    -5.20860570    -5.10180090
      291     0.02597813    -5.21035269    -5.18437456    -5.21035269    -5.10063108
      292     0.02777371    -5.21214870    -5.18437499    -5.21214870    -5.09942402
      293     0.02961433    -5.21398953    -5.18437520    -5.21398953    -5.09818100
      294     0.03149591    -5.21587127    -5.18437537    -5.21587127    -5.09690399
      295     0.03341403    -5.21778990    -5.18437586    -5.21778990    -5.09559561
      296     0.03536394    -5.21973992    -5.18437598    -5.21973992    -5.09425741
      297     0.03734058    -5.22171687    -5.18437629    -5.22171687    -5.09289234
      298     0.03933863    -5.22371539    -5.18437675    -5.22371539    -5.09150203
      299     0.04135262    -5.22572981    -5.18437720    -5.22572981    -5.09008919
      300     0.00997547    -5.22775437    -5.21777890    -5.22775437    -5.08865588
      301     0.01096824    -5.22874732    -5.21777908    -5.22874732    -5.08794932
      302     0.01200042    -5.22977974    -5.21777933    -5.22977974    -5.08721392
      303     0.01306981    -5.23084931    -5.21777950    -5.23084931    -5.08645035
      304     0.01417410    -5.23195364    -5.21777954    -5.23195364    -5.08565948
      305     0.01531084    -5.23309047    -5.21777963    -5.23309047    -5.08484229
      306     0.01647745    -5.23425734    -5.21777988    -5.23425734    -5.08399986
      307     0.01767125    -5.23545121    -5.21777995    -5.23545121    -5.08313268
      308     0.01888947    -5.23666978    -5.21778031    -5.23666978    -5.08224209
      309     0.02012922    -5.23790971    -5.21778050    -5.23790971    -5.08132845
      310     0.02138756    -5.23916816    -5.21778060    -5.23916816    -5.08039287
      311     0.02266149    -5.24044242    -5.21778093    -5.24044242    -5.07943652
      312     0.02394793    -5.24172895    -5.21778102    -5.24172895    -5.07845983
      313     0.02524379    -5.24302510    -5.21778131    -5.24302510    -5.07746426
      314     0.02654592    -5.24432740    -5.21778148    -5.24432740    -5.07645047
      315     0.02785116    -5.24563283    -5.21778167    -5.24563283    -5.07541968
      316     0.02915635    -5.24693822    -5.21778187    -5.24693822    -5.07437300
      317     0.03045831    -5.24824038    -5.21778207    -5.24824038    -5.07331163
      318     0.03175387    -5.24953597    -5.21778210    -5.24953597    -5.07223668
      319     0.03303987    -5.25082212    -5.21778226    -5.25082212    -5.07114984
      320     0.00997547    -5.25209572    -5.24212025    -5.25209572    -5.07005259
      321     0.01066462    -5.25278492    -5.24212031    -5.25278492    -5.06945010
      322     0.01136585    -5.25348627    -5.24212041    -5.25348627    -5.06883168
      323     0.01207748    -5.25419790    -5.24212042    -5.25419790    -5.06819784
      324     0.01279779    -5.25491824    -5.24212046    -5.25491824    -5.06754946
      325     0.01352500    -5.25564555    -5.24212055    -5.25564555    -5.06688731
      326     0.01425733    -5.25637816    -5.24212082    -5.25637816    -5.06621235
      327     0.01499306    -5.25711380    -5.24212074    -5.25711380    -5.06552495
      328     0.01573029    -5.25785113    -5.24212084    -5.25785113    -5.06482651
      329     0.01646709    -5.25858798    -5.24212089    -5.25858798    -5.06411769
      330     0.01720167    -5.25932267    -5.24212100    -5.25932267    -5.06339970
      331     0.01793223    -5.26005322    -5.24212099    -5.26005322    -5.06267349
      332     0.01865702    -5.26077812    -5.24212110    -5.26077812    -5.06194058
      333     0.01937424    -5.26149508    -5.24212084    -5.26149508    -5.06120174
      334     0.02008202    -5.26220280    -5.24212078    -5.26220280    -5.06045882
      335     0.02077860    -5.26289922    -5.24212062    -5.26289922    -5.05971291
      336     0.02146224    -5.26358291    -5.24212066    -5.26358291    -5.05896583
      337     0.02213126    -5.26425187    -5.24212061    -5.26425187    -5.05821881
      338     0.02278400    -5.26490445    -5.24212045    -5.26490445    -5.05747352
      339     0.02341888    -5.26553925    -5.24212036    -5.26553925    -5.05673181
      340     0.00997547    -5.26615469    -5.25617922    -5.26615469    -5.05599544
      341     0.01036337    -5.26654252    -5.25617916    -5.26654252    -5.05552243
      342     0.01074657    -5.26692560    -5.25617903    -5.26692560    -5.05504868
      343     0.01112413    -5.26730311    -5.25617898    -5.26730311    -5.05457530
      344     0.01149515    -5.26767417    -5.25617903    -5.26767417    -5.05410326
      345     0.01185871    -5.26803770    -5.25617899    -5.26803770    -5.05363341
      346     0.01221394    -5.26839283    -5.25617890    -5.26839283    -5.05316674
      347     0.01255997    -5.26873887    -5.25617890    -5.26873887    -5.05270447
      348     0.01289596    -5.26907480    -5.25617884    -5.26907480    -5.05224746
      349     0.01322110    -5.26939997    -5.25617887    -5.26939997    -5.05179692
      350     0.01353460    -5.26971345    -5.25617884    -5.26971345    -5.05135375
      351     0.01383572    -5.27001449    -5.25617877    -5.27001449    -5.05091900
      352     0.01412372    -5.27030267    -5.25617895    -5.27030267    -5.05049406
      353     0.01439792    -5.27057668    -5.25617876    -5.27057668    -5.05007931
      354     0.01465767    -5.27083650    -5.25617883    -5.27083650    -5.04967643
      355     0.01490234    -5.27108135    -5.25617901    -5.27108135    -5.04928627
      356     0.01513134    -5.27131033    -5.25617898    -5.27131033    -5.04890949
      357     0.01534415    -5.27152322    -5.25617906    -5.27152322    -5.04854737
      358     0.01554025    -5.27171934    -5.25617909    -5.27171934    -5.04820065
      359     0.01571917    -5.27189825    -5.25617908    -5.27189825    -5.04787024
      360     0.00997547    -5.27205951    -5.26208404    -5.27205951    -5.04755697
      361     0.01009083    -5.27217500    -5.26208417    -5.27217500    -5.04732214
      362     0.01019518    -5.27227941    -5.26208423    -5.27227941    -5.04710011
      363     0.01028828    -5.27237253    -5.26208425    -5.27237253    -5.04689143
      364     0.01036993    -5.27245429    -5.26208436    -5.27245429    -5.04669672
      365     0.01043996    -5.27252437    -5.26208441    -5.27252437    -5.04651630
      366     0.01049821    -5.27258262    -5.26208441    -5.27258262    -5.04635059
      367     0.01054456    -5.27262907    -5.26208450    -5.27262907    -5.04620010
      368     0.01057892    -5.27266331    -5.26208439    -5.27266331    -5.04606485
      369     0.01060123    -5.27268559    -5.26208436    -5.27268559    -5.04594544
      370     0.01061145    -5.27269587    -5.26208442    -5.27269587    -5.04584213
      371     0.01060956    -5.27269400    -5.26208444    -5.27269400    -5.04575492
      372     0.01059560    -5.27267998    -5.26208438    -5.27267998    -5.04568398
      373     0.01056960    -5.27265402    -5.26208443    -5.27265402    -5.04562956
      374     0.01053164    -5.27261605    -5.26208441    -5.27261605    -5.04559157
      375     0.01048183    -5.27256617    -5.26208434    -5.27256617    -5.04556997
      376     0.01042031    -5.27250468    -5.26208437    -5.27250468    -5.04556493
      377     0.01034722    -5.27243141    -5.26208419    -5.27243141    -5.04557600
      378     0.01026277    -5.27234704    -5.26208427    -5.27234704    -5.04560354
      379     0.01016716    -5.27225147    -5.26208432    -5.27225147    -5.04564704
      380     0.00997547    -5.27214494    -5.26216947    -5.27214494    -5.04570629
      381     0.00985885    -5.27202826    -5.26216942    -5.27202826    -5.04578070
      382     0.00973199    -5.27190131    -5.26216932    -5.27190131    -5.04587020
      383     0.00959522    -5.27176439    -5.26216917    -5.27176439    -5.04597445
      384     0.00944889    -5.27161818    -5.26216929    -5.27161818    -5.04609340
      385     0.00929337    -5.27146259    -5.26216922    -5.27146259    -5.04622615
      386     0.00912905    -5.27129814    -5.26216910    -5.27129814    -5.04637242
      387     0.00895633    -5.27112558    -5.26216925    -5.27112558    -5.04653206
      388     0.00877566    -5.27094487    -5.26216921    -5.27094487    -5.04670410
      389     0.00858749    -5.27075660    -5.26216911    -5.27075660    -5.04688815
      390     0.00839227    -5.27056142    -5.26216915    -5.27056142    -5.04708383
      391     0.00819051    -5.27035964    -5.26216913    -5.27035964    -5.04729043
      392     0.00798270    -5.27015179    -5.26216909    -5.27015179    -5.04750735
      393     0.00776935    -5.26993851    -5.26216916    -5.26993851    -5.04773413
      394     0.00755098    -5.26972017    -5.26216919    -5.26972017    -5.04797001
      395     0.00732813    -5.26949732    -5.26216919    -5.26949732    -5.04821435
      396     0.00710135    -5.26927050    -5.26216915    -5.26927050    -5.04846652
      397     0.00687118    -5.26904025    -5.26216907    -5.26904025    -5.04872585
      398     0.00663818    -5.26880731    -5.26216912    -5.26880731    -5.04899187
      399     0.00640291    -5.26857205    -5.26216914    -5.26857205    -5.04926374
      400     0.00997547    -5.26833504    -5.25835957    -5.26833504    -5.04954080
      401     0.00967034    -5.26803005    -5.25835971    -5.26803005    -5.04989975
      402     0.00936000    -5.26771983    -5.25835983    -5.26771983    -5.05026476
      403     0.00904519    -5.26740481    -5.25835962    -5.26740481    -5.05063463
      404     0.00872667    -5.26708639    -5.25835972    -5.26708639    -5.05100913
      405     0.00840520    -5.26676501    -5.25835981    -5.26676501    -5.05138706
      406     0.00808156    -5.26644144    -5.25835988    -5.26644144    -5.05176758
      407     0.00775651    -5.26611645    -5.25835994    -5.26611645    -5.05214983
      408     0.00743084    -5.26579083    -5.25835999    -5.26579083    -5.05253301
      409     0.00710533    -5.26546535    -5.25836002    -5.26546535    -5.05291631
      410     0.00678074    -5.26514079    -5.25836005    -5.26514079    -5.05329893
      411     0.00645787    -5.26481793    -5.25836006    -5.26481793    -5.05368012
      412     0.00613746    -5.26449751    -5.25836005    -5.26449751    -5.05405911
      413     0.00582029    -5.26418033    -5.25836004    -5.26418033    -5.05443519
      414     0.00550711    -5.26386728    -5.25836017    -5.26386728    -5.05480782
      415     0.00519865    -5.26355879    -5.25836014    -5.26355879    -5.05517599
      416     0.00489564    -5.26325588    -5.25836024    -5.26325588    -5.05553935
      417     0.00459881    -5.26295914    -5.25836034    -5.26295914    -5.05589713
      418     0.00430883    -5.26266925    -5.25836042    -5.26266925    -5.05624870
      419     0.00402640    -5.26238674    -5.25836034    -5.26238674    -5.05659333
      420     0.00997547    -5.26211256    -5.25213709    -5.26211256    -5.05693074
      421     0.00953593    -5.26167318    -5.25213726    -5.26167318    -5.05747089
      422     0.00909819    -5.26123533    -5.25213714    -5.26123533    -5.05800255
      423     0.00866336    -5.26080071    -5.25213735    -5.26080071    -5.05852558
      424     0.00823250    -5.26036979    -5.25213729    -5.26036979    -5.05903857
      425     0.00780674    -5.25994396    -5.25213722    -5.25994396    -5.05954113
      426     0.00738711    -5.25952446    -5.25213735    -5.25952446    -5.06003272
      427     0.00697464    -5.25911202    -5.25213738    -5.25911202    -5.06051241
      428     0.00657042    -5.25870769    -5.25213727    -5.25870769    -5.06097957
      429     0.00617549    -5.25831285    -5.25213736    -5.25831285    -5.06143397
      430     0.00579087    -5.25792818    -5.25213732    -5.25792818    -5.06187477
      431     0.00541754    -5.25755483    -5.25213729    -5.25755483    -5.06230162
      432     0.00505649    -5.25719395    -5.25213746    -5.25719395    -5.06271423
      433     0.00470866    -5.25684600    -5.25213734    -5.25684600    -5.06311171
      434     0.00437497    -5.25651237    -5.25213740    -5.25651237    -5.06349413
      435     0.00405630    -5.25619379    -5.25213749    -5.25619379    -5.06386096
      436     0.00375350    -5.25589095    -5.25213745    -5.25589095    -5.06421173
      437     0.00346739    -5.25560482    -5.25213743    -5.25560482    -5.06454629
      438     0.00319873    -5.25533617    -5.25213744    -5.25533617    -5.06486435
      439     0.00294827    -5.25508558    -5.25213732    -5.25508558    -5.06516551
      440     0.00997547    -5.25485406    -5.24487859    -5.25485406    -5.06544988
      441     0.00955586    -5.25443452    -5.24487866    -5.25443452    -5.06596773
      442     0.00914840    -5.25402708    -5.24487868    -5.25402708    -5.06646413
      443     0.00875431    -5.25363293    -5.24487862    -5.25363293    -5.06693881
      444     0.00837476    -5.25325342    -5.24487866    -5.25325342    -5.06739174
      445     0.00801085    -5.25288948    -5.24487863    -5.25288948    -5.06782258
      446     0.00766367    -5.25254219    -5.24487852    -5.25254219    -5.06823117
      447     0.00733428    -5.25221296    -5.24487868    -5.25221296    -5.06861774
      448     0.00702366    -5.25190211    -5.24487845    -5.25190211    -5.06898155
      449     0.00673272    -5.25161118    -5.24487846    -5.25161118    -5.06932314
      450     0.00646232    -5.25134088    -5.24487857    -5.25134088    -5.06964230
      451     0.00621324    -5.25109169    -5.24487845    -5.25109169    -5.06993865
      452     0.00598620    -5.25086462    -5.24487842    -5.25086462    -5.07021248
      453     0.00578183    -5.25066015    -5.24487832    -5.25066015    -5.07046357
      454     0.00560072    -5.25047902    -5.24487831    -5.25047902    -5.07069208
      455     0.00544337    -5.25032174    -5.24487837    -5.25032174    -5.07089800
      456     0.00531023    -5.25018859    -5.24487836    -5.25018859    -5.07108120
      457     0.00520166    -5.25007994    -5.24487827    -5.25007994    -5.07124172
      458     0.00511795    -5.24999621    -5.24487826    -5.24999621    -5.07137973
      459     0.00505928    -5.24993761    -5.24487832    -5.24993761    -5.07149529
      460     0.00997547    -5.24990410    -5.23992863    -5.24990410    -5.07158830
      461     0.00995649    -5.24988502    -5.23992853    -5.24988502    -5.07169073
      462     0.00995833    -5.24988686    -5.23992853    -5.24988686    -5.07176782
      463     0.00998090    -5.24990938    -5.23992848    -5.24990938    -5.07181953
      464     0.01002404    -5.24995258    -5.23992853    -5.24995258    -5.07184618
      465     0.01008755    -5.25001591    -5.23992836    -5.25001591    -5.07184760
      466     0.01017115    -5.25009943    -5.23992828    -5.25009943    -5.07182434
      467     0.01027453    -5.25020282    -5.23992829    -5.25020282    -5.07177664
      468     0.01039735    -5.25032558    -5.23992823    -5.25032558    -5.07170461
      469     0.01053919    -5.25046759    -5.23992840    -5.25046759    -5.07160887
      470     0.01069964    -5.25062780    -5.23992816    -5.25062780    -5.07148914
      471     0.01087822    -5.25080636    -5.23992814    -5.25080636    -5.07134643
      472     0.01107444    -5.25100262    -5.23992818    -5.25100262    -5.07118101
      473     0.01128780    -5.25121590    -5.23992810    -5.25121590    -5.07099320
      474     0.01151775    -5.25144581    -5.23992807    -5.25144581    -5.07078364
      475     0.01176374    -5.25169178    -5.23992804    -5.25169178    -5.07055289
      476     0.01202520    -5.25195308    -5.23992788    -5.25195308    -5.07030136
      477     0.01230151    -5.25222928    -5.23992777    -5.25222928    -5.07002986
      478     0.01259207    -5.25251994    -5.23992787    -5.25251994    -5.06973919
      479     0.01289633    -5.25282414    -5.23992781    -5.25282414    -5.06942976
      480     0.00997547    -5.25314174    -5.24316628    -5.25314174    -5.06910276
      481     0.01026461    -5.25343077    -5.24316617    -5.25343077    -5.06880244
      482     0.01056909    -5.25373525    -5.24316616    -5.25373525    -5.06848593
      483     0.01088839    -5.25405447    -5.24316608    -5.25405447    -5.06815380
      484     0.01122201    -5.25438819    -5.24316618    -5.25438819    -5.06780711
      485     0.01156937    -5.25473552    -5.24316615    -5.25473552    -5.06744628
      486     0.01192975    -5.25509584    -5.24316609    -5.25509584    -5.06707211
      487     0.01230253    -5.25546870    -5.24316617    -5.25546870    -5.06668554
      488     0.01268711    -5.25585326    -5.24316615    -5.25585326    -5.06628721
      489     0.01308283    -5.25624905    -5.24316622    -5.25624905    -5.06587808
      490     0.01348898    -5.25665502    -5.24316604    -5.25665502    -5.06545863
      491     0.01390482    -5.25707107    -5.24316626    -5.25707107    -5.06503033
      492     0.01432959    -5.25749583    -5.24316624    -5.25749583    -5.06459334
      493     0.01476251    -5.25792865    -5.24316615    -5.25792865    -5.06414863
      494     0.01520274    -5.25836905    -5.24316631    -5.25836905    -5.06369733
      495     0.01564943    -5.25881582    -5.24316639    -5.25881582    -5.06323992
      496     0.01610169    -5.25926812    -5.24316643    -5.25926812    -5.06277719
      497     0.01655867    -5.25972516    -5.24316649    -5.25972516    -5.06231009
      498     0.01701942    -5.26018568    -5.24316626    -5.26018568    -5.06183908
      499     0.01748286    -5.26064902    -5.24316616    -5.26064902    -5.06136523
      500     0.00997547    -5.26111400    -5.25113853    -5.26111400    -5.06088918
      501     0.01032686    -5.26146528    -5.25113842    -5.26146528    -5.06053137
      502     0.01068624    -5.26182469    -5.25113845    -5.26182469    -5.06016948
      503     0.01105276    -5.26219121    -5.25113844    -5.26219121    -5.05980383
      504     0.01142552    -5.26256394    -5.25113842    -5.26256394    -5.05943486
      505     0.01180357    -5.26294178    -5.25113821    -5.26294178    -5.05906290
      506     0.01218592    -5.26332423    -5.25113832    -5.26332423    -5.05868884
      507     0.01257154    -5.26370980    -5.25113826    -5.26370980    -5.05831265
      508     0.01295937    -5.26409771    -5.25113834    -5.26409771    -5.05793505
      509     0.01334833    -5.26448659    -5.25113826    -5.26448659    -5.05755615
      510     0.01373730    -5.26487563    -5.25113834    -5.26487563    -5.05717669
      511     0.01412515    -5.26526355    -5.25113841    -5.26526355    -5.05679692
      512     0.01451074    -5.26564906    -5.25113832    -5.26564906    -5.05641711
      513     0.01489292    -5.26603146    -5.25113854    -5.26603146    -5.05603814
      514     0.01527055    -5.26640898    -5.25113843    -5.26640898    -5.05565983
      515     0.01564248    -5.26678096    -5.25113848    -5.26678096    -5.05528310
      516     0.01600758    -5.26714625    -5.25113868    -5.26714625    -5.05490840
      517     0.01636472    -5.26750342    -5.25113869    -5.26750342    -5.05453589
      518     0.01671282    -5.26785167    -5.25113885    -5.26785167    -5.05416636
      519     0.01705079    -5.26818979    -5.25113900    -5.26818979    -5.05380016
      520     0.00997547    -5.26851671    -5.25854124    -5.26851671    -5.05343779
      521     0.01021687    -5.26875818    -5.25854130    -5.26875818    -5.05316583
      522     0.01045437    -5.26899572    -5.25854135    -5.26899572    -5.05289613
      523     0.01068723    -5.26922877    -5.25854154    -5.26922877    -5.05262920
      524     0.01091475    -5.26945631    -5.25854156    -5.26945631    -5.05236510
      525     0.01113623    -5.26967796    -5.25854173    -5.26967796    -5.05210450
      526     0.01135098    -5.26989270    -5.25854172    -5.26989270    -5.05184745
      527     0.01155833    -5.27010021    -5.25854187    -5.27010021    -5.05159463
      528     0.01175765    -5.27029965    -5.25854200    -5.27029965    -5.05134622
      529     0.01194830    -5.27049026    -5.25854197    -5.27049026    -5.05110244
      530     0.01212967    -5.27067176    -5.25854209    -5.27067176    -5.05086397
      531     0.01230121    -5.27084340    -5.25854219    -5.27084340    -5.05063098
      532     0.01246235    -5.27100448    -5.25854213    -5.27100448    -5.05040369
      533     0.01261259    -5.27115481    -5.25854222    -5.27115481    -5.05018272
      534     0.01275146    -5.27129377    -5.25854231    -5.27129377    -5.04996827
      535     0.01287851    -5.27142092    -5.25854241    -5.27142092    -5.04976068
      536     0.01299334    -5.27153552    -5.25854218    -5.27153552    -5.04955993
      537     0.01309560    -5.27163787    -5.25854228    -5.27163787    -5.04936698
      538     0.01318498    -5.27172720    -5.25854223    -5.27172720    -5.04918166
      539     0.01326120    -5.27180353    -5.25854233    -5.27180353    -5.04900456
      540     0.00997547    -5.27186618    -5.26189071    -5.27186618    -5.04883548
      541     0.01001945    -5.27191022    -5.26189077    -5.27191022    -5.04869716
      542     0.01005424    -5.27194507    -5.26189084    -5.27194507    -5.04856715
      543     0.01007975    -5.27197047    -5.26189073    -5.27197047    -5.04844544
      544     0.01009594    -5.27198655    -5.26189062    -5.27198655    -5.04833236
      545     0.01010279    -5.27199345    -5.26189065    -5.27199345    -5.04822817
      546     0.01010030    -5.27199098    -5.26189068    -5.27199098    -5.04813279
      547     0.01008848    -5.27197900    -5.26189052    -5.27197900    -5.04804612
      548     0.01006740    -5.27195791    -5.26189051    -5.27195791    -5.04796848
      549     0.01003717    -5.27192779    -5.26189062    -5.27192779    -5.04789987
      550     0.00999788    -5.27188841    -5.26189053    -5.27188841    -5.04783989
      551     0.00994966    -5.27184022    -5.26189056    -5.27184022    -5.04778877
      552     0.00989265    -5.27178319    -5.26189054    -5.27178319    -5.04774621
      553     0.00982700    -5.27171731    -5.26189031    -5.27171731    -5.04771183
      554     0.00975290    -5.27164339    -5.26189049    -5.27164339    -5.04768606
      555     0.00967051    -5.27156081    -5.26189030    -5.27156081    -5.04766780
      556     0.00958006    -5.27147039    -5.26189033    -5.27147039    -5.04765740
      557     0.00948174    -5.27137219    -5.26189045    -5.27137219    -5.04765436
      558     0.00937580    -5.27126612    -5.26189032    -5.27126612    -5.04765796
      559     0.00926248    -5.27115273    -5.26189025    -5.27115273    -5.04766813
      560     0.00997547    -5.27103230    -5.26105683    -5.27103230    -5.04768446
      561     0.00984214    -5.27089893    -5.26105679    -5.27089893    -5.04770717
      562     0.00970116    -5.27075795    -5.26105679    -5.27075795    -5.04773487
      563     0.00955286    -5.27060955    -5.26105669    -5.27060955    -5.04776695
      564     0.00939760    -5.27045437    -5.26105677    -5.27045437    -5.04780321
      565     0.00923579    -5.27029254    -5.26105675    -5.27029254    -5.04784288
      566     0.00906785    -5.27012461    -5.26105676    -5.27012461    -5.04788562
      567     0.00889421    -5.26995085    -5.26105664    -5.26995085    -5.04793083
      568     0.00871533    -5.26977204    -5.26105671    -5.26977204    -5.04797836
      569     0.00853170    -5.26958834    -5.26105664    -5.26958834    -5.04802748
      570     0.00834383    -5.26940043    -5.26105660    -5.26940043    -5.04807794
      571     0.00815227    -5.26920884    -5.26105658    -5.26920884    -5.04812936
      572     0.00795755    -5.26901429    -5.26105674    -5.26901429    -5.04818153
      573     0.00776027    -5.26881687    -5.26105659    -5.26881687    -5.04823368
      574     0.00756101    -5.26861749    -5.26105648    -5.26861749    -5.04828579
      575     0.00736037    -5.26841689    -5.26105653    -5.26841689    -5.04833777
      576     0.00715896    -5.26821540    -5.26105644    -5.26821540    -5.04838907
      577     0.00695743    -5.26801395    -5.26105652    -5.26801395    -5.04843979
      578     0.00675639    -5.26781286    -5.26105647    -5.26781286    -5.04848943
      579     0.00655648    -5.26761290    -5.26105643    -5.26761290    -5.04853800
      580     0.00997547    -5.26741474    -5.25743927    -5.26741474    -5.04858539
      581     0.00972743    -5.26716662    -5.25743919    -5.26716662    -5.04864176
      582     0.00947746    -5.26691676    -5.25743931    -5.26691676    -5.04869399
      583     0.00922634    -5.26666549    -5.25743915    -5.26666549    -5.04874155
      584     0.00897489    -5.26641408    -5.25743919    -5.26641408    -5.04878491
      585     0.00872393    -5.26616305    -5.25743912    -5.26616305    -5.04882379
      586     0.00847430    -5.26591356    -5.25743925    -5.26591356    -5.04885863
      587     0.00822686    -5.26566599    -5.25743913    -5.26566599    -5.04888908
      588     0.00798247    -5.26542153    -5.25743907    -5.26542153    -5.04891567
      589     0.00774198    -5.26518106    -5.25743907    -5.26518106    -5.04893863
      590     0.00750627    -5.26494527    -5.25743900    -5.26494527    -5.04895805
      591     0.00727620    -5.26471521    -5.25743902    -5.26471521    -5.04897442
      592     0.00705261    -5.26449159    -5.25743898    -5.26449159    -5.04898792
      593     0.00683635    -5.26427524    -5.25743889    -5.26427524    -5.04899887
      594     0.00662825    -5.26406717    -5.25743892    -5.26406717    -5.04900784
      595     0.00642911    -5.26386805    -5.25743894    -5.26386805    -5.04901505
      596     0.00623972    -5.26367868    -5.25743895    -5.26367868    -5.04902091
      597     0.00606083    -5.26349964    -5.25743881    -5.26349964    -5.04902564
      598     0.00589316    -5.26333200    -5.25743884    -5.26333200    -5.04902997
      599     0.00573738    -5.26317614    -5.25743876    -5.26317614    -5.04903398
      600     0.00997547    -5.26303287    -5.25305740    -5.26303287    -5.04903823
      601     0.00979695    -5.26285433    -5.25305738    -5.26285433    -5.04904271
      602     0.00962719    -5.26268448    -5.25305729    -5.26268448    -5.04904455
      603     0.00946693    -5.26252424    -5.25305731    -5.26252424    -5.04904441
      604     0.00931688    -5.26237420    -5.25305732    -5.26237420    -5.04904264
      605     0.00917775    -5.26223490    -5.25305716    -5.26223490    -5.04903958
      606     0.00905016    -5.26210750    -5.25305734    -5.26210750    -5.04903620
      607     0.00893471    -5.26199195    -5.25305724    -5.26199195    -5.04903230
      608     0.00883197    -5.26188902    -5.25305705    -5.26188902    -5.04902850
      609     0.00874244    -5.26179953    -5.25305709    -5.26179953    -5.04902550
      610     0.00866656    -5.26172360    -5.25305703    -5.26172360    -5.04902338
      611     0.00860474    -5.26166182    -5.25305708    -5.26166182    -5.04902262
      612     0.00855731    -5.26161435    -5.25305704    -5.26161435    -5.04902342
      613     0.00852457    -5.26158164    -5.25305707    -5.26158164    -5.04902621
      614     0.00850675    -5.26156379    -5.25305704    -5.26156379    -5.04903113
      615     0.00850403    -5.26156093    -5.25305690    -5.26156093    -5.04903844
      616     0.00851654    -5.26157353    -5.25305698    -5.26157353    -5.04904870
      617     0.00854437    -5.26160132    -5.25305695    -5.26160132    -5.04906182
      618     0.00858754    -5.26164448    -5.25305693    -5.26164448    -5.04907820
      619     0.00864605    -5.26170314    -5.25305709    -5.26170314    -5.04909822
      620     0.00997547    -5.26177675    -5.25180128    -5.26177675    -5.04912164
      621     0.01006952    -5.26187098    -5.25180146    -5.26187098    -5.04915087
      622     0.01017745    -5.26197883    -5.25180138    -5.26197883    -5.04918348
      623     0.01029907    -5.26210055    -5.25180148    -5.26210055    -5.04922022
      624     0.01043412    -5.26223555    -5.25180143    -5.26223555    -5.04926103
      625     0.01058233    -5.26238370    -5.25180136    -5.26238370    -5.04930632
      626     0.01074338    -5.26254481    -5.25180144    -5.26254481    -5.04935650
      627     0.01091685    -5.26271833    -5.25180147    -5.26271833    -5.04941168
      628     0.01110231    -5.26290377    -5.25180146    -5.26290377    -5.04947206
      629     0.01129923    -5.26310078    -5.25180155    -5.26310078    -5.04953800
      630     0.01150703    -5.26330859    -5.25180156    -5.26330859    -5.04960952
      631     0.01172504    -5.26352672    -5.25180168    -5.26352672    -5.04968688
      632     0.01195251    -5.26375421    -5.25180170    -5.26375421    -5.04976997
      633     0.01218863    -5.26399028    -5.25180165    -5.26399028    -5.04985880
      634     0.01243249    -5.26423416    -5.25180167    -5.26423416    -5.04995348
      635     0.01268312    -5.26448490    -5.25180178    -5.26448490    -5.05005389
      636     0.01293946    -5.26474127    -5.25180181    -5.26474127    -5.05015965
      637     0.01320037    -5.26500231    -5.25180193    -5.26500231    -5.05027064
      638     0.01346465    -5.26526664    -5.25180199    -5.26526664    -5.05038635
      639     0.01373099    -5.26553298    -5.25180199    -5.26553298    -5.05050630
      640     0.00997547    -5.26580028    -5.25582482    -5.26580028    -5.05063025
      641     0.01020254    -5.26602732    -5.25582478    -5.26602732    -5.05073794
      642     0.01043228    -5.26625730    -5.25582502    -5.26625730    -5.05084931
      643     0.01066338    -5.26648831    -5.25582493    -5.26648831    -5.05096304
      644     0.01089454    -5.26671967    -5.25582513    -5.26671967    -5.05107903
      645     0.01112441    -5.26694962    -5.25582521    -5.26694962    -5.05119605
      646     0.01135165    -5.26717695    -5.25582530    -5.26717695    -5.05131341
      647     0.01157491    -5.26740018    -5.25582527    -5.26740018    -5.05143012
      648     0.01179289    -5.26761833    -5.25582545    -5.26761833    -5.05154564
      649     0.01200430    -5.26782982    -5.25582552    -5.26782982    -5.05165878
      650     0.01220793    -5.26803344    -5.25582551    -5.26803344    -5.05176868
      651     0.01240264    -5.26822821    -5.25582557    -5.26822821    -5.05187472
      652     0.01258736    -5.26841307    -5.25582571    -5.26841307    -5.05197610
      653     0.01276115    -5.26858708    -5.25582593    -5.26858708    -5.05207214
      654     0.01292315    -5.26874906    -5.25582591    -5.26874906    -5.05216185
      655     0.01307264    -5.26889846    -5.25582582    -5.26889846    -5.05224487
      656     0.01320900    -5.26903496    -5.25582596    -5.26903496    -5.05232104
      657     0.01333175    -5.26915776    -5.25582601    -5.26915776    -5.05238967
      658     0.01344057    -5.26926668    -5.25582611    -5.26926668    -5.05245066
      659     0.01353523    -5.26936135    -5.25582612    -5.26936135    -5.05250370
      660     0.00997547    -5.26944169    -5.25946622    -5.26944169    -5.05254875
      661     0.01003392    -5.26950008    -5.25946616    -5.26950008    -5.05258083
      662     0.01008384    -5.26955009    -5.25946625    -5.26955009    -5.05260684
      663     0.01012540    -5.26959156    -5.25946616    -5.26959156    -5.05262667
      664     0.01015883    -5.26962503    -5.25946620    -5.26962503    -5.05264086
      665     0.01018445    -5.26965065    -5.25946620    -5.26965065    -5.05264957
      666     0.01020258    -5.26966876    -5.25946618    -5.26966876    -5.05265312
      667     0.01021362    -5.26967959    -5.25946597    -5.26967959    -5.05265177
      668     0.01021798    -5.26968403    -5.25946604    -5.26968403    -5.05264641
      669     0.01021611    -5.26968219    -5.25946608    -5.26968219    -5.05263716
      670     0.01020846    -5.26967456    -5.25946610    -5.26967456    -5.05262449
      671     0.01019549    -5.26966143    -5.25946594    -5.26966143    -5.05260872
      672     0.01017769    -5.26964360    -5.25946591    -5.26964360    -5.05259067
      673     0.01015553    -5.26962139    -5.25946586    -5.26962139    -5.05257065
      674     0.01012948    -5.26959527    -5.25946579    -5.26959527    -5.05254914
      675     0.01009999    -5.26956570    -5.25946571    -5.26956570    -5.05252662
      676     0.01006750    -5.26953330    -5.25946580    -5.26953330    -5.05250370
      677     0.01003246    -5.26949818    -5.25946572    -5.26949818    -5.05248048
      678     0.00999526    -5.26946090    -5.25946565    -5.26946090    -5.05245754
      679     0.00995629    -5.26942203    -5.25946574    -5.26942203    -5.05243544
      680     0.00997547    -5.26938143    -5.25940596    -5.26938143    -5.05241402
      681     0.00993389    -5.26933982    -5.25940593    -5.26933982    -5.05239406
      682     0.00989151    -5.26929740    -5.25940589    -5.26929740    -5.05237573
      683     0.00984863    -5.26925449    -5.25940585    -5.26925449    -5.05235930
      684     0.00980554    -5.26921135    -5.25940582    -5.26921135    -5.05234499
      685     0.00976249    -5.26916824    -5.25940576    -5.26916824    -5.05233302
      686     0.00971971    -5.26912539    -5.25940568    -5.26912539    -5.05232355
      687     0.00967745    -5.26908317    -5.25940572    -5.26908317    -5.05231687
      688     0.00963589    -5.26904161    -5.25940571    -5.26904161    -5.05231296
      689     0.00959525    -5.26900104    -5.25940580    -5.26900104    -5.05231203
      690     0.00955569    -5.26896148    -5.25940579    -5.26896148    -5.05231403
      691     0.00951740    -5.26892308    -5.25940568    -5.26892308    -5.05231900
      692     0.00948054    -5.26888628    -5.25940574    -5.26888628    -5.05232728
      693     0.00944527    -5.26885092    -5.25940566    -5.26885092    -5.05233859
      694     0.00941175    -5.26881729    -5.25940555    -5.26881729    -5.05235308
      695     0.00938014    -5.26878584    -5.25940570    -5.26878584    -5.05237110
      696     0.00935059    -5.26875623    -5.25940564    -5.26875623    -5.05239215
      697     0.00932326    -5.26872889    -5.25940563    -5.26872889    -5.05241656
      698     0.00929830    -5.26870381    -5.25940550    -5.26870381    -5.05244416
      699     0.00927589    -5.26868143    -5.25940555    -5.26868143    -5.05247527
      700     0.00997547    -5.26866160    -5.25868613    -5.26866160    -5.05250958
      701     0.00995756    -5.26864372    -5.25868615    -5.26864372    -5.05254871
      702     0.00994200    -5.26862813    -5.25868613    -5.26862813    -5.05259103
      703     0.00992895    -5.26861502    -5.25868607    -5.26861502    -5.05263659
      704     0.00991860    -5.26860469    -5.25868610    -5.26860469    -5.05268556
      705     0.00991111    -5.26859733    -5.25868621    -5.26859733    -5.05273797
      706     0.00990667    -5.26859291    -5.25868624    -5.26859291    -5.05279369
      707     0.00990541    -5.26859159    -5.25868617    -5.26859159    -5.05285274
      708     0.00990748    -5.26859367    -5.25868619    -5.26859367    -5.05291528
      709     0.00991299    -5.26859909    -5.25868610    -5.26859909    -5.05298116
      710     0.00992202    -5.26860827    -5.25868625    -5.26860827    -5.05305065
      711     0.00993461    -5.26862076    -5.25868615    -5.26862076    -5.05312319
      712     0.00995080    -5.26863693    -5.25868613    -5.26863693    -5.05319905
      713     0.00997052    -5.26865672    -5.25868620    -5.26865672    -5.05327805
      714     0.00999366    -5.26867986    -5.25868620    -5.26867986    -5.05335986
      715     0.01002014    -5.26870628    -5.25868614    -5.26870628    -5.05344424
      716     0.01004978    -5.26873614    -5.25868635    -5.26873614    -5.05353127
      717     0.01008233    -5.26876869    -5.25868636    -5.26876869    -5.05362009
      718     0.01011748    -5.26880382    -5.25868634    -5.26880382    -5.05371044
      719     0.01015486    -5.26884116    -5.25868630    -5.26884116    -5.05380185
      720     0.00997547    -5.26888044    -5.25890497    -5.26888044    -5.05389392
      721     0.01001561    -5.26892068    -5.25890507    -5.26892068    -5.05398493
      722     0.01005670    -5.26896172    -5.25890501    -5.26896172    -5.05407508
      723     0.01009817    -5.26900313    -5.25890495    -5.26900313    -5.05416383
      724     0.01013937    -5.26904444    -5.25890507    -5.26904444    -5.05425054
      725     0.01017964    -5.26908484    -5.25890519    -5.26908484    -5.05433427
      726     0.01021831    -5.26912349    -5.25890518    -5.26912349    -5.05441402
      727     0.01025468    -5.26915987    -5.25890519    -5.26915987    -5.05448911
      728     0.01028805    -5.26919325    -5.25890521    -5.26919325    -5.05455865
      729     0.01031773    -5.26922314    -5.25890541    -5.26922314    -5.05462196
      730     0.01034305    -5.26924835    -5.25890531    -5.26924835    -5.05467770
      731     0.01036335    -5.26926874    -5.25890539    -5.26926874    -5.05472553
      732     0.01037803    -5.26928336    -5.25890533    -5.26928336    -5.05476431
      733     0.01038652    -5.26929197    -5.25890545    -5.26929197    -5.05479361
      734     0.01038830    -5.26929373    -5.25890543    -5.26929373    -5.05481241
      735     0.01038294    -5.26928853    -5.25890560    -5.26928853    -5.05482036
      736     0.01037004    -5.26927565    -5.25890562    -5.26927565    -5.05481657
      737     0.01034929    -5.26925480    -5.25890551    -5.26925480    -5.05480051
      738     0.01032047    -5.26922606    -5.25890559    -5.26922606    -5.05477206
      739     0.01028340    -5.26918896    -5.25890556    -5.26918896    -5.05473052
      740     0.00997547    -5.26914358    -5.25916811    -5.26914358    -5.05467576
      741     0.00992260    -5.26909065    -5.25916805    -5.26909065    -5.05460838
      742     0.00986188    -5.26902993    -5.25916805    -5.26902993    -5.05452769
      743     0.00979347    -5.26896158    -5.25916811    -5.26896158    -5.05443364
      744     0.00971760    -5.26888568    -5.25916808    -5.26888568    -5.05432613
      745     0.00963456    -5.26880254    -5.25916798    -5.26880254    -5.05420524
      746     0.00954471    -5.26871285    -5.25916814    -5.26871285    -5.05407148
      747     0.00944846    -5.26861640    -5.25916794    -5.26861640    -5.05392447
      748     0.00934627    -5.26851427    -5.25916799    -5.26851427    -5.05376515
      749     0.00923866    -5.26840668    -5.25916802    -5.26840668    -5.05359357
      750     0.00912622    -5.26829424    -5.25916802    -5.26829424    -5.05341017
      751     0.00900956    -5.26817756    -5.25916800    -5.26817756    -5.05321545
      752     0.00888929    -5.26805726    -5.25916797    -5.26805726    -5.05300990
      753     0.00876608    -5.26793401    -5.25916792    -5.26793401    -5.05279413
      754     0.00864062    -5.26780865    -5.25916804    -5.26780865    -5.05256886
      755     0.00851358    -5.26768156    -5.25916798    -5.26768156    -5.05233445
      756     0.00838568    -5.26755360    -5.25916793    -5.26755360    -5.05209169
      757     0.00825761    -5.26742563    -5.25916801    -5.26742563    -5.05184145
      758     0.00813010    -5.26729790    -5.25916780    -5.26729790    -5.05158394
      759     0.00800384    -5.26717170    -5.25916787    -5.26717170    -5.05132051
      760     0.00997547    -5.26704729    -5.25707182    -5.26704729    -5.05105145
      761     0.00983687    -5.26690876    -5.25707190    -5.26690876    -5.05074326
      762     0.00969863    -5.26677063    -5.25707200    -5.26677063    -5.05042997
      763     0.00956153    -5.26663348    -5.25707195    -5.26663348    -5.05011230
      764     0.00942629    -5.26649819    -5.25707190    -5.26649819    -5.04979127
      765     0.00929369    -5.26636570    -5.25707201    -5.26636570    -5.04946796
      766     0.00916446    -5.26623655    -5.25707209    -5.26623655    -5.04914310
      767     0.00903933    -5.26611133    -5.25707201    -5.26611133    -5.04881745
      768     0.00891902    -5.26599107    -5.25707204    -5.26599107    -5.04849227
      769     0.00880425    -5.26587645    -5.25707220    -5.26587645    -5.04816846
      770     0.00869568    -5.26576785    -5.25707218    -5.26576785    -5.04784662
      771     0.00859397    -5.26566622    -5.25707225    -5.26566622    -5.04752800
      772     0.00849975    -5.26557202    -5.25707227    -5.26557202    -5.04721330
      773     0.00841359    -5.26548583    -5.25707224    -5.26548583    -5.04690340
      774     0.00833604    -5.26540835    -5.25707232    -5.26540835    -5.04659932
      775     0.00826759    -5.26534008    -5.25707250    -5.26534008    -5.04630188
      776     0.00820868    -5.26528116    -5.25707248    -5.26528116    -5.04601153
      777     0.00815969    -5.26523227    -5.25707258    -5.26523227    -5.04572932
      778     0.00812094    -5.26519343    -5.25707249    -5.26519343    -5.04545564
      779     0.00809269    -5.26516539    -5.25707270    -5.26516539    -5.04519162
      780     0.00997547    -5.26514786    -5.25517239    -5.26514786    -5.04493735
      781     0.00996640    -5.26513885    -5.25517245    -5.26513885    -5.04466586
      782     0.00996633    -5.26513893    -5.25517260    -5.26513893    -5.04440561
      783     0.00997529    -5.26514783    -5.25517254    -5.26514783    -5.04415679
      784     0.00999325    -5.26516588    -5.25517263    -5.26516588    -5.04392023
      785     0.01002012    -5.26519284    -5.25517272    -5.26519284    -5.04369619
      786     0.01005574    -5.26522855    -5.25517281    -5.26522855    -5.04348502
      787     0.01009990    -5.26527269    -5.25517279    -5.26527269    -5.04328688
      788     0.01015234    -5.26532532    -5.25517298    -5.26532532    -5.04310238
      789     0.01021274    -5.26538583    -5.25517309    -5.26538583    -5.04293144
      790     0.01028075    -5.26545389    -5.25517315    -5.26545389    -5.04277423
      791     0.01035599    -5.26552898    -5.25517300    -5.26552898    -5.04263079
      792     0.01043804    -5.26561118    -5.25517314    -5.26561118    -5.04250175
      793     0.01052649    -5.26569959    -5.25517311    -5.26569959    -5.04238675
      794     0.01062088    -5.26579413    -5.25517325    -5.26579413    -5.04228626
      795     0.01072081    -5.26589406    -5.25517326    -5.26589406    -5.04220013
      796     0.01082585    -5.26599916    -5.25517330    -5.26599916    -5.04212868
      797     0.01093562    -5.26610886    -5.25517324    -5.26610886    -5.04207192
      798     0.01104973    -5.26622297    -5.25517324    -5.26622297    -5.04203024
      799     0.01116782    -5.26634114    -5.25517331    -5.26634114    -5.04200381
      800     0.00997547    -5.26646273    -5.25648726    -5.26646273    -5.04199256
      801     0.01009383    -5.26658100    -5.25648716    -5.26658100    -5.04199711
      802     0.01021666    -5.26670397    -5.25648731    -5.26670397    -5.04201761
      803     0.01034370    -5.26683090    -5.25648720    -5.26683090    -5.04205379
      804     0.01047468    -5.26696202    -5.25648734    -5.26696202    -5.04210635
      805     0.01060937    -5.26709663    -5.25648726    -5.26709663    -5.04217503
      806     0.01074750    -5.26723462    -5.25648712    -5.26723462    -5.04226014
      807     0.01088878    -5.26737588    -5.25648710    -5.26737588    -5.04236196
      808     0.01103289    -5.26751992    -5.25648703    -5.26751992    -5.04248040
      809     0.01117946    -5.26766654    -5.25648708    -5.26766654    -5.04261555
      810     0.01132806    -5.26781517    -5.25648711    -5.26781517    -5.04276715
      811     0.01147819    -5.26796529    -5.25648709    -5.26796529    -5.04293492
      812     0.01162927    -5.26811633    -5.25648706    -5.26811633    -5.04311847
      813     0.01178062    -5.26826777    -5.25648715    -5.26826777    -5.04331743
      814     0.01193146    -5.26841853    -5.25648707    -5.26841853    -5.04353080
      815     0.01208095    -5.26856808    -5.25648713    -5.26856808    -5.04375806
      816     0.01222814    -5.26871528    -5.25648714    -5.26871528    -5.04399806
      817     0.01237199    -5.26885913    -5.25648713    -5.26885913    -5.04424968
      818     0.01251144    -5.26899869    -5.25648725    -5.26899869    -5.04451183
      819     0.01264537    -5.26913253    -5.25648716    -5.26913253    -5.04478285
      820     0.00997547    -5.26925999    -5.25928452    -5.26925999    -5.04506179
      821     0.01008269    -5.26936723    -5.25928455    -5.26936723    -5.04531477
      822     0.01018527    -5.26946988    -5.25928460    -5.26946988    -5.04557427
      823     0.01028237    -5.26956690    -5.25928453    -5.26956690    -5.04583886
      824     0.01037319    -5.26965782    -5.25928463    -5.26965782    -5.04610763
      825     0.01045702    -5.26974158    -5.25928456    -5.26974158    -5.04637909
      826     0.01053323    -5.26981788    -5.25928465    -5.26981788    -5.04665242
      827     0.01060134    -5.26988606    -5.25928472    -5.26988606    -5.04692648
      828     0.01066098    -5.26994573    -5.25928474    -5.26994573    -5.04720034
      829     0.01071192    -5.26999664    -5.25928472    -5.26999664    -5.04747318
      830     0.01075405    -5.27003868    -5.25928463    -5.27003868    -5.04774434
      831     0.01078741    -5.27007202    -5.25928462    -5.27007202    -5.04801343
      832     0.01081214    -5.27009681    -5.25928467    -5.27009681    -5.04828002
      833     0.01082852    -5.27011313    -5.25928461    -5.27011313    -5.04854361
      834     0.01083689    -5.27012147    -5.25928458    -5.27012147    -5.04880414
      835     0.01083771    -5.27012212    -5.25928441    -5.27012212    -5.04906133
      836     0.01083147    -5.27011604    -5.25928456    -5.27011604    -5.04931558
      837     0.01081873    -5.27010312    -5.25928438    -5.27010312    -5.04956626
      838     0.01080006    -5.27008440    -5.25928434    -5.27008440    -5.04981386
      839     0.01077604    -5.27006028    -5.25928425    -5.27006028    -5.05005827
      840     0.00997547    -5.27003152    -5.26005606    -5.27003152    -5.05029975
      841     0.00994407    -5.27000009    -5.26005602    -5.27000009    -5.05052966
      842     0.00990992    -5.26996582    -5.26005591    -5.26996582    -5.05075701
      843     0.00987345    -5.26992946    -5.26005601    -5.26992946    -5.05098214
      844     0.00983508    -5.26989093    -5.26005585    -5.26989093    -5.05120453
      845     0.00979518    -5.26985105    -5.26005587    -5.26985105    -5.05142460
      846     0.00975404    -5.26980997    -5.26005593    -5.26980997    -5.05164209
      847     0.00971192    -5.26976777    -5.26005585    -5.26976777    -5.05185666
      848     0.00966903    -5.26972480    -5.26005577    -5.26972480    -5.05206832
      849     0.00962551    -5.26968121    -5.26005569    -5.26968121    -5.05227680
      850     0.00958146    -5.26963723    -5.26005577    -5.26963723    -5.05248199
      851     0.00953692    -5.26959259    -5.26005567    -5.26959259    -5.05268327
      852     0.00949189    -5.26954762    -5.26005572    -5.26954762    -5.05288059
      853     0.00944638    -5.26950211    -5.26005573    -5.26950211    -5.05307342
      854     0.00940035    -5.26945605    -5.26005571    -5.26945605    -5.05326138
      855     0.00935379    -5.26940958    -5.26005580    -5.26940958    -5.05344428
      856     0.00930665    -5.26936234    -5.26005569    -5.26936234    -5.05362142
      857     0.00925886    -5.26931455    -5.26005569    -5.26931455    -5.05379274
      858     0.00921029    -5.26926593    -5.26005564    -5.26926593    -5.05395768
      859     0.00916084    -5.26921653    -5.26005569    -5.26921653    -5.05411602
      860     0.00997547    -5.26916608    -5.25919061    -5.26916608    -5.05426719
      861     0.00992103    -5.26911162    -5.25919059    -5.26911162    -5.05441742
      862     0.00986431    -5.26905483    -5.25919052    -5.26905483    -5.05455911
      863     0.00980516    -5.26899569    -5.25919053    -5.26899569    -5.05469204
      864     0.00974344    -5.26893390    -5.25919046    -5.26893390    -5.05481570
      865     0.00967902    -5.26886964    -5.25919063    -5.26886964    -5.05493010
      866     0.00961177    -5.26880231    -5.25919054    -5.26880231    -5.05503446
      867     0.00954160    -5.26873197    -5.25919037    -5.26873197    -5.05512869
      868     0.00946843    -5.26865884    -5.25919041    -5.26865884    -5.05521290
      869     0.00939221    -5.26858256    -5.25919035    -5.26858256    -5.05528661
      870     0.00931293    -5.26850329    -5.25919036    -5.26850329    -5.05534989
      871     0.00923061    -5.26842086    -5.25919025    -5.26842086    -5.05540252
      872     0.00914530    -5.26833565    -5.25919035    -5.26833565    -5.05544482
      873     0.00905711    -5.26824729    -5.25919018    -5.26824729    -5.05547637
      874     0.00896617    -5.26815622    -5.25919005    -5.26815622    -5.05549763
      875     0.00887267    -5.26806280    -5.25919013    -5.26806280    -5.05550895
      876     0.00877684    -5.26796692    -5.25919008    -5.26796692    -5.05551026
      877     0.00867895    -5.26786902    -5.25919007    -5.26786902    -5.05550202
      878     0.00857932    -5.26776927    -5.25918995    -5.26776927    -5.05548447
      879     0.00847830    -5.26766817    -5.25918987    -5.26766817    -5.05545817
      880     0.00997547    -5.26756627    -5.25759080    -5.26756627    -5.05542378
      881     0.00986257    -5.26745320    -5.25759062    -5.26745320    -5.05537729
      882     0.00974765    -5.26733815    -5.25759051    -5.26733815    -5.05532262
      883     0.00963122    -5.26722166    -5.25759043    -5.26722166    -5.05526046
      884     0.00951387    -5.26710428    -5.25759041    -5.26710428    -5.05519148
      885     0.00939618    -5.26698646    -5.25759028    -5.26698646    -5.05511629
      886     0.00927875    -5.26686909    -5.25759034    -5.26686909    -5.05503594
      887     0.00916220    -5.26675233    -5.25759013    -5.26675233    -5.05495071
      888     0.00904714    -5.26663727    -5.25759013    -5.26663727    -5.05486185
      889     0.00893418    -5.26652419    -5.25759000    -5.26652419    -5.05476981
      890     0.00882391    -5.26641382    -5.25758991    -5.26641382    -5.05467546
      891     0.00871689    -5.26630672    -5.25758983    -5.26630672    -5.05457952
      892     0.00861365    -5.26620343    -5.25758977    -5.26620343    -5.05448265
      893     0.00851470    -5.26610444    -5.25758973    -5.26610444    -5.05438549
      894     0.00842049    -5.26601034    -5.25758984    -5.26601034    -5.05428876
      895     0.00833143    -5.26592122    -5.25758979    -5.26592122    -5.05419266
      896     0.00824789    -5.26583761    -5.25758972    -5.26583761    -5.05409783
      897     0.00817018    -5.26575996    -5.25758977    -5.26575996    -5.05400480
      898     0.00809858    -5.26568835    -5.25758978    -5.26568835    -5.05391376
      899     0.00803328    -5.26562286    -5.25758958    -5.26562286    -5.05382482
      900     0.00997547    -5.26556424    -5.25558877    -5.26556424    -5.05373880
      901     0.00991563    -5.26550426    -5.25558863    -5.26550426    -5.05364502
      902     0.00986041    -5.26544901    -5.25558860    -5.26544901    -5.05355404
      903     0.00980983    -5.26539847    -5.25558864    -5.26539847    -5.05346586
      904     0.00976390    -5.26535251    -5.25558861    -5.26535251    -5.05338030
      905     0.00972259    -5.26531139    -5.25558880    -5.26531139    -5.05329758
      906     0.00968583    -5.26527456    -5.25558873    -5.26527456    -5.05321710
      907     0.00965358    -5.26524228    -5.25558870    -5.26524228    -5.05313903
      908     0.00962575    -5.26521461    -5.25558886    -5.26521461    -5.05306333
      909     0.00960224    -5.26519115    -5.25558891    -5.26519115    -5.05298948
      910     0.00958296    -5.26517193    -5.25558897    -5.26517193    -5.05291741
      911     0.00956781    -5.26515669    -5.25558888    -5.26515669    -5.05284670
      912     0.00955668    -5.26514564    -5.25558896    -5.26514564    -5.05277742
      913     0.00954949    -5.26513836    -5.25558888    -5.26513836    -5.05270900
      914     0.00954613    -5.26513510    -5.25558896    -5.26513510    -5.05264152
      915     0.00954654    -5.26513543    -5.25558889    -5.26513543    -5.05257439
      916     0.00955062    -5.26513977    -5.25558915    -5.26513977    -5.05250785
      917     0.00955832    -5.26514740    -5.25558908    -5.26514740    -5.05244104
      918     0.00956956    -5.26515873    -5.25558917    -5.26515873    -5.05237420
      919     0.00958430    -5.26517327    -5.25558897    -5.26517327    -5.05230666
      920     0.00997547    -5.26519159    -5.25521612    -5.26519159    -5.05223885
      921     0.00999723    -5.26521342    -5.25521619    -5.26521342    -5.05216888
      922     0.01002194    -5.26523807    -5.25521614    -5.26523807    -5.05209781
      923     0.01004955    -5.26526568    -5.25521612    -5.26526568    -5.05202568
      924     0.01008005    -5.26529622    -5.25521616    -5.26529622    -5.05195233
      925     0.01011340    -5.26532952    -5.25521612    -5.26532952    -5.05187749
      926     0.01014956    -5.26536570    -5.25521613    -5.26536570    -5.05180122
      927     0.01018850    -5.26540474    -5.25521624    -5.26540474    -5.05172342
      928     0.01023016    -5.26544629    -5.25521613    -5.26544629    -5.05164371
      929     0.01027449    -5.26549061    -5.25521612    -5.26549061    -5.05156233
      930     0.01032140    -5.26553763    -5.25521623    -5.26553763    -5.05147920
      931     0.01037081    -5.26558681    -5.25521600    -5.26558681    -5.05139378
      932     0.01042260    -5.26563866    -5.25521606    -5.26563866    -5.05130666
      933     0.01047665    -5.26569275    -5.25521610    -5.26569275    -5.05121745
      934     0.01053280    -5.26574880    -5.25521599    -5.26574880    -5.05112594
      935     0.01059088    -5.26580708    -5.25521620    -5.26580708    -5.05103252
      936     0.01065067    -5.26586678    -5.25521612    -5.26586678    -5.05093650
      937     0.01071194    -5.26592800    -5.25521606    -5.26592800    -5.05083813
      938     0.01077445    -5.26599064    -5.25521620    -5.26599064    -5.05073747
      939     0.01083791    -5.26605396    -5.25521605    -5.26605396    -5.05063397
      940     0.00997547    -5.26611830    -5.25614283    -5.26611830    -5.05052818
      941     0.01003765    -5.26618045    -5.25614280    -5.26618045    -5.05042412
      942     0.01010087    -5.26624370    -5.25614283    -5.26624370    -5.05031744
      943     0.01016477    -5.26630753    -5.25614275    -5.26630753    -5.05020787
      944     0.01022898    -5.26637189    -5.25614291    -5.26637189    -5.05009562
      945     0.01029309    -5.26643607    -5.25614298    -5.26643607    -5.04998026
      946     0.01035671    -5.26649969    -5.25614298    -5.26649969    -5.04986168
      947     0.01041943    -5.26656233    -5.25614290    -5.26656233    -5.04973977
      948     0.01048083    -5.26662375    -5.25614291    -5.26662375    -5.04961459
      949     0.01054051    -5.26668353    -5.25614302    -5.26668353    -5.04948604
      950     0.01059805    -5.26674113    -5.25614308    -5.26674113    -5.04935391
      951     0.01065307    -5.26679615    -5.25614308    -5.26679615    -5.04921814
      952     0.01070520    -5.26684823    -5.25614303    -5.26684823    -5.04907869
      953     0.01075409    -5.26689735    -5.25614326    -5.26689735    -5.04893590
      954     0.01079945    -5.26694273    -5.25614328    -5.26694273    -5.04878930
      955     0.01084098    -5.26698425    -5.25614326    -5.26698425    -5.04863914
      956     0.01087847    -5.26702184    -5.25614337    -5.26702184    -5.04848567
      957     0.01091173    -5.26705517    -5.25614344    -5.26705517    -5.04832889
      958     0.01094061    -5.26708408    -5.25614347    -5.26708408    -5.04816897
      959     0.01096505    -5.26710851    -5.25614346    -5.26710851    -5.04800619
      960     0.00997547    -5.26712843    -5.25715296    -5.26712843    -5.04784081
      961     0.00999090    -5.26714399    -5.25715310    -5.26714399    -5.04768165
      962     0.01000345    -5.26715649    -5.25715304    -5.26715649    -5.04752129
      963     0.01001328    -5.26716637    -5.25715309    -5.26716637    -5.04736048
      964     0.01002055    -5.26717381    -5.25715326    -5.26717381    -5.04719963
      965     0.01002543    -5.26717865    -5.25715322    -5.26717865    -5.04703884
      966     0.01002809    -5.26718122    -5.25715312    -5.26718122    -5.04687868
      967     0.01002870    -5.26718183    -5.25715313    -5.26718183    -5.04671970
      968     0.01002744    -5.26718068    -5.25715325    -5.26718068    -5.04656236
      969     0.01002451    -5.26717780    -5.25715328    -5.26717780    -5.04640696
      970     0.01002015    -5.26717341    -5.25715325    -5.26717341    -5.04625395
      971     0.01001462    -5.26716809    -5.25715347    -5.26716809    -5.04610420
      972     0.01000821    -5.26716149    -5.25715328    -5.26716149    -5.04595760
      973     0.01000125    -5.26715457    -5.25715333    -5.26715457    -5.04581538
      974     0.00999408    -5.26714754    -5.25715345    -5.26714754    -5.04567804
      975     0.00998712    -5.26714045    -5.25715333    -5.26714045    -5.04554588
      976     0.00998076    -5.26713404    -5.25715328    -5.26713404    -5.04541993
      977     0.00997545    -5.26712890    -5.25715345    -5.26712890    -5.04530104
      978     0.00997163    -5.26712500    -5.25715337    -5.26712500    -5.04518946
      979     0.00996975    -5.26712311    -5.25715335    -5.26712311    -5.04508621
      980     0.00997547    -5.26712368    -5.25714821    -5.26712368    -5.04499198
      981     0.00997876    -5.26712694    -5.25714818    -5.26712694    -5.04490725
      982     0.00998521    -5.26713344    -5.25714822    -5.26713344    -5.04483279
      983     0.00999516    -5.26714334    -5.25714819    -5.26714334    -5.04476898
      984     0.01000887    -5.26715695    -5.25714808    -5.26715695    -5.04471631
      985     0.01002655    -5.26717462    -5.25714807    -5.26717462    -5.04467531
      986     0.01004833    -5.26719664    -5.25714831    -5.26719664    -5.04464640
      987     0.01007423    -5.26722242    -5.25714818    -5.26722242    -5.04462911
      988     0.01010424    -5.26725240    -5.25714817    -5.26725240    -5.04462397
      989     0.01013820    -5.26728647    -5.25714827    -5.26728647    -5.04463095
      990     0.01017591    -5.26732410    -5.25714819    -5.26732410    -5.04464953
      991     0.01021707    -5.26736548    -5.25714842    -5.26736548    -5.04467992
      992     0.01026131    -5.26740963    -5.25714832    -5.26740963    -5.04472110
      993     0.01030822    -5.26745660    -5.25714838    -5.26745660    -5.04477309
      994     0.01035730    -5.26750575    -5.25714845    -5.26750575    -5.04483515
      995     0.01040805    -5.26755660    -5.25714855    -5.26755660    -5.04490671
      996     0.01045992    -5.26760845    -5.25714853    -5.26760845    -5.04498691
      997     0.01051236    -5.26766091    -5.25714855    -5.26766091    -5.04507522
      998     0.01056481    -5.26771329    -5.25714848    -5.26771329    -5.04517077
      999     0.01061675    -5.26776538    -5.25714862    -5.26776538    -5.04527314
     1000     0.00997547    -5.26781637    -5.25784090    -5.26781637    -5.04538131
