#    Non-Adiabatic Coupling Matrix Eliments: off-diagonal
         0     0.00000191
         1     0.00000198
         2     0.00000207
         3     0.00000217
         4     0.00000229
         5     0.00000243
         6     0.00000259
         7     0.00000276
         8     0.00000295
         9     0.00000316
        10     0.00000339
        11     0.00000363
        12     0.00000390
        13     0.00000418
        14     0.00000447
        15     0.00000478
        16     0.00000511
        17     0.00000545
        18     0.00000581
        19     0.00000618
        20     0.00000657
        21     0.00000549
        22     0.00000587
        23     0.00000626
        24     0.00000666
        25     0.00000707
        26     0.00000748
        27     0.00000791
        28     0.00000834
        29     0.00000878
        30     0.00000923
        31     0.00000969
        32     0.00001015
        33     0.00001063
        34     0.00001112
        35     0.00001161
        36     0.00001211
        37     0.00001263
        38     0.00001315
        39     0.00001368
        40     0.00001423
        41     0.00001196
        42     0.00001239
        43     0.00001283
        44     0.00001328
        45     0.00001373
        46     0.00001423
        47     0.00001470
        48     0.00001518
        49     0.00001568
        50     0.00001618
        51     0.00001669
        52     0.00001720
        53     0.00001773
        54     0.00001826
        55     0.00001880
        56     0.00001935
        57     0.00001990
        58     0.00002045
        59     0.00002101
        60     0.00002157
        61     0.00002321
        62     0.00002382
        63     0.00002443
        64     0.00002503
        65     0.00002563
        66     0.00002622
        67     0.00002679
        68     0.00002734
        69     0.00002787
        70     0.00002837
        71     0.00002885
        72     0.00002929
        73     0.00002969
        74     0.00003005
        75     0.00003036
        76     0.00003063
        77     0.00003084
        78     0.00003100
        79     0.00003110
        80     0.00003115
        81     0.00003616
        82     0.00003612
        83     0.00003600
        84     0.00003582
        85     0.00003557
        86     0.00003526
        87     0.00003488
        88     0.00003446
        89     0.00003398
        90     0.00003345
        91     0.00003290
        92     0.00003233
        93     0.00003176
        94     0.00003117
        95     0.00003059
        96     0.00003002
        97     0.00002948
        98     0.00002898
        99     0.00002853
       100     0.00002813
       101     0.00002701
       102     0.00002679
       103     0.00002665
       104     0.00002659
       105     0.00002663
       106     0.00002677
       107     0.00002702
       108     0.00002739
       109     0.00002787
       110     0.00002848
       111     0.00002923
       112     0.00003011
       113     0.00003114
       114     0.00003233
       115     0.00003367
       116     0.00003517
       117     0.00003685
       118     0.00003871
       119     0.00004075
       120     0.00004300
       121     0.00003769
       122     0.00004022
       123     0.00004293
       124     0.00004582
       125     0.00004892
       126     0.00005223
       127     0.00005576
       128     0.00005952
       129     0.00006354
       130     0.00006783
       131     0.00007239
       132     0.00007726
       133     0.00008245
       134     0.00008798
       135     0.00009387
       136     0.00010015
       137     0.00010684
       138     0.00011397
       139     0.00012158
       140     0.00012968
       141     0.00010717
       142     0.00011478
       143     0.00012282
       144     0.00013133
       145     0.00014034
       146     0.00014988
       147     0.00015999
       148     0.00017071
       149     0.00018209
       150     0.00019416
       151     0.00020698
       152     0.00022060
       153     0.00023508
       154     0.00025048
       155     0.00026686
       156     0.00028431
       157     0.00030289
       158     0.00032269
       159     0.00034380
       160     0.00036631
       161     0.00028520
       162     0.00030416
       163     0.00032425
       164     0.00034554
       165     0.00036813
       166     0.00039210
       167     0.00041757
       168     0.00044462
       169     0.00047338
       170     0.00050398
       171     0.00053652
       172     0.00057116
       173     0.00060805
       174     0.00064733
       175     0.00068917
       176     0.00073374
       177     0.00078123
       178     0.00083181
       179     0.00088565
       180     0.00094298
       181     0.00068813
       182     0.00073254
       183     0.00077950
       184     0.00082917
       185     0.00088169
       186     0.00093719
       187     0.00099582
       188     0.00105770
       189     0.00112301
       190     0.00119185
       191     0.00126431
       192     0.00134048
       193     0.00142042
       194     0.00150417
       195     0.00159171
       196     0.00168302
       197     0.00177802
       198     0.00187659
       199     0.00197856
       200     0.00208372
       201     0.00138716
       202     0.00146497
       203     0.00154506
       204     0.00162733
       205     0.00171169
       206     0.00179796
       207     0.00188597
       208     0.00197553
       209     0.00206639
       210     0.00215825
       211     0.00225084
       212     0.00234376
       213     0.00243663
       214     0.00252901
       215     0.00262031
       216     0.00270987
       217     0.00279693
       218     0.00288041
       219     0.00295907
       220     0.00303125
       221     0.00186799
       222     0.00192730
       223     0.00198231
       224     0.00203189
       225     0.00207393
       226     0.00210651
       227     0.00212659
       228     0.00213020
       229     0.00211174
       230     0.00206320
       231     0.00197296
       232     0.00182272
       233     0.00158390
       234     0.00120888
       235     0.00061215
       236    -0.00036941
       237    -0.00207808
       238    -0.00532105
       239    -0.01227720
       240    -0.02942063
       241    -0.02861236
       242    -0.03947043
       243    -0.03837969
       244    -0.02698979
       245    -0.01672416
       246    -0.01020790
       247    -0.00628572
       248    -0.00384779
       249    -0.00225793
       250    -0.00117116
       251    -0.00039656
       252     0.00017581
       253     0.00061206
       254     0.00095349
       255     0.00122686
       256     0.00145041
       257     0.00163573
       258     0.00179208
       259     0.00192518
       260     0.00204004
       261     0.00130688
       262     0.00138235
       263     0.00145618
       264     0.00152813
       265     0.00159821
       266     0.00166570
       267     0.00173160
       268     0.00179523
       269     0.00185657
       270     0.00191544
       271     0.00197174
       272     0.00202535
       273     0.00207600
       274     0.00212354
       275     0.00216763
       276     0.00220807
       277     0.00224444
       278     0.00227633
       279     0.00230326
       280     0.00232478
       281     0.00119077
       282     0.00124358
       283     0.00129398
       284     0.00134170
       285     0.00138641
       286     0.00142778
       287     0.00146546
       288     0.00149909
       289     0.00152830
       290     0.00155273
       291     0.00157203
       292     0.00158586
       293     0.00159395
       294     0.00159604
       295     0.00159200
       296     0.00158174
       297     0.00156536
       298     0.00154274
       299     0.00151422
       300     0.00148011
       301     0.00072766
       302     0.00074271
       303     0.00075488
       304     0.00076416
       305     0.00077054
       306     0.00077407
       307     0.00077477
       308     0.00077273
       309     0.00076802
       310     0.00076078
       311     0.00075114
       312     0.00073924
       313     0.00072524
       314     0.00070933
       315     0.00069168
       316     0.00067248
       317     0.00065192
       318     0.00063019
       319     0.00060748
       320     0.00058396
       321     0.00031500
       322     0.00031425
       323     0.00031264
       324     0.00031021
       325     0.00030701
       326     0.00030307
       327     0.00029847
       328     0.00029322
       329     0.00028739
       330     0.00028103
       331     0.00027419
       332     0.00026694
       333     0.00025931
       334     0.00025136
       335     0.00024314
       336     0.00023471
       337     0.00022612
       338     0.00021742
       339     0.00020867
       340     0.00019991
       341     0.00012652
       342     0.00012409
       343     0.00012158
       344     0.00011889
       345     0.00011610
       346     0.00011323
       347     0.00011031
       348     0.00010735
       349     0.00010437
       350     0.00010139
       351     0.00009844
       352     0.00009554
       353     0.00009269
       354     0.00008993
       355     0.00008727
       356     0.00008473
       357     0.00008231
       358     0.00008005
       359     0.00007795
       360     0.00007602
       361     0.00005927
       362     0.00005837
       363     0.00005755
       364     0.00005682
       365     0.00005619
       366     0.00005565
       367     0.00005521
       368     0.00005488
       369     0.00005464
       370     0.00005459
       371     0.00005449
       372     0.00005456
       373     0.00005474
       374     0.00005501
       375     0.00005538
       376     0.00005584
       377     0.00005638
       378     0.00005701
       379     0.00005771
       380     0.00005849
       381     0.00005907
       382     0.00005996
       383     0.00006090
       384     0.00006188
       385     0.00006289
       386     0.00006394
       387     0.00006501
       388     0.00006609
       389     0.00006718
       390     0.00006826
       391     0.00006934
       392     0.00007040
       393     0.00007143
       394     0.00007242
       395     0.00007337
       396     0.00007427
       397     0.00007511
       398     0.00007589
       399     0.00007658
       400     0.00007720
       401     0.00010000
       402     0.00010173
       403     0.00010331
       404     0.00010482
       405     0.00010621
       406     0.00010745
       407     0.00010854
       408     0.00010945
       409     0.00011019
       410     0.00011073
       411     0.00011106
       412     0.00011117
       413     0.00011105
       414     0.00011070
       415     0.00011010
       416     0.00010924
       417     0.00010813
       418     0.00010674
       419     0.00010507
       420     0.00010313
       421     0.00016951
       422     0.00017048
       423     0.00017103
       424     0.00017115
       425     0.00017081
       426     0.00017000
       427     0.00016870
       428     0.00016690
       429     0.00016459
       430     0.00016176
       431     0.00015841
       432     0.00015453
       433     0.00015012
       434     0.00014519
       435     0.00013975
       436     0.00013379
       437     0.00012734
       438     0.00012041
       439     0.00011302
       440     0.00010518
       441     0.00019682
       442     0.00019134
       443     0.00018512
       444     0.00017817
       445     0.00017051
       446     0.00016216
       447     0.00015313
       448     0.00014345
       449     0.00013315
       450     0.00012227
       451     0.00011085
       452     0.00009893
       453     0.00008655
       454     0.00007377
       455     0.00006063
       456     0.00004719
       457     0.00003351
       458     0.00001963
       459     0.00000563
       460    -0.00000844
       461    -0.00002615
       462    -0.00004035
       463    -0.00005443
       464    -0.00006834
       465    -0.00008200
       466    -0.00009536
       467    -0.00010836
       468    -0.00012094
       469    -0.00013305
       470    -0.00014464
       471    -0.00015565
       472    -0.00016604
       473    -0.00017577
       474    -0.00018480
       475    -0.00019310
       476    -0.00020064
       477    -0.00020740
       478    -0.00021336
       479    -0.00021850
       480    -0.00022283
       481    -0.00019843
       482    -0.00020253
       483    -0.00020590
       484    -0.00020855
       485    -0.00021048
       486    -0.00021170
       487    -0.00021223
       488    -0.00021211
       489    -0.00021133
       490    -0.00020995
       491    -0.00020798
       492    -0.00020547
       493    -0.00020244
       494    -0.00019895
       495    -0.00019503
       496    -0.00019072
       497    -0.00018609
       498    -0.00018116
       499    -0.00017597
       500    -0.00017059
       501    -0.00012522
       502    -0.00012307
       503    -0.00012073
       504    -0.00011824
       505    -0.00011571
       506    -0.00011298
       507    -0.00011017
       508    -0.00010730
       509    -0.00010438
       510    -0.00010144
       511    -0.00009850
       512    -0.00009558
       513    -0.00009270
       514    -0.00008987
       515    -0.00008712
       516    -0.00008445
       517    -0.00008188
       518    -0.00007943
       519    -0.00007710
       520    -0.00007492
       521    -0.00005574
       522    -0.00005476
       523    -0.00005384
       524    -0.00005296
       525    -0.00005214
       526    -0.00005138
       527    -0.00005069
       528    -0.00005006
       529    -0.00004950
       530    -0.00004902
       531    -0.00004860
       532    -0.00004826
       533    -0.00004798
       534    -0.00004779
       535    -0.00004767
       536    -0.00004762
       537    -0.00004764
       538    -0.00004772
       539    -0.00004787
       540    -0.00004808
       541    -0.00004174
       542    -0.00004191
       543    -0.00004210
       544    -0.00004232
       545    -0.00004255
       546    -0.00004280
       547    -0.00004306
       548    -0.00004332
       549    -0.00004358
       550    -0.00004384
       551    -0.00004410
       552    -0.00004433
       553    -0.00004456
       554    -0.00004476
       555    -0.00004493
       556    -0.00004507
       557    -0.00004518
       558    -0.00004525
       559    -0.00004527
       560    -0.00004525
       561    -0.00004726
       562    -0.00004720
       563    -0.00004708
       564    -0.00004689
       565    -0.00004665
       566    -0.00004633
       567    -0.00004594
       568    -0.00004549
       569    -0.00004495
       570    -0.00004434
       571    -0.00004366
       572    -0.00004290
       573    -0.00004206
       574    -0.00004114
       575    -0.00004014
       576    -0.00003907
       577    -0.00003793
       578    -0.00003670
       579    -0.00003541
       580    -0.00003404
       581    -0.00004137
       582    -0.00004002
       583    -0.00003859
       584    -0.00003707
       585    -0.00003544
       586    -0.00003378
       587    -0.00003204
       588    -0.00003023
       589    -0.00002836
       590    -0.00002642
       591    -0.00002443
       592    -0.00002239
       593    -0.00002029
       594    -0.00001816
       595    -0.00001598
       596    -0.00001376
       597    -0.00001152
       598    -0.00000925
       599    -0.00000695
       600    -0.00000464
       601    -0.00000386
       602    -0.00000152
       603     0.00000084
       604     0.00000320
       605     0.00000556
       606     0.00000792
       607     0.00001027
       608     0.00001260
       609     0.00001491
       610     0.00001720
       611     0.00001946
       612     0.00002169
       613     0.00002387
       614     0.00002601
       615     0.00002811
       616     0.00003015
       617     0.00003213
       618     0.00003405
       619     0.00003591
       620     0.00003769
       621     0.00004198
       622     0.00004356
       623     0.00004506
       624     0.00004646
       625     0.00004777
       626     0.00004898
       627     0.00005010
       628     0.00005111
       629     0.00005202
       630     0.00005283
       631     0.00005354
       632     0.00005415
       633     0.00005465
       634     0.00005506
       635     0.00005537
       636     0.00005559
       637     0.00005565
       638     0.00005571
       639     0.00005568
       640     0.00005559
       641     0.00004707
       642     0.00004716
       643     0.00004720
       644     0.00004719
       645     0.00004713
       646     0.00004703
       647     0.00004689
       648     0.00004673
       649     0.00004654
       650     0.00004632
       651     0.00004609
       652     0.00004584
       653     0.00004558
       654     0.00004531
       655     0.00004503
       656     0.00004476
       657     0.00004448
       658     0.00004420
       659     0.00004393
       660     0.00004366
       661     0.00003722
       662     0.00003707
       663     0.00003691
       664     0.00003675
       665     0.00003658
       666     0.00003640
       667     0.00003622
       668     0.00003604
       669     0.00003584
       670     0.00003565
       671     0.00003545
       672     0.00003525
       673     0.00003504
       674     0.00003483
       675     0.00003461
       676     0.00003439
       677     0.00003417
       678     0.00003394
       679     0.00003371
       680     0.00003348
       681     0.00003335
       682     0.00003312
       683     0.00003288
       684     0.00003265
       685     0.00003241
       686     0.00003218
       687     0.00003195
       688     0.00003172
       689     0.00003149
       690     0.00003127
       691     0.00003104
       692     0.00003082
       693     0.00003060
       694     0.00003038
       695     0.00003016
       696     0.00002994
       697     0.00002973
       698     0.00002950
       699     0.00002928
       700     0.00002905
       701     0.00002995
       702     0.00002973
       703     0.00002950
       704     0.00002926
       705     0.00002901
       706     0.00002874
       707     0.00002844
       708     0.00002812
       709     0.00002778
       710     0.00002740
       711     0.00002700
       712     0.00002655
       713     0.00002608
       714     0.00002556
       715     0.00002499
       716     0.00002438
       717     0.00002373
       718     0.00002302
       719     0.00002227
       720     0.00002146
       721     0.00002037
       722     0.00001946
       723     0.00001849
       724     0.00001748
       725     0.00001642
       726     0.00001530
       727     0.00001414
       728     0.00001294
       729     0.00001169
       730     0.00001040
       731     0.00000908
       732     0.00000772
       733     0.00000632
       734     0.00000490
       735     0.00000346
       736     0.00000199
       737     0.00000050
       738    -0.00000099
       739    -0.00000250
       740    -0.00000402
       741    -0.00000548
       742    -0.00000700
       743    -0.00000851
       744    -0.00001001
       745    -0.00001149
       746    -0.00001296
       747    -0.00001441
       748    -0.00001584
       749    -0.00001724
       750    -0.00001861
       751    -0.00001994
       752    -0.00002124
       753    -0.00002250
       754    -0.00002372
       755    -0.00002490
       756    -0.00002603
       757    -0.00002711
       758    -0.00002814
       759    -0.00002912
       760    -0.00003005
       761    -0.00003461
       762    -0.00003535
       763    -0.00003604
       764    -0.00003666
       765    -0.00003722
       766    -0.00003772
       767    -0.00003816
       768    -0.00003854
       769    -0.00003887
       770    -0.00003914
       771    -0.00003936
       772    -0.00003953
       773    -0.00003965
       774    -0.00003973
       775    -0.00003976
       776    -0.00003975
       777    -0.00003970
       778    -0.00003962
       779    -0.00003952
       780    -0.00003938
       781    -0.00004348
       782    -0.00004317
       783    -0.00004285
       784    -0.00004253
       785    -0.00004221
       786    -0.00004189
       787    -0.00004158
       788    -0.00004128
       789    -0.00004100
       790    -0.00004074
       791    -0.00004050
       792    -0.00004029
       793    -0.00004010
       794    -0.00003995
       795    -0.00003982
       796    -0.00003973
       797    -0.00003968
       798    -0.00003965
       799    -0.00003966
       800    -0.00003970
       801    -0.00003737
       802    -0.00003744
       803    -0.00003753
       804    -0.00003764
       805    -0.00003777
       806    -0.00003791
       807    -0.00003805
       808    -0.00003821
       809    -0.00003837
       810    -0.00003853
       811    -0.00003868
       812    -0.00003883
       813    -0.00003896
       814    -0.00003909
       815    -0.00003919
       816    -0.00003927
       817    -0.00003933
       818    -0.00003935
       819    -0.00003935
       820    -0.00003931
       821    -0.00003454
       822    -0.00003430
       823    -0.00003402
       824    -0.00003370
       825    -0.00003334
       826    -0.00003293
       827    -0.00003248
       828    -0.00003198
       829    -0.00003143
       830    -0.00003084
       831    -0.00003020
       832    -0.00002952
       833    -0.00002878
       834    -0.00002801
       835    -0.00002718
       836    -0.00002631
       837    -0.00002540
       838    -0.00002444
       839    -0.00002344
       840    -0.00002241
       841    -0.00002050
       842    -0.00001938
       843    -0.00001822
       844    -0.00001703
       845    -0.00001582
       846    -0.00001457
       847    -0.00001331
       848    -0.00001202
       849    -0.00001070
       850    -0.00000937
       851    -0.00000803
       852    -0.00000667
       853    -0.00000531
       854    -0.00000393
       855    -0.00000255
       856    -0.00000117
       857     0.00000020
       858     0.00000158
       859     0.00000295
       860     0.00000431
       861     0.00000585
       862     0.00000719
       863     0.00000850
       864     0.00000979
       865     0.00001106
       866     0.00001231
       867     0.00001353
       868     0.00001473
       869     0.00001589
       870     0.00001702
       871     0.00001812
       872     0.00001919
       873     0.00002021
       874     0.00002120
       875     0.00002216
       876     0.00002307
       877     0.00002394
       878     0.00002478
       879     0.00002557
       880     0.00002632
       881     0.00002937
       882     0.00002998
       883     0.00003054
       884     0.00003106
       885     0.00003154
       886     0.00003198
       887     0.00003238
       888     0.00003274
       889     0.00003307
       890     0.00003336
       891     0.00003362
       892     0.00003384
       893     0.00003404
       894     0.00003422
       895     0.00003437
       896     0.00003449
       897     0.00003460
       898     0.00003470
       899     0.00003477
       900     0.00003484
       901     0.00003892
       902     0.00003887
       903     0.00003882
       904     0.00003877
       905     0.00003874
       906     0.00003871
       907     0.00003869
       908     0.00003869
       909     0.00003870
       910     0.00003872
       911     0.00003876
       912     0.00003881
       913     0.00003887
       914     0.00003895
       915     0.00003904
       916     0.00003914
       917     0.00003925
       918     0.00003937
       919     0.00003949
       920     0.00003961
       921     0.00004051
       922     0.00004064
       923     0.00004078
       924     0.00004090
       925     0.00004102
       926     0.00004113
       927     0.00004123
       928     0.00004132
       929     0.00004138
       930     0.00004143
       931     0.00004146
       932     0.00004146
       933     0.00004144
       934     0.00004139
       935     0.00004131
       936     0.00004121
       937     0.00004107
       938     0.00004090
       939     0.00004070
       940     0.00004047
       941     0.00003841
       942     0.00003807
       943     0.00003770
       944     0.00003729
       945     0.00003685
       946     0.00003638
       947     0.00003588
       948     0.00003534
       949     0.00003477
       950     0.00003417
       951     0.00003354
       952     0.00003288
       953     0.00003219
       954     0.00003147
       955     0.00003072
       956     0.00002995
       957     0.00002915
       958     0.00002832
       959     0.00002747
       960     0.00002659
       961     0.00002442
       962     0.00002347
       963     0.00002250
       964     0.00002151
       965     0.00002051
       966     0.00001948
       967     0.00001843
       968     0.00001737
       969     0.00001629
       970     0.00001520
       971     0.00001409
       972     0.00001297
       973     0.00001183
       974     0.00001069
       975     0.00000953
       976     0.00000837
       977     0.00000720
       978     0.00000602
       979     0.00000484
       980     0.00000365
       981     0.00000246
       982     0.00000127
       983     0.00000007
       984    -0.00000112
       985    -0.00000231
       986    -0.00000350
       987    -0.00000468
       988    -0.00000586
       989    -0.00000704
       990    -0.00000821
       991    -0.00000937
       992    -0.00001052
       993    -0.00001166
       994    -0.00001279
       995    -0.00001391
       996    -0.00001501
       997    -0.00001611
       998    -0.00001719
       999    -0.00001825
      1000    -0.00001930
