#    Step        Prob(0)        Prob(1)        
        0    -0.00000000     0.00000000
        1     0.00000000     0.00000000
        2     0.00000000     0.00000000
        3     0.00000000     0.00000000
        4     0.00000000     0.00000000
        5     0.00000000     0.00000000
        6     0.00000000     0.00000000
        7     0.00000000     0.00000000
        8     0.00000000     0.00000000
        9     0.00000000     0.00000000
       10     0.00000000     0.00000000
       11     0.00000000     0.00000000
       12     0.00000000     0.00000000
       13     0.00000000     0.00000000
       14     0.00000000     0.00000000
       15     0.00000000     0.00000000
       16     0.00000000     0.00000000
       17     0.00000000     0.00000000
       18     0.00000000     0.00000000
       19     0.00000000     0.00000000
       20     0.00000000     0.00000000
       21     0.00000000     0.00000000
       22     0.00000000     0.00000000
       23     0.00000000     0.00000000
       24     0.00000000     0.00000000
       25     0.00000000     0.00000000
       26     0.00000000     0.00000000
       27     0.00000000     0.00000000
       28     0.00000000     0.00000000
       29     0.00000000     0.00000000
       30     0.00000000     0.00000000
       31     0.00000000     0.00000000
       32     0.00000000     0.00000000
       33     0.00000000     0.00000000
       34     0.00000000     0.00000000
       35     0.00000000     0.00000000
       36     0.00000000     0.00000000
       37     0.00000000     0.00000000
       38     0.00000000     0.00000000
       39     0.00000000     0.00000000
       40     0.00000000     0.00000000
       41     0.00000000     0.00000000
       42     0.00000000     0.00000000
       43     0.00000000     0.00000000
       44     0.00000000     0.00000000
       45     0.00000000     0.00000000
       46     0.00000000     0.00000000
       47     0.00000000     0.00000000
       48     0.00000000     0.00000000
       49     0.00000000     0.00000000
       50     0.00000000     0.00000000
       51     0.00000000     0.00000000
       52     0.00000000     0.00000000
       53     0.00000000     0.00000000
       54     0.00000000     0.00000000
       55     0.00000000     0.00000000
       56     0.00000000     0.00000000
       57     0.00000000     0.00000000
       58     0.00000000     0.00000000
       59     0.00000000     0.00000000
       60     0.00000000     0.00000000
       61     0.00000000     0.00000000
       62     0.00000000     0.00000000
       63     0.00000000     0.00000000
       64     0.00000000     0.00000000
       65     0.00000000     0.00000000
       66     0.00000000     0.00000000
       67     0.00000000     0.00000000
       68     0.00000000     0.00000000
       69     0.00000000     0.00000000
       70     0.00000000     0.00000000
       71     0.00000000     0.00000000
       72     0.00000000     0.00000000
       73     0.00000000     0.00000000
       74     0.00000000     0.00000000
       75     0.00000000     0.00000000
       76     0.00000000     0.00000000
       77     0.00000000     0.00000000
       78     0.00000000     0.00000000
       79     0.00000000     0.00000000
       80     0.00000000     0.00000000
       81     0.00000000     0.00000000
       82     0.00000001     0.00000000
       83     0.00000001     0.00000000
       84     0.00000000     0.00000000
       85     0.00000000     0.00000000
       86     0.00000000     0.00000000
       87     0.00000000     0.00000000
       88     0.00000000     0.00000000
       89     0.00000001     0.00000000
       90     0.00000001     0.00000000
       91     0.00000000     0.00000000
       92     0.00000000     0.00000000
       93     0.00000000     0.00000000
       94     0.00000000     0.00000000
       95     0.00000000     0.00000000
       96     0.00000001     0.00000000
       97     0.00000001     0.00000000
       98     0.00000000     0.00000000
       99     0.00000000     0.00000000
      100     0.00000000     0.00000000
      101     0.00000000     0.00000000
      102     0.00000000     0.00000000
      103     0.00000000     0.00000000
      104     0.00000001     0.00000000
      105     0.00000001     0.00000000
      106     0.00000000     0.00000000
      107     0.00000000     0.00000000
      108     0.00000000     0.00000000
      109     0.00000000     0.00000000
      110     0.00000000     0.00000000
      111     0.00000001     0.00000000
      112     0.00000001     0.00000000
      113     0.00000001     0.00000000
      114     0.00000000     0.00000000
      115     0.00000000     0.00000000
      116     0.00000000     0.00000000
      117     0.00000000     0.00000000
      118     0.00000001     0.00000000
      119     0.00000002     0.00000000
      120     0.00000002     0.00000000
      121     0.00000000     0.00000000
      122     0.00000000     0.00000000
      123     0.00000000     0.00000000
      124     0.00000000     0.00000000
      125     0.00000002     0.00000000
      126     0.00000005     0.00000000
      127     0.00000006     0.00000000
      128     0.00000004     0.00000000
      129     0.00000001     0.00000000
      130     0.00000000     0.00000000
      131     0.00000000     0.00000000
      132     0.00000001     0.00000000
      133     0.00000006     0.00000000
      134     0.00000011     0.00000000
      135     0.00000012     0.00000000
      136     0.00000009     0.00000000
      137     0.00000003     0.00000000
      138     0.00000000     0.00000000
      139     0.00000000     0.00000000
      140     0.00000006     0.00000000
      141     0.00000003     0.00000000
      142     0.00000000     0.00000000
      143     0.00000000     0.00000000
      144     0.00000002     0.00000000
      145     0.00000016     0.00000000
      146     0.00000029     0.00000000
      147     0.00000035     0.00000000
      148     0.00000029     0.00000000
      149     0.00000016     0.00000000
      150     0.00000004     0.00000000
      151     0.00000001     0.00000000
      152     0.00000013     0.00000000
      153     0.00000037     0.00000000
      154     0.00000062     0.00000000
      155     0.00000078     0.00000000
      156     0.00000078     0.00000000
      157     0.00000063     0.00000000
      158     0.00000045     0.00000000
      159     0.00000038     0.00000000
      160     0.00000054     0.00000000
      161     0.00000000     0.00000000
      162     0.00000000     0.00000000
      163     0.00000000     0.00000000
      164     0.00000000     0.00000000
      165     0.00000122     0.00000000
      166     0.00000291     0.00000000
      167     0.00000390     0.00000000
      168     0.00000369     0.00000000
      169     0.00000236     0.00000000
      170     0.00000054     0.00000000
      171     0.00000000     0.00000000
      172     0.00000000     0.00000000
      173     0.00000081     0.00000000
      174     0.00000371     0.00000000
      175     0.00000692     0.00000000
      176     0.00000932     0.00000000
      177     0.00001007     0.00000000
      178     0.00000904     0.00000000
      179     0.00000690     0.00000000
      180     0.00000490     0.00000000
      181     0.00000000     0.00000000
      182     0.00000000     0.00000000
      183     0.00000000     0.00000000
      184     0.00000000     0.00000000
      185     0.00000017     0.00000000
      186     0.00001645     0.00000000
      187     0.00003238     0.00000000
      188     0.00004306     0.00000000
      189     0.00004515     0.00000000
      190     0.00003805     0.00000000
      191     0.00002412     0.00000000
      192     0.00000806     0.00000000
      193     0.00000000     0.00000000
      194     0.00000000     0.00000000
      195     0.00000000     0.00000000
      196     0.00001836     0.00000000
      197     0.00004719     0.00000000
      198     0.00008119     0.00000000
      199     0.00011529     0.00000000
      200     0.00014490     0.00000000
      201     0.00007546     0.00000000
      202     0.00002225     0.00000000
      203     0.00000000     0.00000000
      204     0.00000000     0.00000000
      205     0.00000000     0.00000000
      206     0.00000000     0.00000000
      207     0.00000000     0.00000000
      208     0.00000000     0.00000000
      209     0.00007174     0.00000000
      210     0.00016222     0.00000000
      211     0.00025751     0.00000000
      212     0.00034981     0.00000000
      213     0.00043286     0.00000000
      214     0.00050256     0.00000000
      215     0.00055725     0.00000000
      216     0.00059760     0.00000000
      217     0.00062629     0.00000000
      218     0.00064736     0.00000000
      219     0.00066571     0.00000000
      220     0.00068641     0.00000000
      221     0.00036648     0.00000000
      222     0.00025937     0.00000000
      223     0.00015348     0.00000000
      224     0.00005558     0.00000000
      225     0.00000000     0.00000000
      226     0.00000000     0.00000000
      227     0.00000000     0.00000000
      228     0.00000000     0.00000000
      229     0.00000000     0.00000000
      230     0.00000000     0.00000000
      231     0.00000000     0.00000000
      232     0.00000000     0.00000000
      233     0.00000000     0.00000000
      234     0.00000000     0.00000000
      235     0.00000000     0.00000000
      236     0.00003489     0.00000000
      237     0.00042519     0.00000000
      238     0.00232939     0.00000000
      239     0.01148261     0.00000000
      240     0.06143240     0.00000000
      241     0.00000000     0.00000000
      242     0.00000000     0.00000000
      243     0.00000000     0.00000000
      244     0.00000000     0.00000000
      245     0.00000000     0.00000000
      246     0.00000000     0.00000000
      247     0.00000000     0.00000000
      248     0.00000000     0.00000000
      249     0.00000000     0.00000000
      250     0.00000000     0.00000000
      251     0.00000000     0.00000000
      252     0.00000000     0.00072705
      253     0.00000000     0.00248245
      254     0.00000000     0.00377187
      255     0.00000000     0.00468488
      256     0.00000000     0.00526140
      257     0.00000000     0.00550616
      258     0.00000000     0.00540999
      259     0.00000000     0.00495107
      260     0.00000000     0.00411076
      261     0.00000000     0.00175011
      262     0.00000000     0.00078359
      263     0.00000000     0.00000000
      264     0.00000000     0.00000000
      265     0.00000000     0.00000000
      266     0.00000000     0.00000000
      267     0.00000000     0.00000000
      268     0.00000000     0.00000000
      269     0.00000000     0.00000000
      270     0.00000000     0.00000000
      271     0.00000000     0.00000000
      272     0.00000000     0.00000000
      273     0.00000000     0.00000000
      274     0.00000000     0.00000000
      275     0.00000000     0.00009896
      276     0.00000000     0.00328076
      277     0.00000000     0.00630776
      278     0.00000000     0.00868128
      279     0.00000000     0.00986276
      280     0.00000000     0.00939001
      281     0.00000000     0.00356868
      282     0.00000000     0.00162662
      283     0.00000000     0.00000000
      284     0.00000000     0.00000000
      285     0.00000000     0.00000000
      286     0.00000000     0.00000000
      287     0.00000000     0.00000000
      288     0.00000000     0.00000000
      289     0.00000000     0.00000224
      290     0.00000000     0.00348700
      291     0.00000000     0.00611063
      292     0.00000000     0.00690216
      293     0.00000000     0.00536783
      294     0.00000000     0.00183243
      295     0.00000000     0.00000000
      296     0.00000000     0.00000000
      297     0.00000000     0.00000000
      298     0.00000000     0.00000000
      299     0.00000000     0.00000000
      300     0.00000000     0.00358250
      301     0.00000000     0.00305562
      302     0.00000000     0.00285533
      303     0.00000000     0.00111066
      304     0.00000000     0.00000000
      305     0.00000000     0.00000000
      306     0.00000000     0.00000000
      307     0.00000000     0.00000000
      308     0.00000000     0.00121107
      309     0.00000000     0.00306643
      310     0.00000000     0.00301594
      311     0.00000000     0.00104289
      312     0.00000000     0.00000000
      313     0.00000000     0.00000000
      314     0.00000000     0.00000000
      315     0.00000000     0.00000000
      316     0.00000000     0.00216824
      317     0.00000000     0.00278593
      318     0.00000000     0.00129235
      319     0.00000000     0.00000000
      320     0.00000000     0.00000000
      321     0.00000000     0.00000000
      322     0.00000000     0.00015720
      323     0.00000000     0.00118970
      324     0.00000000     0.00120043
      325     0.00000000     0.00017439
      326     0.00000000     0.00000000
      327     0.00000000     0.00000000
      328     0.00000000     0.00000000
      329     0.00000000     0.00078932
      330     0.00000000     0.00120806
      331     0.00000000     0.00049469
      332     0.00000000     0.00000000
      333     0.00000000     0.00000000
      334     0.00000000     0.00000000
      335     0.00000000     0.00056737
      336     0.00000000     0.00101544
      337     0.00000000     0.00043293
      338     0.00000000     0.00000000
      339     0.00000000     0.00000000
      340     0.00000000     0.00000000
      341     0.00000000     0.00035921
      342     0.00000000     0.00052214
      343     0.00000000     0.00012316
      344     0.00000000     0.00000000
      345     0.00000000     0.00000000
      346     0.00000000     0.00000000
      347     0.00000000     0.00041505
      348     0.00000000     0.00038318
      349     0.00000000     0.00000000
      350     0.00000000     0.00000000
      351     0.00000000     0.00000000
      352     0.00000000     0.00016197
      353     0.00000000     0.00040106
      354     0.00000000     0.00017294
      355     0.00000000     0.00000000
      356     0.00000000     0.00000000
      357     0.00000000     0.00000000
      358     0.00000000     0.00029058
      359     0.00000000     0.00028219
      360     0.00000000     0.00000000
      361     0.00000000     0.00000000
      362     0.00000000     0.00000000
      363     0.00000000     0.00012276
      364     0.00000000     0.00024453
      365     0.00000000     0.00007030
      366     0.00000000     0.00000000
      367     0.00000000     0.00000000
      368     0.00000000     0.00001756
      369     0.00000000     0.00022415
      370     0.00000000     0.00015663
      371     0.00000000     0.00000000
      372     0.00000000     0.00000000
      373     0.00000000     0.00000000
      374     0.00000000     0.00017506
      375     0.00000000     0.00021813
      376     0.00000000     0.00000000
      377     0.00000000     0.00000000
      378     0.00000000     0.00000000
      379     0.00000000     0.00009836
      380     0.00000000     0.00025323
      381     0.00000000     0.00009883
      382     0.00000000     0.00000000
      383     0.00000000     0.00000000
      384     0.00000000     0.00000000
      385     0.00000000     0.00024609
      386     0.00000000     0.00020799
      387     0.00000000     0.00000000
      388     0.00000000     0.00000000
      389     0.00000000     0.00000000
      390     0.00000000     0.00017729
      391     0.00000000     0.00029256
      392     0.00000000     0.00005838
      393     0.00000000     0.00000000
      394     0.00000000     0.00000000
      395     0.00000000     0.00003391
      396     0.00000000     0.00030506
      397     0.00000000     0.00022234
      398     0.00000000     0.00000000
      399     0.00000000     0.00000000
      400     0.00000000     0.00000000
      401     0.00000000     0.00025807
      402     0.00000000     0.00043239
      403     0.00000000     0.00011315
      404     0.00000000     0.00000000
      405     0.00000000     0.00000000
      406     0.00000000     0.00000000
      407     0.00000000     0.00040876
      408     0.00000000     0.00039453
      409     0.00000000     0.00000000
      410     0.00000000     0.00000000
      411     0.00000000     0.00000000
      412     0.00000000     0.00012114
      413     0.00000000     0.00046816
      414     0.00000000     0.00031598
      415     0.00000000     0.00000000
      416     0.00000000     0.00000000
      417     0.00000000     0.00000000
      418     0.00000000     0.00019383
      419     0.00000000     0.00045381
      420     0.00000000     0.00024547
      421     0.00000000     0.00000000
      422     0.00000000     0.00000000
      423     0.00000000     0.00000000
      424     0.00000000     0.00034034
      425     0.00000000     0.00073792
      426     0.00000000     0.00041098
      427     0.00000000     0.00000000
      428     0.00000000     0.00000000
      429     0.00000000     0.00000000
      430     0.00000000     0.00024212
      431     0.00000000     0.00067078
      432     0.00000000     0.00046567
      433     0.00000000     0.00000000
      434     0.00000000     0.00000000
      435     0.00000000     0.00000000
      436     0.00000000     0.00004544
      437     0.00000000     0.00048252
      438     0.00000000     0.00046156
      439     0.00000000     0.00005138
      440     0.00000000     0.00000000
      441     0.00000000     0.00000000
      442     0.00000000     0.00000000
      443     0.00000000     0.00048373
      444     0.00000000     0.00077006
      445     0.00000000     0.00039909
      446     0.00000000     0.00000000
      447     0.00000000     0.00000000
      448     0.00000000     0.00000000
      449     0.00000000     0.00004750
      450     0.00000000     0.00045138
      451     0.00000000     0.00044353
      452     0.00000000     0.00010420
      453     0.00000000     0.00000000
      454     0.00000000     0.00000000
      455     0.00000000     0.00000000
      456     0.00000000     0.00006600
      457     0.00000000     0.00013770
      458     0.00000000     0.00006973
      459     0.00000000     0.00000100
      460     0.00000000     0.00002817
      461     0.00000000     0.00011013
      462     0.00000000     0.00007107
      463     0.00000000     0.00000000
      464     0.00000000     0.00000000
      465     0.00000000     0.00000000
      466     0.00000000     0.00005009
      467     0.00000000     0.00040502
      468     0.00000000     0.00048311
      469     0.00000000     0.00014374
      470     0.00000000     0.00000000
      471     0.00000000     0.00000000
      472     0.00000000     0.00000000
      473     0.00000000     0.00023655
      474     0.00000000     0.00075828
      475     0.00000000     0.00068369
      476     0.00000000     0.00001779
      477     0.00000000     0.00000000
      478     0.00000000     0.00000000
      479     0.00000000     0.00000000
      480     0.00000000     0.00055709
      481     0.00000000     0.00085828
      482     0.00000000     0.00050675
      483     0.00000000     0.00000000
      484     0.00000000     0.00000000
      485     0.00000000     0.00000000
      486     0.00000000     0.00009066
      487     0.00000000     0.00080609
      488     0.00000000     0.00081416
      489     0.00000000     0.00009989
      490     0.00000000     0.00000000
      491     0.00000000     0.00000000
      492     0.00000000     0.00000000
      493     0.00000000     0.00057617
      494     0.00000000     0.00085061
      495     0.00000000     0.00033696
      496     0.00000000     0.00000000
      497     0.00000000     0.00000000
      498     0.00000000     0.00000000
      499     0.00000000     0.00038351
      500     0.00000000     0.00073771
      501     0.00000000     0.00028043
      502     0.00000000     0.00000000
      503     0.00000000     0.00000000
      504     0.00000000     0.00000000
      505     0.00000000     0.00023905
      506     0.00000000     0.00048867
      507     0.00000000     0.00024038
      508     0.00000000     0.00000000
      509     0.00000000     0.00000000
      510     0.00000000     0.00000000
      511     0.00000000     0.00024310
      512     0.00000000     0.00041072
      513     0.00000000     0.00014571
      514     0.00000000     0.00000000
      515     0.00000000     0.00000000
      516     0.00000000     0.00000000
      517     0.00000000     0.00026798
      518     0.00000000     0.00031784
      519     0.00000000     0.00002492
      520     0.00000000     0.00000000
      521     0.00000000     0.00000000
      522     0.00000000     0.00002867
      523     0.00000000     0.00022021
      524     0.00000000     0.00016141
      525     0.00000000     0.00000000
      526     0.00000000     0.00000000
      527     0.00000000     0.00000000
      528     0.00000000     0.00011934
      529     0.00000000     0.00021189
      530     0.00000000     0.00006073
      531     0.00000000     0.00000000
      532     0.00000000     0.00000000
      533     0.00000000     0.00000000
      534     0.00000000     0.00018677
      535     0.00000000     0.00015756
      536     0.00000000     0.00000000
      537     0.00000000     0.00000000
      538     0.00000000     0.00000000
      539     0.00000000     0.00011404
      540     0.00000000     0.00020519
      541     0.00000000     0.00004526
      542     0.00000000     0.00000000
      543     0.00000000     0.00000000
      544     0.00000000     0.00001265
      545     0.00000000     0.00017321
      546     0.00000000     0.00012755
      547     0.00000000     0.00000000
      548     0.00000000     0.00000000
      549     0.00000000     0.00000000
      550     0.00000000     0.00012625
      551     0.00000000     0.00018137
      552     0.00000000     0.00001870
      553     0.00000000     0.00000000
      554     0.00000000     0.00000000
      555     0.00000000     0.00004489
      556     0.00000000     0.00019181
      557     0.00000000     0.00010963
      558     0.00000000     0.00000000
      559     0.00000000     0.00000000
      560     0.00000000     0.00000000
      561     0.00000000     0.00015789
      562     0.00000000     0.00018257
      563     0.00000000     0.00000000
      564     0.00000000     0.00000000
      565     0.00000000     0.00000000
      566     0.00000000     0.00006954
      567     0.00000000     0.00019830
      568     0.00000000     0.00009308
      569     0.00000000     0.00000000
      570     0.00000000     0.00000000
      571     0.00000000     0.00000000
      572     0.00000000     0.00014992
      573     0.00000000     0.00015877
      574     0.00000000     0.00000000
      575     0.00000000     0.00000000
      576     0.00000000     0.00000000
      577     0.00000000     0.00005582
      578     0.00000000     0.00015815
      579     0.00000000     0.00007714
      580     0.00000000     0.00000000
      581     0.00000000     0.00000000
      582     0.00000000     0.00000000
      583     0.00000000     0.00012515
      584     0.00000000     0.00014757
      585     0.00000000     0.00000683
      586     0.00000000     0.00000000
      587     0.00000000     0.00000000
      588     0.00000000     0.00002299
      589     0.00000000     0.00011803
      590     0.00000000     0.00007622
      591     0.00000000     0.00000000
      592     0.00000000     0.00000000
      593     0.00000000     0.00000000
      594     0.00000000     0.00004326
      595     0.00000000     0.00006859
      596     0.00000000     0.00001973
      597     0.00000000     0.00000000
      598     0.00000000     0.00000000
      599     0.00000000     0.00000000
      600     0.00000000     0.00001633
      601     0.00000000     0.00001478
      602     0.00000000     0.00000000
      603     0.00000000     0.00000328
      604     0.00000000     0.00001099
      605     0.00000000     0.00000000
      606     0.00000000     0.00000000
      607     0.00000000     0.00000000
      608     0.00000000     0.00001852
      609     0.00000000     0.00006402
      610     0.00000000     0.00004176
      611     0.00000000     0.00000000
      612     0.00000000     0.00000000
      613     0.00000000     0.00000000
      614     0.00000000     0.00006875
      615     0.00000000     0.00011954
      616     0.00000000     0.00003704
      617     0.00000000     0.00000000
      618     0.00000000     0.00000000
      619     0.00000000     0.00000000
      620     0.00000000     0.00013400
      621     0.00000000     0.00016001
      622     0.00000000     0.00000000
      623     0.00000000     0.00000000
      624     0.00000000     0.00000000
      625     0.00000000     0.00003721
      626     0.00000000     0.00020316
      627     0.00000000     0.00014889
      628     0.00000000     0.00000000
      629     0.00000000     0.00000000
      630     0.00000000     0.00000000
      631     0.00000000     0.00011423
      632     0.00000000     0.00023395
      633     0.00000000     0.00009516
      634     0.00000000     0.00000000
      635     0.00000000     0.00000000
      636     0.00000000     0.00000000
      637     0.00000000     0.00018504
      638     0.00000000     0.00022047
      639     0.00000000     0.00001061
      640     0.00000000     0.00000000
      641     0.00000000     0.00000000
      642     0.00000000     0.00003067
      643     0.00000000     0.00019468
      644     0.00000000     0.00014112
      645     0.00000000     0.00000000
      646     0.00000000     0.00000000
      647     0.00000000     0.00000000
      648     0.00000000     0.00010690
      649     0.00000000     0.00020026
      650     0.00000000     0.00006875
      651     0.00000000     0.00000000
      652     0.00000000     0.00000000
      653     0.00000000     0.00000000
      654     0.00000000     0.00016300
      655     0.00000000     0.00016804
      656     0.00000000     0.00000000
      657     0.00000000     0.00000000
      658     0.00000000     0.00000000
      659     0.00000000     0.00005596
      660     0.00000000     0.00018671
      661     0.00000000     0.00009106
      662     0.00000000     0.00000000
      663     0.00000000     0.00000000
      664     0.00000000     0.00000000
      665     0.00000000     0.00010695
      666     0.00000000     0.00015079
      667     0.00000000     0.00002442
      668     0.00000000     0.00000000
      669     0.00000000     0.00000000
      670     0.00000000     0.00001029
      671     0.00000000     0.00014229
      672     0.00000000     0.00011270
      673     0.00000000     0.00000000
      674     0.00000000     0.00000000
      675     0.00000000     0.00000000
      676     0.00000000     0.00007306
      677     0.00000000     0.00014752
      678     0.00000000     0.00005520
      679     0.00000000     0.00000000
      680     0.00000000     0.00000000
      681     0.00000000     0.00000000
      682     0.00000000     0.00011719
      683     0.00000000     0.00012430
      684     0.00000000     0.00000000
      685     0.00000000     0.00000000
      686     0.00000000     0.00000000
      687     0.00000000     0.00003790
      688     0.00000000     0.00013518
      689     0.00000000     0.00007960
      690     0.00000000     0.00000000
      691     0.00000000     0.00000000
      692     0.00000000     0.00000000
      693     0.00000000     0.00008647
      694     0.00000000     0.00012703
      695     0.00000000     0.00002497
      696     0.00000000     0.00000000
      697     0.00000000     0.00000000
      698     0.00000000     0.00000253
      699     0.00000000     0.00011494
      700     0.00000000     0.00009744
      701     0.00000000     0.00000000
      702     0.00000000     0.00000000
      703     0.00000000     0.00000000
      704     0.00000000     0.00005355
      705     0.00000000     0.00012548
      706     0.00000000     0.00005673
      707     0.00000000     0.00000000
      708     0.00000000     0.00000000
      709     0.00000000     0.00000000
      710     0.00000000     0.00008850
      711     0.00000000     0.00010821
      712     0.00000000     0.00000821
      713     0.00000000     0.00000000
      714     0.00000000     0.00000000
      715     0.00000000     0.00001352
      716     0.00000000     0.00009968
      717     0.00000000     0.00007306
      718     0.00000000     0.00000000
      719     0.00000000     0.00000000
      720     0.00000000     0.00000000
      721     0.00000000     0.00004313
      722     0.00000000     0.00008407
      723     0.00000000     0.00003183
      724     0.00000000     0.00000000
      725     0.00000000     0.00000000
      726     0.00000000     0.00000000
      727     0.00000000     0.00004748
      728     0.00000000     0.00005096
      729     0.00000000     0.00000177
      730     0.00000000     0.00000000
      731     0.00000000     0.00000000
      732     0.00000000     0.00000498
      733     0.00000000     0.00002603
      734     0.00000000     0.00001484
      735     0.00000000     0.00000000
      736     0.00000000     0.00000000
      737     0.00000000     0.00000000
      738     0.00000000     0.00000000
      739     0.00000000     0.00000000
      740     0.00000000     0.00000000
      741     0.00000000     0.00001528
      742     0.00000000     0.00002942
      743     0.00000000     0.00000820
      744     0.00000000     0.00000000
      745     0.00000000     0.00000000
      746     0.00000000     0.00000000
      747     0.00000000     0.00005468
      748     0.00000000     0.00005623
      749     0.00000000     0.00000000
      750     0.00000000     0.00000000
      751     0.00000000     0.00000000
      752     0.00000000     0.00003046
      753     0.00000000     0.00009663
      754     0.00000000     0.00005625
      755     0.00000000     0.00000000
      756     0.00000000     0.00000000
      757     0.00000000     0.00000000
      758     0.00000000     0.00008138
      759     0.00000000     0.00012121
      760     0.00000000     0.00002309
      761     0.00000000     0.00000000
      762     0.00000000     0.00000000
      763     0.00000000     0.00000507
      764     0.00000000     0.00014486
      765     0.00000000     0.00012300
      766     0.00000000     0.00000000
      767     0.00000000     0.00000000
      768     0.00000000     0.00000000
      769     0.00000000     0.00007775
      770     0.00000000     0.00016923
      771     0.00000000     0.00006766
      772     0.00000000     0.00000000
      773     0.00000000     0.00000000
      774     0.00000000     0.00000000
      775     0.00000000     0.00014169
      776     0.00000000     0.00014839
      777     0.00000000     0.00000000
      778     0.00000000     0.00000000
      779     0.00000000     0.00000000
      780     0.00000000     0.00005995
      781     0.00000000     0.00018759
      782     0.00000000     0.00009009
      783     0.00000000     0.00000000
      784     0.00000000     0.00000000
      785     0.00000000     0.00000000
      786     0.00000000     0.00014509
      787     0.00000000     0.00015753
      788     0.00000000     0.00000000
      789     0.00000000     0.00000000
      790     0.00000000     0.00000000
      791     0.00000000     0.00006659
      792     0.00000000     0.00017423
      793     0.00000000     0.00007482
      794     0.00000000     0.00000000
      795     0.00000000     0.00000000
      796     0.00000000     0.00000000
      797     0.00000000     0.00014769
      798     0.00000000     0.00013925
      799     0.00000000     0.00000000
      800     0.00000000     0.00000000
      801     0.00000000     0.00000000
      802     0.00000000     0.00008479
      803     0.00000000     0.00016075
      804     0.00000000     0.00004305
      805     0.00000000     0.00000000
      806     0.00000000     0.00000000
      807     0.00000000     0.00001286
      808     0.00000000     0.00015639
      809     0.00000000     0.00011163
      810     0.00000000     0.00000000
      811     0.00000000     0.00000000
      812     0.00000000     0.00000000
      813     0.00000000     0.00011759
      814     0.00000000     0.00015804
      815     0.00000000     0.00000766
      816     0.00000000     0.00000000
      817     0.00000000     0.00000000
      818     0.00000000     0.00004967
      819     0.00000000     0.00016910
      820     0.00000000     0.00008551
      821     0.00000000     0.00000000
      822     0.00000000     0.00000000
      823     0.00000000     0.00000000
      824     0.00000000     0.00011940
      825     0.00000000     0.00012346
      826     0.00000000     0.00000000
      827     0.00000000     0.00000000
      828     0.00000000     0.00000000
      829     0.00000000     0.00005788
      830     0.00000000     0.00013341
      831     0.00000000     0.00005142
      832     0.00000000     0.00000000
      833     0.00000000     0.00000000
      834     0.00000000     0.00000000
      835     0.00000000     0.00010104
      836     0.00000000     0.00009365
      837     0.00000000     0.00000000
      838     0.00000000     0.00000000
      839     0.00000000     0.00000000
      840     0.00000000     0.00004177
      841     0.00000000     0.00008869
      842     0.00000000     0.00003478
      843     0.00000000     0.00000000
      844     0.00000000     0.00000000
      845     0.00000000     0.00000000
      846     0.00000000     0.00005132
      847     0.00000000     0.00005032
      848     0.00000000     0.00000000
      849     0.00000000     0.00000000
      850     0.00000000     0.00000000
      851     0.00000000     0.00000989
      852     0.00000000     0.00002849
      853     0.00000000     0.00001322
      854     0.00000000     0.00000000
      855     0.00000000     0.00000000
      856     0.00000000     0.00000000
      857     0.00000000     0.00000000
      858     0.00000000     0.00000000
      859     0.00000000     0.00000000
      860     0.00000000     0.00001465
      861     0.00000000     0.00002289
      862     0.00000000     0.00000059
      863     0.00000000     0.00000000
      864     0.00000000     0.00000000
      865     0.00000000     0.00000765
      866     0.00000000     0.00005080
      867     0.00000000     0.00004084
      868     0.00000000     0.00000000
      869     0.00000000     0.00000000
      870     0.00000000     0.00000000
      871     0.00000000     0.00003729
      872     0.00000000     0.00008298
      873     0.00000000     0.00003769
      874     0.00000000     0.00000000
      875     0.00000000     0.00000000
      876     0.00000000     0.00000000
      877     0.00000000     0.00007478
      878     0.00000000     0.00010131
      879     0.00000000     0.00001554
      880     0.00000000     0.00000000
      881     0.00000000     0.00000000
      882     0.00000000     0.00000076
      883     0.00000000     0.00011783
      884     0.00000000     0.00010893
      885     0.00000000     0.00000000
      886     0.00000000     0.00000000
      887     0.00000000     0.00000000
      888     0.00000000     0.00004079
      889     0.00000000     0.00014063
      890     0.00000000     0.00008859
      891     0.00000000     0.00000000
      892     0.00000000     0.00000000
      893     0.00000000     0.00000000
      894     0.00000000     0.00008038
      895     0.00000000     0.00014798
      896     0.00000000     0.00005526
      897     0.00000000     0.00000000
      898     0.00000000     0.00000000
      899     0.00000000     0.00000000
      900     0.00000000     0.00011389
      901     0.00000000     0.00015632
      902     0.00000000     0.00001599
      903     0.00000000     0.00000000
      904     0.00000000     0.00000000
      905     0.00000000     0.00000822
      906     0.00000000     0.00015250
      907     0.00000000     0.00013123
      908     0.00000000     0.00000000
      909     0.00000000     0.00000000
      910     0.00000000     0.00000000
      911     0.00000000     0.00005654
      912     0.00000000     0.00016650
      913     0.00000000     0.00009535
      914     0.00000000     0.00000000
      915     0.00000000     0.00000000
      916     0.00000000     0.00000000
      917     0.00000000     0.00010269
      918     0.00000000     0.00016762
      919     0.00000000     0.00004932
      920     0.00000000     0.00000000
      921     0.00000000     0.00000000
      922     0.00000000     0.00000000
      923     0.00000000     0.00014545
      924     0.00000000     0.00015524
      925     0.00000000     0.00000000
      926     0.00000000     0.00000000
      927     0.00000000     0.00000000
      928     0.00000000     0.00003604
      929     0.00000000     0.00017290
      930     0.00000000     0.00011922
      931     0.00000000     0.00000000
      932     0.00000000     0.00000000
      933     0.00000000     0.00000000
      934     0.00000000     0.00009531
      935     0.00000000     0.00017785
      936     0.00000000     0.00006289
      937     0.00000000     0.00000000
      938     0.00000000     0.00000000
      939     0.00000000     0.00000000
      940     0.00000000     0.00014214
      941     0.00000000     0.00014653
      942     0.00000000     0.00000000
      943     0.00000000     0.00000000
      944     0.00000000     0.00000000
      945     0.00000000     0.00003879
      946     0.00000000     0.00015407
      947     0.00000000     0.00009479
      948     0.00000000     0.00000000
      949     0.00000000     0.00000000
      950     0.00000000     0.00000000
      951     0.00000000     0.00009250
      952     0.00000000     0.00013800
      953     0.00000000     0.00002762
      954     0.00000000     0.00000000
      955     0.00000000     0.00000000
      956     0.00000000     0.00000548
      957     0.00000000     0.00011621
      958     0.00000000     0.00009114
      959     0.00000000     0.00000000
      960     0.00000000     0.00000000
      961     0.00000000     0.00000000
      962     0.00000000     0.00005328
      963     0.00000000     0.00009669
      964     0.00000000     0.00002905
      965     0.00000000     0.00000000
      966     0.00000000     0.00000000
      967     0.00000000     0.00000000
      968     0.00000000     0.00006679
      969     0.00000000     0.00005549
      970     0.00000000     0.00000000
      971     0.00000000     0.00000000
      972     0.00000000     0.00000000
      973     0.00000000     0.00002550
      974     0.00000000     0.00004603
      975     0.00000000     0.00001341
      976     0.00000000     0.00000000
      977     0.00000000     0.00000000
      978     0.00000000     0.00000000
      979     0.00000000     0.00001876
      980     0.00000000     0.00001218
      981     0.00000000     0.00000000
      982     0.00000000     0.00000000
      983     0.00000000     0.00000000
      984     0.00000000     0.00000000
      985     0.00000000     0.00000000
      986     0.00000000     0.00000000
      987     0.00000000     0.00001562
      988     0.00000000     0.00002274
      989     0.00000000     0.00000000
      990     0.00000000     0.00000000
      991     0.00000000     0.00000000
      992     0.00000000     0.00001561
      993     0.00000000     0.00005031
      994     0.00000000     0.00002604
      995     0.00000000     0.00000000
      996     0.00000000     0.00000000
      997     0.00000000     0.00000000
      998     0.00000000     0.00006133
      999     0.00000000     0.00006735
     1000     0.00000000     0.00000000
