#     Density Matrix: coherence Re-Im; see the manual for detail orders
        0     0.00000000     0.00000000
        1     0.00000026    -0.00000000
        2     0.00000104    -0.00000003
        3     0.00000233    -0.00000009
        4     0.00000414    -0.00000022
        5     0.00000647    -0.00000044
        6     0.00000930    -0.00000076
        7     0.00001263    -0.00000120
        8     0.00001647    -0.00000179
        9     0.00002079    -0.00000254
       10     0.00002561    -0.00000348
       11     0.00003090    -0.00000462
       12     0.00003666    -0.00000599
       13     0.00004288    -0.00000760
       14     0.00004955    -0.00000947
       15     0.00005666    -0.00001162
       16     0.00006419    -0.00001407
       17     0.00007215    -0.00001683
       18     0.00008051    -0.00001992
       19     0.00008926    -0.00002336
       20     0.00009838    -0.00002716
       21     0.00010787    -0.00003133
       22     0.00011770    -0.00003590
       23     0.00012787    -0.00004087
       24     0.00013835    -0.00004625
       25     0.00014913    -0.00005207
       26     0.00016019    -0.00005833
       27     0.00017152    -0.00006503
       28     0.00018309    -0.00007220
       29     0.00019489    -0.00007984
       30     0.00020690    -0.00008796
       31     0.00021910    -0.00009657
       32     0.00023148    -0.00010567
       33     0.00024401    -0.00011528
       34     0.00025667    -0.00012539
       35     0.00026944    -0.00013601
       36     0.00028232    -0.00014714
       37     0.00029526    -0.00015879
       38     0.00030826    -0.00017097
       39     0.00032130    -0.00018366
       40     0.00033435    -0.00019688
       41     0.00034739    -0.00021061
       42     0.00036041    -0.00022487
       43     0.00037339    -0.00023965
       44     0.00038630    -0.00025494
       45     0.00039914    -0.00027075
       46     0.00041186    -0.00028706
       47     0.00042447    -0.00030388
       48     0.00043694    -0.00032120
       49     0.00044926    -0.00033900
       50     0.00046139    -0.00035730
       51     0.00047334    -0.00037607
       52     0.00048507    -0.00039530
       53     0.00049658    -0.00041500
       54     0.00050785    -0.00043514
       55     0.00051886    -0.00045572
       56     0.00052959    -0.00047673
       57     0.00054003    -0.00049815
       58     0.00055018    -0.00051998
       59     0.00056000    -0.00054219
       60     0.00056950    -0.00056478
       61     0.00057865    -0.00058773
       62     0.00058745    -0.00061103
       63     0.00059589    -0.00063467
       64     0.00060395    -0.00065862
       65     0.00061163    -0.00068287
       66     0.00061891    -0.00070741
       67     0.00062579    -0.00073222
       68     0.00063226    -0.00075728
       69     0.00063832    -0.00078257
       70     0.00064395    -0.00080809
       71     0.00064915    -0.00083380
       72     0.00065392    -0.00085970
       73     0.00065826    -0.00088577
       74     0.00066215    -0.00091198
       75     0.00066561    -0.00093833
       76     0.00066862    -0.00096478
       77     0.00067118    -0.00099134
       78     0.00067330    -0.00101796
       79     0.00067498    -0.00104465
       80     0.00067622    -0.00107137
       81     0.00067701    -0.00109812
       82     0.00067737    -0.00112488
       83     0.00067730    -0.00115162
       84     0.00067680    -0.00117834
       85     0.00067587    -0.00120500
       86     0.00067453    -0.00123161
       87     0.00067278    -0.00125813
       88     0.00067063    -0.00128456
       89     0.00066808    -0.00131088
       90     0.00066515    -0.00133707
       91     0.00066184    -0.00136312
       92     0.00065816    -0.00138902
       93     0.00065413    -0.00141474
       94     0.00064975    -0.00144028
       95     0.00064505    -0.00146562
       96     0.00064002    -0.00149075
       97     0.00063468    -0.00151566
       98     0.00062905    -0.00154034
       99     0.00062314    -0.00156477
      100     0.00061696    -0.00158895
      101     0.00061053    -0.00161286
      102     0.00060386    -0.00163649
      103     0.00059698    -0.00165984
      104     0.00058989    -0.00168291
      105     0.00058261    -0.00170567
      106     0.00057515    -0.00172812
      107     0.00056755    -0.00175027
      108     0.00055980    -0.00177210
      109     0.00055194    -0.00179361
      110     0.00054397    -0.00181479
      111     0.00053591    -0.00183564
      112     0.00052779    -0.00185616
      113     0.00051961    -0.00187635
      114     0.00051141    -0.00189621
      115     0.00050319    -0.00191573
      116     0.00049497    -0.00193491
      117     0.00048678    -0.00195377
      118     0.00047862    -0.00197229
      119     0.00047052    -0.00199048
      120     0.00046250    -0.00200834
      121     0.00045457    -0.00202588
      122     0.00044675    -0.00204310
      123     0.00043907    -0.00206001
      124     0.00043152    -0.00207661
      125     0.00042414    -0.00209291
      126     0.00041694    -0.00210892
      127     0.00040994    -0.00212463
      128     0.00040315    -0.00214007
      129     0.00039659    -0.00215524
      130     0.00039027    -0.00217015
      131     0.00038421    -0.00218481
      132     0.00037843    -0.00219923
      133     0.00037294    -0.00221342
      134     0.00036775    -0.00222739
      135     0.00036288    -0.00224116
      136     0.00035834    -0.00225473
      137     0.00035415    -0.00226813
      138     0.00035031    -0.00228135
      139     0.00034685    -0.00229443
      140     0.00034376    -0.00230737
      141     0.00034107    -0.00232018
      142     0.00033878    -0.00233288
      143     0.00033690    -0.00234550
      144     0.00033544    -0.00235803
      145     0.00033442    -0.00237050
      146     0.00033383    -0.00238293
      147     0.00033369    -0.00239533
      148     0.00033401    -0.00240771
      149     0.00033479    -0.00242010
      150     0.00033604    -0.00243252
      151     0.00033777    -0.00244497
      152     0.00033997    -0.00245748
      153     0.00034266    -0.00247006
      154     0.00034584    -0.00248273
      155     0.00034950    -0.00249551
      156     0.00035367    -0.00250842
      157     0.00035833    -0.00252147
      158     0.00036349    -0.00253469
      159     0.00036915    -0.00254808
      160     0.00037531    -0.00256168
      161     0.00038198    -0.00257548
      162     0.00038915    -0.00258952
      163     0.00039681    -0.00260381
      164     0.00040498    -0.00261837
      165     0.00041364    -0.00263321
      166     0.00042281    -0.00264835
      167     0.00043246    -0.00266381
      168     0.00044260    -0.00267961
      169     0.00045323    -0.00269575
      170     0.00046435    -0.00271227
      171     0.00047594    -0.00272916
      172     0.00048800    -0.00274646
      173     0.00050053    -0.00276417
      174     0.00051352    -0.00278231
      175     0.00052697    -0.00280089
      176     0.00054087    -0.00281993
      177     0.00055521    -0.00283945
      178     0.00056999    -0.00285945
      179     0.00058520    -0.00287995
      180     0.00060083    -0.00290097
      181     0.00061687    -0.00292251
      182     0.00063332    -0.00294460
      183     0.00065017    -0.00296723
      184     0.00066740    -0.00299042
      185     0.00068502    -0.00301419
      186     0.00070300    -0.00303855
      187     0.00072135    -0.00306350
      188     0.00074006    -0.00308905
      189     0.00075910    -0.00311523
      190     0.00077849    -0.00314202
      191     0.00079819    -0.00316945
      192     0.00081822    -0.00319752
      193     0.00083855    -0.00322625
      194     0.00085918    -0.00325563
      195     0.00088010    -0.00328567
      196     0.00090129    -0.00331639
      197     0.00092276    -0.00334779
      198     0.00094448    -0.00337987
      199     0.00096646    -0.00341265
      200     0.00098868    -0.00344612
      201     0.00101113    -0.00348029
      202     0.00103380    -0.00351516
      203     0.00105669    -0.00355075
      204     0.00107979    -0.00358705
      205     0.00110308    -0.00362407
      206     0.00112657    -0.00366181
      207     0.00115023    -0.00370027
      208     0.00117407    -0.00373946
      209     0.00119808    -0.00377938
      210     0.00122225    -0.00382003
      211     0.00124657    -0.00386141
      212     0.00127104    -0.00390352
      213     0.00129565    -0.00394637
      214     0.00132039    -0.00398995
      215     0.00134526    -0.00403427
      216     0.00137025    -0.00407933
      217     0.00139536    -0.00412512
      218     0.00142058    -0.00417165
      219     0.00144592    -0.00421891
      220     0.00147135    -0.00426691
      221     0.00149689    -0.00431565
      222     0.00152253    -0.00436512
      223     0.00154826    -0.00441533
      224     0.00157409    -0.00446626
      225     0.00160001    -0.00451793
      226     0.00162602    -0.00457033
      227     0.00165212    -0.00462346
      228     0.00167831    -0.00467731
      229     0.00170459    -0.00473189
      230     0.00173096    -0.00478720
      231     0.00175742    -0.00484323
      232     0.00178398    -0.00489998
      233     0.00181062    -0.00495745
      234     0.00183737    -0.00501564
      235     0.00186421    -0.00507454
      236     0.00189115    -0.00513417
      237     0.00191821    -0.00519450
      238     0.00194537    -0.00525556
      239     0.00197265    -0.00531732
      240     0.00200005    -0.00537979
      241     0.00202758    -0.00544298
      242     0.00205524    -0.00550688
      243     0.00208305    -0.00557148
      244     0.00211100    -0.00563680
      245     0.00213911    -0.00570282
      246     0.00216738    -0.00576955
      247     0.00219582    -0.00583699
      248     0.00222445    -0.00590514
      249     0.00225327    -0.00597400
      250     0.00228230    -0.00604357
      251     0.00231154    -0.00611385
      252     0.00234100    -0.00618484
      253     0.00237071    -0.00625655
      254     0.00240066    -0.00632898
      255     0.00243088    -0.00640212
      256     0.00246138    -0.00647599
      257     0.00249217    -0.00655058
      258     0.00252326    -0.00662590
      259     0.00255467    -0.00670195
      260     0.00258643    -0.00677873
      261     0.00261853    -0.00685626
      262     0.00265100    -0.00693453
      263     0.00268387    -0.00701354
      264     0.00271713    -0.00709332
      265     0.00275082    -0.00717385
      266     0.00278495    -0.00725515
      267     0.00281954    -0.00733722
      268     0.00285461    -0.00742007
      269     0.00289018    -0.00750371
      270     0.00292627    -0.00758815
      271     0.00296290    -0.00767339
      272     0.00300009    -0.00775945
      273     0.00303788    -0.00784632
      274     0.00307627    -0.00793403
      275     0.00311529    -0.00802258
      276     0.00315496    -0.00811198
      277     0.00319532    -0.00820225
      278     0.00323638    -0.00829339
      279     0.00327817    -0.00838542
      280     0.00332072    -0.00847835
      281     0.00336405    -0.00857220
      282     0.00340818    -0.00866697
      283     0.00345316    -0.00876268
      284     0.00349899    -0.00885935
      285     0.00354572    -0.00895699
      286     0.00359337    -0.00905561
      287     0.00364197    -0.00915524
      288     0.00369156    -0.00925589
      289     0.00374215    -0.00935758
      290     0.00379379    -0.00946032
      291     0.00384650    -0.00956413
      292     0.00390032    -0.00966903
      293     0.00395528    -0.00977505
      294     0.00401142    -0.00988219
      295     0.00406877    -0.00999049
      296     0.00412736    -0.01009996
      297     0.00418723    -0.01021062
      298     0.00424841    -0.01032250
      299     0.00431095    -0.01043562
      300     0.00437488    -0.01055000
      301     0.00444024    -0.01066567
      302     0.00450707    -0.01078264
      303     0.00457541    -0.01090095
      304     0.00464530    -0.01102062
      305     0.00471678    -0.01114168
      306     0.00478990    -0.01126415
      307     0.00486469    -0.01138806
      308     0.00494120    -0.01151344
      309     0.00501948    -0.01164031
      310     0.00509958    -0.01176871
      311     0.00518153    -0.01189866
      312     0.00526539    -0.01203020
      313     0.00535121    -0.01216335
      314     0.00543903    -0.01229815
      315     0.00552892    -0.01243463
      316     0.00562091    -0.01257281
      317     0.00571506    -0.01271274
      318     0.00581143    -0.01285445
      319     0.00591008    -0.01299797
      320     0.00601105    -0.01314334
      321     0.00611442    -0.01329059
      322     0.00622022    -0.01343975
      323     0.00632854    -0.01359087
      324     0.00643943    -0.01374398
      325     0.00655295    -0.01389913
      326     0.00666917    -0.01405634
      327     0.00678815    -0.01421565
      328     0.00690997    -0.01437712
      329     0.00703469    -0.01454078
      330     0.00716238    -0.01470666
      331     0.00729312    -0.01487482
      332     0.00742699    -0.01504529
      333     0.00756405    -0.01521811
      334     0.00770439    -0.01539334
      335     0.00784809    -0.01557102
      336     0.00799524    -0.01575118
      337     0.00814591    -0.01593388
      338     0.00830019    -0.01611917
      339     0.00845818    -0.01630709
      340     0.00861996    -0.01649768
      341     0.00878563    -0.01669101
      342     0.00895528    -0.01688711
      343     0.00912902    -0.01708605
      344     0.00930694    -0.01728786
      345     0.00948916    -0.01749260
      346     0.00967577    -0.01770033
      347     0.00986689    -0.01791110
      348     0.01006263    -0.01812496
      349     0.01026311    -0.01834196
      350     0.01046845    -0.01856217
      351     0.01067876    -0.01878564
      352     0.01089418    -0.01901243
      353     0.01111484    -0.01924259
      354     0.01134086    -0.01947619
      355     0.01157239    -0.01971329
      356     0.01180957    -0.01995394
      357     0.01205254    -0.02019821
      358     0.01230146    -0.02044617
      359     0.01255647    -0.02069787
      360     0.01281773    -0.02095338
      361     0.01308542    -0.02121276
      362     0.01335968    -0.02147609
      363     0.01364071    -0.02174343
      364     0.01392867    -0.02201485
      365     0.01422375    -0.02229042
      366     0.01452614    -0.02257021
      367     0.01483602    -0.02285429
      368     0.01515361    -0.02314274
      369     0.01547911    -0.02343562
      370     0.01581273    -0.02373302
      371     0.01615468    -0.02403500
      372     0.01650520    -0.02434165
      373     0.01686452    -0.02465305
      374     0.01723287    -0.02496927
      375     0.01761051    -0.02529039
      376     0.01799769    -0.02561650
      377     0.01839467    -0.02594768
      378     0.01880173    -0.02628401
      379     0.01921913    -0.02662558
      380     0.01964718    -0.02697248
      381     0.02008617    -0.02732478
      382     0.02053641    -0.02768259
      383     0.02099821    -0.02804599
      384     0.02147191    -0.02841507
      385     0.02195783    -0.02878993
      386     0.02245634    -0.02917066
      387     0.02296779    -0.02955736
      388     0.02349254    -0.02995011
      389     0.02403100    -0.03034903
      390     0.02458355    -0.03075421
      391     0.02515061    -0.03116575
      392     0.02573260    -0.03158376
      393     0.02632995    -0.03200833
      394     0.02694313    -0.03243958
      395     0.02757259    -0.03287761
      396     0.02821883    -0.03332252
      397     0.02888235    -0.03377444
      398     0.02956366    -0.03423346
      399     0.03026329    -0.03469971
      400     0.03098181    -0.03517329
      401     0.03171979    -0.03565432
      402     0.03247781    -0.03614293
      403     0.03325649    -0.03663922
      404     0.03405648    -0.03714333
      405     0.03487842    -0.03765536
      406     0.03572299    -0.03817545
      407     0.03659091    -0.03870372
      408     0.03748289    -0.03924031
      409     0.03839971    -0.03978532
      410     0.03934213    -0.04033891
      411     0.04031098    -0.04090119
      412     0.04130709    -0.04147230
      413     0.04233133    -0.04205239
      414     0.04338461    -0.04264158
      415     0.04446786    -0.04324001
      416     0.04558206    -0.04384782
      417     0.04672820    -0.04446517
      418     0.04790734    -0.04509218
      419     0.04912055    -0.04572901
      420     0.05036895    -0.04637579
      421     0.05165372    -0.04703269
      422     0.05297606    -0.04769986
      423     0.05433722    -0.04837743
      424     0.05573850    -0.04906558
      425     0.05718125    -0.04976444
      426     0.05866688    -0.05047419
      427     0.06019683    -0.05119498
      428     0.06177261    -0.05192696
      429     0.06339580    -0.05267031
      430     0.06506802    -0.05342518
      431     0.06679095    -0.05419175
      432     0.06856635    -0.05497017
      433     0.07039604    -0.05576062
      434     0.07228191    -0.05656327
      435     0.07422592    -0.05737829
      436     0.07623010    -0.05820584
      437     0.07829657    -0.05904612
      438     0.08042752    -0.05989929
      439     0.08262522    -0.06076552
      440     0.08489204    -0.06164501
      441     0.08723043    -0.06253793
      442     0.08964292    -0.06344445
      443     0.09213215    -0.06436478
      444     0.09470084    -0.06529908
      445     0.09735183    -0.06624754
      446     0.10008804    -0.06721035
      447     0.10291249    -0.06818770
      448     0.10582832    -0.06917978
      449     0.10883877    -0.07018678
      450     0.11194716    -0.07120888
      451     0.11515697    -0.07224627
      452     0.11847172    -0.07329916
      453     0.12189508    -0.07436773
      454     0.12543079    -0.07545217
      455     0.12908272    -0.07655268
      456     0.13285481    -0.07766946
      457     0.13675108    -0.07880270
      458     0.14077564    -0.07995259
      459     0.14493268    -0.08111932
      460     0.14922641    -0.08230310
      461     0.15366110    -0.08350412
      462     0.15824105    -0.08472258
      463     0.16297053    -0.08595866
      464     0.16785381    -0.08721256
      465     0.17289507    -0.08848448
      466     0.17809842    -0.08977461
      467     0.18346781    -0.09108314
      468     0.18900701    -0.09241026
      469     0.19471954    -0.09375616
      470     0.20060860    -0.09512104
      471     0.20667702    -0.09650507
      472     0.21292716    -0.09790845
      473     0.21936080    -0.09933135
      474     0.22597907    -0.10077397
      475     0.23278231    -0.10223647
      476     0.23976993    -0.10371904
      477     0.24694032    -0.10522185
      478     0.25429065    -0.10674508
      479     0.26181671    -0.10828888
      480     0.26951278    -0.10985344
      481     0.27737140    -0.11143890
      482     0.28538324    -0.11304543
      483     0.29353686    -0.11467319
      484     0.30181859    -0.11632232
      485     0.31021233    -0.11799296
      486     0.31869941    -0.11968526
      487     0.32725848    -0.12139936
      488     0.33586541    -0.12313538
      489     0.34449327    -0.12489345
      490     0.35311236    -0.12667369
      491     0.36169029    -0.12847620
      492     0.37019216    -0.13030110
      493     0.37858082    -0.13214848
      494     0.38681722    -0.13401843
      495     0.39486086    -0.13591105
      496     0.40267035    -0.13782639
      497     0.41020398    -0.13976453
      498     0.41742048    -0.14172552
      499     0.42427971    -0.14370942
      500     0.43074343    -0.14571626
      501     0.43677612    -0.14774608
      502     0.44234564    -0.14979888
      503     0.44742392    -0.15187468
      504     0.45198752    -0.15397347
      505     0.45601807    -0.15609524
      506     0.45950259    -0.15823995
      507     0.46243361    -0.16040757
      508     0.46480914    -0.16259803
      509     0.46663256    -0.16481128
      510     0.46791228    -0.16704722
      511     0.46866132    -0.16930576
      512     0.46889679    -0.17158679
      513     0.46863934    -0.17389016
      514     0.46791250    -0.17621574
      515     0.46674203    -0.17856335
      516     0.46515535    -0.18093283
      517     0.46318092    -0.18332395
      518     0.46084765    -0.18573651
      519     0.45818447    -0.18817026
      520     0.45521990    -0.19062494
      521     0.45198165    -0.19310027
      522     0.44849637    -0.19559595
      523     0.44478940    -0.19811164
      524     0.44088462    -0.20064700
      525     0.43680434    -0.20320165
      526     0.43256923    -0.20577520
      527     0.42819827    -0.20836722
      528     0.42370883    -0.21097726
      529     0.41911659    -0.21360485
      530     0.41443571    -0.21624948
      531     0.40967883    -0.21891062
      532     0.40485717    -0.22158771
      533     0.39998061    -0.22428016
      534     0.39505781    -0.22698735
      535     0.39009626    -0.22970862
      536     0.38510241    -0.23244330
      537     0.38008174    -0.23519066
      538     0.37503884    -0.23794995
      539     0.36997752    -0.24072039
      540     0.36490086    -0.24350116
      541     0.35981130    -0.24629141
      542     0.35471070    -0.24909024
      543     0.34960041    -0.25189672
      544     0.34448130    -0.25470988
      545     0.33935385    -0.25752872
      546     0.33421820    -0.26035220
      547     0.32907414    -0.26317921
      548     0.32392121    -0.26600865
      549     0.31875870    -0.26883933
      550     0.31358570    -0.27167004
      551     0.30840111    -0.27449954
      552     0.30320370    -0.27732651
      553     0.29799210    -0.28014962
      554     0.29276483    -0.28296747
      555     0.28752033    -0.28577863
      556     0.28225697    -0.28858161
      557     0.27697305    -0.29137490
      558     0.27166684    -0.29415690
      559     0.26633659    -0.29692600
      560     0.26098052    -0.29968052
      561     0.25559685    -0.30241874
      562     0.25018379    -0.30513888
      563     0.24473957    -0.30783912
      564     0.23926242    -0.31051759
      565     0.23375062    -0.31317236
      566     0.22820247    -0.31580146
      567     0.22261628    -0.31840286
      568     0.21699043    -0.32097447
      569     0.21132335    -0.32351418
      570     0.20561348    -0.32601980
      571     0.19985935    -0.32848910
      572     0.19405953    -0.33091978
      573     0.18821267    -0.33330952
      574     0.18231745    -0.33565592
      575     0.17637264    -0.33795655
      576     0.17037709    -0.34020891
      577     0.16432970    -0.34241046
      578     0.15822946    -0.34455861
      579     0.15207543    -0.34665073
      580     0.14586676    -0.34868411
      581     0.13960269    -0.35065603
      582     0.13328253    -0.35256369
      583     0.12690568    -0.35440427
      584     0.12047166    -0.35617489
      585     0.11398004    -0.35787262
      586     0.10743054    -0.35949450
      587     0.10082293    -0.36103753
      588     0.09415711    -0.36249865
      589     0.08743308    -0.36387479
      590     0.08065095    -0.36516281
      591     0.07381093    -0.36635956
      592     0.06691335    -0.36746185
      593     0.05995865    -0.36846645
      594     0.05294739    -0.36937011
      595     0.04588025    -0.37016955
      596     0.03875804    -0.37086146
      597     0.03158168    -0.37144253
      598     0.02435222    -0.37190941
      599     0.01707085    -0.37225873
      600     0.00973888    -0.37248712
      601     0.00235776    -0.37259119
      602    -0.00507092    -0.37256757
      603    -0.01254545    -0.37241284
      604    -0.02006394    -0.37212363
      605    -0.02762440    -0.37169654
      606    -0.03522467    -0.37112819
      607    -0.04286245    -0.37041521
      608    -0.05053528    -0.36955427
      609    -0.05824057    -0.36854202
      610    -0.06597556    -0.36737517
      611    -0.07373734    -0.36605044
      612    -0.08152284    -0.36456461
      613    -0.08932884    -0.36291448
      614    -0.09715195    -0.36109691
      615    -0.10498863    -0.35910880
      616    -0.11283518    -0.35694712
      617    -0.12068773    -0.35460890
      618    -0.12854224    -0.35209123
      619    -0.13639453    -0.34939130
      620    -0.14424022    -0.34650637
      621    -0.15207481    -0.34343378
      622    -0.15989361    -0.34017097
      623    -0.16769175    -0.33671551
      624    -0.17546423    -0.33306503
      625    -0.18320588    -0.32921733
      626    -0.19091134    -0.32517029
      627    -0.19857513    -0.32092196
      628    -0.20619159    -0.31647049
      629    -0.21375489    -0.31181422
      630    -0.22125906    -0.30695161
      631    -0.22869800    -0.30188130
      632    -0.23606541    -0.29660210
      633    -0.24335488    -0.29111299
      634    -0.25055984    -0.28541314
      635    -0.25767360    -0.27950193
      636    -0.26468930    -0.27337892
      637    -0.27159999    -0.26704389
      638    -0.27839855    -0.26049686
      639    -0.28507778    -0.25373805
      640    -0.29163033    -0.24676792
      641    -0.29804877    -0.23958719
      642    -0.30432555    -0.23219683
      643    -0.31045302    -0.22459805
      644    -0.31642345    -0.21679236
      645    -0.32222904    -0.20878152
      646    -0.32786189    -0.20056759
      647    -0.33331407    -0.19215292
      648    -0.33857756    -0.18354016
      649    -0.34364432    -0.17473227
      650    -0.34850627    -0.16573251
      651    -0.35315531    -0.15654448
      652    -0.35758330    -0.14717209
      653    -0.36178214    -0.13761961
      654    -0.36574371    -0.12789163
      655    -0.36945993    -0.11799309
      656    -0.37292274    -0.10792928
      657    -0.37612414    -0.09770585
      658    -0.37905621    -0.08732882
      659    -0.38171107    -0.07680457
      660    -0.38408096    -0.06613983
      661    -0.38615823    -0.05534174
      662    -0.38793533    -0.04441778
      663    -0.38940488    -0.03337582
      664    -0.39055964    -0.02222412
      665    -0.39139254    -0.01097130
      666    -0.39189671     0.00037362
      667    -0.39206548     0.01180125
      668    -0.39189243     0.02330183
      669    -0.39137135     0.03486522
      670    -0.39049632     0.04648088
      671    -0.38926170     0.05813795
      672    -0.38766213     0.06982516
      673    -0.38569260     0.08153089
      674    -0.38334842     0.09324318
      675    -0.38062527     0.10494970
      676    -0.37751922     0.11663780
      677    -0.37402672     0.12829449
      678    -0.37014465     0.13990645
      679    -0.36587033     0.15146007
      680    -0.36120154     0.16294142
      681    -0.35613654     0.17433630
      682    -0.35067409     0.18563022
      683    -0.34481347     0.19680845
      684    -0.33855449     0.20785602
      685    -0.33189752     0.21875772
      686    -0.32484351     0.22949816
      687    -0.31739400     0.24006174
      688    -0.30955115     0.25043271
      689    -0.30131772     0.26059517
      690    -0.29269715     0.27053311
      691    -0.28369352     0.28023042
      692    -0.27431159     0.28967092
      693    -0.26455681     0.29883838
      694    -0.25443532     0.30771656
      695    -0.24395401     0.31628924
      696    -0.23312045     0.32454023
      697    -0.22194298     0.33245343
      698    -0.21043068     0.34001283
      699    -0.19859339     0.34720255
      700    -0.18644168     0.35400692
      701    -0.17398693     0.36041043
      702    -0.16124126     0.36639785
      703    -0.14821757     0.37195422
      704    -0.13492955     0.37706488
      705    -0.12139163     0.38171554
      706    -0.10761904     0.38589231
      707    -0.09362776     0.38958172
      708    -0.07943454     0.39277077
      709    -0.06505686     0.39544699
      710    -0.05051297     0.39759845
      711    -0.03582182     0.39921384
      712    -0.02100311     0.40028244
      713    -0.00607720     0.40079425
      714     0.00893485     0.40073998
      715     0.02401132     0.40011110
      716     0.03912986     0.39889986
      717     0.05426750     0.39709939
      718     0.06940072     0.39470367
      719     0.08450540     0.39170764
      720     0.09955694     0.38810715
      721     0.11453023     0.38389910
      722     0.12939974     0.37908141
      723     0.14413950     0.37365306
      724     0.15872321     0.36761415
      725     0.17312422     0.36096593
      726     0.18731563     0.35371081
      727     0.20127031     0.34585243
      728     0.21496095     0.33739562
      729     0.22836014     0.32834650
      730     0.24144039     0.31871249
      731     0.25417424     0.30850227
      732     0.26653424     0.29772589
      733     0.27849311     0.28639472
      734     0.29002373     0.27452149
      735     0.30109924     0.26212030
      736     0.31169310     0.24920664
      737     0.32177916     0.23579736
      738     0.33133174     0.22191072
      739     0.34032568     0.20756633
      740     0.34873644     0.19278521
      741     0.35654016     0.17758973
      742     0.36371374     0.16200361
      743     0.37023492     0.14605193
      744     0.37608233     0.12976107
      745     0.38123561     0.11315870
      746     0.38567546     0.09627376
      747     0.38938372     0.07913642
      748     0.39234344     0.06177804
      749     0.39453899     0.04423110
      750     0.39595608     0.02652923
      751     0.39658187     0.00870705
      752     0.39640504    -0.00919978
      753     0.39541585    -0.02715470
      754     0.39360621    -0.04512029
      755     0.39096975    -0.06305832
      756     0.38750189    -0.08092986
      757     0.38319986    -0.09869533
      758     0.37806283    -0.11631461
      759     0.37209190    -0.13374711
      760     0.36529016    -0.15095186
      761     0.35766279    -0.16788765
      762     0.34921700    -0.18451305
      763     0.33996219    -0.20078660
      764     0.32990987    -0.21666686
      765     0.31907375    -0.23211255
      766     0.30746974    -0.24708265
      767     0.29511599    -0.26153655
      768     0.28203284    -0.27543410
      769     0.26824291    -0.28873583
      770     0.25377101    -0.30140297
      771     0.23864417    -0.31339769
      772     0.22289164    -0.32468312
      773     0.20654481    -0.33522354
      774     0.18963725    -0.34498451
      775     0.17220459    -0.35393297
      776     0.15428454    -0.36203740
      777     0.13591680    -0.36926793
      778     0.11714299    -0.37559645
      779     0.09800659    -0.38099680
      780     0.07855288    -0.38544482
      781     0.05882882    -0.38891851
      782     0.03888296    -0.39139816
      783     0.01876534    -0.39286641
      784    -0.00147260    -0.39330843
      785    -0.02177819    -0.39271197
      786    -0.04209761    -0.39106749
      787    -0.06237604    -0.38836826
      788    -0.08255783    -0.38461040
      789    -0.10258660    -0.37979303
      790    -0.12240544    -0.37391829
      791    -0.14195704    -0.36699142
      792    -0.16118389    -0.35902085
      793    -0.18002844    -0.35001820
      794    -0.19843326    -0.33999834
      795    -0.21634127    -0.32897942
      796    -0.23369587    -0.31698291
      797    -0.25044120    -0.30403355
      798    -0.26652228    -0.29015942
      799    -0.28188523    -0.27539186
      800    -0.29647747    -0.25976550
      801    -0.31024793    -0.24331817
      802    -0.32314725    -0.22609090
      803    -0.33512793    -0.20812781
      804    -0.34614463    -0.18947605
      805    -0.35615427    -0.17018575
      806    -0.36511629    -0.15030984
      807    -0.37299282    -0.12990402
      808    -0.37974885    -0.10902656
      809    -0.38535245    -0.08773820
      810    -0.38977493    -0.06610199
      811    -0.39299098    -0.04418311
      812    -0.39497889    -0.02204871
      813    -0.39572065     0.00023229
      814    -0.39520213     0.02258940
      815    -0.39341317     0.04495080
      816    -0.39034775     0.06724351
      817    -0.38600408     0.08939367
      818    -0.38038468     0.11132678
      819    -0.37349648     0.13296792
      820    -0.36535087     0.15424204
      821    -0.35596379     0.17507425
      822    -0.34535572     0.19539003
      823    -0.33355173     0.21511557
      824    -0.32058146     0.23417804
      825    -0.30647912     0.25250586
      826    -0.29128347     0.27002900
      827    -0.27503772     0.28667929
      828    -0.25778952     0.30239070
      829    -0.23959082     0.31709963
      830    -0.22049779     0.33074518
      831    -0.20057066     0.34326949
      832    -0.17987360     0.35461796
      833    -0.15847455     0.36473956
      834    -0.13644502     0.37358710
      835    -0.11385986     0.38111745
      836    -0.09079711     0.38729184
      837    -0.06733766     0.39207604
      838    -0.04356504     0.39544065
      839    -0.01956517     0.39736124
      840     0.00457402     0.39781857
      841     0.02876282     0.39679878
      842     0.05291011     0.39429354
      843     0.07692370     0.39030017
      844     0.10071064     0.38482177
      845     0.12417766     0.37786733
      846     0.14723145     0.36945176
      847     0.16977914     0.35959598
      848     0.19172860     0.34832695
      849     0.21298890     0.33567761
      850     0.23347068     0.32168692
      851     0.25308655     0.30639978
      852     0.27175152     0.28986692
      853     0.28938336     0.27214485
      854     0.30590302     0.25329567
      855     0.32123502     0.23338694
      856     0.33530786     0.21249148
      857     0.34805432     0.19068714
      858     0.35941194     0.16805657
      859     0.36932326     0.14468692
      860     0.37773624     0.12066958
      861     0.38460452     0.09609982
      862     0.38988777     0.07107645
      863     0.39355195     0.04570145
      864     0.39556955     0.02007957
      865     0.39591986    -0.00568208
      866     0.39458914    -0.03147448
      867     0.39157085    -0.05718716
      868     0.38686573    -0.08270864
      869     0.38048198    -0.10792697
      870     0.37243532    -0.13273017
      871     0.36274903    -0.15700678
      872     0.35145400    -0.18064637
      873     0.33858869    -0.20354007
      874     0.32419909    -0.22558106
      875     0.30833861    -0.24666516
      876     0.29106798    -0.26669129
      877     0.27245504    -0.28556207
      878     0.25257460    -0.30318423
      879     0.23150814    -0.31946924
      880     0.20934354    -0.33433369
      881     0.18617482    -0.34769985
      882     0.16210169    -0.35949607
      883     0.13722928    -0.36965725
      884     0.11166760    -0.37812527
      885     0.08553117    -0.38484933
      886     0.05893852    -0.38978634
      887     0.03201163    -0.39290126
      888     0.00487544    -0.39416736
      889    -0.02234274    -0.39356651
      890    -0.04951382    -0.39108937
      891    -0.07650753    -0.38673559
      892    -0.10319306    -0.38051394
      893    -0.12943971    -0.37244241
      894    -0.15511752    -0.36254824
      895    -0.18009796    -0.35086793
      896    -0.20425457    -0.33744719
      897    -0.22746365    -0.32234086
      898    -0.24960492    -0.30561274
      899    -0.27056220    -0.28733541
      900    -0.29022401    -0.26758998
      901    -0.30848429    -0.24646581
      902    -0.32524296    -0.22406014
      903    -0.34040653    -0.20047774
      904    -0.35388872    -0.17583044
      905    -0.36561095    -0.15023665
      906    -0.37550294    -0.12382085
      907    -0.38350309    -0.09671302
      908    -0.38955902    -0.06904801
      909    -0.39362792    -0.04096493
      910    -0.39567695    -0.01260644
      911    -0.39568349     0.01588193
      912    -0.39363546     0.04435257
      913    -0.38953152     0.07265648
      914    -0.38338118     0.10064411
      915    -0.37520496     0.12816614
      916    -0.36503435     0.15507429
      917    -0.35291187     0.18122214
      918    -0.33889092     0.20646597
      919    -0.32303565     0.23066555
      920    -0.30542077     0.25368500
      921    -0.28613126     0.27539353
      922    -0.26526202     0.29566632
      923    -0.24291752     0.31438521
      924    -0.21921128     0.33143949
      925    -0.19426540     0.34672660
      926    -0.16820996     0.36015281
      927    -0.14118242     0.37163386
      928    -0.11332690     0.38109556
      929    -0.08479348     0.38847436
      930    -0.05573740     0.39371779
      931    -0.02631825     0.39678495
      932     0.00330088     0.39764686
      933     0.03295430     0.39628681
      934     0.06247466     0.39270056
      935     0.09169386     0.38689656
      936     0.12044405     0.37889605
      937     0.14855857     0.36873307
      938     0.17587299     0.35645445
      939     0.20222605     0.34211968
      940     0.22746066     0.32580069
      941     0.25142491     0.30758162
      942     0.27397298     0.28755845
      943     0.29496610     0.26583857
      944     0.31427347     0.24254028
      945     0.33177313     0.21779222
      946     0.34735276     0.19173270
      947     0.36091054     0.16450903
      948     0.37235583     0.13627670
      949     0.38160987     0.10719855
      950     0.38860638     0.07744385
      951     0.39329213     0.04718738
      952     0.39562742     0.01660841
      953     0.39558647    -0.01411034
      954     0.39315771    -0.04478381
      955     0.38834408    -0.07522566
      956     0.38116311    -0.10524945
      957     0.37164702    -0.13466978
      958     0.35984270    -0.16330345
      959     0.34581153    -0.19097063
      960     0.32962919    -0.21749603
      961     0.31138538    -0.24271003
      962     0.29118336    -0.26644984
      963     0.26913946    -0.28856058
      964     0.24538252    -0.30889636
      965     0.22005319    -0.32732129
      966     0.19330315    -0.34371050
      967     0.16529432    -0.35795100
      968     0.13619785    -0.36994258
      969     0.10619319    -0.37959857
      970     0.07546701    -0.38684657
      971     0.04421204    -0.39162903
      972     0.01262593    -0.39390384
      973    -0.01909001    -0.39364473
      974    -0.05073207    -0.39084163
      975    -0.08209546    -0.38550091
      976    -0.11297562    -0.37764551
      977    -0.14316959    -0.36731495
      978    -0.17247737    -0.35456529
      979    -0.20070324    -0.33946890
      980    -0.22765715    -0.32211413
      981    -0.25315599    -0.30260497
      982    -0.27702496    -0.28106044
      983    -0.29909875    -0.25761397
      984    -0.31922280    -0.23241270
      985    -0.33725442    -0.20561657
      986    -0.35306392    -0.17739741
      987    -0.36653557    -0.14793790
      988    -0.37756857    -0.11743041
      989    -0.38607785    -0.08607583
      990    -0.39199487    -0.05408226
      991    -0.39526820    -0.02166367
      992    -0.39586407     0.01096154
      993    -0.39376681     0.04357193
      994    -0.38897908     0.07594459
      995    -0.38152209     0.10785664
      996    -0.37143562     0.13908676
      997    -0.35877790     0.16941679
      998    -0.34362546     0.19863324
      999    -0.32607270     0.22652886
     1000    -0.30623144     0.25290412
     1001    -0.28423031     0.27756876
     1002    -0.26021399     0.30034315
     1003    -0.23434236     0.32105969
     1004    -0.20678951     0.33956416
     1005    -0.17774263     0.35571687
     1006    -0.14740081     0.36939387
     1007    -0.11597373     0.38048793
     1008    -0.08368026     0.38890952
     1009    -0.05074700     0.39458760
     1010    -0.01740664     0.39747029
     1011     0.01610354     0.39752548
     1012     0.04954347     0.39474121
     1013     0.08267192     0.38912596
     1014     0.11524828     0.38070880
     1015     0.14703434     0.36953933
     1016     0.17779602     0.35568756
     1017     0.20730515     0.33924356
     1018     0.23534119     0.32031700
     1019     0.26169296     0.29903649
     1020     0.28616026     0.27554885
     1021     0.30855547     0.25001819
     1022     0.32870504     0.22262480
     1023     0.34645097     0.19356401
     1024     0.36165206     0.16304484
     1025     0.37418520     0.13128857
     1026     0.38394640     0.09852718
     1027     0.39085176     0.06500172
     1028     0.39483834     0.03096056
     1029     0.39586476    -0.00334244
     1030     0.39391173    -0.03764976
     1031     0.38898243    -0.07170220
     1032     0.38110265    -0.10524080
     1033     0.37032082    -0.13800886
     1034     0.35670784    -0.16975388
     1035     0.34035671    -0.20022960
     1036     0.32138206    -0.22919789
     1037     0.29991943    -0.25643071
     1038     0.27612439    -0.28171194
     1039     0.25017155    -0.30483918
     1040     0.22225334    -0.32562544
     1041     0.19257869    -0.34390072
     1042     0.16137151    -0.35951352
     1043     0.12886912    -0.37233217
     1044     0.09532043    -0.38224605
     1045     0.06098415    -0.38916663
     1046     0.02612677    -0.39302838
     1047    -0.00897940    -0.39378950
     1048    -0.04405844    -0.39143241
     1049    -0.07883291    -0.38596416
     1050    -0.11302608    -0.37741654
     1051    -0.14636414    -0.36584607
     1052    -0.17857842    -0.35133375
     1053    -0.20940760    -0.33398462
     1054    -0.23859987    -0.31392711
     1055    -0.26591504    -0.29131222
     1056    -0.29112660    -0.26631248
     1057    -0.31402366    -0.23912075
     1058    -0.33441278    -0.20994879
     1059    -0.35211974    -0.17902573
     1060    -0.36699110    -0.14659633
     1061    -0.37889559    -0.11291911
     1062    -0.38772547    -0.07826433
     1063    -0.39339751    -0.04291189
     1064    -0.39585395    -0.00714909
     1065    -0.39506317     0.02873170
     1066    -0.39102015     0.06443538
     1067    -0.38374676     0.09966660
     1068    -0.37329179     0.13413216
     1069    -0.35973074     0.16754351
     1070    -0.34316547     0.19961920
     1071    -0.32372349     0.23008727
     1072    -0.30155714     0.25868765
     1073    -0.27684250     0.28517442
     1074    -0.24977811     0.30931799
     1075    -0.22058344     0.33090721
     1076    -0.18949725     0.34975127
     1077    -0.15677565     0.36568152
     1078    -0.12269012     0.37855305
     1079    -0.08752531     0.38824615
     1080    -0.05157665     0.39466750
     1081    -0.01514800     0.39775120
     1082     0.02145100     0.39745958
     1083     0.05790744     0.39378367
     1084     0.09390789     0.38674361
     1085     0.12914110     0.37638861
     1086     0.16330067     0.36279681
     1087     0.19608778     0.34607481
     1088     0.22721387     0.32635697
     1089     0.25640318     0.30380445
     1090     0.28339532     0.27860400
     1091     0.30794763     0.25096656
     1092     0.32983747     0.22112555
     1093     0.34886430     0.18933502
     1094     0.36485169     0.15586758
     1095     0.37764899     0.12101208
     1096     0.38713289     0.08507124
     1097     0.39320874     0.04835903
     1098     0.39581159     0.01119798
     1099     0.39490699    -0.02608361
     1100     0.39049158    -0.06315463
     1101     0.38259328    -0.09968400
     1102     0.37127134    -0.13534372
     1103     0.35661602    -0.16981181
     1104     0.33874800    -0.20277525
     1105     0.31781754    -0.23393291
     1106     0.29400334    -0.26299829
     1107     0.26751113    -0.28970233
     1108     0.23857200    -0.31379587
     1109     0.20744048    -0.33505218
     1110     0.17439242    -0.35326909
     1111     0.13972259    -0.36827111
     1112     0.10374216    -0.37991118
     1113     0.06677591    -0.38807226
     1114     0.02915940    -0.39266860
     1115    -0.00876406    -0.39364678
     1116    -0.04664657    -0.39098645
     1117    -0.08413875    -0.38470074
     1118    -0.12089303    -0.37483641
     1119    -0.15656689    -0.36147360
     1120    -0.19082603    -0.34472542
     1121    -0.22334764    -0.32473705
     1122    -0.25382342    -0.30168465
     1123    -0.28196261    -0.27577394
     1124    -0.30749487    -0.24723847
     1125    -0.33017293    -0.21633762
     1126    -0.34977509    -0.18335432
     1127    -0.36610753    -0.14859260
     1128    -0.37900631    -0.11237480
     1129    -0.38833917    -0.07503869
     1130    -0.39400697    -0.03693433
     1131    -0.39594489     0.00157914
     1132    -0.39412331     0.04013690
     1133    -0.38854831     0.07837187
     1134    -0.37926187     0.11591823
     1135    -0.36634171     0.15241492
     1136    -0.34990082     0.18750917
     1137    -0.33008658     0.22085995
     1138    -0.30707960     0.25214133
     1139    -0.28109220     0.28104574
     1140    -0.25236654     0.30728711
     1141    -0.22117252     0.33060376
     1142    -0.18780531     0.35076110
     1143    -0.15258264     0.36755417
     1144    -0.11584189     0.38080976
     1145    -0.07793687     0.39038838
     1146    -0.03923451     0.39618583
     1147    -0.00011131     0.39813447
     1148     0.03905029     0.39620412
     1149     0.07786564     0.39040264
     1150     0.11595166     0.38077605
     1151     0.15293066     0.36740839
     1152     0.18843408     0.35042110
     1153     0.22210627     0.32997208
     1154     0.25360808     0.30625436
     1155     0.28262033     0.27949439
     1156     0.30884719     0.24995002
     1157     0.33201924     0.21790811
     1158     0.35189635     0.18368186
     1159     0.36827034     0.14760782
     1160     0.38096719     0.11004267
     1161     0.38984910     0.07135974
     1162     0.39481607     0.03194535
     1163     0.39580718    -0.00780499
     1164     0.39280144    -0.04749056
     1165     0.38581827    -0.08670945
     1166     0.37491758    -0.12506265
     1167     0.36019939    -0.16215813
     1168     0.34180306    -0.19761489
     1169     0.31990618    -0.23106691
     1170     0.29472290    -0.26216702
     1171     0.26650204    -0.29059059
     1172     0.23552471    -0.31603897
     1173     0.20210164    -0.33824278
     1174     0.16657014    -0.35696483
     1175     0.12929078    -0.37200282
     1176     0.09064384    -0.38319162
     1177     0.05102544    -0.39040521
     1178     0.01084354    -0.39355829
     1179    -0.02948625    -0.39260734
     1180    -0.06954490    -0.38755142
     1181    -0.10891441    -0.37843235
     1182    -0.14718210    -0.36533463
     1183    -0.18394506    -0.34838474
     1184    -0.21881434    -0.32775012
     1185    -0.25141924    -0.30363762
     1186    -0.28141122    -0.27629161
     1187    -0.30846782    -0.24599155
     1188    -0.33229612    -0.21304935
     1189    -0.35263614    -0.17780615
     1190    -0.36926368    -0.14062895
     1191    -0.38199302    -0.10190686
     1192    -0.39067906    -0.06204705
     1193    -0.39521913    -0.02147054
     1194    -0.39555437     0.01939224
     1195    -0.39167055     0.06010595
     1196    -0.38359856     0.10023503
     1197    -0.37141431     0.13934837
     1198    -0.35523816     0.17702395
     1199    -0.33523392     0.21285345
     1200    -0.31160732     0.24644674
     1201    -0.28460400     0.27743621
     1202    -0.25450714     0.30548088
     1203    -0.22163455     0.33027023
     1204    -0.18633546     0.35152775
     1205    -0.14898685     0.36901420
     1206    -0.10998955     0.38253034
     1207    -0.06976400     0.39191941
     1208    -0.02874569     0.39706903
     1209     0.01261940     0.39791271
     1210     0.05387976     0.39443085
     1211     0.09458317     0.38665118
     1212     0.13428176     0.37464875
     1213     0.17253689     0.35854535
     1214     0.20892411     0.33850845
     1215     0.24303787     0.31474955
     1216     0.27449618     0.28752217
     1217     0.30294491     0.25711918
     1218     0.32806192     0.22386982
     1219     0.34956078     0.18813623
     1220     0.36719422     0.15030956
     1221     0.38075700     0.11080582
     1222     0.39008855     0.07006134
     1223     0.39507492     0.02852797
     1224     0.39565033    -0.01333183
     1225     0.39179820    -0.05505019
     1226     0.38355156    -0.09615904
     1227     0.37099297    -0.13619535
     1228     0.35425385    -0.17470641
     1229     0.33351325    -0.21125500
     1230     0.30899606    -0.24542438
     1231     0.28097075    -0.27682316
     1232     0.24974654    -0.30508984
     1233     0.21567006    -0.32989711
     1234     0.17912165    -0.35095571
     1235     0.14051121    -0.36801795
     1236     0.10027364    -0.38088077
     1237     0.05886400    -0.38938826
     1238     0.01675246    -0.39343369
     1239    -0.02558108    -0.39296101
     1240    -0.06765240    -0.38796576
     1241    -0.10897852    -0.37849533
     1242    -0.14908326    -0.36464877
     1243    -0.18750278    -0.34657582
     1244    -0.22379099    -0.32447549
     1245    -0.25752479    -0.29859401
     1246    -0.28830909    -0.26922220
     1247    -0.31578152    -0.23669232
     1248    -0.33961683    -0.20137443
     1249    -0.35953085    -0.16367229
     1250    -0.37528396    -0.12401877
     1251    -0.38668416    -0.08287102
     1252    -0.39358953    -0.04070520
     1253    -0.39591012     0.00198897
     1254    -0.39360926     0.04471391
     1255    -0.38670427     0.08696993
     1256    -0.37526650     0.12826111
     1257    -0.35942076     0.16810117
     1258    -0.33934409     0.20601919
     1259    -0.31526395     0.24156530
     1260    -0.28745576     0.27431604
     1261    -0.25623989     0.30387950
     1262    -0.22197802     0.32990013
     1263    -0.18506914     0.35206311
     1264    -0.14594491     0.37009827
     1265    -0.10506474     0.38378354
     1266    -0.06291041     0.39294778
     1267    -0.01998045     0.39747305
     1268     0.02321571     0.39729631
     1269     0.06616381     0.39241040
     1270     0.10835086     0.38286434
     1271     0.14927132     0.36876309
     1272     0.18843314     0.35026646
     1273     0.22536381     0.32758747
     1274     0.25961605     0.30099006
     1275     0.29077335     0.27078608
     1276     0.31845512     0.23733181
     1277     0.34232143     0.20102382
     1278     0.36207731     0.16229437
     1279     0.37747652     0.12160632
     1280     0.38832473     0.07944771
     1281     0.39448213     0.03632590
     1282     0.39586534    -0.00723849
     1283     0.39244869    -0.05071783
     1284     0.38426476    -0.09358390
     1285     0.37140427    -0.13531431
     1286     0.35401520    -0.17539888
     1287     0.33230123    -0.21334598
     1288     0.30651949    -0.24868855
     1289     0.27697766    -0.28099000
     1290     0.24403038    -0.30984963
     1291     0.20807511    -0.33490773
     1292     0.16954744    -0.35585016
     1293     0.12891585    -0.37241243
     1294     0.08667615    -0.38438315
     1295     0.04334540    -0.39160687
     1296    -0.00054435    -0.39398621
     1297    -0.04445256    -0.39148332
     1298    -0.08783690    -0.38412061
     1299    -0.13015992    -0.37198068
     1300    -0.17089575    -0.35520559
     1301    -0.20953672    -0.33399530
     1302    -0.24559967    -0.30860542
     1303    -0.27863213    -0.27934428
     1304    -0.30821806    -0.24656927
     1305    -0.33398319    -0.21068260
     1306    -0.35559984    -0.17212643
     1307    -0.37279125    -0.13137751
     1308    -0.38533520    -0.08894135
     1309    -0.39306703    -0.04534598
     1310    -0.39588192    -0.00113545
     1311    -0.39373647     0.04313699
     1312    -0.38664943     0.08691580
     1313    -0.37470177     0.12965010
     1314    -0.35803582     0.17080067
     1315    -0.33685376     0.20984679
     1316    -0.31141529     0.24629287
     1317    -0.28203455     0.27967484
     1318    -0.24907633     0.30956611
     1319    -0.21295168     0.33558312
     1320    -0.17411282     0.35739039
     1321    -0.13304759     0.37470492
     1322    -0.09027337     0.38730003
     1323    -0.04633057     0.39500837
     1324    -0.00177589     0.39772435
     1325     0.04282475     0.39540565
     1326     0.08690342     0.38807401
     1327     0.12989738     0.37581518
     1328     0.17125631     0.35877807
     1329     0.21044943     0.33717301
     1330     0.24697231     0.31126933
     1331     0.28035348     0.28139209
     1332     0.31016058     0.24791812
     1333     0.33600604     0.21127130
     1334     0.35755222     0.17191735
     1335     0.37451596     0.13035792
     1336     0.38667237     0.08712429
     1337     0.39385796     0.04277059
     1338     0.39597293    -0.00213328
     1339     0.39298272    -0.04700894
     1340     0.38491863    -0.09127697
     1341     0.37187766    -0.13436447
     1342     0.35402146    -0.17571242
     1343     0.33157446    -0.21478304
     1344     0.30482116    -0.25106684
     1345     0.27410260    -0.28408930
     1346     0.23981217    -0.31341717
     1347     0.20239060    -0.33866425
     1348     0.16232040    -0.35949657
     1349     0.12011969    -0.37563694
     1350     0.07633557    -0.38686870
     1351     0.03153701    -0.39303879
     1352    -0.01369245    -0.39405991
     1353    -0.05876233    -0.38991193
     1354    -0.10308295    -0.38064229
     1355    -0.14607312    -0.36636566
     1356    -0.18716782    -0.34726260
     1357    -0.22582566    -0.32357739
     1358    -0.26153608    -0.29561503
     1359    -0.29382617    -0.26373742
     1360    -0.32226700    -0.22835872
     1361    -0.34647941    -0.18994011
     1362    -0.36613916    -0.14898378
     1363    -0.38098137    -0.10602648
     1364    -0.39080422    -0.06163248
     1365    -0.39547178    -0.01638622
     1366    -0.39491599     0.02911540
     1367    -0.38913779     0.07427085
     1368    -0.37820730     0.11848198
     1369    -0.36226305     0.16116194
     1370    -0.34151038     0.20174299
     1371    -0.31621886     0.23968415
     1372    -0.28671893     0.27447843
     1373    -0.25339759     0.30565968
     1374    -0.21669351     0.33280891
     1375    -0.17709121     0.35556003
     1376    -0.13511480     0.37360484
     1377    -0.09132105     0.38669734
     1378    -0.04629205     0.39465714
     1379    -0.00062749     0.39737209
     1380     0.04506332     0.39479991
     1381     0.09016959     0.38696900
     1382     0.13408719     0.37397820
     1383     0.17622686     0.35599564
     1384     0.21602204     0.33325670
     1385     0.25293662     0.30606099
     1386     0.28647222     0.27476848
     1387     0.31617492     0.23979486
     1388     0.34164155     0.20160602
     1389     0.36252521     0.16071194
     1390     0.37854009     0.11765991
     1391     0.38946549     0.07302726
     1392     0.39514891     0.02741362
     1393     0.39550835    -0.01856712
     1394     0.39053350    -0.06429504
     1395     0.38028613    -0.10915260
     1396     0.36489936    -0.15253298
     1397     0.34457607    -0.19384834
     1398     0.31958630    -0.23253778
     1399     0.29026375    -0.26807507
     1400     0.25700137    -0.29997584
     1401     0.22024621    -0.32780423
     1402     0.18049343    -0.35117895
     1403     0.13827972    -0.36977861
     1404     0.09417603    -0.38334615
     1405     0.04877994    -0.39169257
     1406     0.00270754    -0.39469957
     1407    -0.04341490    -0.39232140
     1408    -0.08895946    -0.38458558
     1409    -0.13330516    -0.37159270
     1410    -0.17584640    -0.35351524
     1411    -0.21600130    -0.33059529
     1412    -0.25321970    -0.30314147
     1413    -0.28699076    -0.27152479
     1414    -0.31685001    -0.23617373
     1415    -0.34238582    -0.19756846
     1416    -0.36324515    -0.15623442
     1417    -0.37913850    -0.11273515
     1418    -0.38984402    -0.06766467
     1419    -0.39521066    -0.02163936
     1420    -0.39516043     0.02471041
     1421    -0.38968956     0.07074898
     1422    -0.37886876     0.11584410
     1423    -0.36284230     0.15937561
     1424    -0.34182623     0.20074404
     1425    -0.31610555     0.23937887
     1426    -0.28603032     0.27474645
     1427    -0.25201106     0.30635746
     1428    -0.21451313     0.33377366
     1429    -0.17405044     0.35661411
     1430    -0.13117840     0.37456047
     1431    -0.08648638     0.38736154
     1432    -0.04058957     0.39483682
     1433     0.00587944     0.39687915
     1434     0.05227938     0.39345631
     1435     0.09796922     0.38461158
     1436     0.14231694     0.37046325
     1437     0.18470840     0.35120315
     1438     0.22455579     0.32709409
     1439     0.26130591     0.29846630
     1440     0.29444778     0.26571301
     1441     0.32351993     0.22928506
     1442     0.34811675     0.18968472
     1443     0.36789432     0.14745886
     1444     0.38257518     0.10319134
     1445     0.39195238     0.05749500
     1446     0.39589238     0.01100318
     1447     0.39433707    -0.03563907
     1448     0.38730468    -0.08178393
     1449     0.37488959    -0.12678986
     1450     0.35726119    -0.17003047
     1451     0.33466159    -0.21090336
     1452     0.30740236    -0.24883847
     1453     0.27586027    -0.28330611
     1454     0.24047212    -0.31382439
     1455     0.20172877    -0.33996602
     1456     0.16016830    -0.36136432
     1457     0.11636862    -0.37771845
     1458     0.07093938    -0.38879769
     1459     0.02451357    -0.39444472
     1460    -0.02226135    -0.39457798
     1461    -0.06873246    -0.38919283
     1462    -0.11425053    -0.37836176
     1463    -0.15817910    -0.36223347
     1464    -0.19990337    -0.34103084
     1465    -0.23883889    -0.31504793
     1466    -0.27443975    -0.28464595
     1467    -0.30620626    -0.25024825
     1468    -0.33369205    -0.21233446
     1469    -0.35651034    -0.17143386
     1470    -0.37433946    -0.12811797
     1471    -0.38692744    -0.08299260
     1472    -0.39409557    -0.03668937
     1473    -0.39574103     0.01014310
     1474    -0.39183841     0.05684833
     1475    -0.38244013     0.10277114
     1476    -0.36767575     0.14726690
     1477    -0.34775030     0.18971055
     1478    -0.32294138     0.22950546
     1479    -0.29359539     0.26609180
     1480    -0.26012269     0.29895450
     1481    -0.22299188     0.32763045
     1482    -0.18272329     0.35171513
     1483    -0.13988164     0.37086835
     1484    -0.09506819     0.38481904
     1485    -0.04891227     0.39336918
     1486    -0.00206245     0.39639661
     1487     0.04482258     0.39385680
     1488     0.09108330     0.38578359
     1489     0.13606861     0.37228871
     1490     0.17914506     0.35356029
     1491     0.21970576     0.32986026
     1492     0.25717897     0.30152070
     1493     0.29103615     0.26893921
     1494     0.32079951     0.23257334
     1495     0.34604871     0.19293418
     1496     0.36642686     0.15057919
     1497     0.38164559     0.10610435
     1498     0.39148917     0.06013576
     1499     0.39581756     0.01332086
     1500     0.39456847    -0.03368074
     1501     0.38775826    -0.08020653
     1502     0.37548174    -0.12560047
     1503     0.35791092    -0.16922227
     1504     0.33529254    -0.21045641
     1505     0.30794469    -0.24872088
     1506     0.27625231    -0.28347537
     1507     0.24066182    -0.31422900
     1508     0.20167479    -0.34054719
     1509     0.15984090    -0.36205788
     1510     0.11575019    -0.37845681
     1511     0.07002474    -0.38951182
     1512     0.02330988    -0.39506620
     1513    -0.02373494    -0.39504089
     1514    -0.07044544    -0.38943565
     1515    -0.11616194    -0.37832908
     1516    -0.16023863    -0.36187754
     1517    -0.20205279    -0.34031294
     1518    -0.24101354    -0.31393951
     1519    -0.27657025    -0.28312950
     1520    -0.30822029    -0.24831791
     1521    -0.33551621    -0.20999637
     1522    -0.35807203    -0.16870622
     1523    -0.37556875    -0.12503079
     1524    -0.38775886    -0.07958722
     1525    -0.39446986    -0.03301770
     1526    -0.39560667     0.01401964
     1527    -0.39115306     0.06085996
     1528    -0.38117180     0.10684124
     1529    -0.36580385     0.15131352
     1530    -0.34526633     0.19364820
     1531    -0.31984944     0.23324688
     1532    -0.28991238     0.26954986
     1533    -0.25587825     0.30204403
     1534    -0.21822806     0.33027017
     1535    -0.17749395     0.35382941
     1536    -0.13425158     0.37238886
     1537    -0.08911208     0.38568638
     1538    -0.04271331     0.39353420
     1539     0.00428911     0.39582163
     1540     0.05123109     0.39251657
     1541     0.09744950     0.38366598
     1542     0.14229151     0.36939520
     1543     0.18512383     0.34990614
     1544     0.22534168     0.32547441
     1545     0.26237731     0.29644545
     1546     0.29570806     0.26322956
     1547     0.32486370     0.22629614
     1548     0.34943307     0.18616699
     1549     0.36906988     0.14340895
     1550     0.38349762     0.09862586
     1551     0.39251336     0.05245003
     1552     0.39599069     0.00553327
     1553     0.39388140    -0.04146234
     1554     0.38621620    -0.08787376
     1555     0.37310419    -0.13304637
     1556     0.35473133    -0.17634327
     1557     0.33135777    -0.21715419
     1558     0.30331415    -0.25490416
     1559     0.27099689    -0.28906156
     1560     0.23486256    -0.31914564
     1561     0.19542142    -0.34473329
     1562     0.15323017    -0.36546496
     1563     0.10888410    -0.38104969
     1564     0.06300865    -0.39126923
     1565     0.01625056    -0.39598103
     1566    -0.03073125    -0.39512024
     1567    -0.07727498    -0.38870056
     1568    -0.12272529    -0.37681402
     1569    -0.16644253    -0.35962960
     1570    -0.20781177    -0.33739085
     1571    -0.24625142    -0.31041238
     1572    -0.28122142    -0.27907535
     1573    -0.31223083    -0.24382212
     1574    -0.33884469    -0.20514994
     1575    -0.36069012    -0.16360388
     1576    -0.37746153    -0.11976918
     1577    -0.38892486    -0.07426292
     1578    -0.39492081    -0.02772536
     1579    -0.39536705     0.01918911
     1580    -0.39025931     0.06582121
     1581    -0.37967134     0.11151601
     1582    -0.36375384     0.15563214
     1583    -0.34273229     0.19755083
     1584    -0.31690366     0.23668455
     1585    -0.28663222     0.27248525
     1586    -0.25234434     0.30445203
     1587    -0.21452245     0.33213809
     1588    -0.17369820     0.35515701
     1589    -0.13044496     0.37318809
     1590    -0.08536976     0.38598074
     1591    -0.03910467     0.39335800
     1592     0.00770200     0.39521887
     1593     0.05439487     0.39153971
     1594     0.10032067     0.38237444
     1595     0.14483735     0.36785372
     1596     0.18732311     0.34818303
     1597     0.22718505     0.32363973
     1598     0.26386745     0.29456904
     1599     0.29685947     0.26137920
     1600     0.32570228     0.22453565
     1601     0.34999538     0.18455447
     1602     0.36940217     0.14199506
     1603     0.38365451     0.09745237
     1604     0.39255642     0.05154845
     1605     0.39598673     0.00492378
     1606     0.39390066    -0.04177169
     1607     0.38633033    -0.08788763
     1608     0.37338425    -0.13278237
     1609     0.35524569    -0.17583190
     1610     0.33217001    -0.21643844
     1611     0.30448103    -0.25403882
     1612     0.27256642    -0.28811223
     1613     0.23687223    -0.31818740
     1614     0.19789657    -0.34384912
     1615     0.15618264    -0.36474391
     1616     0.11231113    -0.38058484
     1617     0.06689203    -0.39115545
     1618     0.02055621    -0.39631263
     1619    -0.02605344    -0.39598850
     1620    -0.07229092    -0.39019123
     1621    -0.11751609    -0.37900486
     1622    -0.16110355    -0.36258796
     1623    -0.20245124    -0.34117134
     1624    -0.24098881    -0.31505476
     1625    -0.27618540    -0.28460263
     1626    -0.30755698    -0.25023891
     1627    -0.33467294    -0.21244112
     1628    -0.35716194    -0.17173363
     1629    -0.37471701    -0.12868040
     1630    -0.38709960    -0.08387704
     1631    -0.39414282    -0.03794261
     1632    -0.39575361     0.00848902
     1633    -0.39191385     0.05477790
     1634    -0.38268055     0.10028688
     1635    -0.36818487     0.14439032
     1636    -0.34863022     0.18648277
     1637    -0.32428931     0.22598717
     1638    -0.29550028     0.26236283
     1639    -0.26266191     0.29511274
     1640    -0.22622807     0.32379033
     1641    -0.18670132     0.34800554
     1642    -0.14462598     0.36743001
     1643    -0.10058053     0.38180153
     1644    -0.05516964     0.39092745
     1645    -0.00901584     0.39468722
     1646     0.03724909     0.39303390
     1647     0.08299272     0.38599463
     1648     0.12759068     0.37367011
     1649     0.17043515     0.35623311
     1650     0.21094314     0.33392594
     1651     0.24856441     0.30705696
     1652     0.28278888     0.27599631
     1653     0.31315353     0.24117066
     1654     0.33924862     0.20305732
     1655     0.36072312     0.16217761
     1656     0.37728941     0.11908969
     1657     0.38872701     0.07438083
     1658     0.39488545     0.02865944
     1659     0.39568619    -0.01745329
     1660     0.39112346    -0.06333187
     1661     0.38126427    -0.10835494
     1662     0.36624723    -0.15191378
     1663     0.34628059    -0.19342043
     1664     0.32163925    -0.23231570
     1665     0.29266085    -0.26807661
     1666     0.25974109    -0.30022340
     1667     0.22332824    -0.32832592
     1668     0.18391695    -0.35200933
     1669     0.14204149    -0.37095901
     1670     0.09826842    -0.38492468
     1671     0.05318889    -0.39372359
     1672     0.00741062    -0.39724289
     1673    -0.03845034    -0.39544089
     1674    -0.08377790    -0.38834751
     1675    -0.12796422    -0.37606370
     1676    -0.17041784    -0.35875987
     1677    -0.21057161    -0.33667345
     1678    -0.24789024    -0.31010556
     1679    -0.28187734    -0.27941679
     1680    -0.31208205    -0.24502219
     1681    -0.33810490    -0.20738564
     1682    -0.35960304    -0.16701347
     1683    -0.37629470    -0.12444758
     1684    -0.38796274    -0.08025814
     1685    -0.39445744    -0.03503588
     1686    -0.39569827     0.01061584
     1687    -0.39167480     0.05608910
     1688    -0.38244667     0.10077953
     1689    -0.36814254     0.14409434
     1690    -0.34895828     0.18546017
     1691    -0.32515408     0.22433067
     1692    -0.29705094     0.26019367
     1693    -0.26502611     0.29257785
     1694    -0.22950805     0.32105891
     1695    -0.19097052     0.34526504
     1696    -0.14992625     0.36488170
     1697    -0.10692000     0.37965558
     1698    -0.06252128     0.38939783
     1699    -0.01731681     0.39398629
     1700     0.02809735     0.39336698
     1701     0.07312360     0.38755456
     1702     0.11717072     0.37663194
     1703     0.15966164     0.36074901
     1704     0.20004093     0.34012045
     1705     0.23778205     0.31502271
     1706     0.27239420     0.28579022
     1707     0.30342859     0.25281082
     1708     0.33048425     0.21652048
     1709     0.35321306     0.17739753
     1710     0.37132419     0.13595618
     1711     0.38458770     0.09273977
     1712     0.39283735     0.04831355
     1713     0.39597256     0.00325726
     1714     0.39395953    -0.04184248
     1715     0.38683146    -0.08639984
     1716     0.37468789    -0.12983734
     1717     0.35769321    -0.17159337
     1718     0.33607433    -0.21112942
     1719     0.31011750    -0.24793697
     1720     0.28016444    -0.28154400
     1721     0.24660774    -0.31152096
     1722     0.20988556    -0.33748619
     1723     0.17047592    -0.35911071
     1724     0.12889031    -0.37612225
     1725     0.08566703    -0.38830861
     1726     0.04136414    -0.39552018
     1727    -0.00344775    -0.39767164
     1728    -0.04819290    -0.39474285
     1729    -0.09229780    -0.38677892
     1730    -0.13519860    -0.37388933
     1731    -0.17634821    -0.35624638
     1732    -0.21522333    -0.33408274
     1733    -0.25133099    -0.30768825
     1734    -0.28421482    -0.27740603
     1735    -0.31346067    -0.24362793
     1736    -0.33870182    -0.20678932
     1737    -0.35962342    -0.16736342
     1738    -0.37596636    -0.12585513
     1739    -0.38753031    -0.08279449
     1740    -0.39417614    -0.03872989
     1741    -0.39582738     0.00577902
     1742    -0.39247099     0.05016841
     1743    -0.38415731     0.09387743
     1744    -0.37099918     0.13635532
     1745    -0.35317025     0.17706833
     1746    -0.33090262     0.21550637
     1747    -0.30448366     0.25118936
     1748    -0.27425217     0.28367320
     1749    -0.24059396     0.31255516
     1750    -0.20393679     0.33747884
     1751    -0.16474484     0.35813844
     1752    -0.12351279     0.37428239
     1753    -0.08075946     0.38571634
     1754    -0.03702122     0.39230532
     1755     0.00715473     0.39397519
     1756     0.05121728     0.39071340
     1757     0.09461828     0.38256880
     1758     0.13681936     0.36965089
     1759     0.17729860     0.35212815
     1760     0.21555692     0.33022572
     1761     0.25112420     0.30422242
     1762     0.28356503     0.27444702
     1763     0.31248387     0.24127401
     1764     0.33752989     0.20511877
     1765     0.35840104     0.16643225
     1766     0.37484761     0.12569530
     1767     0.38667510     0.08341259
     1768     0.39374636     0.04010632
     1769     0.39598308    -0.00369030
     1770     0.39336647    -0.04743963
     1771     0.38593726    -0.09060617
     1772     0.37379495    -0.13266322
     1773     0.35709634    -0.17309916
     1774     0.33605339    -0.21142375
     1775     0.31093039    -0.24717395
     1776     0.28204050    -0.27991947
     1777     0.24974175    -0.30926790
     1778     0.21443248    -0.33486929
     1779     0.17654633    -0.35642023
     1780     0.13654685    -0.37366733
     1781     0.09492172    -0.38641007
     1782     0.05217675    -0.39450300
     1783     0.00882969    -0.39785729
     1784    -0.03459605    -0.39644148
     1785    -0.07757779    -0.39028170
     1786    -0.11959981    -0.37946103
     1787    -0.16015957    -0.36411829
     1788    -0.19877368    -0.34444610
     1789    -0.23498360    -0.32068835
     1790    -0.26836102    -0.29313703
     1791    -0.29851289    -0.26212853
     1792    -0.32508589    -0.22803942
     1793    -0.34777056    -0.19128177
     1794    -0.36630471    -0.15229806
     1795    -0.38047635    -0.11155581
     1796    -0.39012601    -0.06954185
     1797    -0.39514834    -0.02675651
     1798    -0.39549317     0.01629240
     1799    -0.39116580     0.05909569
     1800    -0.38222668     0.10114871
     1801    -0.36879047     0.14195741
     1802    -0.35102442     0.18104403
     1803    -0.32914612     0.21795269
     1804    -0.30342075     0.25225466
     1805    -0.27415770     0.28355322
     1806    -0.24170676     0.31148823
     1807    -0.20645378     0.33574010
     1808    -0.16881605     0.35603341
     1809    -0.12923719     0.37213984
     1810    -0.08818194     0.38388066
     1811    -0.04613055     0.39112854
     1812    -0.00357317     0.39380880
     1813     0.03899588     0.39190000
     1814     0.08108392     0.38543394
     1815     0.12220557     0.37449502
     1816     0.16188833     0.35921901
     1817     0.19967799     0.33979121
     1818     0.23514378     0.31644409
     1819     0.26788317     0.28945435
     1820     0.29752643     0.25913953
     1821     0.32374064     0.22585415
     1822     0.34623338     0.18998548
     1823     0.36475583     0.15194888
     1824     0.37910541     0.11218298
     1825     0.38912786     0.07114450
     1826     0.39471873     0.02930299
     1827     0.39582435    -0.01286463
     1828     0.39244214    -0.05487948
     1829     0.38462041    -0.09626620
     1830     0.37245749    -0.13655828
     1831     0.35610045    -0.17530335
     1832     0.33574309    -0.21206817
     1833     0.31162355    -0.24644344
     1834     0.28402142    -0.27804826
     1835     0.25325433    -0.30653431
     1836     0.21967420    -0.33158956
     1837     0.18366311    -0.35294156
     1838     0.14562888    -0.37036033
     1839     0.10600035    -0.38366065
     1840     0.06522248    -0.39270395
     1841     0.02375131    -0.39739954
     1842    -0.01795116    -0.39770540
     1843    -0.05942218    -0.39362839
     1844    -0.10020332    -0.38522388
     1845    -0.13984561    -0.37259488
     1846    -0.17791439    -0.35589069
     1847    -0.21399403    -0.33530491
     1848    -0.24769248    -0.31107315
     1849    -0.27864538    -0.28347014
     1850    -0.30651995    -0.25280652
     1851    -0.33101845    -0.21942524
     1852    -0.35188128    -0.18369761
     1853    -0.36888956    -0.14601908
     1854    -0.38186734    -0.10680479
     1855    -0.39068326    -0.06648491
     1856    -0.39525170    -0.02549992
     1857    -0.39553351     0.01570429
     1858    -0.39153611     0.05668126
     1859    -0.38331321     0.09698882
     1860    -0.37096390     0.13619382
     1861    -0.35463137     0.17387679
     1862    -0.33450106     0.20963637
     1863    -0.31079850     0.24309352
     1864    -0.28378655     0.27389547
     1865    -0.25376246     0.30171935
     1866    -0.22105442     0.32627550
     1867    -0.18601791     0.34731033
     1868    -0.14903172     0.36460884
     1869    -0.11049377     0.37799667
     1870    -0.07081681     0.38734176
     1871    -0.03042387     0.39255544
     1872     0.01025619     0.39359314
     1873     0.05079335     0.39045462
     1874     0.09076092     0.38318366
     1875     0.12974002     0.37186739
     1876     0.16732398     0.35663505
     1877     0.20312253     0.33765645
     1878     0.23676577     0.31513988
     1879     0.26790794     0.28932972
     1880     0.29623091     0.26050367
     1881     0.32144730     0.22896964
     1882     0.34330328     0.19506235
     1883     0.36158105     0.15913972
     1884     0.37610084     0.12157895
     1885     0.38672255     0.08277256
     1886     0.39334697     0.04312416
     1887     0.39591652     0.00304429
     1888     0.39441563    -0.03705391
     1889     0.38887059    -0.07675896
     1890     0.37934904    -0.11566523
     1891     0.36595905    -0.15337709
     1892     0.34884769    -0.18951289
     1893     0.32819936    -0.22370878
     1894     0.30423362    -0.25562228
     1895     0.27720275    -0.28493566
     1896     0.24738897    -0.31135902
     1897     0.21510141    -0.33463302
     1898     0.18067280    -0.35453136
     1899     0.14445593    -0.37086279
     1900     0.10681998    -0.38347289
     1901     0.06814673    -0.39224533
     1902     0.02882659    -0.39710285
     1903    -0.01074538    -0.39800771
     1904    -0.05017337    -0.39496191
     1905    -0.08906491    -0.38800680
     1906    -0.12703466    -0.37722253
     1907    -0.16370824    -0.36272690
     1908    -0.19872590    -0.34467399
     1909    -0.23174597    -0.32325241
     1910    -0.26244814    -0.29868315
     1911    -0.29053647    -0.27121723
     1912    -0.31574217    -0.24113302
     1913    -0.33782606    -0.20873327
     1914    -0.35658071    -0.17434205
     1915    -0.37183230    -0.13830135
     1916    -0.38344206    -0.10096765
     1917    -0.39130743    -0.06270834
     1918    -0.39536277    -0.02389805
     1919    -0.39557980     0.01508505
     1920    -0.39196760     0.05386293
     1921    -0.38457226     0.09206140
     1922    -0.37347620     0.12931367
     1923    -0.35879712     0.16526388
     1924    -0.34068661     0.19957043
     1925    -0.31932848     0.23190920
     1926    -0.29493677     0.26197649
     1927    -0.26775346     0.28949188
     1928    -0.23804601     0.31420064
     1929    -0.20610459     0.33587610
     1930    -0.17223917     0.35432153
     1931    -0.13677642     0.36937185
     1932    -0.10005653     0.38089495
     1933    -0.06242983     0.38879273
     1934    -0.02425349     0.39300177
     1935     0.01411199     0.39349370
     1936     0.05230615     0.39027523
     1937     0.08997193     0.38338779
     1938     0.12675907     0.37290696
     1939     0.16232728     0.35894147
     1940     0.19634935     0.34163197
     1941     0.22851416     0.32114948
     1942     0.25852939     0.29769360
     1943     0.28612414     0.27149044
     1944     0.31105128     0.24279031
     1945     0.33308956     0.21186528
     1946     0.35204545     0.17900647
     1947     0.36775476     0.14452126
     1948     0.38008389     0.10873034
     1949     0.38893086     0.07196465
     1950     0.39422599     0.03456230
     1951     0.39593234    -0.00313455
     1952     0.39404575    -0.04078289
     1953     0.38859470    -0.07804195
     1954     0.37963975    -0.11457627
     1955     0.36727279    -0.15005872
     1956     0.35161599    -0.18417339
     1957     0.33282044    -0.21661832
     1958     0.31106459    -0.24710818
     1959     0.28655245    -0.27537665
     1960     0.25951157    -0.30117869
     1961     0.23019081    -0.32429255
     1962     0.19885798    -0.34452163
     1963     0.16579734    -0.36169595
     1964     0.13130689    -0.37567354
     1965     0.09569565    -0.38634146
     1966     0.05928086    -0.39361656
     1967     0.02238513    -0.39744603
     1968    -0.01466652    -0.39780757
     1969    -0.05154943    -0.39470943
     1970    -0.08794223    -0.38819004
     1971    -0.12352957    -0.37831749
     1972    -0.15800487    -0.36518867
     1973    -0.19107288    -0.34892824
     1974    -0.22245221    -0.32968729
     1975    -0.25187762    -0.30764186
     1976    -0.27910221    -0.28299122
     1977    -0.30389941    -0.25595594
     1978    -0.32606476    -0.22677584
     1979    -0.34541753    -0.19570781
     1980    -0.36180204    -0.16302341
     1981    -0.37508882    -0.12900648
     1982    -0.38517552    -0.09395057
     1983    -0.39198753    -0.05815644
     1984    -0.39547845    -0.02192935
     1985    -0.39563021     0.01442348
     1986    -0.39245301     0.05059556
     1987    -0.38598502     0.08628365
     1988    -0.37629184     0.12119033
     1989    -0.36346569     0.15502645
     1990    -0.34762449     0.18751345
     1991    -0.32891057     0.21838568
     1992    -0.30748939     0.24739242
     1993    -0.28354788     0.27429994
     1994    -0.25729278     0.29889323
     1995    -0.22894873     0.32097768
     1996    -0.19875627     0.34038049
     1997    -0.16696972     0.35695195
     1998    -0.13385499     0.37056645
     1999    -0.09968729     0.38112332
     2000    -0.06474879     0.38854749
