#    Non-Adiabatic Coupling Matrix Eliments: off-diagonal
         0     0.00000000
         1    -0.00000052
         2    -0.00000105
         3    -0.00000157
         4    -0.00000209
         5    -0.00000262
         6    -0.00000314
         7    -0.00000366
         8    -0.00000419
         9    -0.00000471
        10    -0.00000523
        11    -0.00000576
        12    -0.00000628
        13    -0.00000681
        14    -0.00000733
        15    -0.00000786
        16    -0.00000838
        17    -0.00000891
        18    -0.00000944
        19    -0.00000996
        20    -0.00001049
        21    -0.00001102
        22    -0.00001155
        23    -0.00001207
        24    -0.00001260
        25    -0.00001313
        26    -0.00001366
        27    -0.00001419
        28    -0.00001472
        29    -0.00001526
        30    -0.00001579
        31    -0.00001632
        32    -0.00001686
        33    -0.00001739
        34    -0.00001793
        35    -0.00001846
        36    -0.00001900
        37    -0.00001953
        38    -0.00002007
        39    -0.00002061
        40    -0.00002115
        41    -0.00002169
        42    -0.00002223
        43    -0.00002278
        44    -0.00002332
        45    -0.00002386
        46    -0.00002441
        47    -0.00002496
        48    -0.00002550
        49    -0.00002605
        50    -0.00002660
        51    -0.00002715
        52    -0.00002771
        53    -0.00002826
        54    -0.00002881
        55    -0.00002937
        56    -0.00002992
        57    -0.00003048
        58    -0.00003104
        59    -0.00003160
        60    -0.00003216
        61    -0.00003273
        62    -0.00003329
        63    -0.00003386
        64    -0.00003443
        65    -0.00003499
        66    -0.00003557
        67    -0.00003614
        68    -0.00003671
        69    -0.00003729
        70    -0.00003786
        71    -0.00003844
        72    -0.00003902
        73    -0.00003960
        74    -0.00004019
        75    -0.00004077
        76    -0.00004136
        77    -0.00004195
        78    -0.00004254
        79    -0.00004313
        80    -0.00004372
        81    -0.00004432
        82    -0.00004492
        83    -0.00004552
        84    -0.00004612
        85    -0.00004673
        86    -0.00004733
        87    -0.00004794
        88    -0.00004855
        89    -0.00004916
        90    -0.00004978
        91    -0.00005040
        92    -0.00005102
        93    -0.00005164
        94    -0.00005226
        95    -0.00005289
        96    -0.00005352
        97    -0.00005415
        98    -0.00005478
        99    -0.00005542
       100    -0.00005606
       101    -0.00005670
       102    -0.00005734
       103    -0.00005799
       104    -0.00005864
       105    -0.00005929
       106    -0.00005995
       107    -0.00006060
       108    -0.00006127
       109    -0.00006193
       110    -0.00006260
       111    -0.00006326
       112    -0.00006394
       113    -0.00006461
       114    -0.00006529
       115    -0.00006597
       116    -0.00006666
       117    -0.00006735
       118    -0.00006804
       119    -0.00006873
       120    -0.00006943
       121    -0.00007013
       122    -0.00007084
       123    -0.00007155
       124    -0.00007226
       125    -0.00007297
       126    -0.00007369
       127    -0.00007441
       128    -0.00007514
       129    -0.00007587
       130    -0.00007661
       131    -0.00007734
       132    -0.00007809
       133    -0.00007883
       134    -0.00007958
       135    -0.00008034
       136    -0.00008109
       137    -0.00008186
       138    -0.00008262
       139    -0.00008339
       140    -0.00008417
       141    -0.00008495
       142    -0.00008573
       143    -0.00008652
       144    -0.00008732
       145    -0.00008811
       146    -0.00008892
       147    -0.00008972
       148    -0.00009054
       149    -0.00009135
       150    -0.00009218
       151    -0.00009300
       152    -0.00009384
       153    -0.00009467
       154    -0.00009552
       155    -0.00009636
       156    -0.00009722
       157    -0.00009808
       158    -0.00009894
       159    -0.00009981
       160    -0.00010069
       161    -0.00010157
       162    -0.00010245
       163    -0.00010335
       164    -0.00010425
       165    -0.00010515
       166    -0.00010606
       167    -0.00010698
       168    -0.00010790
       169    -0.00010883
       170    -0.00010977
       171    -0.00011071
       172    -0.00011166
       173    -0.00011262
       174    -0.00011358
       175    -0.00011455
       176    -0.00011553
       177    -0.00011651
       178    -0.00011750
       179    -0.00011850
       180    -0.00011951
       181    -0.00012052
       182    -0.00012154
       183    -0.00012257
       184    -0.00012360
       185    -0.00012465
       186    -0.00012570
       187    -0.00012676
       188    -0.00012783
       189    -0.00012890
       190    -0.00012999
       191    -0.00013108
       192    -0.00013218
       193    -0.00013329
       194    -0.00013441
       195    -0.00013554
       196    -0.00013668
       197    -0.00013783
       198    -0.00013898
       199    -0.00014015
       200    -0.00014132
       201    -0.00014251
       202    -0.00014370
       203    -0.00014491
       204    -0.00014612
       205    -0.00014735
       206    -0.00014858
       207    -0.00014983
       208    -0.00015109
       209    -0.00015235
       210    -0.00015363
       211    -0.00015492
       212    -0.00015623
       213    -0.00015754
       214    -0.00015886
       215    -0.00016020
       216    -0.00016155
       217    -0.00016291
       218    -0.00016428
       219    -0.00016567
       220    -0.00016707
       221    -0.00016848
       222    -0.00016990
       223    -0.00017134
       224    -0.00017279
       225    -0.00017426
       226    -0.00017574
       227    -0.00017723
       228    -0.00017874
       229    -0.00018026
       230    -0.00018180
       231    -0.00018335
       232    -0.00018492
       233    -0.00018650
       234    -0.00018810
       235    -0.00018971
       236    -0.00019134
       237    -0.00019299
       238    -0.00019465
       239    -0.00019633
       240    -0.00019803
       241    -0.00019974
       242    -0.00020147
       243    -0.00020322
       244    -0.00020499
       245    -0.00020678
       246    -0.00020858
       247    -0.00021041
       248    -0.00021225
       249    -0.00021411
       250    -0.00021600
       251    -0.00021790
       252    -0.00021982
       253    -0.00022177
       254    -0.00022374
       255    -0.00022572
       256    -0.00022773
       257    -0.00022977
       258    -0.00023182
       259    -0.00023390
       260    -0.00023600
       261    -0.00023813
       262    -0.00024028
       263    -0.00024245
       264    -0.00024465
       265    -0.00024688
       266    -0.00024913
       267    -0.00025141
       268    -0.00025371
       269    -0.00025604
       270    -0.00025840
       271    -0.00026079
       272    -0.00026320
       273    -0.00026565
       274    -0.00026812
       275    -0.00027063
       276    -0.00027316
       277    -0.00027573
       278    -0.00027833
       279    -0.00028096
       280    -0.00028362
       281    -0.00028632
       282    -0.00028905
       283    -0.00029181
       284    -0.00029461
       285    -0.00029745
       286    -0.00030032
       287    -0.00030323
       288    -0.00030618
       289    -0.00030917
       290    -0.00031219
       291    -0.00031526
       292    -0.00031837
       293    -0.00032151
       294    -0.00032471
       295    -0.00032794
       296    -0.00033122
       297    -0.00033454
       298    -0.00033791
       299    -0.00034132
       300    -0.00034478
       301    -0.00034829
       302    -0.00035185
       303    -0.00035546
       304    -0.00035912
       305    -0.00036284
       306    -0.00036660
       307    -0.00037042
       308    -0.00037430
       309    -0.00037823
       310    -0.00038222
       311    -0.00038627
       312    -0.00039037
       313    -0.00039454
       314    -0.00039877
       315    -0.00040307
       316    -0.00040743
       317    -0.00041185
       318    -0.00041635
       319    -0.00042091
       320    -0.00042554
       321    -0.00043025
       322    -0.00043503
       323    -0.00043988
       324    -0.00044481
       325    -0.00044982
       326    -0.00045491
       327    -0.00046008
       328    -0.00046533
       329    -0.00047067
       330    -0.00047610
       331    -0.00048162
       332    -0.00048722
       333    -0.00049292
       334    -0.00049872
       335    -0.00050461
       336    -0.00051061
       337    -0.00051670
       338    -0.00052290
       339    -0.00052921
       340    -0.00053563
       341    -0.00054216
       342    -0.00054880
       343    -0.00055556
       344    -0.00056244
       345    -0.00056944
       346    -0.00057657
       347    -0.00058383
       348    -0.00059122
       349    -0.00059875
       350    -0.00060641
       351    -0.00061422
       352    -0.00062217
       353    -0.00063027
       354    -0.00063853
       355    -0.00064694
       356    -0.00065551
       357    -0.00066425
       358    -0.00067316
       359    -0.00068224
       360    -0.00069150
       361    -0.00070094
       362    -0.00071057
       363    -0.00072039
       364    -0.00073041
       365    -0.00074063
       366    -0.00075107
       367    -0.00076171
       368    -0.00077258
       369    -0.00078367
       370    -0.00079500
       371    -0.00080657
       372    -0.00081838
       373    -0.00083044
       374    -0.00084277
       375    -0.00085536
       376    -0.00086823
       377    -0.00088138
       378    -0.00089482
       379    -0.00090856
       380    -0.00092261
       381    -0.00093698
       382    -0.00095168
       383    -0.00096672
       384    -0.00098210
       385    -0.00099784
       386    -0.00101395
       387    -0.00103044
       388    -0.00104733
       389    -0.00106462
       390    -0.00108233
       391    -0.00110047
       392    -0.00111905
       393    -0.00113809
       394    -0.00115761
       395    -0.00117762
       396    -0.00119814
       397    -0.00121918
       398    -0.00124076
       399    -0.00126290
       400    -0.00128562
       401    -0.00130893
       402    -0.00133286
       403    -0.00135744
       404    -0.00138267
       405    -0.00140859
       406    -0.00143522
       407    -0.00146259
       408    -0.00149072
       409    -0.00151963
       410    -0.00154936
       411    -0.00157995
       412    -0.00161141
       413    -0.00164378
       414    -0.00167710
       415    -0.00171140
       416    -0.00174672
       417    -0.00178310
       418    -0.00182058
       419    -0.00185920
       420    -0.00189901
       421    -0.00194005
       422    -0.00198238
       423    -0.00202604
       424    -0.00207109
       425    -0.00211758
       426    -0.00216558
       427    -0.00221514
       428    -0.00226633
       429    -0.00231922
       430    -0.00237388
       431    -0.00243039
       432    -0.00248882
       433    -0.00254925
       434    -0.00261177
       435    -0.00267648
       436    -0.00274346
       437    -0.00281282
       438    -0.00288466
       439    -0.00295909
       440    -0.00303623
       441    -0.00311619
       442    -0.00319911
       443    -0.00328511
       444    -0.00337434
       445    -0.00346693
       446    -0.00356305
       447    -0.00366285
       448    -0.00376650
       449    -0.00387418
       450    -0.00398607
       451    -0.00410235
       452    -0.00422323
       453    -0.00434891
       454    -0.00447962
       455    -0.00461557
       456    -0.00475700
       457    -0.00490414
       458    -0.00505725
       459    -0.00521658
       460    -0.00538240
       461    -0.00555496
       462    -0.00573455
       463    -0.00592144
       464    -0.00611590
       465    -0.00631822
       466    -0.00652867
       467    -0.00674751
       468    -0.00697501
       469    -0.00721141
       470    -0.00745694
       471    -0.00771180
       472    -0.00797617
       473    -0.00825017
       474    -0.00853390
       475    -0.00882738
       476    -0.00913058
       477    -0.00944338
       478    -0.00976557
       479    -0.01009683
       480    -0.01043674
       481    -0.01078471
       482    -0.01114003
       483    -0.01150179
       484    -0.01186891
       485    -0.01224012
       486    -0.01261392
       487    -0.01298861
       488    -0.01336225
       489    -0.01373268
       490    -0.01409753
       491    -0.01445421
       492    -0.01479997
       493    -0.01513190
       494    -0.01544698
       495    -0.01574215
       496    -0.01601433
       497    -0.01626055
       498    -0.01647794
       499    -0.01666389
       500    -0.01681606
       501    -0.01693247
       502    -0.01701160
       503    -0.01705236
       504    -0.01705422
       505    -0.01701713
       506    -0.01694162
       507    -0.01682869
       508    -0.01667986
       509    -0.01649704
       510    -0.01628256
       511    -0.01603900
       512    -0.01576921
       513    -0.01547616
       514    -0.01516290
       515    -0.01483253
       516    -0.01448805
       517    -0.01413238
       518    -0.01376831
       519    -0.01339842
       520    -0.01302511
       521    -0.01265057
       522    -0.01227674
       523    -0.01190536
       524    -0.01153794
       525    -0.01117577
       526    -0.01081996
       527    -0.01047140
       528    -0.01013086
       529    -0.00979890
       530    -0.00947599
       531    -0.00916244
       532    -0.00885848
       533    -0.00856423
       534    -0.00827973
       535    -0.00800496
       536    -0.00773984
       537    -0.00748423
       538    -0.00723797
       539    -0.00700085
       540    -0.00677267
       541    -0.00655315
       542    -0.00634206
       543    -0.00613913
       544    -0.00594407
       545    -0.00575661
       546    -0.00557648
       547    -0.00540340
       548    -0.00523709
       549    -0.00507729
       550    -0.00492373
       551    -0.00477617
       552    -0.00463434
       553    -0.00449801
       554    -0.00436695
       555    -0.00424092
       556    -0.00411972
       557    -0.00400314
       558    -0.00389098
       559    -0.00378304
       560    -0.00367914
       561    -0.00357910
       562    -0.00348277
       563    -0.00338997
       564    -0.00330056
       565    -0.00321438
       566    -0.00313131
       567    -0.00305119
       568    -0.00297392
       569    -0.00289936
       570    -0.00282741
       571    -0.00275794
       572    -0.00269086
       573    -0.00262607
       574    -0.00256347
       575    -0.00250297
       576    -0.00244448
       577    -0.00238792
       578    -0.00233321
       579    -0.00228028
       580    -0.00222906
       581    -0.00217947
       582    -0.00213146
       583    -0.00208495
       584    -0.00203990
       585    -0.00199623
       586    -0.00195391
       587    -0.00191288
       588    -0.00187308
       589    -0.00183448
       590    -0.00179703
       591    -0.00176068
       592    -0.00172539
       593    -0.00169112
       594    -0.00165784
       595    -0.00162551
       596    -0.00159410
       597    -0.00156357
       598    -0.00153389
       599    -0.00150503
       600    -0.00147697
       601    -0.00144967
       602    -0.00142310
       603    -0.00139725
       604    -0.00137209
       605    -0.00134759
       606    -0.00132374
       607    -0.00130051
       608    -0.00127787
       609    -0.00125582
       610    -0.00123433
       611    -0.00121338
       612    -0.00119296
       613    -0.00117305
       614    -0.00115363
       615    -0.00113468
       616    -0.00111620
       617    -0.00109817
       618    -0.00108056
       619    -0.00106338
       620    -0.00104661
       621    -0.00103023
       622    -0.00101424
       623    -0.00099861
       624    -0.00098335
       625    -0.00096844
       626    -0.00095386
       627    -0.00093962
       628    -0.00092569
       629    -0.00091208
       630    -0.00089877
       631    -0.00088575
       632    -0.00087302
       633    -0.00086056
       634    -0.00084838
       635    -0.00083645
       636    -0.00082478
       637    -0.00081336
       638    -0.00080218
       639    -0.00079123
       640    -0.00078051
       641    -0.00077002
       642    -0.00075974
       643    -0.00074967
       644    -0.00073980
       645    -0.00073014
       646    -0.00072067
       647    -0.00071139
       648    -0.00070229
       649    -0.00069337
       650    -0.00068463
       651    -0.00067607
       652    -0.00066766
       653    -0.00065942
       654    -0.00065134
       655    -0.00064342
       656    -0.00063564
       657    -0.00062801
       658    -0.00062053
       659    -0.00061319
       660    -0.00060598
       661    -0.00059891
       662    -0.00059197
       663    -0.00058516
       664    -0.00057847
       665    -0.00057190
       666    -0.00056545
       667    -0.00055912
       668    -0.00055290
       669    -0.00054680
       670    -0.00054080
       671    -0.00053491
       672    -0.00052912
       673    -0.00052344
       674    -0.00051785
       675    -0.00051237
       676    -0.00050697
       677    -0.00050167
       678    -0.00049647
       679    -0.00049135
       680    -0.00048632
       681    -0.00048137
       682    -0.00047651
       683    -0.00047173
       684    -0.00046703
       685    -0.00046241
       686    -0.00045786
       687    -0.00045339
       688    -0.00044900
       689    -0.00044468
       690    -0.00044043
       691    -0.00043625
       692    -0.00043213
       693    -0.00042809
       694    -0.00042411
       695    -0.00042019
       696    -0.00041634
       697    -0.00041255
       698    -0.00040882
       699    -0.00040515
       700    -0.00040154
       701    -0.00039798
       702    -0.00039449
       703    -0.00039104
       704    -0.00038765
       705    -0.00038432
       706    -0.00038104
       707    -0.00037780
       708    -0.00037462
       709    -0.00037149
       710    -0.00036841
       711    -0.00036537
       712    -0.00036238
       713    -0.00035944
       714    -0.00035654
       715    -0.00035369
       716    -0.00035088
       717    -0.00034811
       718    -0.00034539
       719    -0.00034270
       720    -0.00034006
       721    -0.00033746
       722    -0.00033489
       723    -0.00033237
       724    -0.00032988
       725    -0.00032743
       726    -0.00032502
       727    -0.00032264
       728    -0.00032030
       729    -0.00031799
       730    -0.00031572
       731    -0.00031348
       732    -0.00031127
       733    -0.00030910
       734    -0.00030696
       735    -0.00030485
       736    -0.00030277
       737    -0.00030072
       738    -0.00029871
       739    -0.00029672
       740    -0.00029476
       741    -0.00029283
       742    -0.00029093
       743    -0.00028905
       744    -0.00028721
       745    -0.00028539
       746    -0.00028360
       747    -0.00028183
       748    -0.00028009
       749    -0.00027837
       750    -0.00027668
       751    -0.00027502
       752    -0.00027337
       753    -0.00027176
       754    -0.00027016
       755    -0.00026859
       756    -0.00026704
       757    -0.00026552
       758    -0.00026402
       759    -0.00026253
       760    -0.00026108
       761    -0.00025964
       762    -0.00025822
       763    -0.00025682
       764    -0.00025545
       765    -0.00025409
       766    -0.00025276
       767    -0.00025144
       768    -0.00025015
       769    -0.00024887
       770    -0.00024761
       771    -0.00024637
       772    -0.00024515
       773    -0.00024395
       774    -0.00024277
       775    -0.00024160
       776    -0.00024045
       777    -0.00023932
       778    -0.00023821
       779    -0.00023711
       780    -0.00023603
       781    -0.00023497
       782    -0.00023392
       783    -0.00023289
       784    -0.00023188
       785    -0.00023088
       786    -0.00022990
       787    -0.00022893
       788    -0.00022798
       789    -0.00022705
       790    -0.00022613
       791    -0.00022523
       792    -0.00022434
       793    -0.00022346
       794    -0.00022261
       795    -0.00022176
       796    -0.00022093
       797    -0.00022012
       798    -0.00021932
       799    -0.00021853
       800    -0.00021776
       801    -0.00021700
       802    -0.00021626
       803    -0.00021553
       804    -0.00021482
       805    -0.00021412
       806    -0.00021343
       807    -0.00021276
       808    -0.00021210
       809    -0.00021145
       810    -0.00021082
       811    -0.00021020
       812    -0.00020959
       813    -0.00020900
       814    -0.00020842
       815    -0.00020785
       816    -0.00020730
       817    -0.00020676
       818    -0.00020623
       819    -0.00020572
       820    -0.00020522
       821    -0.00020473
       822    -0.00020426
       823    -0.00020379
       824    -0.00020334
       825    -0.00020291
       826    -0.00020248
       827    -0.00020207
       828    -0.00020167
       829    -0.00020129
       830    -0.00020091
       831    -0.00020055
       832    -0.00020020
       833    -0.00019987
       834    -0.00019954
       835    -0.00019923
       836    -0.00019893
       837    -0.00019864
       838    -0.00019837
       839    -0.00019811
       840    -0.00019785
       841    -0.00019761
       842    -0.00019739
       843    -0.00019717
       844    -0.00019697
       845    -0.00019678
       846    -0.00019659
       847    -0.00019643
       848    -0.00019627
       849    -0.00019612
       850    -0.00019599
       851    -0.00019586
       852    -0.00019575
       853    -0.00019565
       854    -0.00019556
       855    -0.00019548
       856    -0.00019541
       857    -0.00019535
       858    -0.00019530
       859    -0.00019527
       860    -0.00019524
       861    -0.00019523
       862    -0.00019522
       863    -0.00019522
       864    -0.00019524
       865    -0.00019526
       866    -0.00019530
       867    -0.00019534
       868    -0.00019540
       869    -0.00019546
       870    -0.00019553
       871    -0.00019561
       872    -0.00019570
       873    -0.00019580
       874    -0.00019591
       875    -0.00019603
       876    -0.00019616
       877    -0.00019630
       878    -0.00019644
       879    -0.00019659
       880    -0.00019676
       881    -0.00019692
       882    -0.00019710
       883    -0.00019729
       884    -0.00019748
       885    -0.00019769
       886    -0.00019789
       887    -0.00019811
       888    -0.00019834
       889    -0.00019857
       890    -0.00019881
       891    -0.00019906
       892    -0.00019931
       893    -0.00019958
       894    -0.00019985
       895    -0.00020012
       896    -0.00020041
       897    -0.00020070
       898    -0.00020100
       899    -0.00020130
       900    -0.00020162
       901    -0.00020194
       902    -0.00020226
       903    -0.00020260
       904    -0.00020294
       905    -0.00020328
       906    -0.00020364
       907    -0.00020400
       908    -0.00020436
       909    -0.00020474
       910    -0.00020512
       911    -0.00020551
       912    -0.00020590
       913    -0.00020630
       914    -0.00020671
       915    -0.00020713
       916    -0.00020755
       917    -0.00020798
       918    -0.00020841
       919    -0.00020886
       920    -0.00020931
       921    -0.00020976
       922    -0.00021023
       923    -0.00021070
       924    -0.00021117
       925    -0.00021166
       926    -0.00021215
       927    -0.00021265
       928    -0.00021315
       929    -0.00021366
       930    -0.00021418
       931    -0.00021470
       932    -0.00021524
       933    -0.00021577
       934    -0.00021632
       935    -0.00021687
       936    -0.00021743
       937    -0.00021800
       938    -0.00021857
       939    -0.00021914
       940    -0.00021973
       941    -0.00022032
       942    -0.00022092
       943    -0.00022152
       944    -0.00022213
       945    -0.00022274
       946    -0.00022336
       947    -0.00022399
       948    -0.00022462
       949    -0.00022525
       950    -0.00022589
       951    -0.00022654
       952    -0.00022719
       953    -0.00022784
       954    -0.00022850
       955    -0.00022917
       956    -0.00022984
       957    -0.00023051
       958    -0.00023118
       959    -0.00023186
       960    -0.00023254
       961    -0.00023323
       962    -0.00023392
       963    -0.00023461
       964    -0.00023530
       965    -0.00023600
       966    -0.00023669
       967    -0.00023739
       968    -0.00023810
       969    -0.00023880
       970    -0.00023951
       971    -0.00024021
       972    -0.00024092
       973    -0.00024163
       974    -0.00024234
       975    -0.00024305
       976    -0.00024376
       977    -0.00024448
       978    -0.00024519
       979    -0.00024591
       980    -0.00024662
       981    -0.00024734
       982    -0.00024805
       983    -0.00024877
       984    -0.00024949
       985    -0.00025021
       986    -0.00025093
       987    -0.00025165
       988    -0.00025237
       989    -0.00025309
       990    -0.00025382
       991    -0.00025454
       992    -0.00025526
       993    -0.00025599
       994    -0.00025672
       995    -0.00025745
       996    -0.00025818
       997    -0.00025891
       998    -0.00025965
       999    -0.00026038
      1000    -0.00026112
      1001    -0.00026186
      1002    -0.00026261
      1003    -0.00026335
      1004    -0.00026410
      1005    -0.00026485
      1006    -0.00026561
      1007    -0.00026636
      1008    -0.00026712
      1009    -0.00026788
      1010    -0.00026865
      1011    -0.00026942
      1012    -0.00027019
      1013    -0.00027097
      1014    -0.00027174
      1015    -0.00027252
      1016    -0.00027331
      1017    -0.00027409
      1018    -0.00027488
      1019    -0.00027567
      1020    -0.00027647
      1021    -0.00027727
      1022    -0.00027806
      1023    -0.00027887
      1024    -0.00027967
      1025    -0.00028047
      1026    -0.00028128
      1027    -0.00028208
      1028    -0.00028289
      1029    -0.00028370
      1030    -0.00028451
      1031    -0.00028532
      1032    -0.00028612
      1033    -0.00028693
      1034    -0.00028774
      1035    -0.00028854
      1036    -0.00028935
      1037    -0.00029015
      1038    -0.00029095
      1039    -0.00029174
      1040    -0.00029254
      1041    -0.00029333
      1042    -0.00029412
      1043    -0.00029490
      1044    -0.00029568
      1045    -0.00029646
      1046    -0.00029723
      1047    -0.00029800
      1048    -0.00029876
      1049    -0.00029952
      1050    -0.00030028
      1051    -0.00030103
      1052    -0.00030177
      1053    -0.00030251
      1054    -0.00030325
      1055    -0.00030398
      1056    -0.00030470
      1057    -0.00030542
      1058    -0.00030614
      1059    -0.00030686
      1060    -0.00030756
      1061    -0.00030827
      1062    -0.00030897
      1063    -0.00030967
      1064    -0.00031037
      1065    -0.00031106
      1066    -0.00031175
      1067    -0.00031244
      1068    -0.00031313
      1069    -0.00031381
      1070    -0.00031449
      1071    -0.00031518
      1072    -0.00031586
      1073    -0.00031654
      1074    -0.00031722
      1075    -0.00031791
      1076    -0.00031859
      1077    -0.00031927
      1078    -0.00031996
      1079    -0.00032065
      1080    -0.00032133
      1081    -0.00032202
      1082    -0.00032271
      1083    -0.00032341
      1084    -0.00032410
      1085    -0.00032480
      1086    -0.00032549
      1087    -0.00032619
      1088    -0.00032689
      1089    -0.00032760
      1090    -0.00032830
      1091    -0.00032900
      1092    -0.00032971
      1093    -0.00033041
      1094    -0.00033112
      1095    -0.00033182
      1096    -0.00033252
      1097    -0.00033322
      1098    -0.00033392
      1099    -0.00033462
      1100    -0.00033531
      1101    -0.00033601
      1102    -0.00033669
      1103    -0.00033738
      1104    -0.00033805
      1105    -0.00033873
      1106    -0.00033939
      1107    -0.00034005
      1108    -0.00034071
      1109    -0.00034135
      1110    -0.00034199
      1111    -0.00034262
      1112    -0.00034324
      1113    -0.00034386
      1114    -0.00034446
      1115    -0.00034506
      1116    -0.00034564
      1117    -0.00034622
      1118    -0.00034679
      1119    -0.00034734
      1120    -0.00034789
      1121    -0.00034843
      1122    -0.00034896
      1123    -0.00034948
      1124    -0.00034999
      1125    -0.00035049
      1126    -0.00035098
      1127    -0.00035147
      1128    -0.00035194
      1129    -0.00035242
      1130    -0.00035288
      1131    -0.00035334
      1132    -0.00035379
      1133    -0.00035424
      1134    -0.00035468
      1135    -0.00035512
      1136    -0.00035556
      1137    -0.00035600
      1138    -0.00035643
      1139    -0.00035686
      1140    -0.00035729
      1141    -0.00035772
      1142    -0.00035815
      1143    -0.00035858
      1144    -0.00035901
      1145    -0.00035944
      1146    -0.00035987
      1147    -0.00036031
      1148    -0.00036074
      1149    -0.00036118
      1150    -0.00036162
      1151    -0.00036206
      1152    -0.00036250
      1153    -0.00036295
      1154    -0.00036339
      1155    -0.00036384
      1156    -0.00036429
      1157    -0.00036473
      1158    -0.00036518
      1159    -0.00036562
      1160    -0.00036607
      1161    -0.00036651
      1162    -0.00036695
      1163    -0.00036738
      1164    -0.00036781
      1165    -0.00036823
      1166    -0.00036865
      1167    -0.00036906
      1168    -0.00036946
      1169    -0.00036986
      1170    -0.00037024
      1171    -0.00037062
      1172    -0.00037098
      1173    -0.00037133
      1174    -0.00037167
      1175    -0.00037200
      1176    -0.00037232
      1177    -0.00037262
      1178    -0.00037291
      1179    -0.00037318
      1180    -0.00037344
      1181    -0.00037369
      1182    -0.00037392
      1183    -0.00037413
      1184    -0.00037434
      1185    -0.00037453
      1186    -0.00037470
      1187    -0.00037487
      1188    -0.00037502
      1189    -0.00037516
      1190    -0.00037528
      1191    -0.00037540
      1192    -0.00037551
      1193    -0.00037561
      1194    -0.00037570
      1195    -0.00037578
      1196    -0.00037586
      1197    -0.00037593
      1198    -0.00037599
      1199    -0.00037606
      1200    -0.00037612
      1201    -0.00037617
      1202    -0.00037623
      1203    -0.00037629
      1204    -0.00037634
      1205    -0.00037640
      1206    -0.00037646
      1207    -0.00037652
      1208    -0.00037658
      1209    -0.00037665
      1210    -0.00037672
      1211    -0.00037679
      1212    -0.00037686
      1213    -0.00037693
      1214    -0.00037701
      1215    -0.00037709
      1216    -0.00037717
      1217    -0.00037725
      1218    -0.00037734
      1219    -0.00037742
      1220    -0.00037750
      1221    -0.00037758
      1222    -0.00037765
      1223    -0.00037772
      1224    -0.00037779
      1225    -0.00037784
      1226    -0.00037790
      1227    -0.00037794
      1228    -0.00037797
      1229    -0.00037799
      1230    -0.00037800
      1231    -0.00037800
      1232    -0.00037798
      1233    -0.00037795
      1234    -0.00037791
      1235    -0.00037784
      1236    -0.00037776
      1237    -0.00037766
      1238    -0.00037755
      1239    -0.00037741
      1240    -0.00037726
      1241    -0.00037709
      1242    -0.00037690
      1243    -0.00037669
      1244    -0.00037647
      1245    -0.00037622
      1246    -0.00037596
      1247    -0.00037569
      1248    -0.00037539
      1249    -0.00037509
      1250    -0.00037477
      1251    -0.00037443
      1252    -0.00037409
      1253    -0.00037373
      1254    -0.00037337
      1255    -0.00037300
      1256    -0.00037262
      1257    -0.00037223
      1258    -0.00037184
      1259    -0.00037145
      1260    -0.00037105
      1261    -0.00037066
      1262    -0.00037026
      1263    -0.00036987
      1264    -0.00036948
      1265    -0.00036909
      1266    -0.00036870
      1267    -0.00036832
      1268    -0.00036794
      1269    -0.00036756
      1270    -0.00036719
      1271    -0.00036682
      1272    -0.00036646
      1273    -0.00036610
      1274    -0.00036574
      1275    -0.00036539
      1276    -0.00036503
      1277    -0.00036468
      1278    -0.00036432
      1279    -0.00036396
      1280    -0.00036360
      1281    -0.00036324
      1282    -0.00036287
      1283    -0.00036249
      1284    -0.00036210
      1285    -0.00036171
      1286    -0.00036130
      1287    -0.00036087
      1288    -0.00036044
      1289    -0.00035999
      1290    -0.00035952
      1291    -0.00035903
      1292    -0.00035853
      1293    -0.00035800
      1294    -0.00035745
      1295    -0.00035689
      1296    -0.00035630
      1297    -0.00035568
      1298    -0.00035505
      1299    -0.00035439
      1300    -0.00035372
      1301    -0.00035302
      1302    -0.00035230
      1303    -0.00035156
      1304    -0.00035080
      1305    -0.00035002
      1306    -0.00034922
      1307    -0.00034841
      1308    -0.00034759
      1309    -0.00034675
      1310    -0.00034589
      1311    -0.00034503
      1312    -0.00034416
      1313    -0.00034329
      1314    -0.00034240
      1315    -0.00034152
      1316    -0.00034063
      1317    -0.00033974
      1318    -0.00033885
      1319    -0.00033796
      1320    -0.00033707
      1321    -0.00033619
      1322    -0.00033531
      1323    -0.00033444
      1324    -0.00033357
      1325    -0.00033271
      1326    -0.00033185
      1327    -0.00033100
      1328    -0.00033016
      1329    -0.00032932
      1330    -0.00032848
      1331    -0.00032765
      1332    -0.00032683
      1333    -0.00032600
      1334    -0.00032517
      1335    -0.00032435
      1336    -0.00032352
      1337    -0.00032268
      1338    -0.00032184
      1339    -0.00032100
      1340    -0.00032014
      1341    -0.00031927
      1342    -0.00031839
      1343    -0.00031750
      1344    -0.00031659
      1345    -0.00031566
      1346    -0.00031471
      1347    -0.00031375
      1348    -0.00031276
      1349    -0.00031175
      1350    -0.00031071
      1351    -0.00030965
      1352    -0.00030857
      1353    -0.00030746
      1354    -0.00030633
      1355    -0.00030518
      1356    -0.00030400
      1357    -0.00030279
      1358    -0.00030157
      1359    -0.00030032
      1360    -0.00029905
      1361    -0.00029776
      1362    -0.00029646
      1363    -0.00029514
      1364    -0.00029380
      1365    -0.00029245
      1366    -0.00029109
      1367    -0.00028973
      1368    -0.00028835
      1369    -0.00028697
      1370    -0.00028559
      1371    -0.00028420
      1372    -0.00028282
      1373    -0.00028143
      1374    -0.00028005
      1375    -0.00027868
      1376    -0.00027731
      1377    -0.00027595
      1378    -0.00027459
      1379    -0.00027325
      1380    -0.00027191
      1381    -0.00027058
      1382    -0.00026925
      1383    -0.00026794
      1384    -0.00026663
      1385    -0.00026533
      1386    -0.00026404
      1387    -0.00026275
      1388    -0.00026146
      1389    -0.00026018
      1390    -0.00025890
      1391    -0.00025761
      1392    -0.00025632
      1393    -0.00025502
      1394    -0.00025372
      1395    -0.00025241
      1396    -0.00025108
      1397    -0.00024975
      1398    -0.00024839
      1399    -0.00024702
      1400    -0.00024564
      1401    -0.00024423
      1402    -0.00024280
      1403    -0.00024134
      1404    -0.00023987
      1405    -0.00023837
      1406    -0.00023684
      1407    -0.00023529
      1408    -0.00023371
      1409    -0.00023211
      1410    -0.00023049
      1411    -0.00022884
      1412    -0.00022716
      1413    -0.00022547
      1414    -0.00022375
      1415    -0.00022202
      1416    -0.00022026
      1417    -0.00021850
      1418    -0.00021671
      1419    -0.00021492
      1420    -0.00021312
      1421    -0.00021130
      1422    -0.00020949
      1423    -0.00020767
      1424    -0.00020585
      1425    -0.00020403
      1426    -0.00020221
      1427    -0.00020040
      1428    -0.00019859
      1429    -0.00019679
      1430    -0.00019500
      1431    -0.00019322
      1432    -0.00019146
      1433    -0.00018970
      1434    -0.00018795
      1435    -0.00018622
      1436    -0.00018450
      1437    -0.00018279
      1438    -0.00018109
      1439    -0.00017940
      1440    -0.00017771
      1441    -0.00017604
      1442    -0.00017437
      1443    -0.00017270
      1444    -0.00017104
      1445    -0.00016938
      1446    -0.00016771
      1447    -0.00016604
      1448    -0.00016436
      1449    -0.00016268
      1450    -0.00016099
      1451    -0.00015928
      1452    -0.00015756
      1453    -0.00015582
      1454    -0.00015406
      1455    -0.00015229
      1456    -0.00015049
      1457    -0.00014867
      1458    -0.00014683
      1459    -0.00014497
      1460    -0.00014308
      1461    -0.00014117
      1462    -0.00013923
      1463    -0.00013727
      1464    -0.00013529
      1465    -0.00013328
      1466    -0.00013126
      1467    -0.00012922
      1468    -0.00012715
      1469    -0.00012508
      1470    -0.00012298
      1471    -0.00012088
      1472    -0.00011877
      1473    -0.00011665
      1474    -0.00011452
      1475    -0.00011239
      1476    -0.00011026
      1477    -0.00010813
      1478    -0.00010601
      1479    -0.00010389
      1480    -0.00010178
      1481    -0.00009968
      1482    -0.00009759
      1483    -0.00009552
      1484    -0.00009346
      1485    -0.00009141
      1486    -0.00008938
      1487    -0.00008736
      1488    -0.00008536
      1489    -0.00008338
      1490    -0.00008141
      1491    -0.00007946
      1492    -0.00007752
      1493    -0.00007559
      1494    -0.00007367
      1495    -0.00007176
      1496    -0.00006987
      1497    -0.00006797
      1498    -0.00006608
      1499    -0.00006419
      1500    -0.00006231
      1501    -0.00006041
      1502    -0.00005852
      1503    -0.00005661
      1504    -0.00005470
      1505    -0.00005278
      1506    -0.00005084
      1507    -0.00004889
      1508    -0.00004692
      1509    -0.00004493
      1510    -0.00004293
      1511    -0.00004090
      1512    -0.00003886
      1513    -0.00003679
      1514    -0.00003471
      1515    -0.00003260
      1516    -0.00003047
      1517    -0.00002832
      1518    -0.00002616
      1519    -0.00002398
      1520    -0.00002178
      1521    -0.00001957
      1522    -0.00001734
      1523    -0.00001511
      1524    -0.00001287
      1525    -0.00001062
      1526    -0.00000837
      1527    -0.00000612
      1528    -0.00000387
      1529    -0.00000162
      1530     0.00000062
      1531     0.00000285
      1532     0.00000507
      1533     0.00000727
      1534     0.00000947
      1535     0.00001165
      1536     0.00001381
      1537     0.00001595
      1538     0.00001807
      1539     0.00002017
      1540     0.00002225
      1541     0.00002432
      1542     0.00002636
      1543     0.00002838
      1544     0.00003039
      1545     0.00003237
      1546     0.00003434
      1547     0.00003630
      1548     0.00003824
      1549     0.00004017
      1550     0.00004209
      1551     0.00004400
      1552     0.00004591
      1553     0.00004781
      1554     0.00004972
      1555     0.00005162
      1556     0.00005353
      1557     0.00005545
      1558     0.00005737
      1559     0.00005930
      1560     0.00006124
      1561     0.00006320
      1562     0.00006517
      1563     0.00006715
      1564     0.00006915
      1565     0.00007117
      1566     0.00007320
      1567     0.00007525
      1568     0.00007731
      1569     0.00007939
      1570     0.00008149
      1571     0.00008360
      1572     0.00008572
      1573     0.00008785
      1574     0.00009000
      1575     0.00009215
      1576     0.00009430
      1577     0.00009646
      1578     0.00009862
      1579     0.00010078
      1580     0.00010293
      1581     0.00010508
      1582     0.00010722
      1583     0.00010935
      1584     0.00011147
      1585     0.00011357
      1586     0.00011565
      1587     0.00011772
      1588     0.00011977
      1589     0.00012180
      1590     0.00012380
      1591     0.00012578
      1592     0.00012774
      1593     0.00012967
      1594     0.00013158
      1595     0.00013347
      1596     0.00013534
      1597     0.00013718
      1598     0.00013900
      1599     0.00014080
      1600     0.00014259
      1601     0.00014435
      1602     0.00014611
      1603     0.00014785
      1604     0.00014957
      1605     0.00015129
      1606     0.00015301
      1607     0.00015472
      1608     0.00015642
      1609     0.00015813
      1610     0.00015984
      1611     0.00016155
      1612     0.00016327
      1613     0.00016500
      1614     0.00016673
      1615     0.00016847
      1616     0.00017023
      1617     0.00017199
      1618     0.00017377
      1619     0.00017556
      1620     0.00017737
      1621     0.00017918
      1622     0.00018101
      1623     0.00018284
      1624     0.00018469
      1625     0.00018655
      1626     0.00018841
      1627     0.00019028
      1628     0.00019215
      1629     0.00019402
      1630     0.00019590
      1631     0.00019777
      1632     0.00019964
      1633     0.00020150
      1634     0.00020335
      1635     0.00020519
      1636     0.00020702
      1637     0.00020884
      1638     0.00021063
      1639     0.00021241
      1640     0.00021417
      1641     0.00021591
      1642     0.00021762
      1643     0.00021931
      1644     0.00022098
      1645     0.00022262
      1646     0.00022423
      1647     0.00022582
      1648     0.00022739
      1649     0.00022893
      1650     0.00023045
      1651     0.00023194
      1652     0.00023341
      1653     0.00023487
      1654     0.00023630
      1655     0.00023771
      1656     0.00023911
      1657     0.00024050
      1658     0.00024188
      1659     0.00024324
      1660     0.00024460
      1661     0.00024595
      1662     0.00024730
      1663     0.00024864
      1664     0.00024999
      1665     0.00025134
      1666     0.00025269
      1667     0.00025404
      1668     0.00025540
      1669     0.00025677
      1670     0.00025815
      1671     0.00025953
      1672     0.00026093
      1673     0.00026233
      1674     0.00026374
      1675     0.00026516
      1676     0.00026658
      1677     0.00026802
      1678     0.00026946
      1679     0.00027091
      1680     0.00027236
      1681     0.00027381
      1682     0.00027526
      1683     0.00027671
      1684     0.00027816
      1685     0.00027961
      1686     0.00028104
      1687     0.00028247
      1688     0.00028389
      1689     0.00028530
      1690     0.00028669
      1691     0.00028807
      1692     0.00028943
      1693     0.00029077
      1694     0.00029209
      1695     0.00029338
      1696     0.00029466
      1697     0.00029591
      1698     0.00029714
      1699     0.00029834
      1700     0.00029952
      1701     0.00030067
      1702     0.00030180
      1703     0.00030291
      1704     0.00030399
      1705     0.00030505
      1706     0.00030608
      1707     0.00030710
      1708     0.00030810
      1709     0.00030907
      1710     0.00031004
      1711     0.00031099
      1712     0.00031192
      1713     0.00031285
      1714     0.00031376
      1715     0.00031467
      1716     0.00031557
      1717     0.00031647
      1718     0.00031736
      1719     0.00031826
      1720     0.00031915
      1721     0.00032005
      1722     0.00032095
      1723     0.00032185
      1724     0.00032276
      1725     0.00032367
      1726     0.00032459
      1727     0.00032552
      1728     0.00032645
      1729     0.00032739
      1730     0.00032834
      1731     0.00032929
      1732     0.00033024
      1733     0.00033120
      1734     0.00033216
      1735     0.00033312
      1736     0.00033409
      1737     0.00033505
      1738     0.00033601
      1739     0.00033696
      1740     0.00033791
      1741     0.00033886
      1742     0.00033979
      1743     0.00034071
      1744     0.00034163
      1745     0.00034252
      1746     0.00034341
      1747     0.00034427
      1748     0.00034512
      1749     0.00034595
      1750     0.00034676
      1751     0.00034755
      1752     0.00034832
      1753     0.00034906
      1754     0.00034979
      1755     0.00035049
      1756     0.00035117
      1757     0.00035182
      1758     0.00035246
      1759     0.00035307
      1760     0.00035366
      1761     0.00035423
      1762     0.00035478
      1763     0.00035531
      1764     0.00035583
      1765     0.00035633
      1766     0.00035682
      1767     0.00035729
      1768     0.00035775
      1769     0.00035820
      1770     0.00035865
      1771     0.00035908
      1772     0.00035951
      1773     0.00035994
      1774     0.00036036
      1775     0.00036079
      1776     0.00036121
      1777     0.00036163
      1778     0.00036205
      1779     0.00036248
      1780     0.00036291
      1781     0.00036334
      1782     0.00036378
      1783     0.00036422
      1784     0.00036466
      1785     0.00036511
      1786     0.00036557
      1787     0.00036602
      1788     0.00036648
      1789     0.00036695
      1790     0.00036741
      1791     0.00036788
      1792     0.00036834
      1793     0.00036881
      1794     0.00036927
      1795     0.00036973
      1796     0.00037018
      1797     0.00037063
      1798     0.00037107
      1799     0.00037150
      1800     0.00037192
      1801     0.00037233
      1802     0.00037273
      1803     0.00037311
      1804     0.00037348
      1805     0.00037383
      1806     0.00037417
      1807     0.00037449
      1808     0.00037480
      1809     0.00037508
      1810     0.00037535
      1811     0.00037559
      1812     0.00037582
      1813     0.00037603
      1814     0.00037622
      1815     0.00037639
      1816     0.00037654
      1817     0.00037667
      1818     0.00037679
      1819     0.00037689
      1820     0.00037698
      1821     0.00037705
      1822     0.00037711
      1823     0.00037715
      1824     0.00037718
      1825     0.00037720
      1826     0.00037722
      1827     0.00037722
      1828     0.00037722
      1829     0.00037721
      1830     0.00037720
      1831     0.00037718
      1832     0.00037716
      1833     0.00037714
      1834     0.00037712
      1835     0.00037709
      1836     0.00037707
      1837     0.00037705
      1838     0.00037704
      1839     0.00037702
      1840     0.00037701
      1841     0.00037700
      1842     0.00037699
      1843     0.00037698
      1844     0.00037698
      1845     0.00037698
      1846     0.00037698
      1847     0.00037699
      1848     0.00037699
      1849     0.00037700
      1850     0.00037700
      1851     0.00037701
      1852     0.00037701
      1853     0.00037701
      1854     0.00037701
      1855     0.00037700
      1856     0.00037698
      1857     0.00037696
      1858     0.00037693
      1859     0.00037690
      1860     0.00037685
      1861     0.00037680
      1862     0.00037673
      1863     0.00037665
      1864     0.00037656
      1865     0.00037646
      1866     0.00037634
      1867     0.00037621
      1868     0.00037607
      1869     0.00037591
      1870     0.00037574
      1871     0.00037555
      1872     0.00037534
      1873     0.00037512
      1874     0.00037489
      1875     0.00037464
      1876     0.00037438
      1877     0.00037410
      1878     0.00037382
      1879     0.00037352
      1880     0.00037320
      1881     0.00037288
      1882     0.00037254
      1883     0.00037220
      1884     0.00037184
      1885     0.00037148
      1886     0.00037111
      1887     0.00037074
      1888     0.00037036
      1889     0.00036997
      1890     0.00036958
      1891     0.00036919
      1892     0.00036879
      1893     0.00036839
      1894     0.00036800
      1895     0.00036760
      1896     0.00036720
      1897     0.00036680
      1898     0.00036640
      1899     0.00036601
      1900     0.00036561
      1901     0.00036522
      1902     0.00036483
      1903     0.00036444
      1904     0.00036405
      1905     0.00036366
      1906     0.00036328
      1907     0.00036290
      1908     0.00036251
      1909     0.00036213
      1910     0.00036175
      1911     0.00036137
      1912     0.00036099
      1913     0.00036061
      1914     0.00036022
      1915     0.00035983
      1916     0.00035944
      1917     0.00035905
      1918     0.00035865
      1919     0.00035825
      1920     0.00035784
      1921     0.00035743
      1922     0.00035701
      1923     0.00035658
      1924     0.00035614
      1925     0.00035570
      1926     0.00035524
      1927     0.00035478
      1928     0.00035431
      1929     0.00035383
      1930     0.00035334
      1931     0.00035284
      1932     0.00035233
      1933     0.00035181
      1934     0.00035127
      1935     0.00035073
      1936     0.00035018
      1937     0.00034962
      1938     0.00034904
      1939     0.00034846
      1940     0.00034787
      1941     0.00034727
      1942     0.00034666
      1943     0.00034605
      1944     0.00034542
      1945     0.00034479
      1946     0.00034416
      1947     0.00034351
      1948     0.00034286
      1949     0.00034221
      1950     0.00034155
      1951     0.00034089
      1952     0.00034022
      1953     0.00033955
      1954     0.00033888
      1955     0.00033821
      1956     0.00033754
      1957     0.00033686
      1958     0.00033619
      1959     0.00033551
      1960     0.00033484
      1961     0.00033417
      1962     0.00033349
      1963     0.00033282
      1964     0.00033215
      1965     0.00033148
      1966     0.00033081
      1967     0.00033015
      1968     0.00032948
      1969     0.00032882
      1970     0.00032816
      1971     0.00032750
      1972     0.00032684
      1973     0.00032619
      1974     0.00032553
      1975     0.00032488
      1976     0.00032422
      1977     0.00032357
      1978     0.00032291
      1979     0.00032226
      1980     0.00032160
      1981     0.00032094
      1982     0.00032028
      1983     0.00031962
      1984     0.00031896
      1985     0.00031829
      1986     0.00031762
      1987     0.00031695
      1988     0.00031628
      1989     0.00031560
      1990     0.00031491
      1991     0.00031423
      1992     0.00031353
      1993     0.00031283
      1994     0.00031213
      1995     0.00031142
      1996     0.00031071
      1997     0.00030999
      1998     0.00030927
      1999     0.00030854
      2000     0.00030780
