#    Step     Kinetic(H)     Potential(H)   Total(H)       E(0)(H)        E(1)(H)        
        0     0.00000000   -77.82296874   -77.82296874   -77.82296874   -77.51568311
        1     0.00192119   -77.82489850   -77.82297731   -77.82489850   -77.51751155
        2     0.00754992   -77.83055183   -77.82300191   -77.83055183   -77.52286277
        3     0.01649850   -77.83953785   -77.82303935   -77.83953785   -77.53135157
        4     0.02817342   -77.85125854   -77.82308512   -77.85125854   -77.54238912
        5     0.04184317   -77.86497735   -77.82313418   -77.86497735   -77.55525153
        6     0.05671429   -77.87989611   -77.82318182   -77.87989611   -77.56915646
        7     0.07200332   -77.89522764   -77.82322432   -77.89522764   -77.58333577
        8     0.08699555   -77.91025474   -77.82325919   -77.91025474   -77.59709458
        9     0.10108516   -77.92437043   -77.82328527   -77.92437043   -77.60985217
       10     0.11379614   -77.93709870   -77.82330256   -77.93709870   -77.62116395
       11     0.12478576   -77.94809776   -77.82331200   -77.94809776   -77.63072750
       12     0.13383399   -77.95714926   -77.82331527   -77.95714926   -77.63837758
       13     0.14082093   -77.96413602   -77.82331509   -77.96413602   -77.64407719
       14     0.14568806   -77.96900517   -77.82331711   -77.96900517   -77.64791692
       15     0.14834057   -77.97168524   -77.82334467   -77.97168524   -77.65016410
       16     0.14748461   -77.97150627   -77.82402166   -77.97150627   -77.65184267
       17     0.14561915   -77.96258146   -77.81696231   -77.96258146   -77.66360847
       18     0.14410796   -77.96106226   -77.81695430   -77.96106226   -77.66434502
       19     0.14142204   -77.95836443   -77.81694239   -77.95836443   -77.66387111
       20     0.00570027   -77.95464258   -77.94894231   -77.95464258   -77.66231568
       21     0.00491400   -77.95385534   -77.94894134   -77.95385534   -77.66189666
       22     0.00426337   -77.95320386   -77.94894049   -77.95320386   -77.66148302
       23     0.00376181   -77.95270158   -77.94893977   -77.95270158   -77.66108749
       24     0.00342079   -77.95235997   -77.94893918   -77.95235997   -77.66072114
       25     0.00324976   -77.95218847   -77.94893871   -77.95218847   -77.66039335
       26     0.00325607   -77.95219445   -77.94893838   -77.95219445   -77.66011168
       27     0.00344499   -77.95238318   -77.94893819   -77.95238318   -77.65988188
       28     0.00381965   -77.95275777   -77.94893812   -77.95275777   -77.65970786
       29     0.00438101   -77.95331921   -77.94893820   -77.95331921   -77.65959163
       30     0.00512791   -77.95406632   -77.94893841   -77.95406632   -77.65953334
       31     0.00605702   -77.95499577   -77.94893875   -77.95499577   -77.65953128
       32     0.00716284   -77.95610207   -77.94893923   -77.95610207   -77.65958187
       33     0.00843776   -77.95737759   -77.94893983   -77.95737759   -77.65967970
       34     0.00987201   -77.95881259   -77.94894058   -77.95881259   -77.65981761
       35     0.01145378   -77.96039523   -77.94894145   -77.96039523   -77.65998669
       36     0.01316919   -77.96211163   -77.94894244   -77.96211163   -77.66017638
       37     0.01500238   -77.96394595   -77.94894357   -77.96394595   -77.66037459
       38     0.01693564   -77.96588043   -77.94894479   -77.96588043   -77.66056781
       39     0.01962537   -77.98204622   -77.96242085   -77.98204622   -77.63506166
       40     0.00570027   -77.98506750   -77.97936723   -77.98506750   -77.63556141
       41     0.00703651   -77.98640364   -77.97936713   -77.98640364   -77.63611561
       42     0.00838951   -77.98775564   -77.97936613   -77.98775564   -77.63682037
       43     0.00975832   -77.98912351   -77.97936519   -77.98912351   -77.63764423
       44     0.01114824   -77.99051286   -77.97936462   -77.99051286   -77.63855014
       45     0.01256295   -77.99192745   -77.97936450   -77.99192745   -77.63950214
       46     0.01400181   -77.99336658   -77.97936477   -77.99336658   -77.64046767
       47     0.01545931   -77.99482468   -77.97936537   -77.99482468   -77.64141804
       48     0.01692569   -77.99629189   -77.97936620   -77.99629189   -77.64232816
       49     0.01838799   -77.99775516   -77.97936717   -77.99775516   -77.64317595
       50     0.01983129   -77.99919949   -77.97936820   -77.99919949   -77.64394174
       51     0.02123980   -78.00060903   -77.97936923   -78.00060903   -77.64460788
       52     0.02259790   -78.00196808   -77.97937018   -78.00196808   -77.64515865
       53     0.02389089   -78.00326193   -77.97937104   -78.00326193   -77.64558023
       54     0.02510568   -78.00447746   -77.97937178   -78.00447746   -77.64586102
       55     0.02623134   -78.00560368   -77.97937234   -78.00560368   -77.64599197
       56     0.02725947   -78.00663220   -77.97937273   -78.00663220   -77.64596701
       57     0.02818461   -78.00755752   -77.97937291   -78.00755752   -77.64578352
       58     0.02900448   -78.00837735   -77.97937287   -78.00837735   -77.64544266
       59     0.02972014   -78.00909276   -77.97937262   -78.00909276   -77.64494974
       60     0.00570027   -78.00970824   -78.00400797   -78.00970824   -77.64431438
       61     0.00595795   -78.00996564   -78.00400769   -78.00996564   -77.64399410
       62     0.00624116   -78.01024857   -78.00400741   -78.01024857   -77.64364672
       63     0.00655436   -78.01056151   -78.00400715   -78.01056151   -77.64327944
       64     0.00690174   -78.01090866   -78.00400692   -78.01090866   -77.64289962
       65     0.00728697   -78.01129370   -78.00400673   -78.01129370   -77.64251458
       66     0.00771304   -78.01171964   -78.00400660   -78.01171964   -77.64213134
       67     0.00818206   -78.01218859   -78.00400653   -78.01218859   -77.64175645
       68     0.00869512   -78.01270165   -78.00400653   -78.01270165   -77.64139580
       69     0.00925213   -78.01325876   -78.00400663   -78.01325876   -77.64105441
       70     0.00985179   -78.01385858   -78.00400679   -78.01385858   -77.64073634
       71     0.01049148   -78.01449852   -78.00400704   -78.01449852   -77.64044454
       72     0.01116728   -78.01517466   -78.00400738   -78.01517466   -77.64018083
       73     0.01187405   -78.01588183   -78.00400778   -78.01588183   -77.63994588
       74     0.01260545   -78.01661370   -78.00400825   -78.01661370   -77.63973923
       75     0.01335413   -78.01736292   -78.00400879   -78.01736292   -77.63955937
       76     0.01411190   -78.01812126   -78.00400936   -78.01812126   -77.63940386
       77     0.01486987   -78.01887983   -78.00400996   -78.01887983   -77.63926947
       78     0.01561873   -78.01962931   -78.00401058   -78.01962931   -77.63915235
       79     0.01634898   -78.02036018   -78.00401120   -78.02036018   -77.63904823
       80     0.00570027   -78.02106295   -78.01536268   -78.02106295   -77.63895259
       81     0.00609680   -78.02145979   -78.01536299   -78.02145979   -77.63890172
       82     0.00649099   -78.02185427   -78.01536328   -78.02185427   -77.63885473
       83     0.00687811   -78.02224169   -78.01536358   -78.02224169   -77.63880883
       84     0.00725363   -78.02261748   -78.01536385   -78.02261748   -77.63876123
       85     0.00761323   -78.02297733   -78.01536410   -78.02297733   -77.63870927
       86     0.00795298   -78.02331731   -78.01536433   -78.02331731   -77.63865049
       87     0.00826943   -78.02363395   -78.01536452   -78.02363395   -77.63858270
       88     0.00855964   -78.02392431   -78.01536467   -78.02392431   -77.63850410
       89     0.00882125   -78.02418603   -78.01536478   -78.02418603   -77.63841330
       90     0.00905255   -78.02441741   -78.01536486   -78.02441741   -77.63830939
       91     0.00925243   -78.02461732   -78.01536489   -78.02461732   -77.63819198
       92     0.00942042   -78.02478531   -78.01536489   -78.02478531   -77.63806123
       93     0.00955659   -78.02492144   -78.01536485   -78.02492144   -77.63791791
       94     0.00966154   -78.02502633   -78.01536479   -78.02502633   -77.63776338
       95     0.00973628   -78.02510100   -78.01536472   -78.02510100   -77.63759964
       96     0.00978215   -78.02514677   -78.01536462   -78.02514677   -77.63742931
       97     0.00980068   -78.02516521   -78.01536453   -78.02516521   -77.63725567
       98     0.00979355   -78.02515798   -78.01536443   -78.02515798   -77.63708257
       99     0.00976240   -78.02512674   -78.01536434   -78.02512674   -77.63691444
      100     0.00570027   -78.02507312   -78.01937285   -78.02507312   -77.63675618
      101     0.00564795   -78.02502073   -78.01937278   -78.02502073   -77.63664932
      102     0.00559014   -78.02496287   -78.01937273   -78.02496287   -77.63656380
      103     0.00552784   -78.02490051   -78.01937267   -78.02490051   -77.63650362
      104     0.00546192   -78.02483455   -78.01937263   -78.02483455   -77.63647260
      105     0.00539320   -78.02476578   -78.01937258   -78.02476578   -77.63647414
      106     0.00532252   -78.02469504   -78.01937252   -78.02469504   -77.63651112
      107     0.00525078   -78.02462324   -78.01937246   -78.02462324   -77.63658579
      108     0.00517900   -78.02455139   -78.01937239   -78.02455139   -77.63669961
      109     0.00510829   -78.02448060   -78.01937231   -78.02448060   -77.63685331
      110     0.00503979   -78.02441202   -78.01937223   -78.02441202   -77.63704681
      111     0.00497465   -78.02434681   -78.01937216   -78.02434681   -77.63727934
      112     0.00491390   -78.02428601   -78.01937211   -78.02428601   -77.63754949
      113     0.00485837   -78.02423044   -78.01937207   -78.02423044   -77.63785530
      114     0.00480860   -78.02418066   -78.01937206   -78.02418066   -77.63819438
      115     0.00476478   -78.02413685   -78.01937207   -78.02413685   -77.63856402
      116     0.00472668   -78.02409879   -78.01937211   -78.02409879   -77.63896123
      117     0.00469365   -78.02406582   -78.01937217   -78.02406582   -77.63938283
      118     0.00466464   -78.02403690   -78.01937226   -78.02403690   -77.63982552
      119     0.00463823   -78.02401060   -78.01937237   -78.02401060   -77.64028588
      120     0.00570027   -78.02398518   -78.01828491   -78.02398518   -77.64076038
      121     0.00566865   -78.02395371   -78.01828506   -78.02395371   -77.64129858
      122     0.00562947   -78.02391469   -78.01828522   -78.02391469   -77.64184248
      123     0.00558035   -78.02386571   -78.01828536   -78.02386571   -77.64238814
      124     0.00551894   -78.02380444   -78.01828550   -78.02380444   -77.64293166
      125     0.00544304   -78.02372866   -78.01828562   -78.02372866   -77.64346926
      126     0.00535066   -78.02363639   -78.01828573   -78.02363639   -77.64399723
      127     0.00524011   -78.02352593   -78.01828582   -78.02352593   -77.64451208
      128     0.00511004   -78.02339592   -78.01828588   -78.02339592   -77.64501055
      129     0.00495952   -78.02324543   -78.01828591   -78.02324543   -77.64548962
      130     0.00478805   -78.02307396   -78.01828591   -78.02307396   -77.64594660
      131     0.00459564   -78.02288153   -78.01828589   -78.02288153   -77.64637918
      132     0.00438283   -78.02266865   -78.01828582   -78.02266865   -77.64678544
      133     0.00415066   -78.02243639   -78.01828573   -78.02243639   -77.64716387
      134     0.00390075   -78.02218634   -78.01828559   -78.02218634   -77.64751341
      135     0.00363521   -78.02192063   -78.01828542   -78.02192063   -77.64783346
      136     0.00335667   -78.02164191   -78.01828524   -78.02164191   -77.64812385
      137     0.00306824   -78.02135326   -78.01828502   -78.02135326   -77.64838484
      138     0.00277344   -78.02105821   -78.01828477   -78.02105821   -77.64861711
      139     0.00247612   -78.02076064   -78.01828452   -78.02076064   -77.64882168
      140     0.00570027   -78.02046468   -78.01476441   -78.02046468   -77.64899989
      141     0.00521662   -78.01998059   -78.01476397   -78.01998059   -77.64924809
      142     0.00471961   -78.01948308   -78.01476347   -78.01948308   -77.64945946
      143     0.00421712   -78.01898007   -78.01476295   -78.01898007   -77.64963760
      144     0.00371748   -78.01847990   -78.01476242   -78.01847990   -77.64978650
      145     0.00322923   -78.01799111   -78.01476188   -78.01799111   -77.64991046
      146     0.00276088   -78.01752225   -78.01476137   -78.01752225   -77.65001385
      147     0.00232077   -78.01708164   -78.01476087   -78.01708164   -77.65010099
      148     0.00191676   -78.01667718   -78.01476042   -78.01667718   -77.65017594
      149     0.00155604   -78.01631606   -78.01476002   -78.01631606   -77.65024236
      150     0.00124496   -78.01600465   -78.01475969   -78.01600465   -77.65030336
      151     0.00098882   -78.01574825   -78.01475943   -78.01574825   -77.65036135
      152     0.00079169   -78.01555095   -78.01475926   -78.01555095   -77.65041796
      153     0.00065637   -78.01541554   -78.01475917   -78.01541554   -77.65047392
      154     0.00058426   -78.01534343   -78.01475917   -78.01534343   -77.65052907
      155     0.00057535   -78.01533461   -78.01475926   -78.01533461   -77.65058233
      156     0.00062826   -78.01538769   -78.01475943   -78.01538769   -77.65063172
      157     0.00074025   -78.01549993   -78.01475968   -78.01549993   -77.65067446
      158     0.00090737   -78.01566737   -78.01476000   -78.01566737   -77.65070702
      159     0.00112460   -78.01588496   -78.01476036   -78.01588496   -77.65072529
      160     0.00570027   -78.01614675   -78.01044648   -78.01614675   -77.65072469
      161     0.00626478   -78.01671207   -78.01044729   -78.01671207   -77.65066806
      162     0.00680888   -78.01725689   -78.01044801   -78.01725689   -77.65053970
      163     0.00732076   -78.01776939   -78.01044863   -78.01776939   -77.65033214
      164     0.00779014   -78.01823928   -78.01044914   -78.01823928   -77.65003953
      165     0.00820847   -78.01865801   -78.01044954   -78.01865801   -77.64965783
      166     0.00856905   -78.01901887   -78.01044982   -78.01901887   -77.64918479
      167     0.00886713   -78.01931709   -78.01044996   -78.01931709   -77.64862006
      168     0.00909983   -78.01954984   -78.01045001   -78.01954984   -77.64796509
      169     0.00926621   -78.01971614   -78.01044993   -78.01971614   -77.64722307
      170     0.00936711   -78.01981686   -78.01044975   -78.01981686   -77.64639877
      171     0.00940505   -78.01985453   -78.01044948   -78.01985453   -77.64549844
      172     0.00938414   -78.01983326   -78.01044912   -78.01983326   -77.64452956
      173     0.00930986   -78.01975854   -78.01044868   -78.01975854   -77.64350069
      174     0.00918893   -78.01963711   -78.01044818   -78.01963711   -77.64242123
      175     0.00902911   -78.01947674   -78.01044763   -78.01947674   -77.64130121
      176     0.00883899   -78.01928604   -78.01044705   -78.01928604   -77.64015113
      177     0.00862780   -78.01907424   -78.01044644   -78.01907424   -77.63898177
      178     0.00840507   -78.01885091   -78.01044584   -78.01885091   -77.63780408
      179     0.00818030   -78.01862557   -78.01044527   -78.01862557   -77.63662922
      180     0.00570027   -78.01840722   -78.01270695   -78.01840722   -77.63546864
      181     0.00553530   -78.01824194   -78.01270664   -78.01824194   -77.63451397
      182     0.00540148   -78.01810798   -78.01270650   -78.01810798   -77.63360260
      183     0.00530126   -78.01800783   -78.01270657   -78.01800783   -77.63274643
      184     0.00523433   -78.01794117   -78.01270684   -78.01794117   -77.63195860
      185     0.00519760   -78.01790489   -78.01270729   -78.01790489   -77.63125318
      186     0.00518607   -78.01789387   -78.01270780   -78.01789387   -77.63064438
      187     0.00519455   -78.01790276   -78.01270821   -78.01790276   -77.63014473
      188     0.00522060   -78.01792884   -78.01270824   -78.01792884   -77.62976228
      189     0.00526848   -78.01797606   -78.01270758   -78.01797606   -77.62949677
      190     0.00535312   -78.01805917   -78.01270605   -78.01805917   -77.62933552
      191     0.00550120   -78.01820521   -78.01270401   -78.01820521   -77.62925185
      192     0.00574412   -78.01844677   -78.01270265   -78.01844677   -77.62921116
      193     0.00610095   -78.01880419   -78.01270324   -78.01880419   -77.62918776
      194     0.00656261   -78.01926824   -78.01270563   -78.01926824   -77.62918144
      195     0.00709373   -78.01980218   -78.01270845   -78.01980218   -77.62921580
      196     0.00765019   -78.02036079   -78.01271060   -78.02036079   -77.62932047
      197     0.00819542   -78.02090720   -78.01271178   -78.02090720   -77.62951547
      198     0.00870670   -78.02141884   -78.01271214   -78.02141884   -77.62980577
      199     0.00917410   -78.02188609   -78.01271199   -78.02188609   -77.63018287
      200     0.00570027   -78.02230811   -78.01660784   -78.02230811   -77.63062901
      201     0.00600317   -78.02261088   -78.01660771   -78.02261088   -77.63101458
      202     0.00629502   -78.02290270   -78.01660768   -78.02290270   -77.63143108
      203     0.00657568   -78.02318350   -78.01660782   -78.02318350   -77.63186359
      204     0.00684290   -78.02345100   -78.01660810   -78.02345100   -77.63229923
      205     0.00709231   -78.02370080   -78.01660849   -78.02370080   -77.63272758
      206     0.00731794   -78.02392686   -78.01660892   -78.02392686   -77.63314047
      207     0.00751302   -78.02412238   -78.01660936   -78.02412238   -77.63353162
      208     0.00767078   -78.02428053   -78.01660975   -78.02428053   -77.63389614
      209     0.00778509   -78.02439516   -78.01661007   -78.02439516   -77.63423029
      210     0.00785093   -78.02446123   -78.01661030   -78.02446123   -77.63453131
      211     0.00786470   -78.02447512   -78.01661042   -78.02447512   -77.63479737
      212     0.00782440   -78.02443484   -78.01661044   -78.02443484   -77.63502762
      213     0.00772970   -78.02434005   -78.01661035   -78.02434005   -77.63522226
      214     0.00758196   -78.02419213   -78.01661017   -78.02419213   -77.63538260
      215     0.00738418   -78.02399406   -78.01660988   -78.02399406   -77.63551112
      216     0.00714091   -78.02375041   -78.01660950   -78.02375041   -77.63561145
      217     0.00685809   -78.02346714   -78.01660905   -78.02346714   -77.63568834
      218     0.00654291   -78.02315144   -78.01660853   -78.02315144   -77.63574755
      219     0.00620355   -78.02281153   -78.01660798   -78.02281153   -77.63579572
      220     0.00570027   -78.02245636   -78.01675609   -78.02245636   -77.63584011
      221     0.00534496   -78.02210045   -78.01675549   -78.02210045   -77.63588809
      222     0.00499426   -78.02174918   -78.01675492   -78.02174918   -77.63594826
      223     0.00465747   -78.02141183   -78.01675436   -78.02141183   -77.63602811
      224     0.00434334   -78.02109720   -78.01675386   -78.02109720   -77.63613469
      225     0.00405988   -78.02081330   -78.01675342   -78.02081330   -77.63627424
      226     0.00381398   -78.02056705   -78.01675307   -78.02056705   -77.63645195
      227     0.00361124   -78.02036405   -78.01675281   -78.02036405   -77.63667170
      228     0.00345574   -78.02020840   -78.01675266   -78.02020840   -77.63693593
      229     0.00334993   -78.02010254   -78.01675261   -78.02010254   -77.63724544
      230     0.00329454   -78.02004721   -78.01675267   -78.02004721   -77.63759937
      231     0.00328859   -78.02004143   -78.01675284   -78.02004143   -77.63799520
      232     0.00332947   -78.02008258   -78.01675311   -78.02008258   -77.63842880
      233     0.00341305   -78.02016650   -78.01675345   -78.02016650   -77.63889459
      234     0.00353386   -78.02028772   -78.01675386   -78.02028772   -77.63938572
      235     0.00368534   -78.02043967   -78.01675433   -78.02043967   -77.63989430
      236     0.00386008   -78.02061490   -78.01675482   -78.02061490   -77.64041169
      237     0.00405013   -78.02080547   -78.01675534   -78.02080547   -77.64092877
      238     0.00424726   -78.02100311   -78.01675585   -78.02100311   -77.64143627
      239     0.00444330   -78.02119964   -78.01675634   -78.02119964   -77.64192501
      240     0.00570027   -78.02138712   -78.01568685   -78.02138712   -77.64238626
      241     0.00588569   -78.02157298   -78.01568729   -78.02157298   -77.64285621
      242     0.00603790   -78.02172554   -78.01568764   -78.02172554   -77.64327420
      243     0.00615103   -78.02183893   -78.01568790   -78.02183893   -77.64363377
      244     0.00622053   -78.02190861   -78.01568808   -78.02190861   -77.64392994
      245     0.00624331   -78.02193148   -78.01568817   -78.02193148   -77.64415923
      246     0.00621770   -78.02190586   -78.01568816   -78.02190586   -77.64431974
      247     0.00614344   -78.02183151   -78.01568807   -78.02183151   -77.64441107
      248     0.00602165   -78.02170954   -78.01568789   -78.02170954   -77.64443432
      249     0.00585469   -78.02154234   -78.01568765   -78.02154234   -77.64439194
      250     0.00564609   -78.02133344   -78.01568735   -78.02133344   -77.64428761
      251     0.00540040   -78.02108740   -78.01568700   -78.02108740   -77.64412615
      252     0.00512302   -78.02080961   -78.01568659   -78.02080961   -77.64391328
      253     0.00482005   -78.02050622   -78.01568617   -78.02050622   -77.64365553
      254     0.00449817   -78.02018387   -78.01568570   -78.02018387   -77.64336003
      255     0.00416440   -78.01984964   -78.01568524   -78.01984964   -77.64303432
      256     0.00382603   -78.01951081   -78.01568478   -78.01951081   -77.64268626
      257     0.00349043   -78.01917474   -78.01568431   -78.01917474   -77.64232378
      258     0.00316490   -78.01884876   -78.01568386   -78.01884876   -77.64195478
      259     0.00285656   -78.01854000   -78.01568344   -78.01854000   -77.64158700
      260     0.00570027   -78.01825526   -78.01255499   -78.01825526   -77.64122785
      261     0.00530451   -78.01785893   -78.01255442   -78.01785893   -77.64070345
      262     0.00492758   -78.01748145   -78.01255387   -78.01748145   -77.64018635
      263     0.00457823   -78.01713158   -78.01255335   -78.01713158   -77.63968628
      264     0.00426465   -78.01681753   -78.01255288   -78.01681753   -77.63921233
      265     0.00399441   -78.01654687   -78.01255246   -78.01654687   -77.63877282
      266     0.00377429   -78.01632638   -78.01255209   -78.01632638   -77.63837526
      267     0.00361020   -78.01616198   -78.01255178   -78.01616198   -77.63802620
      268     0.00350708   -78.01605862   -78.01255154   -78.01605862   -77.63773125
      269     0.00346882   -78.01602018   -78.01255136   -78.01602018   -77.63749500
      270     0.00349812   -78.01604940   -78.01255128   -78.01604940   -77.63732097
      271     0.00359653   -78.01614778   -78.01255125   -78.01614778   -77.63721166
      272     0.00376427   -78.01631559   -78.01255132   -78.01631559   -77.63716851
      273     0.00400033   -78.01655180   -78.01255147   -78.01655180   -77.63719189
      274     0.00430238   -78.01685407   -78.01255169   -78.01685407   -77.63728115
      275     0.00466684   -78.01721883   -78.01255199   -78.01721883   -77.63743453
      276     0.00508892   -78.01764128   -78.01255236   -78.01764128   -77.63764928
      277     0.00556270   -78.01811550   -78.01255280   -78.01811550   -77.63792157
      278     0.00608121   -78.01863450   -78.01255329   -78.01863450   -77.63824658
      279     0.00663654   -78.01919038   -78.01255384   -78.01919038   -77.63861849
      280     0.00570027   -78.01977443   -78.01407416   -78.01977443   -77.63903056
      281     0.00623989   -78.02031460   -78.01407471   -78.02031460   -77.63942942
      282     0.00679638   -78.02087169   -78.01407531   -78.02087169   -77.63985729
      283     0.00736039   -78.02143631   -78.01407592   -78.02143631   -77.64030611
      284     0.00792222   -78.02199877   -78.01407655   -78.02199877   -77.64076721
      285     0.00847198   -78.02254915   -78.01407717   -78.02254915   -77.64123155
      286     0.00899976   -78.02307755   -78.01407779   -78.02307755   -77.64168986
      287     0.00949581   -78.02357421   -78.01407840   -78.02357421   -77.64213281
      288     0.00995074   -78.02402970   -78.01407896   -78.02402970   -77.64255120
      289     0.01035568   -78.02443516   -78.01407948   -78.02443516   -77.64293622
      290     0.01070253   -78.02478248   -78.01407995   -78.02478248   -77.64327959
      291     0.01098415   -78.02506450   -78.01408035   -78.02506450   -77.64357388
      292     0.01119455   -78.02527521   -78.01408066   -78.02527521   -77.64381261
      293     0.01132911   -78.02540999   -78.01408088   -78.02540999   -77.64399058
      294     0.01138473   -78.02546572   -78.01408099   -78.02546572   -77.64410396
      295     0.01136002   -78.02544100   -78.01408098   -78.02544100   -77.64415053
      296     0.01125540   -78.02533626   -78.01408086   -78.02533626   -77.64412977
      297     0.01107318   -78.02515379   -78.01408061   -78.02515379   -77.64404296
      298     0.01081760   -78.02489785   -78.01408025   -78.02489785   -77.64389323
      299     0.01049482   -78.02457458   -78.01407976   -78.02457458   -77.64368554
      300     0.00570027   -78.02419195   -78.01849168   -78.02419195   -77.64342658
      301     0.00538545   -78.02387663   -78.01849118   -78.02387663   -77.64320606
      302     0.00506003   -78.02355067   -78.01849064   -78.02355067   -77.64297277
      303     0.00473250   -78.02322261   -78.01849011   -78.02322261   -77.64273426
      304     0.00441140   -78.02290099   -78.01848959   -78.02290099   -77.64249814
      305     0.00410507   -78.02259416   -78.01848909   -78.02259416   -77.64227180
      306     0.00382131   -78.02230996   -78.01848865   -78.02230996   -77.64206215
      307     0.00356720   -78.02205546   -78.01848826   -78.02205546   -77.64187537
      308     0.00334879   -78.02183675   -78.01848796   -78.02183675   -77.64171663
      309     0.00317093   -78.02165867   -78.01848774   -78.02165867   -77.64158996
      310     0.00303708   -78.02152469   -78.01848761   -78.02152469   -77.64149801
      311     0.00294920   -78.02143678   -78.01848758   -78.02143678   -77.64144202
      312     0.00290771   -78.02139537   -78.01848766   -78.02139537   -77.64142172
      313     0.00291150   -78.02139932   -78.01848782   -78.02139932   -77.64143535
      314     0.00295793   -78.02144600   -78.01848807   -78.02144600   -77.64147974
      315     0.00304303   -78.02153142   -78.01848839   -78.02153142   -77.64155044
      316     0.00316160   -78.02165038   -78.01848878   -78.02165038   -77.64164187
      317     0.00330746   -78.02179668   -78.01848922   -78.02179668   -77.64174755
      318     0.00347366   -78.02196334   -78.01848968   -78.02196334   -77.64186033
      319     0.00365275   -78.02214291   -78.01849016   -78.02214291   -77.64197268
      320     0.00570027   -78.02232766   -78.01662739   -78.02232766   -77.64207691
      321     0.00591459   -78.02254251   -78.01662792   -78.02254251   -77.64217980
      322     0.00610264   -78.02273103   -78.01662839   -78.02273103   -77.64224503
      323     0.00625674   -78.02288552   -78.01662878   -78.02288552   -77.64226529
      324     0.00637037   -78.02299946   -78.01662909   -78.02299946   -77.64223456
      325     0.00643834   -78.02306764   -78.01662930   -78.02306764   -77.64214825
      326     0.00645685   -78.02308628   -78.01662943   -78.02308628   -77.64200328
      327     0.00642355   -78.02305301   -78.01662946   -78.02305301   -77.64179807
      328     0.00633754   -78.02296695   -78.01662941   -78.02296695   -77.64153262
      329     0.00619932   -78.02282860   -78.01662928   -78.02282860   -77.64120836
      330     0.00601073   -78.02263980   -78.01662907   -78.02263980   -77.64082809
      331     0.00577484   -78.02240362   -78.01662878   -78.02240362   -77.64039588
      332     0.00549581   -78.02212426   -78.01662845   -78.02212426   -77.63991692
      333     0.00517880   -78.02180686   -78.01662806   -78.02180686   -77.63939734
      334     0.00482979   -78.02145742   -78.01662763   -78.02145742   -77.63884404
      335     0.00445542   -78.02108259   -78.01662717   -78.02108259   -77.63826455
      336     0.00406287   -78.02068955   -78.01662668   -78.02068955   -77.63766682
      337     0.00365965   -78.02028585   -78.01662620   -78.02028585   -77.63705909
      338     0.00325351   -78.01987921   -78.01662570   -78.01987921   -77.63644968
      339     0.00285218   -78.01947740   -78.01662522   -78.01947740   -77.63584691
      340     0.00570027   -78.01908803   -78.01338776   -78.01908803   -77.63525899
      341     0.00511978   -78.01850686   -78.01338708   -78.01850686   -77.63438035
      342     0.00454234   -78.01792876   -78.01338642   -78.01792876   -77.63351087
      343     0.00397827   -78.01736410   -78.01338583   -78.01736410   -77.63266309
      344     0.00343703   -78.01682235   -78.01338532   -78.01682235   -77.63184957
      345     0.00292687   -78.01631179   -78.01338492   -78.01631179   -77.63108279
      346     0.00245478   -78.01583938   -78.01338460   -78.01583938   -77.63037501
      347     0.00202686   -78.01541115   -78.01338429   -78.01541115   -77.62973764
      348     0.00164951   -78.01503337   -78.01338386   -78.01503337   -77.62917994
      349     0.00133150   -78.01471465   -78.01338315   -78.01471465   -77.62870686
      350     0.00108558   -78.01446776   -78.01338218   -78.01446776   -77.62831718
      351     0.00092706   -78.01430848   -78.01338142   -78.01430848   -77.62800440
      352     0.00086691   -78.01424843   -78.01338152   -78.01424843   -77.62776325
      353     0.00090340   -78.01428593   -78.01338253   -78.01428593   -77.62759825
      354     0.00102219   -78.01440583   -78.01338364   -78.01440583   -77.62752396
      355     0.00120672   -78.01459083   -78.01338411   -78.01459083   -77.62755446
      356     0.00144849   -78.01483241   -78.01338392   -78.01483241   -77.62769308
      357     0.00174832   -78.01513185   -78.01338353   -78.01513185   -77.62793145
      358     0.00211052   -78.01549391   -78.01338339   -78.01549391   -77.62825525
      359     0.00253656   -78.01592023   -78.01338367   -78.01592023   -77.62865039
      360     0.00570027   -78.01640645   -78.01070618   -78.01640645   -77.62910585
      361     0.00641633   -78.01712355   -78.01070722   -78.01712355   -77.62978432
      362     0.00714561   -78.01785385   -78.01070824   -78.01785385   -77.63048620
      363     0.00787161   -78.01858083   -78.01070922   -78.01858083   -77.63119902
      364     0.00857843   -78.01928859   -78.01071016   -78.01928859   -77.63190920
      365     0.00925095   -78.01996201   -78.01071106   -78.01996201   -77.63260232
      366     0.00987492   -78.02058682   -78.01071190   -78.02058682   -77.63326370
      367     0.01043702   -78.02114971   -78.01071269   -78.02114971   -77.63387886
      368     0.01092509   -78.02163849   -78.01071340   -78.02163849   -77.63443402
      369     0.01132832   -78.02204234   -78.01071402   -78.02204234   -77.63491653
      370     0.01163756   -78.02235207   -78.01071451   -78.02235207   -77.63531532
      371     0.01184563   -78.02256050   -78.01071487   -78.02256050   -77.63562124
      372     0.01194767   -78.02266274   -78.01071507   -78.02266274   -77.63582749
      373     0.01194139   -78.02265649   -78.01071510   -78.02265649   -77.63592991
      374     0.01182735   -78.02254227   -78.01071492   -78.02254227   -77.63592728
      375     0.01160914   -78.02232369   -78.01071455   -78.02232369   -77.63582153
      376     0.01129349   -78.02200748   -78.01071399   -78.02200748   -77.63561787
      377     0.01089029   -78.02160352   -78.01071323   -78.02160352   -77.63532481
      378     0.01041247   -78.02112475   -78.01071228   -78.02112475   -77.63495408
      379     0.00987576   -78.02058693   -78.01071117   -78.02058693   -77.63452040
      380     0.00570027   -78.02000825   -78.01430798   -78.02000825   -77.63404109
      381     0.00524592   -78.01955287   -78.01430695   -78.01955287   -77.63365755
      382     0.00481975   -78.01912569   -78.01430594   -78.01912569   -77.63329409
      383     0.00443784   -78.01874284   -78.01430500   -78.01874284   -77.63296660
      384     0.00411511   -78.01841929   -78.01430418   -78.01841929   -77.63268992
      385     0.00386476   -78.01816826   -78.01430350   -78.01816826   -77.63247730
      386     0.00369766   -78.01800064   -78.01430298   -78.01800064   -77.63233979
      387     0.00362192   -78.01792459   -78.01430267   -78.01792459   -77.63228577
      388     0.00364252   -78.01794508   -78.01430256   -78.01794508   -77.63232059
      389     0.00376107   -78.01806376   -78.01430269   -78.01806376   -77.63244633
      390     0.00397577   -78.01827879   -78.01430302   -78.01827879   -77.63266168
      391     0.00428143   -78.01858497   -78.01430354   -78.01858497   -77.63296203
      392     0.00466971   -78.01897395   -78.01430424   -78.01897395   -77.63333963
      393     0.00512947   -78.01943456   -78.01430509   -78.01943456   -77.63378400
      394     0.00564723   -78.01995327   -78.01430604   -78.01995327   -77.63428232
      395     0.00620771   -78.02051479   -78.01430708   -78.02051479   -77.63482000
      396     0.00679446   -78.02110260   -78.01430814   -78.02110260   -77.63538129
      397     0.00739043   -78.02169962   -78.01430919   -78.02169962   -77.63594986
      398     0.00797862   -78.02228883   -78.01431021   -78.02228883   -77.63650948
      399     0.00854267   -78.02285381   -78.01431114   -78.02285381   -77.63704449
      400     0.00570027   -78.02337928   -78.01767901   -78.02337928   -77.63754044
      401     0.00608378   -78.02376341   -78.01767963   -78.02376341   -77.63790047
      402     0.00643465   -78.02411481   -78.01768016   -78.02411481   -77.63822608
      403     0.00674405   -78.02442466   -78.01768061   -78.02442466   -77.63850912
      404     0.00700455   -78.02468550   -78.01768095   -78.02468550   -77.63874286
      405     0.00721023   -78.02489144   -78.01768121   -78.02489144   -77.63892213
      406     0.00735682   -78.02503817   -78.01768135   -78.02503817   -77.63904341
      407     0.00744164   -78.02512303   -78.01768139   -78.02512303   -77.63910487
      408     0.00746367   -78.02514500   -78.01768133   -78.02514500   -77.63910629
      409     0.00742343   -78.02510461   -78.01768118   -78.02510461   -77.63904907
      410     0.00732288   -78.02500383   -78.01768095   -78.02500383   -77.63893606
      411     0.00716531   -78.02484596   -78.01768065   -78.02484596   -77.63877147
      412     0.00695519   -78.02463548   -78.01768029   -78.02463548   -77.63856067
      413     0.00669798   -78.02437786   -78.01767988   -78.02437786   -77.63831004
      414     0.00639996   -78.02407939   -78.01767943   -78.02407939   -77.63802679
      415     0.00606809   -78.02374705   -78.01767896   -78.02374705   -77.63771873
      416     0.00570977   -78.02338824   -78.01767847   -78.02338824   -77.63739412
      417     0.00533274   -78.02301070   -78.01767796   -78.02301070   -77.63706144
      418     0.00494486   -78.02262233   -78.01767747   -78.02262233   -77.63672927
      419     0.00455401   -78.02223099   -78.01767698   -78.02223099   -77.63640603
      420     0.00570027   -78.02184443   -78.01614416   -78.02184443   -77.63609990
      421     0.00525716   -78.02140080   -78.01614364   -78.02140080   -77.63576522
      422     0.00482497   -78.02096811   -78.01614314   -78.02096811   -77.63545674
      423     0.00441177   -78.02055443   -78.01614266   -78.02055443   -77.63518245
      424     0.00402519   -78.02016741   -78.01614222   -78.02016741   -77.63494961
      425     0.00367230   -78.01981413   -78.01614183   -78.01981413   -77.63476451
      426     0.00335956   -78.01950103   -78.01614147   -78.01950103   -77.63463250
      427     0.00309266   -78.01923382   -78.01614116   -78.01923382   -77.63455789
      428     0.00287646   -78.01901738   -78.01614092   -78.01901738   -77.63454391
      429     0.00271488   -78.01885562   -78.01614074   -78.01885562   -77.63459274
      430     0.00261080   -78.01875143   -78.01614063   -78.01875143   -77.63470556
      431     0.00256593   -78.01870653   -78.01614060   -78.01870653   -77.63488252
      432     0.00258078   -78.01872142   -78.01614064   -78.01872142   -77.63512289
      433     0.00265457   -78.01879533   -78.01614076   -78.01879533   -77.63542500
      434     0.00278524   -78.01892621   -78.01614097   -78.01892621   -77.63578637
      435     0.00296951   -78.01911076   -78.01614125   -78.01911076   -77.63620362
      436     0.00320289   -78.01934448   -78.01614159   -78.01934448   -77.63667256
      437     0.00347985   -78.01962184   -78.01614199   -78.01962184   -77.63718812
      438     0.00379391   -78.01993636   -78.01614245   -78.01993636   -77.63774438
      439     0.00413782   -78.02028077   -78.01614295   -78.02028077   -77.63833458
      440     0.00570027   -78.02064715   -78.01494688   -78.02064715   -77.63895118
      441     0.00612219   -78.02106968   -78.01494749   -78.02106968   -77.63966083
      442     0.00653976   -78.02148787   -78.01494811   -78.02148787   -77.64037197
      443     0.00694319   -78.02189191   -78.01494872   -78.02189191   -77.64107400
      444     0.00732279   -78.02227211   -78.01494932   -78.02227211   -77.64175615
      445     0.00766915   -78.02261905   -78.01494990   -78.02261905   -77.64240765
      446     0.00797335   -78.02292377   -78.01495042   -78.02292377   -77.64301796
      447     0.00822711   -78.02317802   -78.01495091   -78.02317802   -77.64357709
      448     0.00842306   -78.02337439   -78.01495133   -78.02337439   -77.64407577
      449     0.00855492   -78.02350658   -78.01495166   -78.02350658   -77.64450579
      450     0.00861768   -78.02356960   -78.01495192   -78.02356960   -77.64486021
      451     0.00860788   -78.02355994   -78.01495206   -78.02355994   -77.64513363
      452     0.00852372   -78.02347581   -78.01495209   -78.02347581   -77.64532236
      453     0.00836526   -78.02331725   -78.01495199   -78.02331725   -77.64542467
      454     0.00813452   -78.02308629   -78.01495177   -78.02308629   -77.64544087
      455     0.00783556   -78.02278698   -78.01495142   -78.02278698   -77.64537343
      456     0.00747450   -78.02242544   -78.01495094   -78.02242544   -77.64522698
      457     0.00705944   -78.02200978   -78.01495034   -78.02200978   -77.64500827
      458     0.00660033   -78.02154996   -78.01494963   -78.02154996   -77.64472608
      459     0.00610877   -78.02105761   -78.01494884   -78.02105761   -77.64439094
      460     0.00570027   -78.02054570   -78.01484543   -78.02054570   -77.64401490
      461     0.00517851   -78.02002304   -78.01484453   -78.02002304   -77.64360714
      462     0.00466490   -78.01950851   -78.01484361   -78.01950851   -77.64318477
      463     0.00417423   -78.01901694   -78.01484271   -78.01901694   -77.64276210
      464     0.00372092   -78.01856278   -78.01484186   -78.01856278   -77.64235321
      465     0.00331847   -78.01815957   -78.01484110   -78.01815957   -77.64197139
      466     0.00297902   -78.01781947   -78.01484045   -78.01781947   -77.64162870
      467     0.00271281   -78.01755276   -78.01483995   -78.01755276   -77.64133541
      468     0.00252783   -78.01736745   -78.01483962   -78.01736745   -77.64109967
      469     0.00242952   -78.01726897   -78.01483945   -78.01726897   -77.64092718
      470     0.00242051   -78.01725998   -78.01483947   -78.01725998   -77.64082094
      471     0.00250058   -78.01734024   -78.01483966   -78.01734024   -77.64078120
      472     0.00266666   -78.01750667   -78.01484001   -78.01750667   -77.64080545
      473     0.00291296   -78.01775349   -78.01484053   -78.01775349   -77.64088859
      474     0.00323126   -78.01807245   -78.01484119   -78.01807245   -77.64102316
      475     0.00361124   -78.01845317   -78.01484193   -78.01845317   -77.64119968
      476     0.00404085   -78.01888361   -78.01484276   -78.01888361   -77.64140710
      477     0.00450684   -78.01935048   -78.01484364   -78.01935048   -77.64163323
      478     0.00499521   -78.01983973   -78.01484452   -78.01983973   -77.64186523
      479     0.00549171   -78.02033709   -78.01484538   -78.02033709   -77.64209012
      480     0.00570027   -78.02082849   -78.01512822   -78.02082849   -77.64229527
      481     0.00616147   -78.02129043   -78.01512896   -78.02129043   -77.64246555
      482     0.00659404   -78.02172366   -78.01512962   -78.02172366   -77.64259620
      483     0.00698705   -78.02211724   -78.01513019   -78.02211724   -77.64267802
      484     0.00733104   -78.02246169   -78.01513065   -78.02246169   -77.64270338
      485     0.00761819   -78.02274919   -78.01513100   -78.02274919   -77.64266644
      486     0.00784244   -78.02297368   -78.01513124   -78.02297368   -77.64256328
      487     0.00799952   -78.02313089   -78.01513137   -78.02313089   -77.64239188
      488     0.00808695   -78.02321834   -78.01513139   -78.02321834   -77.64215220
      489     0.00810396   -78.02323527   -78.01513131   -78.02323527   -77.64184604
      490     0.00805140   -78.02318253   -78.01513113   -78.02318253   -77.64147700
      491     0.00793158   -78.02306246   -78.01513088   -78.02306246   -77.64105029
      492     0.00774816   -78.02287873   -78.01513057   -78.02287873   -77.64057255
      493     0.00750599   -78.02263618   -78.01513019   -78.02263618   -77.64005170
      494     0.00721092   -78.02234069   -78.01512977   -78.02234069   -77.63949665
      495     0.00686975   -78.02199904   -78.01512929   -78.02199904   -77.63891703
      496     0.00649002   -78.02161881   -78.01512879   -78.02161881   -77.63832296
      497     0.00608006   -78.02120830   -78.01512824   -78.02120830   -77.63772468
      498     0.00564886   -78.02077652   -78.01512766   -78.02077652   -77.63713224
      499     0.00520612   -78.02033315   -78.01512703   -78.02033315   -77.63655514
      500     0.00570027   -78.01988857   -78.01418830   -78.01988857   -77.63600204
      501     0.00522092   -78.01940847   -78.01418755   -78.01940847   -77.63542806
      502     0.00475607   -78.01894282   -78.01418675   -78.01894282   -77.63488900
      503     0.00431868   -78.01850463   -78.01418595   -78.01850463   -77.63439054
      504     0.00392170   -78.01810690   -78.01418520   -78.01810690   -77.63393712
      505     0.00357709   -78.01776167   -78.01418458   -78.01776167   -77.63353247
      506     0.00329464   -78.01747881   -78.01418417   -78.01747881   -77.63318058
      507     0.00308081   -78.01726484   -78.01418403   -78.01726484   -77.63288655
      508     0.00293799   -78.01712212   -78.01418413   -78.01712212   -77.63265716
      509     0.00286469   -78.01704910   -78.01418441   -78.01704910   -77.63250052
      510     0.00285664   -78.01704140   -78.01418476   -78.01704140   -77.63242494
      511     0.00290841   -78.01709348   -78.01418507   -78.01709348   -77.63243733
      512     0.00301490   -78.01720018   -78.01418528   -78.01720018   -77.63254174
      513     0.00317221   -78.01735761   -78.01418540   -78.01735761   -77.63273858
      514     0.00337784   -78.01756329   -78.01418545   -78.01756329   -77.63302449
      515     0.00363015   -78.01781565   -78.01418550   -78.01781565   -77.63339296
      516     0.00392759   -78.01811319   -78.01418560   -78.01811319   -77.63383511
      517     0.00426785   -78.01845366   -78.01418581   -78.01845366   -77.63434063
      518     0.00464723   -78.01883336   -78.01418613   -78.01883336   -77.63489852
      519     0.00506025   -78.01924684   -78.01418659   -78.01924684   -77.63549756
      520     0.00570027   -78.01968681   -78.01398654   -78.01968681   -77.63612661
      521     0.00616462   -78.02015182   -78.01398720   -78.02015182   -77.63678559
      522     0.00663487   -78.02062278   -78.01398791   -78.02062278   -77.63745122
      523     0.00709989   -78.02108854   -78.01398865   -78.02108854   -77.63811243
      524     0.00754820   -78.02153758   -78.01398938   -78.02153758   -77.63875817
      525     0.00796835   -78.02195844   -78.01399009   -78.02195844   -77.63937752
      526     0.00834931   -78.02234006   -78.01399075   -78.02234006   -77.63995979
      527     0.00868078   -78.02267214   -78.01399136   -78.02267214   -77.64049472
      528     0.00895353   -78.02294541   -78.01399188   -78.02294541   -77.64097269
      529     0.00915962   -78.02315193   -78.01399231   -78.02315193   -77.64138504
      530     0.00929267   -78.02328529   -78.01399262   -78.02328529   -77.64172426
      531     0.00934808   -78.02334090   -78.01399282   -78.02334090   -77.64198431
      532     0.00932323   -78.02331611   -78.01399288   -78.02331611   -77.64216088
      533     0.00921759   -78.02321040   -78.01399281   -78.02321040   -77.64225158
      534     0.00903289   -78.02302548   -78.01399259   -78.02302548   -77.64225607
      535     0.00877314   -78.02276536   -78.01399222   -78.02276536   -77.64217626
      536     0.00844463   -78.02243635   -78.01399172   -78.02243635   -77.64201626
      537     0.00805585   -78.02204693   -78.01399108   -78.02204693   -77.64178240
      538     0.00761733   -78.02160766   -78.01399033   -78.02160766   -77.64148307
      539     0.00714143   -78.02113091   -78.01398948   -78.02113091   -77.64112853
      540     0.00570027   -78.02063051   -78.01493024   -78.02063051   -77.64073064
      541     0.00523352   -78.02016286   -78.01492934   -78.02016286   -77.64033697
      542     0.00478104   -78.01970950   -78.01492846   -78.01970950   -77.63993403
      543     0.00435706   -78.01928467   -78.01492761   -78.01928467   -77.63953466
      544     0.00397517   -78.01890200   -78.01492683   -78.01890200   -77.63915127
      545     0.00364785   -78.01857400   -78.01492615   -78.01857400   -77.63879535
      546     0.00338599   -78.01831158   -78.01492559   -78.01831158   -77.63847703
      547     0.00319852   -78.01812370   -78.01492518   -78.01812370   -77.63820470
      548     0.00309203   -78.01801695   -78.01492492   -78.01801695   -77.63798469
      549     0.00307056   -78.01799540   -78.01492484   -78.01799540   -77.63782101
      550     0.00313545   -78.01806038   -78.01492493   -78.01806038   -77.63771522
      551     0.00328527   -78.01821046   -78.01492519   -78.01821046   -77.63766641
      552     0.00351595   -78.01844155   -78.01492560   -78.01844155   -77.63767127
      553     0.00382089   -78.01874705   -78.01492616   -78.01874705   -77.63772422
      554     0.00419129   -78.01911812   -78.01492683   -78.01911812   -77.63781771
      555     0.00461644   -78.01954403   -78.01492759   -78.01954403   -77.63794255
      556     0.00508415   -78.02001257   -78.01492842   -78.02001257   -77.63808826
      557     0.00558118   -78.02051046   -78.01492928   -78.02051046   -77.63824354
      558     0.00609369   -78.02102384   -78.01493015   -78.02102384   -77.63839667
      559     0.00660772   -78.02153871   -78.01493099   -78.02153871   -77.63853599
      560     0.00570027   -78.02204138   -78.01634111   -78.02204138   -77.63865026
      561     0.00613210   -78.02247389   -78.01634179   -78.02247389   -77.63872461
      562     0.00654042   -78.02288283   -78.01634241   -78.02288283   -77.63876623
      563     0.00691516   -78.02325811   -78.01634295   -78.02325811   -77.63876754
      564     0.00724737   -78.02359078   -78.01634341   -78.02359078   -77.63872218
      565     0.00752946   -78.02387323   -78.01634377   -78.02387323   -77.63862523
      566     0.00775528   -78.02409932   -78.01634404   -78.02409932   -77.63847329
      567     0.00792028   -78.02426448   -78.01634420   -78.02426448   -77.63826454
      568     0.00802146   -78.02436574   -78.01634428   -78.02436574   -77.63799881
      569     0.00805745   -78.02440170   -78.01634425   -78.02440170   -77.63767752
      570     0.00802841   -78.02437254   -78.01634413   -78.02437254   -77.63730359
      571     0.00793596   -78.02427989   -78.01634393   -78.02427989   -77.63688138
      572     0.00778314   -78.02412680   -78.01634366   -78.02412680   -77.63641656
      573     0.00757425   -78.02391756   -78.01634331   -78.02391756   -77.63591587
      574     0.00731476   -78.02365766   -78.01634290   -78.02365766   -77.63538703
      575     0.00701118   -78.02335362   -78.01634244   -78.02335362   -77.63483846
      576     0.00667096   -78.02301289   -78.01634193   -78.02301289   -77.63427909
      577     0.00630234   -78.02264373   -78.01634139   -78.02264373   -77.63371811
      578     0.00591427   -78.02225506   -78.01634079   -78.02225506   -77.63316476
      579     0.00551622   -78.02185641   -78.01634019   -78.02185641   -77.63262806
      580     0.00570027   -78.02145770   -78.01575743   -78.02145770   -77.63211662
      581     0.00528842   -78.02104519   -78.01575677   -78.02104519   -77.63160994
      582     0.00489322   -78.02064933   -78.01575611   -78.02064933   -77.63114205
      583     0.00452524   -78.02028073   -78.01575549   -78.02028073   -77.63071988
      584     0.00419453   -78.01994944   -78.01575491   -78.01994944   -77.63034950
      585     0.00391018   -78.01966461   -78.01575443   -78.01966461   -77.63003617
      586     0.00367989   -78.01943395   -78.01575406   -78.01943395   -77.62978445
      587     0.00350951   -78.01926334   -78.01575383   -78.01926334   -77.62959836
      588     0.00340272   -78.01915647   -78.01575375   -78.01915647   -77.62948148
      589     0.00336089   -78.01911469   -78.01575380   -78.01911469   -77.62943690
      590     0.00338316   -78.01913715   -78.01575399   -78.01913715   -77.62946713
      591     0.00346677   -78.01922103   -78.01575426   -78.01922103   -77.62957382
      592     0.00360746   -78.01936204   -78.01575458   -78.01936204   -77.62975737
      593     0.00379995   -78.01955490   -78.01575495   -78.01955490   -77.63001669
      594     0.00403838   -78.01979370   -78.01575532   -78.01979370   -77.63034895
      595     0.00431649   -78.02007220   -78.01575571   -78.02007220   -77.63074956
      596     0.00462773   -78.02038384   -78.01575611   -78.02038384   -77.63121234
      597     0.00496520   -78.02072175   -78.01575655   -78.02072175   -77.63172974
      598     0.00532162   -78.02107864   -78.01575702   -78.02107864   -77.63229316
      599     0.00568924   -78.02144676   -78.01575752   -78.02144676   -77.63289326
      600     0.00570027   -78.02181790   -78.01611763   -78.02181790   -77.63352021
      601     0.00605552   -78.02217368   -78.01611816   -78.02217368   -77.63414569
      602     0.00639926   -78.02251796   -78.01611870   -78.02251796   -77.63477990
      603     0.00672287   -78.02284210   -78.01611923   -78.02284210   -77.63541305
      604     0.00701794   -78.02313767   -78.01611973   -78.02313767   -77.63603548
      605     0.00727642   -78.02339662   -78.01612020   -78.02339662   -77.63663788
      606     0.00749092   -78.02361155   -78.01612063   -78.02361155   -77.63721142
      607     0.00765490   -78.02377588   -78.01612098   -78.02377588   -77.63774794
      608     0.00776284   -78.02388410   -78.01612126   -78.02388410   -77.63824015
      609     0.00781044   -78.02393191   -78.01612147   -78.02393191   -77.63868185
      610     0.00779481   -78.02391639   -78.01612158   -78.02391639   -77.63906803
      611     0.00771454   -78.02383612   -78.01612158   -78.02383612   -77.63939512
      612     0.00756981   -78.02369130   -78.01612149   -78.02369130   -77.63966105
      613     0.00736249   -78.02348378   -78.01612129   -78.02348378   -77.63986540
      614     0.00709613   -78.02321710   -78.01612097   -78.02321710   -77.64000942
      615     0.00677589   -78.02289647   -78.01612058   -78.02289647   -77.64009601
      616     0.00640855   -78.02252863   -78.01612008   -78.02252863   -77.64012971
      617     0.00600229   -78.02212180   -78.01611951   -78.02212180   -77.64011655
      618     0.00556654   -78.02168541   -78.01611887   -78.02168541   -77.64006388
      619     0.00511174   -78.02122992   -78.01611818   -78.02122992   -77.63998020
      620     0.00570027   -78.02076651   -78.01506624   -78.02076651   -77.63987480
      621     0.00518677   -78.02025221   -78.01506544   -78.02025221   -77.63974070
      622     0.00467987   -78.01974451   -78.01506464   -78.01974451   -77.63959610
      623     0.00419247   -78.01925633   -78.01506386   -78.01925633   -77.63945226
      624     0.00373704   -78.01880018   -78.01506314   -78.01880018   -77.63932018
      625     0.00332528   -78.01838776   -78.01506248   -78.01838776   -77.63921022
      626     0.00296765   -78.01802957   -78.01506192   -78.01802957   -77.63913170
      627     0.00267310   -78.01773458   -78.01506148   -78.01773458   -77.63909256
      628     0.00244874   -78.01750991   -78.01506117   -78.01750991   -77.63909911
      629     0.00229961   -78.01736060   -78.01506099   -78.01736060   -77.63915571
      630     0.00222851   -78.01728947   -78.01506096   -78.01728947   -77.63926468
      631     0.00223594   -78.01729701   -78.01506107   -78.01729701   -77.63942619
      632     0.00232007   -78.01738139   -78.01506132   -78.01738139   -77.63963824
      633     0.00247685   -78.01753856   -78.01506171   -78.01753856   -77.63989679
      634     0.00270018   -78.01776237   -78.01506219   -78.01776237   -77.64019586
      635     0.00298209   -78.01804487   -78.01506278   -78.01804487   -77.64052783
      636     0.00331312   -78.01837656   -78.01506344   -78.01837656   -77.64088367
      637     0.00368258   -78.01874674   -78.01506416   -78.01874674   -77.64125330
      638     0.00407897   -78.01914387   -78.01506490   -78.01914387   -77.64162596
      639     0.00449035   -78.01955598   -78.01506563   -78.01955598   -77.64199059
      640     0.00570027   -78.01997106   -78.01427079   -78.01997106   -77.64233619
      641     0.00613358   -78.02040507   -78.01427149   -78.02040507   -77.64267364
      642     0.00653777   -78.02080989   -78.01427212   -78.02080989   -77.64296242
      643     0.00690247   -78.02117511   -78.01427264   -78.02117511   -77.64319361
      644     0.00721878   -78.02149184   -78.01427306   -78.02149184   -77.64335985
      645     0.00747945   -78.02175282   -78.01427337   -78.02175282   -77.64345553
      646     0.00767901   -78.02195257   -78.01427356   -78.02195257   -77.64347690
      647     0.00781381   -78.02208744   -78.01427363   -78.02208744   -77.64342207
      648     0.00788201   -78.02215562   -78.01427361   -78.02215562   -77.64329105
      649     0.00788358   -78.02215705   -78.01427347   -78.02215705   -77.64308567
      650     0.00782013   -78.02209336   -78.01427323   -78.02209336   -77.64280944
      651     0.00769483   -78.02196775   -78.01427292   -78.02196775   -77.64246746
      652     0.00751226   -78.02178478   -78.01427252   -78.02178478   -77.64206621
      653     0.00727819   -78.02155027   -78.01427208   -78.02155027   -77.64161339
      654     0.00699945   -78.02127102   -78.01427157   -78.02127102   -77.64111765
      655     0.00668369   -78.02095472   -78.01427103   -78.02095472   -77.64058846
      656     0.00633918   -78.02060965   -78.01427047   -78.02060965   -77.64003585
      657     0.00597468   -78.02024457   -78.01426989   -78.02024457   -77.63947016
      658     0.00559916   -78.01986848   -78.01426932   -78.01986848   -77.63890191
      659     0.00522171   -78.01949045   -78.01426874   -78.01949045   -77.63834153
      660     0.00570027   -78.01911948   -78.01341921   -78.01911948   -77.63779921
      661     0.00531218   -78.01873081   -78.01341863   -78.01873081   -77.63723789
      662     0.00494297   -78.01836106   -78.01341809   -78.01836106   -77.63670958
      663     0.00460126   -78.01801885   -78.01341759   -78.01801885   -77.63622378
      664     0.00429498   -78.01771212   -78.01341714   -78.01771212   -77.63578918
      665     0.00403132   -78.01744807   -78.01341675   -78.01744807   -77.63541363
      666     0.00381651   -78.01723293   -78.01341642   -78.01723293   -77.63510398
      667     0.00365578   -78.01707195   -78.01341617   -78.01707195   -77.63486602
      668     0.00355325   -78.01696923   -78.01341598   -78.01696923   -77.63470445
      669     0.00351187   -78.01692774   -78.01341587   -78.01692774   -77.63462275
      670     0.00353340   -78.01694925   -78.01341585   -78.01694925   -77.63462319
      671     0.00361840   -78.01703429   -78.01341589   -78.01703429   -77.63470674
      672     0.00376622   -78.01718222   -78.01341600   -78.01718222   -77.63487305
      673     0.00397502   -78.01739121   -78.01341619   -78.01739121   -77.63512044
      674     0.00424179   -78.01765825   -78.01341646   -78.01765825   -77.63544591
      675     0.00456239   -78.01797918   -78.01341679   -78.01797918   -77.63584514
      676     0.00493159   -78.01834877   -78.01341718   -78.01834877   -77.63631258
      677     0.00534309   -78.01876073   -78.01341764   -78.01876073   -77.63684150
      678     0.00578965   -78.01920781   -78.01341816   -78.01920781   -77.63742406
      679     0.00626313   -78.01968185   -78.01341872   -78.01968185   -77.63805145
      680     0.00570027   -78.02017395   -78.01447368   -78.02017395   -77.63871399
      681     0.00616318   -78.02063744   -78.01447426   -78.02063744   -77.63934890
      682     0.00663187   -78.02110675   -78.01447488   -78.02110675   -77.64000352
      683     0.00709677   -78.02157227   -78.01447550   -78.02157227   -77.64066731
      684     0.00754805   -78.02202419   -78.01447614   -78.02202419   -77.64132940
      685     0.00797589   -78.02245265   -78.01447676   -78.02245265   -77.64197884
      686     0.00837063   -78.02284799   -78.01447736   -78.02284799   -77.64260473
      687     0.00872301   -78.02320094   -78.01447793   -78.02320094   -77.64319649
      688     0.00902438   -78.02350282   -78.01447844   -78.02350282   -77.64374410
      689     0.00926696   -78.02374585   -78.01447889   -78.02374585   -77.64423825
      690     0.00944404   -78.02392330   -78.01447926   -78.02392330   -77.64467067
      691     0.00955019   -78.02402974   -78.01447955   -78.02402974   -77.64503430
      692     0.00958151   -78.02406123   -78.01447972   -78.02406123   -77.64532352
      693     0.00953577   -78.02401555   -78.01447978   -78.02401555   -77.64553432
      694     0.00941256   -78.02389228   -78.01447972   -78.02389228   -77.64566450
      695     0.00921342   -78.02369295   -78.01447953   -78.02369295   -77.64571375
      696     0.00894190   -78.02342112   -78.01447922   -78.02342112   -77.64568371
      697     0.00860356   -78.02308234   -78.01447878   -78.02308234   -77.64557804
      698     0.00820590   -78.02268412   -78.01447822   -78.02268412   -77.64540232
      699     0.00775825   -78.02223581   -78.01447756   -78.02223581   -77.64516394
      700     0.00570027   -78.02174838   -78.01604811   -78.02174838   -77.64487195
      701     0.00525163   -78.02129901   -78.01604738   -78.02129901   -77.64457944
      702     0.00480293   -78.02084956   -78.01604663   -78.02084956   -77.64426734
      703     0.00436627   -78.02041215   -78.01604588   -78.02041215   -77.64394607
      704     0.00395361   -78.01999879   -78.01604518   -78.01999879   -77.64362600
      705     0.00357640   -78.01962092   -78.01604452   -78.01962092   -77.64331702
      706     0.00324520   -78.01928914   -78.01604394   -78.01928914   -77.64302821
      707     0.00296928   -78.01901274   -78.01604346   -78.01901274   -77.64276752
      708     0.00275639   -78.01879948   -78.01604309   -78.01879948   -77.64254144
      709     0.00261243   -78.01865528   -78.01604285   -78.01865528   -77.64235475
      710     0.00254129   -78.01858403   -78.01604274   -78.01858403   -77.64221038
      711     0.00254469   -78.01858746   -78.01604277   -78.01858746   -77.64210926
      712     0.00262217   -78.01866511   -78.01604294   -78.01866511   -77.64205029
      713     0.00277110   -78.01881432   -78.01604322   -78.01881432   -77.64203042
      714     0.00298676   -78.01903040   -78.01604364   -78.01903040   -77.64204473
      715     0.00326258   -78.01930673   -78.01604415   -78.01930673   -77.64208662
      716     0.00359034   -78.01963508   -78.01604474   -78.01963508   -77.64214809
      717     0.00396045   -78.02000585   -78.01604540   -78.02000585   -77.64222001
      718     0.00436232   -78.02040841   -78.01604609   -78.02040841   -77.64229243
      719     0.00478466   -78.02083148   -78.01604682   -78.02083148   -77.64235500
      720     0.00570027   -78.02126344   -78.01556317   -78.02126344   -77.64239722
      721     0.00614616   -78.02171003   -78.01556387   -78.02171003   -77.64240780
      722     0.00657336   -78.02213788   -78.01556452   -78.02213788   -77.64237320
      723     0.00697118   -78.02253627   -78.01556509   -78.02253627   -77.64228451
      724     0.00733002   -78.02289562   -78.01556560   -78.02289562   -77.64213404
      725     0.00764163   -78.02320762   -78.01556599   -78.02320762   -77.64191561
      726     0.00789921   -78.02346550   -78.01556629   -78.02346550   -77.64162462
      727     0.00809757   -78.02366405   -78.01556648   -78.02366405   -77.64125819
      728     0.00823316   -78.02379973   -78.01556657   -78.02379973   -77.64081517
      729     0.00830410   -78.02387065   -78.01556655   -78.02387065   -77.64029616
      730     0.00831012   -78.02387657   -78.01556645   -78.02387657   -77.63970340
      731     0.00825252   -78.02381877   -78.01556625   -78.02381877   -77.63904079
      732     0.00813401   -78.02369998   -78.01556597   -78.02369998   -77.63831365
      733     0.00795862   -78.02352425   -78.01556563   -78.02352425   -77.63752865
      734     0.00773152   -78.02329674   -78.01556522   -78.02329674   -77.63669363
      735     0.00745884   -78.02302360   -78.01556476   -78.02302360   -77.63581742
      736     0.00714749   -78.02271177   -78.01556428   -78.02271177   -77.63490965
      737     0.00680500   -78.02236877   -78.01556377   -78.02236877   -77.63398061
      738     0.00643926   -78.02200251   -78.01556325   -78.02200251   -77.63304100
      739     0.00605843   -78.02162116   -78.01556273   -78.02162116   -77.63210183
      740     0.00570027   -78.02123288   -78.01553261   -78.02123288   -77.63117414
      741     0.00531252   -78.02084465   -78.01553213   -78.02084465   -77.63026649
      742     0.00493353   -78.02046519   -78.01553166   -78.02046519   -77.62939196
      743     0.00457075   -78.02010198   -78.01553123   -78.02010198   -77.62856094
      744     0.00423116   -78.01976200   -78.01553084   -78.01976200   -77.62778327
      745     0.00392128   -78.01945175   -78.01553047   -78.01945175   -77.62706801
      746     0.00364707   -78.01917722   -78.01553015   -78.01917722   -77.62642329
      747     0.00341406   -78.01894391   -78.01552985   -78.01894391   -77.62585613
      748     0.00322728   -78.01875686   -78.01552958   -78.01875686   -77.62537217
      749     0.00309133   -78.01862067   -78.01552934   -78.01862067   -77.62497558
      750     0.00301026   -78.01853940   -78.01552914   -78.01853940   -77.62466896
      751     0.00298724   -78.01851626   -78.01552902   -78.01851626   -77.62445350
      752     0.00302418   -78.01855319   -78.01552901   -78.01855319   -77.62432916
      753     0.00312119   -78.01865032   -78.01552913   -78.01865032   -77.62429507
      754     0.00327636   -78.01880574   -78.01552938   -78.01880574   -77.62434970
      755     0.00348580   -78.01901551   -78.01552971   -78.01901551   -77.62449071
      756     0.00374412   -78.01927423   -78.01553011   -78.01927423   -77.62471462
      757     0.00404511   -78.01957563   -78.01553052   -78.01957563   -77.62501630
      758     0.00438220   -78.01991314   -78.01553094   -78.01991314   -77.62538871
      759     0.00474858   -78.02027996   -78.01553138   -78.02027996   -77.62582306
      760     0.00570027   -78.02066893   -78.01496866   -78.02066893   -77.62630928
      761     0.00612216   -78.02109140   -78.01496924   -78.02109140   -77.62686210
      762     0.00654528   -78.02151515   -78.01496987   -78.02151515   -77.62744126
      763     0.00695975   -78.02193029   -78.01497054   -78.02193029   -77.62803531
      764     0.00735522   -78.02232644   -78.01497122   -78.02232644   -77.62863307
      765     0.00772124   -78.02269311   -78.01497187   -78.02269311   -77.62922374
      766     0.00804764   -78.02302013   -78.01497249   -78.02302013   -77.62979702
      767     0.00832494   -78.02329798   -78.01497304   -78.02329798   -77.63034320
      768     0.00854465   -78.02351817   -78.01497352   -78.02351817   -77.63085336
      769     0.00869959   -78.02367349   -78.01497390   -78.02367349   -77.63131959
      770     0.00878409   -78.02375827   -78.01497418   -78.02375827   -77.63173519
      771     0.00879425   -78.02376858   -78.01497433   -78.02376858   -77.63209498
      772     0.00872808   -78.02370243   -78.01497435   -78.02370243   -77.63239539
      773     0.00858562   -78.02355987   -78.01497425   -78.02355987   -77.63263475
      774     0.00836906   -78.02334306   -78.01497400   -78.02334306   -77.63281335
      775     0.00808269   -78.02305632   -78.01497363   -78.02305632   -77.63293352
      776     0.00773294   -78.02270607   -78.01497313   -78.02270607   -77.63299963
      777     0.00732818   -78.02230069   -78.01497251   -78.02230069   -77.63301805
      778     0.00687860   -78.02185039   -78.01497179   -78.02185039   -77.63299689
      779     0.00639592   -78.02136692   -78.01497100   -78.02136692   -77.63294591
      780     0.00570027   -78.02086323   -78.01516296   -78.02086323   -77.63287610
      781     0.00520033   -78.02036243   -78.01516210   -78.02036243   -77.63280144
      782     0.00470982   -78.01987105   -78.01516123   -78.01987105   -77.63273376
      783     0.00424254   -78.01940295   -78.01516041   -78.01940295   -77.63268524
      784     0.00381174   -78.01897139   -78.01515965   -78.01897139   -77.63266757
      785     0.00342960   -78.01858859   -78.01515899   -78.01858859   -77.63269153
      786     0.00310687   -78.01826530   -78.01515843   -78.01826530   -77.63276651
      787     0.00285241   -78.01801042   -78.01515801   -78.01801042   -77.63290022
      788     0.00267297   -78.01783070   -78.01515773   -78.01783070   -77.63309829
      789     0.00257288   -78.01773050   -78.01515762   -78.01773050   -77.63336413
      790     0.00255398   -78.01771165   -78.01515767   -78.01771165   -77.63369871
      791     0.00261553   -78.01777340   -78.01515787   -78.01777340   -77.63410060
      792     0.00275430   -78.01791252   -78.01515822   -78.01791252   -77.63456596
      793     0.00296471   -78.01812341   -78.01515870   -78.01812341   -77.63508875
      794     0.00323906   -78.01839835   -78.01515929   -78.01839835   -77.63566090
      795     0.00356785   -78.01872782   -78.01515997   -78.01872782   -77.63627269
      796     0.00394014   -78.01910085   -78.01516071   -78.01910085   -77.63691303
      797     0.00434393   -78.01950542   -78.01516149   -78.01950542   -77.63756989
      798     0.00476662   -78.01992890   -78.01516228   -78.01992890   -77.63823074
      799     0.00519539   -78.02035845   -78.01516306   -78.02035845   -77.63888290
      800     0.00570027   -78.02078143   -78.01508116   -78.02078143   -77.63951399
      801     0.00610656   -78.02118839   -78.01508183   -78.02118839   -77.64011634
      802     0.00648225   -78.02156468   -78.01508243   -78.02156468   -77.64067421
      803     0.00681744   -78.02190037   -78.01508293   -78.02190037   -77.64117803
      804     0.00710368   -78.02218700   -78.01508332   -78.02218700   -77.64161977
      805     0.00733419   -78.02241779   -78.01508360   -78.02241779   -77.64199303
      806     0.00750391   -78.02258769   -78.01508378   -78.02258769   -77.64229315
      807     0.00760962   -78.02269345   -78.01508383   -78.02269345   -77.64251730
      808     0.00764988   -78.02273365   -78.01508377   -78.02273365   -77.64266443
      809     0.00762499   -78.02270860   -78.01508361   -78.02270860   -77.64273521
      810     0.00753691   -78.02262028   -78.01508337   -78.02262028   -77.64273199
      811     0.00738911   -78.02247215   -78.01508304   -78.02247215   -77.64265863
      812     0.00718641   -78.02226904   -78.01508263   -78.02226904   -77.64252040
      813     0.00693476   -78.02201693   -78.01508217   -78.02201693   -77.64232379
      814     0.00664107   -78.02172274   -78.01508167   -78.02172274   -77.64207635
      815     0.00631298   -78.02139412   -78.01508114   -78.02139412   -77.64178649
      816     0.00595865   -78.02103924   -78.01508059   -78.02103924   -77.64146333
      817     0.00558651   -78.02066655   -78.01508004   -78.02066655   -77.64111649
      818     0.00520513   -78.02028462   -78.01507949   -78.02028462   -77.64075590
      819     0.00482296   -78.01990193   -78.01507897   -78.01990193   -77.64039162
      820     0.00570027   -78.01952671   -78.01382644   -78.01952671   -77.64003365
      821     0.00528780   -78.01911370   -78.01382590   -78.01911370   -77.63964160
      822     0.00488995   -78.01871534   -78.01382539   -78.01871534   -77.63926848
      823     0.00451476   -78.01833968   -78.01382492   -78.01833968   -77.63892449
      824     0.00416974   -78.01799423   -78.01382449   -78.01799423   -77.63861905
      825     0.00386180   -78.01768589   -78.01382409   -78.01768589   -77.63836060
      826     0.00359719   -78.01742093   -78.01382374   -78.01742093   -77.63815646
      827     0.00338144   -78.01720489   -78.01382345   -78.01720489   -77.63801265
      828     0.00321935   -78.01704255   -78.01382320   -78.01704255   -77.63793385
      829     0.00311483   -78.01693783   -78.01382300   -78.01693783   -77.63792336
      830     0.00307087   -78.01689375   -78.01382288   -78.01689375   -77.63798305
      831     0.00308945   -78.01691227   -78.01382282   -78.01691227   -77.63811348
      832     0.00317139   -78.01699423   -78.01382284   -78.01699423   -77.63831391
      833     0.00331634   -78.01713928   -78.01382294   -78.01713928   -77.63858239
      834     0.00352268   -78.01734580   -78.01382312   -78.01734580   -77.63891589
      835     0.00378753   -78.01761091   -78.01382338   -78.01761091   -77.63931030
      836     0.00410674   -78.01793045   -78.01382371   -78.01793045   -77.63976059
      837     0.00447496   -78.01829908   -78.01382412   -78.01829908   -77.64026084
      838     0.00488573   -78.01871031   -78.01382458   -78.01871031   -77.64080429
      839     0.00533156   -78.01915667   -78.01382511   -78.01915667   -77.64138347
      840     0.00570027   -78.01962982   -78.01392955   -78.01962982   -77.64199023
      841     0.00618654   -78.02011670   -78.01393016   -78.02011670   -77.64261059
      842     0.00668168   -78.02061246   -78.01393078   -78.02061246   -77.64324124
      843     0.00717585   -78.02110726   -78.01393141   -78.02110726   -77.64387277
      844     0.00765906   -78.02159111   -78.01393205   -78.02159111   -77.64449558
      845     0.00812136   -78.02205403   -78.01393267   -78.02205403   -77.64510004
      846     0.00855306   -78.02248632   -78.01393326   -78.02248632   -77.64567669
      847     0.00894492   -78.02287874   -78.01393382   -78.02287874   -77.64621643
      848     0.00928839   -78.02322271   -78.01393432   -78.02322271   -77.64671072
      849     0.00957580   -78.02351056   -78.01393476   -78.02351056   -77.64715178
      850     0.00980056   -78.02373567   -78.01393511   -78.02373567   -77.64753281
      851     0.00995737   -78.02389276   -78.01393539   -78.02389276   -77.64784817
      852     0.01004240   -78.02397795   -78.01393555   -78.02397795   -77.64809360
      853     0.01005341   -78.02398902   -78.01393561   -78.02398902   -77.64826630
      854     0.00998988   -78.02392544   -78.01393556   -78.02392544   -77.64836514
      855     0.00985310   -78.02378849   -78.01393539   -78.02378849   -77.64839069
      856     0.00964621   -78.02358132   -78.01393511   -78.02358132   -77.64834531
      857     0.00937419   -78.02330890   -78.01393471   -78.02330890   -77.64823308
      858     0.00904375   -78.02297796   -78.01393421   -78.02297796   -77.64805981
      859     0.00866329   -78.02259691   -78.01393362   -78.02259691   -77.64783289
      860     0.00570027   -78.02217559   -78.01647532   -78.02217559   -77.64756109
      861     0.00533439   -78.02180910   -78.01647471   -78.02180910   -77.64731132
      862     0.00497044   -78.02144452   -78.01647408   -78.02144452   -77.64705205
      863     0.00461843   -78.02109191   -78.01647348   -78.02109191   -77.64679231
      864     0.00428815   -78.02076105   -78.01647290   -78.02076105   -77.64654082
      865     0.00398876   -78.02046115   -78.01647239   -78.02046115   -77.64630574
      866     0.00372861   -78.02020054   -78.01647193   -78.02020054   -77.64609434
      867     0.00351487   -78.01998644   -78.01647157   -78.01998644   -77.64591277
      868     0.00335339   -78.01982469   -78.01647130   -78.01982469   -77.64576581
      869     0.00324842   -78.01971956   -78.01647114   -78.01971956   -77.64565673
      870     0.00320254   -78.01967363   -78.01647109   -78.01967363   -77.64558710
      871     0.00321655   -78.01968770   -78.01647115   -78.01968770   -77.64555680
      872     0.00328943   -78.01976076   -78.01647133   -78.01976076   -77.64556396
      873     0.00341843   -78.01989003   -78.01647160   -78.01989003   -77.64560502
      874     0.00359912   -78.02007109   -78.01647197   -78.02007109   -77.64567490
      875     0.00382558   -78.02029800   -78.01647242   -78.02029800   -77.64576709
      876     0.00409059   -78.02056352   -78.01647293   -78.02056352   -77.64587396
      877     0.00438586   -78.02085936   -78.01647350   -78.02085936   -77.64598694
      878     0.00470235   -78.02117644   -78.01647409   -78.02117644   -77.64609687
      879     0.00503051   -78.02150520   -78.01647469   -78.02150520   -77.64619424
      880     0.00570027   -78.02183587   -78.01613560   -78.02183587   -77.64626958
      881     0.00603135   -78.02216754   -78.01613619   -78.02216754   -77.64631412
      882     0.00634230   -78.02247902   -78.01613672   -78.02247902   -77.64631575
      883     0.00662436   -78.02276155   -78.01613719   -78.02276155   -77.64626657
      884     0.00686971   -78.02300731   -78.01613760   -78.02300731   -77.64615981
      885     0.00707166   -78.02320958   -78.01613792   -78.02320958   -77.64599003
      886     0.00722478   -78.02336294   -78.01613816   -78.02336294   -77.64575322
      887     0.00732501   -78.02346332   -78.01613831   -78.02346332   -77.64544689
      888     0.00736972   -78.02350808   -78.01613836   -78.02350808   -77.64507012
      889     0.00735768   -78.02349602   -78.01613834   -78.02349602   -77.64462352
      890     0.00728914   -78.02342737   -78.01613823   -78.02342737   -77.64410921
      891     0.00716569   -78.02330373   -78.01613804   -78.02330373   -77.64353071
      892     0.00699024   -78.02312802   -78.01613778   -78.02312802   -77.64289281
      893     0.00676695   -78.02290439   -78.01613744   -78.02290439   -77.64220144
      894     0.00650108   -78.02263812   -78.01613704   -78.02263812   -77.64146346
      895     0.00619893   -78.02233553   -78.01613660   -78.02233553   -77.64068645
      896     0.00586774   -78.02200384   -78.01613610   -78.02200384   -77.63987855
      897     0.00551552   -78.02165109   -78.01613557   -78.02165109   -77.63904816
      898     0.00515102   -78.02128601   -78.01613499   -78.02128601   -77.63820376
      899     0.00478351   -78.02091790   -78.01613439   -78.02091790   -77.63735370
      900     0.00570027   -78.02055641   -78.01485614   -78.02055641   -77.63650601
      901     0.00530327   -78.02015873   -78.01485546   -78.02015873   -77.63555019
      902     0.00492407   -78.01977887   -78.01485480   -78.01977887   -77.63460449
      903     0.00457314   -78.01942735   -78.01485421   -78.01942735   -77.63367711
      904     0.00425980   -78.01911355   -78.01485375   -78.01911355   -77.63277626
      905     0.00399124   -78.01884474   -78.01485350   -78.01884474   -77.63191083
      906     0.00377142   -78.01862496   -78.01485354   -78.01862496   -77.63109109
      907     0.00360010   -78.01845402   -78.01485392   -78.01845402   -77.63032950
      908     0.00347241   -78.01832702   -78.01485461   -78.01832702   -77.62964097
      909     0.00337945   -78.01823495   -78.01485550   -78.01823495   -77.62904224
      910     0.00331055   -78.01816685   -78.01485630   -78.01816685   -77.62854984
      911     0.00325716   -78.01811384   -78.01485668   -78.01811384   -77.62817642
      912     0.00321838   -78.01807459   -78.01485621   -78.01807459   -77.62792549
      913     0.00320629   -78.01806096   -78.01485467   -78.01806096   -77.62778600
      914     0.00324767   -78.01810011   -78.01485244   -78.01810011   -77.62773002
      915     0.00337701   -78.01822771   -78.01485070   -78.01822771   -77.62771866
      916     0.00361942   -78.01847017   -78.01485075   -78.01847017   -77.62771860
      917     0.00397410   -78.01882671   -78.01485261   -78.01882671   -77.62771913
      918     0.00441356   -78.01926873   -78.01485517   -78.01926873   -77.62773324
      919     0.00489797   -78.01975534   -78.01485737   -78.01975534   -77.62778337
      920     0.00570027   -78.02024909   -78.01454882   -78.02024909   -77.62788721
      921     0.00618458   -78.02073420   -78.01454962   -78.02073420   -77.62805593
      922     0.00662766   -78.02117763   -78.01454997   -78.02117763   -77.62828243
      923     0.00702026   -78.02157030   -78.01455004   -78.02157030   -77.62855569
      924     0.00735811   -78.02190811   -78.01455000   -78.02190811   -77.62886040
      925     0.00763967   -78.02218961   -78.01454994   -78.02218961   -77.62917959
      926     0.00786452   -78.02241442   -78.01454990   -78.02241442   -77.62949641
      927     0.00803243   -78.02258234   -78.01454991   -78.02258234   -77.62979547
      928     0.00814296   -78.02269291   -78.01454995   -78.02269291   -77.63006357
      929     0.00819545   -78.02274545   -78.01455000   -78.02274545   -77.63029012
      930     0.00818927   -78.02273931   -78.01455004   -78.02273931   -77.63046721
      931     0.00812419   -78.02267423   -78.01455004   -78.02267423   -77.63058965
      932     0.00800077   -78.02255074   -78.01454997   -78.02255074   -77.63065480
      933     0.00782069   -78.02237050   -78.01454981   -78.02237050   -77.63066243
      934     0.00758702   -78.02213656   -78.01454954   -78.02213656   -77.63061459
      935     0.00730434   -78.02185353   -78.01454919   -78.02185353   -77.63051543
      936     0.00697887   -78.02152760   -78.01454873   -78.02152760   -77.63037100
      937     0.00661835   -78.02116653   -78.01454818   -78.02116653   -77.63018913
      938     0.00623195   -78.02077949   -78.01454754   -78.02077949   -77.62997912
      939     0.00583004   -78.02037689   -78.01454685   -78.02037689   -77.62975155
      940     0.00570027   -78.01997005   -78.01426978   -78.01997005   -77.62951790
      941     0.00529042   -78.01955944   -78.01426902   -78.01955944   -77.62928330
      942     0.00489809   -78.01916634   -78.01426825   -78.01916634   -77.62906501
      943     0.00453565   -78.01880316   -78.01426751   -78.01880316   -77.62887555
      944     0.00421495   -78.01848178   -78.01426683   -78.01848178   -77.62872694
      945     0.00394692   -78.01821315   -78.01426623   -78.01821315   -77.62863026
      946     0.00374111   -78.01800685   -78.01426574   -78.01800685   -77.62859523
      947     0.00360535   -78.01787073   -78.01426538   -78.01787073   -77.62862988
      948     0.00354541   -78.01781057   -78.01426516   -78.01781057   -77.62874021
      949     0.00356474   -78.01782985   -78.01426511   -78.01782985   -77.62892992
      950     0.00366431   -78.01792951   -78.01426520   -78.01792951   -77.62920025
      951     0.00384251   -78.01810797   -78.01426546   -78.01810797   -77.62954991
      952     0.00409518   -78.01836106   -78.01426588   -78.01836106   -77.62997509
      953     0.00441572   -78.01868215   -78.01426643   -78.01868215   -77.63046955
      954     0.00479532   -78.01906242   -78.01426710   -78.01906242   -77.63102490
      955     0.00522324   -78.01949110   -78.01426786   -78.01949110   -77.63163084
      956     0.00568719   -78.01995589   -78.01426870   -78.01995589   -77.63227556
      957     0.00617379   -78.02044335   -78.01426956   -78.02044335   -77.63294618
      958     0.00666897   -78.02093942   -78.01427045   -78.02093942   -77.63362918
      959     0.00715854   -78.02142984   -78.01427130   -78.02142984   -77.63431090
      960     0.00570027   -78.02190068   -78.01620041   -78.02190068   -77.63497801
      961     0.00608527   -78.02228635   -78.01620108   -78.02228635   -77.63553679
      962     0.00644527   -78.02264695   -78.01620168   -78.02264695   -77.63607300
      963     0.00677037   -78.02297258   -78.01620221   -78.02297258   -77.63657710
      964     0.00705191   -78.02325455   -78.01620264   -78.02325455   -77.63704068
      965     0.00728264   -78.02348561   -78.01620297   -78.02348561   -77.63745670
      966     0.00745692   -78.02366012   -78.01620320   -78.02366012   -77.63781967
      967     0.00757085   -78.02377416   -78.01620331   -78.02377416   -77.63812569
      968     0.00762231   -78.02382561   -78.01620330   -78.02382561   -77.63837248
      969     0.00761094   -78.02381414   -78.01620320   -78.02381414   -77.63855943
      970     0.00753815   -78.02374113   -78.01620298   -78.02374113   -77.63868746
      971     0.00740692   -78.02360960   -78.01620268   -78.02360960   -77.63875893
      972     0.00722173   -78.02342402   -78.01620229   -78.02342402   -77.63877754
      973     0.00698833   -78.02319018   -78.01620185   -78.02319018   -77.63874814
      974     0.00671355   -78.02291490   -78.01620135   -78.02291490   -77.63867658
      975     0.00640501   -78.02260582   -78.01620081   -78.02260582   -77.63856957
      976     0.00607089   -78.02227116   -78.01620027   -78.02227116   -77.63843448
      977     0.00571970   -78.02191942   -78.01619972   -78.02191942   -77.63827919
      978     0.00535996   -78.02155914   -78.01619918   -78.02155914   -77.63811197
      979     0.00499999   -78.02119866   -78.01619867   -78.02119866   -77.63794128
      980     0.00570027   -78.02084593   -78.01514566   -78.02084593   -77.63777562
      981     0.00532250   -78.02046768   -78.01514518   -78.02046768   -77.63760327
      982     0.00496024   -78.02010498   -78.01514474   -78.02010498   -77.63744739
      983     0.00462032   -78.01976468   -78.01514436   -78.01976468   -77.63731671
      984     0.00430882   -78.01945284   -78.01514402   -78.01945284   -77.63721931
      985     0.00403104   -78.01917478   -78.01514374   -78.01917478   -77.63716244
      986     0.00379154   -78.01893504   -78.01514350   -78.01893504   -77.63715237
      987     0.00359411   -78.01873741   -78.01514330   -78.01873741   -77.63719419
      988     0.00344179   -78.01858494   -78.01514315   -78.01858494   -77.63729176
      989     0.00333693   -78.01847997   -78.01514304   -78.01847997   -77.63744762
      990     0.00328107   -78.01842406   -78.01514299   -78.01842406   -77.63766296
      991     0.00327501   -78.01841799   -78.01514298   -78.01841799   -77.63793768
      992     0.00331872   -78.01846174   -78.01514302   -78.01846174   -77.63827042
      993     0.00341130   -78.01855443   -78.01514313   -78.01855443   -77.63865862
      994     0.00355098   -78.01869426   -78.01514328   -78.01869426   -77.63909868
      995     0.00373506   -78.01887856   -78.01514350   -78.01887856   -77.63958599
      996     0.00395996   -78.01910374   -78.01514378   -78.01910374   -77.64011512
      997     0.00422123   -78.01936533   -78.01514410   -78.01936533   -77.64067985
      998     0.00451360   -78.01965808   -78.01514448   -78.01965808   -77.64127335
      999     0.00483109   -78.01997598   -78.01514489   -78.01997598   -77.64188825
     1000     0.00570027   -78.02031243   -78.01461216   -78.02031243   -77.64251673
