#    Step     Kinetic(H)     Potential(H)   Total(H)       E(0)(H)        
        0     0.00539722   -10.36957155   -10.36417433   -10.36957155
        1     0.00479911   -10.36897250   -10.36417339   -10.36897250
        2     0.00421673   -10.36838922   -10.36417248   -10.36838922
        3     0.00366460   -10.36783624   -10.36417163   -10.36783624
        4     0.00315627   -10.36732713   -10.36417087   -10.36732713
        5     0.00270395   -10.36687416   -10.36417021   -10.36687416
        6     0.00231820   -10.36648787   -10.36416967   -10.36648787
        7     0.00200757   -10.36617685   -10.36416927   -10.36617685
        8     0.00177843   -10.36594746   -10.36416902   -10.36594746
        9     0.00163477   -10.36580369   -10.36416893   -10.36580369
       10     0.00157809   -10.36574708   -10.36416899   -10.36574708
       11     0.00160747   -10.36577667   -10.36416920   -10.36577667
       12     0.00171954   -10.36588909   -10.36416955   -10.36588909
       13     0.00190868   -10.36607871   -10.36417003   -10.36607871
       14     0.00216718   -10.36633781   -10.36417063   -10.36633781
       15     0.00248555   -10.36665686   -10.36417132   -10.36665686
       16     0.00285278   -10.36702486   -10.36417208   -10.36702486
       17     0.00325673   -10.36742962   -10.36417289   -10.36742962
       18     0.00368449   -10.36785821   -10.36417372   -10.36785821
       19     0.00412274   -10.36829729   -10.36417455   -10.36829729
       20     0.00778514   -10.36873357   -10.36094843   -10.36873357
       21     0.00831617   -10.36926556   -10.36094938   -10.36926556
       22     0.00877620   -10.36972639   -10.36095019   -10.36972639
       23     0.00915223   -10.37010306   -10.36095083   -10.37010306
       24     0.00943394   -10.37038524   -10.36095129   -10.37038524
       25     0.00961388   -10.37056545   -10.36095157   -10.37056545
       26     0.00968763   -10.37063927   -10.36095164   -10.37063927
       27     0.00965387   -10.37060540   -10.36095153   -10.37060540
       28     0.00951431   -10.37046554   -10.36095123   -10.37046554
       29     0.00927357   -10.37022433   -10.36095077   -10.37022433
       30     0.00893898   -10.36988913   -10.36095015   -10.36988913
       31     0.00852034   -10.36946973   -10.36094940   -10.36946973
       32     0.00802952   -10.36897806   -10.36094854   -10.36897806
       33     0.00748012   -10.36842772   -10.36094760   -10.36842772
       34     0.00688702   -10.36783363   -10.36094661   -10.36783363
       35     0.00626594   -10.36721154   -10.36094560   -10.36721154
       36     0.00563298   -10.36657757   -10.36094459   -10.36657757
       37     0.00500416   -10.36594777   -10.36094362   -10.36594777
       38     0.00439496   -10.36533767   -10.36094270   -10.36533767
       39     0.00381995   -10.36476182   -10.36094187   -10.36476182
       40     0.00778514   -10.36423351   -10.35644837   -10.36423351
       41     0.00702349   -10.36347084   -10.35644735   -10.36347084
       42     0.00628640   -10.36273280   -10.35644640   -10.36273280
       43     0.00558900   -10.36203454   -10.35644553   -10.36203454
       44     0.00494506   -10.36138983   -10.35644477   -10.36138983
       45     0.00436674   -10.36081086   -10.35644412   -10.36081086
       46     0.00386442   -10.36030801   -10.35644359   -10.36030801
       47     0.00344658   -10.35988976   -10.35644318   -10.35988976
       48     0.00311968   -10.35956258   -10.35644290   -10.35956258
       49     0.00288816   -10.35933091   -10.35644275   -10.35933091
       50     0.00275447   -10.35919719   -10.35644272   -10.35919719
       51     0.00271911   -10.35916191   -10.35644281   -10.35916191
       52     0.00278072   -10.35922372   -10.35644300   -10.35922372
       53     0.00293622   -10.35937951   -10.35644329   -10.35937951
       54     0.00318096   -10.35962463   -10.35644367   -10.35962463
       55     0.00350886   -10.35995299   -10.35644413   -10.35995299
       56     0.00391260   -10.36035726   -10.35644466   -10.36035726
       57     0.00438383   -10.36082907   -10.35644524   -10.36082907
       58     0.00491331   -10.36135916   -10.35644586   -10.36135916
       59     0.00549112   -10.36193763   -10.35644651   -10.36193763
       60     0.00778514   -10.36255404   -10.35476890   -10.36255404
       61     0.00849853   -10.36326819   -10.35476965   -10.36326819
       62     0.00920560   -10.36397596   -10.35477037   -10.36397596
       63     0.00989498   -10.36466602   -10.35477103   -10.36466602
       64     0.01055611   -10.36532776   -10.35477165   -10.36532776
       65     0.01117928   -10.36595148   -10.35477220   -10.36595148
       66     0.01175579   -10.36652847   -10.35477268   -10.36652847
       67     0.01227799   -10.36705109   -10.35477310   -10.36705109
       68     0.01273933   -10.36751277   -10.35477344   -10.36751277
       69     0.01313437   -10.36790809   -10.35477372   -10.36790809
       70     0.01345884   -10.36823276   -10.35477392   -10.36823276
       71     0.01370958   -10.36848363   -10.35477406   -10.36848363
       72     0.01388453   -10.36865866   -10.35477412   -10.36865866
       73     0.01398276   -10.36875688   -10.35477412   -10.36875688
       74     0.01400436   -10.36877842   -10.35477406   -10.36877842
       75     0.01395046   -10.36872439   -10.35477394   -10.36872439
       76     0.01382317   -10.36859692   -10.35477375   -10.36859692
       77     0.01362559   -10.36839910   -10.35477351   -10.36839910
       78     0.01336169   -10.36813490   -10.35477321   -10.36813490
       79     0.01303634   -10.36780920   -10.35477286   -10.36780920
       80     0.00778514   -10.36742775   -10.35964261   -10.36742775
       81     0.00746756   -10.36710984   -10.35964228   -10.36710984
       82     0.00715639   -10.36679837   -10.35964198   -10.36679837
       83     0.00685650   -10.36649821   -10.35964171   -10.36649821
       84     0.00657235   -10.36621381   -10.35964146   -10.36621381
       85     0.00630792   -10.36594916   -10.35964124   -10.36594916
       86     0.00606681   -10.36570785   -10.35964104   -10.36570785
       87     0.00585226   -10.36549312   -10.35964086   -10.36549312
       88     0.00566717   -10.36530787   -10.35964070   -10.36530787
       89     0.00551416   -10.36515471   -10.35964055   -10.36515471
       90     0.00539560   -10.36503602   -10.35964042   -10.36503602
       91     0.00531357   -10.36495388   -10.35964031   -10.36495388
       92     0.00526988   -10.36491010   -10.35964021   -10.36491010
       93     0.00526602   -10.36490616   -10.35964014   -10.36490616
       94     0.00530310   -10.36494319   -10.35964009   -10.36494319
       95     0.00538177   -10.36502185   -10.35964008   -10.36502185
       96     0.00550219   -10.36514230   -10.35964011   -10.36514230
       97     0.00566386   -10.36530404   -10.35964017   -10.36530404
       98     0.00586561   -10.36550590   -10.35964029   -10.36550590
       99     0.00610545   -10.36574591   -10.35964046   -10.36574591
      100     0.00778514   -10.36602127   -10.35823613   -10.36602127
      101     0.00811518   -10.36635160   -10.35823642   -10.36635160
      102     0.00845775   -10.36669450   -10.35823675   -10.36669450
      103     0.00880747   -10.36704458   -10.35823711   -10.36704458
      104     0.00915841   -10.36739592   -10.35823751   -10.36739592
      105     0.00950416   -10.36774209   -10.35823793   -10.36774209
      106     0.00983784   -10.36807621   -10.35823837   -10.36807621
      107     0.01015220   -10.36839105   -10.35823884   -10.36839105
      108     0.01043975   -10.36867906   -10.35823931   -10.36867906
      109     0.01069287   -10.36893265   -10.35823978   -10.36893265
      110     0.01090403   -10.36914426   -10.35824023   -10.36914426
      111     0.01106599   -10.36930664   -10.35824065   -10.36930664
      112     0.01117197   -10.36941300   -10.35824103   -10.36941300
      113     0.01121593   -10.36945728   -10.35824135   -10.36945728
      114     0.01119279   -10.36943438   -10.35824159   -10.36943438
      115     0.01109866   -10.36934041   -10.35824175   -10.36934041
      116     0.01093106   -10.36917287   -10.35824180   -10.36917287
      117     0.01068911   -10.36893086   -10.35824175   -10.36893086
      118     0.01037369   -10.36861527   -10.35824158   -10.36861527
      119     0.00998754   -10.36822882   -10.35824129   -10.36822882
      120     0.00778514   -10.36777617   -10.35999103   -10.36777617
      121     0.00733041   -10.36732098   -10.35999057   -10.36732098
      122     0.00684464   -10.36683468   -10.35999004   -10.36683468
      123     0.00633631   -10.36632575   -10.35998945   -10.36632575
      124     0.00581482   -10.36580363   -10.35998881   -10.36580363
      125     0.00529038   -10.36527851   -10.35998813   -10.36527851
      126     0.00477368   -10.36476113   -10.35998744   -10.36476113
      127     0.00427574   -10.36426249   -10.35998675   -10.36426249
      128     0.00380755   -10.36379363   -10.35998608   -10.36379363
      129     0.00337984   -10.36336528   -10.35998544   -10.36336528
      130     0.00300279   -10.36298764   -10.35998485   -10.36298764
      131     0.00268574   -10.36267007   -10.35998433   -10.36267007
      132     0.00243693   -10.36242083   -10.35998390   -10.36242083
      133     0.00226329   -10.36224686   -10.35998356   -10.36224686
      134     0.00217016   -10.36215350   -10.35998334   -10.36215350
      135     0.00216117   -10.36214440   -10.35998322   -10.36214440
      136     0.00223807   -10.36222131   -10.35998324   -10.36222131
      137     0.00240065   -10.36238403   -10.35998337   -10.36238403
      138     0.00264668   -10.36263032   -10.35998364   -10.36263032
      139     0.00297189   -10.36295592   -10.35998403   -10.36295592
      140     0.00778514   -10.36335458   -10.35556944   -10.36335458
      141     0.00844435   -10.36401465   -10.35557030   -10.36401465
      142     0.00909937   -10.36467054   -10.35557117   -10.36467054
      143     0.00973637   -10.36530839   -10.35557202   -10.36530839
      144     0.01034169   -10.36591453   -10.35557285   -10.36591453
      145     0.01090217   -10.36647580   -10.35557362   -10.36647580
      146     0.01140543   -10.36697977   -10.35557434   -10.36697977
      147     0.01184006   -10.36741503   -10.35557498   -10.36741503
      148     0.01219598   -10.36777149   -10.35557551   -10.36777149
      149     0.01246468   -10.36804062   -10.35557594   -10.36804062
      150     0.01263943   -10.36821567   -10.35557625   -10.36821567
      151     0.01271551   -10.36829192   -10.35557641   -10.36829192
      152     0.01269043   -10.36826685   -10.35557642   -10.36826685
      153     0.01256408   -10.36814037   -10.35557628   -10.36814037
      154     0.01233877   -10.36791476   -10.35557599   -10.36791476
      155     0.01201926   -10.36759481   -10.35557554   -10.36759481
      156     0.01161278   -10.36718773   -10.35557495   -10.36718773
      157     0.01112885   -10.36670307   -10.35557422   -10.36670307
      158     0.01057914   -10.36615251   -10.35557337   -10.36615251
      159     0.00997721   -10.36554964   -10.35557242   -10.36554964
      160     0.00778514   -10.36490959   -10.35712445   -10.36490959
      161     0.00719122   -10.36431471   -10.35712349   -10.36431471
      162     0.00661069   -10.36373324   -10.35712254   -10.36373324
      163     0.00605868   -10.36318031   -10.35712163   -10.36318031
      164     0.00554965   -10.36267044   -10.35712078   -10.36267044
      165     0.00509710   -10.36221712   -10.35712002   -10.36221712
      166     0.00471310   -10.36183248   -10.35711937   -10.36183248
      167     0.00440804   -10.36152689   -10.35711885   -10.36152689
      168     0.00419029   -10.36130875   -10.35711846   -10.36130875
      169     0.00406600   -10.36118423   -10.35711822   -10.36118423
      170     0.00403900   -10.36115714   -10.35711814   -10.36115714
      171     0.00411068   -10.36122889   -10.35711821   -10.36122889
      172     0.00428002   -10.36139845   -10.35711842   -10.36139845
      173     0.00454368   -10.36166246   -10.35711878   -10.36166246
      174     0.00489605   -10.36201531   -10.35711926   -10.36201531
      175     0.00532951   -10.36244937   -10.35711986   -10.36244937
      176     0.00583465   -10.36295521   -10.35712055   -10.36295521
      177     0.00640053   -10.36352185   -10.35712132   -10.36352185
      178     0.00701497   -10.36413712   -10.35712215   -10.36413712
      179     0.00766486   -10.36478787   -10.35712301   -10.36478787
      180     0.00778514   -10.36546033   -10.35767519   -10.36546033
      181     0.00844465   -10.36612070   -10.35767605   -10.36612070
      182     0.00910413   -10.36678103   -10.35767690   -10.36678103
      183     0.00975003   -10.36742776   -10.35767773   -10.36742776
      184     0.01036911   -10.36804762   -10.35767852   -10.36804762
      185     0.01094875   -10.36862800   -10.35767925   -10.36862800
      186     0.01147722   -10.36915714   -10.35767992   -10.36915714
      187     0.01194387   -10.36962438   -10.35768050   -10.36962438
      188     0.01233931   -10.37002030   -10.35768100   -10.37002030
      189     0.01265556   -10.37033696   -10.35768139   -10.37033696
      190     0.01288630   -10.37056798   -10.35768168   -10.37056798
      191     0.01302685   -10.37070870   -10.35768186   -10.37070870
      192     0.01307433   -10.37075624   -10.35768191   -10.37075624
      193     0.01302769   -10.37070955   -10.35768186   -10.37070955
      194     0.01288773   -10.37056942   -10.35768169   -10.37056942
      195     0.01265701   -10.37033842   -10.35768141   -10.37033842
      196     0.01233985   -10.37002088   -10.35768103   -10.37002088
      197     0.01194225   -10.36962280   -10.35768055   -10.36962280
      198     0.01147171   -10.36915170   -10.35767999   -10.36915170
      199     0.01093715   -10.36861650   -10.35767935   -10.36861650
      200     0.00778514   -10.36802732   -10.36024218   -10.36802732
      201     0.00724859   -10.36749013   -10.36024154   -10.36749013
      202     0.00670691   -10.36694782   -10.36024091   -10.36694782
      203     0.00617012   -10.36641041   -10.36024029   -10.36641041
      204     0.00564806   -10.36588775   -10.36023969   -10.36588775
      205     0.00515024   -10.36538936   -10.36023912   -10.36538936
      206     0.00468568   -10.36492427   -10.36023859   -10.36492427
      207     0.00426283   -10.36450094   -10.36023811   -10.36450094
      208     0.00388935   -10.36412703   -10.36023768   -10.36412703
      209     0.00357210   -10.36380941   -10.36023731   -10.36380941
      210     0.00331695   -10.36355395   -10.36023700   -10.36355395
      211     0.00312872   -10.36336549   -10.36023677   -10.36336549
      212     0.00301108   -10.36324769   -10.36023661   -10.36324769
      213     0.00296642   -10.36320296   -10.36023654   -10.36320296
      214     0.00299584   -10.36323240   -10.36023656   -10.36323240
      215     0.00309907   -10.36333573   -10.36023666   -10.36333573
      216     0.00327440   -10.36351126   -10.36023686   -10.36351126
      217     0.00351871   -10.36375585   -10.36023714   -10.36375585
      218     0.00382742   -10.36406493   -10.36023751   -10.36406493
      219     0.00419457   -10.36443254   -10.36023797   -10.36443254
      220     0.00778514   -10.36485138   -10.35706624   -10.36485138
      221     0.00835911   -10.36542609   -10.35706698   -10.36542609
      222     0.00892696   -10.36599468   -10.35706772   -10.36599468
      223     0.00947688   -10.36654532   -10.35706845   -10.36654532
      224     0.00999729   -10.36706643   -10.35706914   -10.36706643
      225     0.01047706   -10.36754686   -10.35706980   -10.36754686
      226     0.01090576   -10.36797616   -10.35707040   -10.36797616
      227     0.01127379   -10.36834473   -10.35707094   -10.36834473
      228     0.01157260   -10.36864401   -10.35707140   -10.36864401
      229     0.01179490   -10.36886667   -10.35707177   -10.36886667
      230     0.01193476   -10.36900681   -10.35707205   -10.36900681
      231     0.01198783   -10.36906005   -10.35707222   -10.36906005
      232     0.01195141   -10.36902369   -10.35707228   -10.36902369
      233     0.01182449   -10.36889672   -10.35707223   -10.36889672
      234     0.01160788   -10.36867995   -10.35707207   -10.36867995
      235     0.01130419   -10.36837598   -10.35707179   -10.36837598
      236     0.01091781   -10.36798922   -10.35707141   -10.36798922
      237     0.01045490   -10.36752582   -10.35707092   -10.36752582
      238     0.00992324   -10.36699357   -10.35707033   -10.36699357
      239     0.00933218   -10.36640183   -10.35706965   -10.36640183
      240     0.00778514   -10.36576139   -10.35797625   -10.36576139
      241     0.00714997   -10.36512546   -10.35797549   -10.36512546
      242     0.00650210   -10.36447678   -10.35797469   -10.36447678
      243     0.00585428   -10.36382815   -10.35797387   -10.36382815
      244     0.00521965   -10.36319268   -10.35797304   -10.36319268
      245     0.00461141   -10.36258363   -10.35797222   -10.36258363
      246     0.00404265   -10.36201408   -10.35797142   -10.36201408
      247     0.00352606   -10.36149673   -10.35797067   -10.36149673
      248     0.00307370   -10.36104367   -10.35796997   -10.36104367
      249     0.00269674   -10.36066608   -10.35796934   -10.36066608
      250     0.00240519   -10.36037400   -10.35796880   -10.36037400
      251     0.00220768   -10.36017604   -10.35796837   -10.36017604
      252     0.00211114   -10.36007919   -10.35796805   -10.36007919
      253     0.00212064   -10.36008850   -10.35796786   -10.36008850
      254     0.00223918   -10.36020699   -10.35796781   -10.36020699
      255     0.00246748   -10.36043540   -10.35796792   -10.36043540
      256     0.00280392   -10.36077209   -10.35796817   -10.36077209
      257     0.00324437   -10.36121296   -10.35796858   -10.36121296
      258     0.00378228   -10.36175143   -10.35796915   -10.36175143
      259     0.00440861   -10.36237847   -10.35796986   -10.36237847
      260     0.00778514   -10.36308274   -10.35529760   -10.36308274
      261     0.00870958   -10.36400834   -10.35529876   -10.36400834
      262     0.00964983   -10.36494980   -10.35529997   -10.36494980
      263     0.01058662   -10.36588782   -10.35530121   -10.36588782
      264     0.01150021   -10.36680266   -10.35530245   -10.36680266
      265     0.01237087   -10.36767454   -10.35530366   -10.36767454
      266     0.01317931   -10.36848412   -10.35530482   -10.36848412
      267     0.01390711   -10.36921300   -10.35530589   -10.36921300
      268     0.01453727   -10.36984412   -10.35530685   -10.36984412
      269     0.01505456   -10.37036223   -10.35530767   -10.37036223
      270     0.01544594   -10.37075427   -10.35530833   -10.37075427
      271     0.01570095   -10.37100975   -10.35530880   -10.37100975
      272     0.01581203   -10.37112111   -10.35530908   -10.37112111
      273     0.01577480   -10.37108395   -10.35530915   -10.37108395
      274     0.01558822   -10.37089722   -10.35530900   -10.37089722
      275     0.01525476   -10.37056339   -10.35530863   -10.37056339
      276     0.01478038   -10.37008842   -10.35530804   -10.37008842
      277     0.01417451   -10.36948175   -10.35530724   -10.36948175
      278     0.01344998   -10.36875622   -10.35530624   -10.36875622
      279     0.01262276   -10.36792782   -10.35530506   -10.36792782
      280     0.00778514   -10.36701540   -10.35923026   -10.36701540
      281     0.00700813   -10.36623723   -10.35922910   -10.36623723
      282     0.00623233   -10.36546024   -10.35922791   -10.36546024
      283     0.00547662   -10.36470336   -10.35922674   -10.36470336
      284     0.00475978   -10.36398538   -10.35922560   -10.36398538
      285     0.00410002   -10.36332454   -10.35922452   -10.36332454
      286     0.00351450   -10.36273803   -10.35922353   -10.36273803
      287     0.00301890   -10.36224157   -10.35922267   -10.36224157
      288     0.00262698   -10.36184893   -10.35922195   -10.36184893
      289     0.00235020   -10.36157160   -10.35922140   -10.36157160
      290     0.00219732   -10.36141835   -10.35922103   -10.36141835
      291     0.00217416   -10.36139502   -10.35922087   -10.36139502
      292     0.00228336   -10.36150427   -10.35922091   -10.36150427
      293     0.00252423   -10.36174540   -10.35922116   -10.36174540
      294     0.00289270   -10.36211433   -10.35922163   -10.36211433
      295     0.00338135   -10.36260364   -10.35922230   -10.36260364
      296     0.00397950   -10.36320266   -10.35922315   -10.36320266
      297     0.00467350   -10.36389768   -10.35922418   -10.36389768
      298     0.00544693   -10.36467229   -10.35922536   -10.36467229
      299     0.00628109   -10.36550774   -10.35922665   -10.36550774
      300     0.00778514   -10.36638338   -10.35859824   -10.36638338
      301     0.00871241   -10.36731214   -10.35859973   -10.36731214
      302     0.00962779   -10.36822901   -10.35860122   -10.36822901
      303     0.01050756   -10.36911023   -10.35860268   -10.36911023
      304     0.01132860   -10.36993266   -10.35860405   -10.36993266
      305     0.01206902   -10.37067434   -10.35860532   -10.37067434
      306     0.01270872   -10.37131515   -10.35860644   -10.37131515
      307     0.01322995   -10.37183732   -10.35860738   -10.37183732
      308     0.01361783   -10.37222593   -10.35860811   -10.37222593
      309     0.01386075   -10.37246937   -10.35860861   -10.37246937
      310     0.01395072   -10.37255960   -10.35860888   -10.37255960
      311     0.01388358   -10.37249247   -10.35860889   -10.37249247
      312     0.01365919   -10.37226784   -10.35860865   -10.37226784
      313     0.01328143   -10.37188959   -10.35860816   -10.37188959
      314     0.01275815   -10.37136558   -10.35860743   -10.37136558
      315     0.01210097   -10.37070745   -10.35860648   -10.37070745
      316     0.01132503   -10.36993037   -10.35860534   -10.36993037
      317     0.01044864   -10.36905267   -10.35860403   -10.36905267
      318     0.00949272   -10.36809530   -10.35860258   -10.36809530
      319     0.00848036   -10.36708139   -10.35860104   -10.36708139
      320     0.00778514   -10.36603560   -10.35825046   -10.36603560
      321     0.00670827   -10.36495707   -10.35824880   -10.36495707
      322     0.00564733   -10.36389449   -10.35824717   -10.36389449
      323     0.00462836   -10.36287396   -10.35824560   -10.36287396
      324     0.00367637   -10.36192051   -10.35824414   -10.36192051
      325     0.00281467   -10.36105749   -10.35824282   -10.36105749
      326     0.00206426   -10.36030595   -10.35824168   -10.36030595
      327     0.00144328   -10.35968404   -10.35824076   -10.35968404
      328     0.00096652   -10.35920658   -10.35824006   -10.35920658
      329     0.00064506   -10.35888468   -10.35823962   -10.35888468
      330     0.00048598   -10.35872542   -10.35823944   -10.35872542
      331     0.00049220   -10.35873172   -10.35823952   -10.35873172
      332     0.00066239   -10.35890226   -10.35823986   -10.35890226
      333     0.00099107   -10.35923153   -10.35824046   -10.35923153
      334     0.00146870   -10.35971000   -10.35824129   -10.35971000
      335     0.00208204   -10.36032437   -10.35824234   -10.36032437
      336     0.00281441   -10.36105798   -10.35824357   -10.36105798
      337     0.00364626   -10.36189120   -10.35824494   -10.36189120
      338     0.00455560   -10.36280203   -10.35824643   -10.36280203
      339     0.00551863   -10.36376663   -10.35824800   -10.36376663
      340     0.00778514   -10.36476000   -10.35697486   -10.36476000
      341     0.00886465   -10.36584123   -10.35697658   -10.36584123
      342     0.00990309   -10.36688132   -10.35697822   -10.36688132
      343     0.01087435   -10.36785409   -10.35697973   -10.36785409
      344     0.01175432   -10.36873540   -10.35698108   -10.36873540
      345     0.01252157   -10.36950379   -10.35698222   -10.36950379
      346     0.01315785   -10.37014099   -10.35698314   -10.37014099
      347     0.01364856   -10.37063236   -10.35698380   -10.37063236
      348     0.01398309   -10.37096729   -10.35698420   -10.37096729
      349     0.01415509   -10.37113941   -10.35698432   -10.37113941
      350     0.01416262   -10.37114679   -10.35698417   -10.37114679
      351     0.01400810   -10.37099185   -10.35698375   -10.37099185
      352     0.01369820   -10.37068128   -10.35698307   -10.37068128
      353     0.01324365   -10.37022581   -10.35698216   -10.37022581
      354     0.01265884   -10.36963989   -10.35698105   -10.36963989
      355     0.01196142   -10.36894120   -10.35697978   -10.36894120
      356     0.01117175   -10.36815011   -10.35697836   -10.36815011
      357     0.01031227   -10.36728913   -10.35697686   -10.36728913
      358     0.00940693   -10.36638224   -10.35697530   -10.36638224
      359     0.00848043   -10.36545417   -10.35697375   -10.36545417
      360     0.00778514   -10.36452975   -10.35674461   -10.36452975
      361     0.00687520   -10.36361835   -10.35674315   -10.36361835
      362     0.00601390   -10.36275569   -10.35674179   -10.36275569
      363     0.00522277   -10.36196336   -10.35674059   -10.36196336
      364     0.00452099   -10.36126055   -10.35673956   -10.36126055
      365     0.00392495   -10.36066369   -10.35673873   -10.36066369
      366     0.00344790   -10.36018602   -10.35673812   -10.36018602
      367     0.00309964   -10.35983737   -10.35673773   -10.35983737
      368     0.00288638   -10.35962395   -10.35673757   -10.35962395
      369     0.00281074   -10.35954837   -10.35673764   -10.35954837
      370     0.00287171   -10.35960963   -10.35673791   -10.35960963
      371     0.00306490   -10.35980330   -10.35673839   -10.35980330
      372     0.00338272   -10.36012177   -10.35673905   -10.36012177
      373     0.00381473   -10.36055459   -10.35673986   -10.36055459
      374     0.00434803   -10.36108883   -10.35674080   -10.36108883
      375     0.00496772   -10.36170956   -10.35674184   -10.36170956
      376     0.00565734   -10.36240027   -10.35674293   -10.36240027
      377     0.00639937   -10.36314344   -10.35674407   -10.36314344
      378     0.00717574   -10.36392095   -10.35674521   -10.36392095
      379     0.00796829   -10.36471462   -10.35674633   -10.36471462
      380     0.00778514   -10.36550661   -10.35772147   -10.36550661
      381     0.00851859   -10.36624101   -10.35772242   -10.36624101
      382     0.00923005   -10.36695336   -10.35772331   -10.36695336
      383     0.00990545   -10.36762956   -10.35772411   -10.36762956
      384     0.01053202   -10.36825683   -10.35772481   -10.36825683
      385     0.01109850   -10.36882392   -10.35772542   -10.36882392
      386     0.01159527   -10.36932118   -10.35772591   -10.36932118
      387     0.01201445   -10.36974074   -10.35772629   -10.36974074
      388     0.01234999   -10.37007655   -10.35772656   -10.37007655
      389     0.01259768   -10.37032439   -10.35772672   -10.37032439
      390     0.01275508   -10.37048185   -10.35772676   -10.37048185
      391     0.01282152   -10.37054822   -10.35772671   -10.37054822
      392     0.01279796   -10.37052451   -10.35772655   -10.37052451
      393     0.01268696   -10.37041327   -10.35772631   -10.37041327
      394     0.01249248   -10.37021847   -10.35772599   -10.37021847
      395     0.01221978   -10.36994537   -10.35772559   -10.36994537
      396     0.01187528   -10.36960041   -10.35772513   -10.36960041
      397     0.01146639   -10.36919101   -10.35772462   -10.36919101
      398     0.01100136   -10.36872542   -10.35772407   -10.36872542
      399     0.01048911   -10.36821259   -10.35772348   -10.36821259
      400     0.00778514   -10.36766199   -10.35987685   -10.36766199
      401     0.00728372   -10.36716002   -10.35987630   -10.36716002
      402     0.00678637   -10.36666215   -10.35987578   -10.36666215
      403     0.00630140   -10.36617670   -10.35987530   -10.36617670
      404     0.00583662   -10.36571147   -10.35987485   -10.36571147
      405     0.00539926   -10.36527370   -10.35987444   -10.36527370
      406     0.00499589   -10.36486996   -10.35987407   -10.36486996
      407     0.00463241   -10.36450616   -10.35987375   -10.36450616
      408     0.00431398   -10.36418745   -10.35987347   -10.36418745
      409     0.00404503   -10.36391827   -10.35987324   -10.36391827
      410     0.00382922   -10.36370228   -10.35987306   -10.36370228
      411     0.00366940   -10.36354233   -10.35987293   -10.36354233
      412     0.00356760   -10.36344045   -10.35987285   -10.36344045
      413     0.00352500   -10.36339783   -10.35987283   -10.36339783
      414     0.00354191   -10.36341477   -10.35987286   -10.36341477
      415     0.00361774   -10.36349069   -10.35987295   -10.36349069
      416     0.00375101   -10.36362411   -10.35987310   -10.36362411
      417     0.00393930   -10.36381260   -10.35987330   -10.36381260
      418     0.00417929   -10.36405286   -10.35987357   -10.36405286
      419     0.00446677   -10.36434065   -10.35987388   -10.36434065
      420     0.00778514   -10.36467090   -10.35688576   -10.36467090
      421     0.00822734   -10.36511359   -10.35688624   -10.36511359
      422     0.00865917   -10.36554586   -10.35688669   -10.36554586
      423     0.00907336   -10.36596047   -10.35688711   -10.36596047
      424     0.00946322   -10.36635071   -10.35688749   -10.36635071
      425     0.00982264   -10.36671046   -10.35688782   -10.36671046
      426     0.01014616   -10.36703428   -10.35688812   -10.36703428
      427     0.01042900   -10.36731736   -10.35688837   -10.36731736
      428     0.01066703   -10.36755561   -10.35688858   -10.36755561
      429     0.01085686   -10.36774560   -10.35688874   -10.36774560
      430     0.01099574   -10.36788460   -10.35688886   -10.36788460
      431     0.01108157   -10.36797052   -10.35688895   -10.36797052
      432     0.01111289   -10.36800188   -10.35688899   -10.36800188
      433     0.01108889   -10.36797788   -10.35688899   -10.36797788
      434     0.01100932   -10.36789829   -10.35688897   -10.36789829
      435     0.01087454   -10.36776344   -10.35688890   -10.36776344
      436     0.01068548   -10.36757428   -10.35688880   -10.36757428
      437     0.01044372   -10.36733238   -10.35688865   -10.36733238
      438     0.01015148   -10.36703995   -10.35688847   -10.36703995
      439     0.00981164   -10.36669988   -10.35688824   -10.36669988
      440     0.00778514   -10.36631581   -10.35853067   -10.36631581
      441     0.00740893   -10.36593931   -10.35853038   -10.36593931
      442     0.00701829   -10.36554837   -10.35853008   -10.36554837
      443     0.00661815   -10.36514789   -10.35852975   -10.36514789
      444     0.00621384   -10.36474323   -10.35852939   -10.36474323
      445     0.00581117   -10.36434017   -10.35852900   -10.36434017
      446     0.00541635   -10.36394494   -10.35852859   -10.36394494
      447     0.00503605   -10.36356420   -10.35852815   -10.36356420
      448     0.00467734   -10.36320503   -10.35852769   -10.36320503
      449     0.00434759   -10.36287481   -10.35852722   -10.36287481
      450     0.00405440   -10.36258114   -10.35852674   -10.36258114
      451     0.00380538   -10.36233166   -10.35852628   -10.36233166
      452     0.00360800   -10.36213383   -10.35852584   -10.36213383
      453     0.00346937   -10.36199480   -10.35852543   -10.36199480
      454     0.00339599   -10.36192107   -10.35852508   -10.36192107
      455     0.00339345   -10.36191826   -10.35852480   -10.36191826
      456     0.00346625   -10.36199086   -10.35852461   -10.36199086
      457     0.00361744   -10.36214196   -10.35852452   -10.36214196
      458     0.00384847   -10.36237302   -10.35852455   -10.36237302
      459     0.00415894   -10.36268364   -10.35852470   -10.36268364
      460     0.00778514   -10.36307148   -10.35528634   -10.36307148
      461     0.00835727   -10.36364411   -10.35528684   -10.36364411
      462     0.00895652   -10.36424392   -10.35528740   -10.36424392
      463     0.00957396   -10.36486199   -10.35528803   -10.36486199
      464     0.01019968   -10.36548838   -10.35528871   -10.36548838
      465     0.01082288   -10.36611231   -10.35528943   -10.36611231
      466     0.01143212   -10.36672231   -10.35529018   -10.36672231
      467     0.01201547   -10.36730642   -10.35529095   -10.36730642
      468     0.01256074   -10.36785246   -10.35529172   -10.36785246
      469     0.01305580   -10.36834826   -10.35529246   -10.36834826
      470     0.01348886   -10.36878202   -10.35529316   -10.36878202
      471     0.01384879   -10.36914260   -10.35529381   -10.36914260
      472     0.01412537   -10.36941974   -10.35529437   -10.36941974
      473     0.01430967   -10.36960450   -10.35529483   -10.36960450
      474     0.01439435   -10.36968953   -10.35529518   -10.36968953
      475     0.01437395   -10.36966934   -10.35529539   -10.36966934
      476     0.01424516   -10.36954060   -10.35529545   -10.36954060
      477     0.01400702   -10.36930237   -10.35529535   -10.36930237
      478     0.01366117   -10.36895625   -10.35529508   -10.36895625
      479     0.01321195   -10.36850658   -10.35529463   -10.36850658
      480     0.00778514   -10.36796051   -10.36017537   -10.36796051
      481     0.00730991   -10.36748470   -10.36017479   -10.36748470
      482     0.00681644   -10.36699059   -10.36017416   -10.36699059
      483     0.00631484   -10.36648832   -10.36017348   -10.36648832
      484     0.00581591   -10.36598868   -10.36017277   -10.36598868
      485     0.00533089   -10.36550294   -10.36017205   -10.36550294
      486     0.00487123   -10.36504256   -10.36017133   -10.36504256
      487     0.00444830   -10.36461894   -10.36017064   -10.36461894
      488     0.00407309   -10.36424308   -10.36016999   -10.36424308
      489     0.00375589   -10.36392529   -10.36016940   -10.36392529
      490     0.00350594   -10.36367485   -10.36016890   -10.36367485
      491     0.00333116   -10.36349967   -10.36016850   -10.36349967
      492     0.00323784   -10.36340607   -10.36016822   -10.36340607
      493     0.00323040   -10.36339848   -10.36016808   -10.36339848
      494     0.00331118   -10.36347924   -10.36016807   -10.36347924
      495     0.00348030   -10.36364850   -10.36016820   -10.36364850
      496     0.00373557   -10.36390406   -10.36016848   -10.36390406
      497     0.00407252   -10.36424142   -10.36016891   -10.36424142
      498     0.00448436   -10.36465383   -10.36016946   -10.36465383
      499     0.00496224   -10.36513238   -10.36017014   -10.36513238
      500     0.00778514   -10.36566625   -10.35788111   -10.36566625
      501     0.00845439   -10.36633651   -10.35788212   -10.36633651
      502     0.00912622   -10.36700937   -10.35788315   -10.36700937
      503     0.00978418   -10.36766836   -10.35788417   -10.36766836
      504     0.01041190   -10.36829707   -10.35788517   -10.36829707
      505     0.01099343   -10.36887954   -10.35788611   -10.36887954
      506     0.01151373   -10.36940071   -10.35788697   -10.36940071
      507     0.01195901   -10.36984675   -10.35788773   -10.36984675
      508     0.01231708   -10.37020545   -10.35788837   -10.37020545
      509     0.01257767   -10.37046654   -10.35788887   -10.37046654
      510     0.01273270   -10.37062192   -10.35788922   -10.37062192
      511     0.01277648   -10.37066590   -10.35788942   -10.37066590
      512     0.01270588   -10.37059532   -10.35788944   -10.37059532
      513     0.01252043   -10.37040972   -10.35788930   -10.37040972
      514     0.01222234   -10.37011132   -10.35788898   -10.37011132
      515     0.01181655   -10.36970506   -10.35788851   -10.36970506
      516     0.01131057   -10.36919845   -10.35788788   -10.36919845
      517     0.01071437   -10.36860148   -10.35788711   -10.36860148
      518     0.01004017   -10.36792638   -10.35788622   -10.36792638
      519     0.00930222   -10.36718743   -10.35788521   -10.36718743
      520     0.00778514   -10.36640058   -10.35861544   -10.36640058
      521     0.00700848   -10.36562283   -10.35861435   -10.36562283
      522     0.00622756   -10.36484081   -10.35861325   -10.36484081
      523     0.00545995   -10.36407210   -10.35861215   -10.36407210
      524     0.00472308   -10.36333417   -10.35861110   -10.36333417
      525     0.00403381   -10.36264391   -10.35861010   -10.36264391
      526     0.00340802   -10.36201721   -10.35860919   -10.36201721
      527     0.00286021   -10.36146860   -10.35860839   -10.36146860
      528     0.00240311   -10.36101084   -10.35860773   -10.36101084
      529     0.00204740   -10.36065461   -10.35860721   -10.36065461
      530     0.00180139   -10.36040824   -10.35860685   -10.36040824
      531     0.00167085   -10.36027750   -10.35860666   -10.36027750
      532     0.00165884   -10.36026547   -10.35860664   -10.36026547
      533     0.00176566   -10.36037245   -10.35860679   -10.36037245
      534     0.00198886   -10.36059597   -10.35860712   -10.36059597
      535     0.00232327   -10.36093087   -10.35860760   -10.36093087
      536     0.00276119   -10.36136942   -10.35860823   -10.36136942
      537     0.00329256   -10.36190156   -10.35860899   -10.36190156
      538     0.00390523   -10.36251510   -10.35860987   -10.36251510
      539     0.00458525   -10.36319608   -10.35861083   -10.36319608
      540     0.00778514   -10.36392907   -10.35614393   -10.36392907
      541     0.00869430   -10.36483950   -10.35614520   -10.36483950
      542     0.00958721   -10.36573365   -10.35614644   -10.36573365
      543     0.01044410   -10.36659171   -10.35614761   -10.36659171
      544     0.01124621   -10.36739491   -10.35614870   -10.36739491
      545     0.01197611   -10.36812579   -10.35614969   -10.36812579
      546     0.01261808   -10.36876862   -10.35615054   -10.36876862
      547     0.01315845   -10.36930971   -10.35615126   -10.36930971
      548     0.01358582   -10.36973764   -10.35615182   -10.36973764
      549     0.01389124   -10.37004346   -10.35615222   -10.37004346
      550     0.01406847   -10.37022092   -10.35615244   -10.37022092
      551     0.01411406   -10.37026655   -10.35615249   -10.37026655
      552     0.01402741   -10.37017976   -10.35615235   -10.37017976
      553     0.01381086   -10.36996290   -10.35615203   -10.36996290
      554     0.01346966   -10.36962120   -10.35615155   -10.36962120
      555     0.01301180   -10.36916269   -10.35615089   -10.36916269
      556     0.01244801   -10.36859808   -10.35615007   -10.36859808
      557     0.01179146   -10.36794058   -10.35614912   -10.36794058
      558     0.01105756   -10.36720561   -10.35614805   -10.36720561
      559     0.01026358   -10.36641046   -10.35614688   -10.36641046
      560     0.00778514   -10.36557398   -10.35778883   -10.36557398
      561     0.00701576   -10.36480344   -10.35778768   -10.36480344
      562     0.00626343   -10.36404998   -10.35778655   -10.36404998
      563     0.00554627   -10.36333175   -10.35778547   -10.36333175
      564     0.00488163   -10.36266609   -10.35778446   -10.36266609
      565     0.00428562   -10.36206917   -10.35778355   -10.36206917
      566     0.00377279   -10.36155556   -10.35778277   -10.36155556
      567     0.00335575   -10.36113787   -10.35778212   -10.36113787
      568     0.00304483   -10.36082646   -10.35778163   -10.36082646
      569     0.00284787   -10.36062918   -10.35778131   -10.36062918
      570     0.00277006   -10.36055122   -10.35778116   -10.36055122
      571     0.00281379   -10.36059498   -10.35778119   -10.36059498
      572     0.00297863   -10.36076002   -10.35778139   -10.36076002
      573     0.00326132   -10.36104309   -10.35778177   -10.36104309
      574     0.00365592   -10.36143822   -10.35778230   -10.36143822
      575     0.00415388   -10.36193687   -10.35778299   -10.36193687
      576     0.00474429   -10.36252809   -10.35778381   -10.36252809
      577     0.00541411   -10.36319884   -10.35778474   -10.36319884
      578     0.00614848   -10.36393424   -10.35778576   -10.36393424
      579     0.00693107   -10.36471793   -10.35778686   -10.36471793
      580     0.00778514   -10.36553241   -10.35774727   -10.36553241
      581     0.00861298   -10.36636142   -10.35774843   -10.36636142
      582     0.00943438   -10.36718397   -10.35774959   -10.36718397
      583     0.01023089   -10.36798160   -10.35775071   -10.36798160
      584     0.01098461   -10.36873639   -10.35775178   -10.36873639
      585     0.01167852   -10.36943128   -10.35775276   -10.36943128
      586     0.01229689   -10.37005053   -10.35775364   -10.37005053
      587     0.01282565   -10.37058005   -10.35775439   -10.37058005
      588     0.01325271   -10.37100772   -10.35775501   -10.37100772
      589     0.01356817   -10.37132364   -10.35775547   -10.37132364
      590     0.01376460   -10.37152037   -10.35775577   -10.37152037
      591     0.01383723   -10.37159312   -10.35775589   -10.37159312
      592     0.01378398   -10.37153982   -10.35775585   -10.37153982
      593     0.01360555   -10.37136117   -10.35775562   -10.37136117
      594     0.01330541   -10.37106064   -10.35775523   -10.37106064
      595     0.01288971   -10.37064439   -10.35775468   -10.37064439
      596     0.01236714   -10.37012113   -10.35775399   -10.37012113
      597     0.01174871   -10.36950187   -10.35775316   -10.36950187
      598     0.01104755   -10.36879976   -10.35775221   -10.36879976
      599     0.01027859   -10.36802977   -10.35775118   -10.36802977
      600     0.00778514   -10.36720832   -10.35942318   -10.36720832
      601     0.00701833   -10.36644048   -10.35942215   -10.36644048
      602     0.00625353   -10.36567466   -10.35942113   -10.36567466
      603     0.00550702   -10.36492715   -10.35942013   -10.36492715
      604     0.00479464   -10.36421383   -10.35941918   -10.36421383
      605     0.00413152   -10.36354982   -10.35941830   -10.36354982
      606     0.00353170   -10.36294920   -10.35941750   -10.36294920
      607     0.00300795   -10.36242475   -10.35941680   -10.36242475
      608     0.00257143   -10.36198765   -10.35941622   -10.36198765
      609     0.00223153   -10.36164729   -10.35941575   -10.36164729
      610     0.00199565   -10.36141108   -10.35941542   -10.36141108
      611     0.00186905   -10.36128428   -10.35941523   -10.36128428
      612     0.00185471   -10.36126990   -10.35941519   -10.36126990
      613     0.00195330   -10.36136860   -10.35941530   -10.36136860
      614     0.00216307   -10.36157863   -10.35941556   -10.36157863
      615     0.00247990   -10.36189586   -10.35941596   -10.36189586
      616     0.00289730   -10.36231381   -10.35941651   -10.36231381
      617     0.00340651   -10.36282370   -10.35941719   -10.36282370
      618     0.00399664   -10.36341464   -10.35941800   -10.36341464
      619     0.00465485   -10.36407376   -10.35941891   -10.36407376
      620     0.00778514   -10.36478647   -10.35700133   -10.36478647
      621     0.00866914   -10.36567174   -10.35700260   -10.36567174
      622     0.00954135   -10.36654522   -10.35700387   -10.36654522
      623     0.01038156   -10.36738668   -10.35700512   -10.36738668
      624     0.01117003   -10.36817634   -10.35700631   -10.36817634
      625     0.01188791   -10.36889532   -10.35700741   -10.36889532
      626     0.01251768   -10.36952609   -10.35700841   -10.36952609
      627     0.01304361   -10.37005288   -10.35700927   -10.37005288
      628     0.01345215   -10.37046211   -10.35700996   -10.37046211
      629     0.01373228   -10.37074277   -10.35701049   -10.37074277
      630     0.01387581   -10.37088663   -10.35701082   -10.37088663
      631     0.01387768   -10.37088862   -10.35701094   -10.37088862
      632     0.01373616   -10.37074700   -10.35701085   -10.37074700
      633     0.01345289   -10.37046343   -10.35701053   -10.37046343
      634     0.01303303   -10.37004304   -10.35701001   -10.37004304
      635     0.01248512   -10.36949440   -10.35700928   -10.36949440
      636     0.01182099   -10.36882934   -10.35700835   -10.36882934
      637     0.01105553   -10.36806278   -10.35700725   -10.36806278
      638     0.01020642   -10.36721242   -10.35700600   -10.36721242
      639     0.00929368   -10.36629831   -10.35700463   -10.36629831
      640     0.00778514   -10.36534240   -10.35755726   -10.36534240
      641     0.00684854   -10.36440434   -10.35755581   -10.36440434
      642     0.00592410   -10.36347845   -10.35755435   -10.36347845
      643     0.00503504   -10.36258797   -10.35755294   -10.36258797
      644     0.00420394   -10.36175554   -10.35755160   -10.36175554
      645     0.00345217   -10.36100254   -10.35755037   -10.36100254
      646     0.00279925   -10.36034854   -10.35754929   -10.36034854
      647     0.00226236   -10.35981075   -10.35754839   -10.35981075
      648     0.00185581   -10.35940351   -10.35754770   -10.35940351
      649     0.00159066   -10.35913789   -10.35754723   -10.35913789
      650     0.00147437   -10.35902137   -10.35754700   -10.35902137
      651     0.00151059   -10.35905761   -10.35754702   -10.35905761
      652     0.00169905   -10.35924633   -10.35754728   -10.35924633
      653     0.00203553   -10.35958332   -10.35754778   -10.35958332
      654     0.00251205   -10.36006056   -10.35754851   -10.36006056
      655     0.00311702   -10.36066646   -10.35754944   -10.36066646
      656     0.00383561   -10.36138616   -10.35755055   -10.36138616
      657     0.00465017   -10.36220197   -10.35755180   -10.36220197
      658     0.00554070   -10.36309387   -10.35755316   -10.36309387
      659     0.00648543   -10.36404003   -10.35755460   -10.36404003
      660     0.00778514   -10.36501745   -10.35723231   -10.36501745
      661     0.00878776   -10.36602156   -10.35723380   -10.36602156
      662     0.00977003   -10.36700528   -10.35723525   -10.36700528
      663     0.01070874   -10.36794535   -10.35723661   -10.36794535
      664     0.01158201   -10.36881987   -10.35723786   -10.36881987
      665     0.01236979   -10.36960875   -10.35723896   -10.36960875
      666     0.01305434   -10.37029422   -10.35723988   -10.37029422
      667     0.01362062   -10.37086124   -10.35724062   -10.37086124
      668     0.01405659   -10.37129775   -10.35724116   -10.37129775
      669     0.01435341   -10.37159490   -10.35724149   -10.37159490
      670     0.01450564   -10.37174723   -10.35724159   -10.37174723
      671     0.01451132   -10.37175281   -10.35724149   -10.37175281
      672     0.01437191   -10.37161308   -10.35724118   -10.37161308
      673     0.01409222   -10.37133288   -10.35724066   -10.37133288
      674     0.01368028   -10.37092024   -10.35723996   -10.37092024
      675     0.01314708   -10.37038617   -10.35723909   -10.37038617
      676     0.01250628   -10.36974437   -10.35723808   -10.36974437
      677     0.01177390   -10.36901085   -10.35723695   -10.36901085
      678     0.01096788   -10.36820360   -10.35723572   -10.36820360
      679     0.01010770   -10.36734213   -10.35723443   -10.36734213
      680     0.00778514   -10.36644700   -10.35866186   -10.36644700
      681     0.00695938   -10.36562003   -10.35866065   -10.36562003
      682     0.00615604   -10.36481553   -10.35865948   -10.36481553
      683     0.00539376   -10.36405214   -10.35865838   -10.36405214
      684     0.00469002   -10.36334740   -10.35865738   -10.36334740
      685     0.00406083   -10.36271732   -10.35865650   -10.36271732
      686     0.00352030   -10.36217604   -10.35865575   -10.36217604
      687     0.00308038   -10.36173554   -10.35865515   -10.36173554
      688     0.00275060   -10.36140532   -10.35865472   -10.36140532
      689     0.00253778   -10.36119225   -10.35865447   -10.36119225
      690     0.00244599   -10.36110039   -10.35865439   -10.36110039
      691     0.00247639   -10.36113089   -10.35865450   -10.36113089
      692     0.00262721   -10.36128200   -10.35865479   -10.36128200
      693     0.00289386   -10.36154911   -10.35865525   -10.36154911
      694     0.00326898   -10.36192485   -10.35865587   -10.36192485
      695     0.00374269   -10.36239932   -10.35865663   -10.36239932
      696     0.00430280   -10.36296032   -10.35865752   -10.36296032
      697     0.00493512   -10.36359363   -10.35865851   -10.36359363
      698     0.00562385   -10.36428343   -10.35865958   -10.36428343
      699     0.00635193   -10.36501263   -10.35866070   -10.36501263
      700     0.00778514   -10.36576334   -10.35797820   -10.36576334
      701     0.00856923   -10.36654862   -10.35797939   -10.36654862
      702     0.00932953   -10.36731006   -10.35798053   -10.36731006
      703     0.01004790   -10.36802949   -10.35798159   -10.36802949
      704     0.01070739   -10.36868994   -10.35798255   -10.36868994
      705     0.01129269   -10.36927609   -10.35798340   -10.36927609
      706     0.01179039   -10.36977449   -10.35798410   -10.36977449
      707     0.01218930   -10.37017395   -10.35798465   -10.37017395
      708     0.01248075   -10.37046578   -10.35798503   -10.37046578
      709     0.01265871   -10.37064394   -10.35798524   -10.37064394
      710     0.01271988   -10.37070515   -10.35798527   -10.37070515
      711     0.01266381   -10.37064895   -10.35798513   -10.37064895
      712     0.01249277   -10.37047760   -10.35798483   -10.37047760
      713     0.01221171   -10.37019608   -10.35798437   -10.37019608
      714     0.01182810   -10.36981186   -10.35798376   -10.36981186
      715     0.01135168   -10.36933471   -10.35798302   -10.36933471
      716     0.01079422   -10.36877641   -10.35798218   -10.36877641
      717     0.01016917   -10.36815043   -10.35798126   -10.36815043
      718     0.00949131   -10.36747159   -10.35798028   -10.36747159
      719     0.00877638   -10.36675564   -10.35797926   -10.36675564
      720     0.00778514   -10.36601891   -10.35823377   -10.36601891
      721     0.00705843   -10.36529120   -10.35823278   -10.36529120
      722     0.00634628   -10.36457810   -10.35823183   -10.36457810
      723     0.00566391   -10.36389485   -10.35823094   -10.36389485
      724     0.00502554   -10.36325567   -10.35823013   -10.36325567
      725     0.00444404   -10.36267346   -10.35822942   -10.36267346
      726     0.00393074   -10.36215957   -10.35822883   -10.36215957
      727     0.00349521   -10.36172356   -10.35822835   -10.36172356
      728     0.00314511   -10.36137311   -10.35822800   -10.36137311
      729     0.00288609   -10.36111386   -10.35822777   -10.36111386
      730     0.00272175   -10.36094943   -10.35822768   -10.36094943
      731     0.00265370   -10.36088140   -10.35822770   -10.36088140
      732     0.00268152   -10.36090937   -10.35822785   -10.36090937
      733     0.00280291   -10.36103102   -10.35822811   -10.36103102
      734     0.00301378   -10.36124225   -10.35822847   -10.36124225
      735     0.00330838   -10.36153730   -10.35822892   -10.36153730
      736     0.00367951   -10.36190897   -10.35822946   -10.36190897
      737     0.00411867   -10.36234873   -10.35823006   -10.36234873
      738     0.00461623   -10.36284695   -10.35823072   -10.36284695
      739     0.00516168   -10.36339310   -10.35823142   -10.36339310
      740     0.00778514   -10.36397597   -10.35619083   -10.36397597
      741     0.00847600   -10.36466768   -10.35619168   -10.36466768
      742     0.00915047   -10.36534295   -10.35619248   -10.36534295
      743     0.00979585   -10.36598906   -10.35619321   -10.36598906
      744     0.01040046   -10.36659433   -10.35619387   -10.36659433
      745     0.01095373   -10.36714818   -10.35619445   -10.36714818
      746     0.01144646   -10.36764140   -10.35619494   -10.36764140
      747     0.01187084   -10.36806617   -10.35619533   -10.36806617
      748     0.01222056   -10.36841619   -10.35619563   -10.36841619
      749     0.01249086   -10.36868669   -10.35619583   -10.36868669
      750     0.01267855   -10.36887448   -10.35619592   -10.36887448
      751     0.01278201   -10.36897794   -10.35619593   -10.36897794
      752     0.01280115   -10.36899698   -10.35619584   -10.36899698
      753     0.01273733   -10.36893298   -10.35619566   -10.36893298
      754     0.01259334   -10.36878874   -10.35619539   -10.36878874
      755     0.01237330   -10.36856836   -10.35619506   -10.36856836
      756     0.01208249   -10.36827714   -10.35619465   -10.36827714
      757     0.01172733   -10.36792151   -10.35619418   -10.36792151
      758     0.01131518   -10.36750884   -10.35619366   -10.36750884
      759     0.01085428   -10.36704737   -10.35619309   -10.36704737
      760     0.00778514   -10.36654599   -10.35876085   -10.36654599
      761     0.00733718   -10.36609751   -10.35876033   -10.36609751
      762     0.00689636   -10.36565621   -10.35875985   -10.36565621
      763     0.00647035   -10.36522975   -10.35875940   -10.36522975
      764     0.00606630   -10.36482528   -10.35875898   -10.36482528
      765     0.00569076   -10.36444936   -10.35875861   -10.36444936
      766     0.00534965   -10.36410792   -10.35875827   -10.36410792
      767     0.00504822   -10.36380621   -10.35875799   -10.36380621
      768     0.00479102   -10.36354876   -10.35875774   -10.36354876
      769     0.00458192   -10.36333946   -10.35875754   -10.36333946
      770     0.00442410   -10.36318148   -10.35875738   -10.36318148
      771     0.00432009   -10.36307736   -10.35875727   -10.36307736
      772     0.00427172   -10.36302892   -10.35875720   -10.36302892
      773     0.00428014   -10.36303730   -10.35875717   -10.36303730
      774     0.00434580   -10.36310298   -10.35875718   -10.36310298
      775     0.00446849   -10.36322573   -10.35875724   -10.36322573
      776     0.00464725   -10.36340460   -10.35875735   -10.36340460
      777     0.00488037   -10.36363787   -10.35875751   -10.36363787
      778     0.00516532   -10.36392304   -10.35875772   -10.36392304
      779     0.00549877   -10.36425676   -10.35875798   -10.36425676
      780     0.00778514   -10.36463481   -10.35684967   -10.36463481
      781     0.00825092   -10.36510101   -10.35685009   -10.36510101
      782     0.00872705   -10.36557757   -10.35685052   -10.36557757
      783     0.00920668   -10.36605765   -10.35685097   -10.36605765
      784     0.00968269   -10.36653412   -10.35685144   -10.36653412
      785     0.01014772   -10.36699964   -10.35685191   -10.36699964
      786     0.01059426   -10.36744665   -10.35685240   -10.36744665
      787     0.01101466   -10.36786754   -10.35685288   -10.36786754
      788     0.01140127   -10.36825463   -10.35685336   -10.36825463
      789     0.01174649   -10.36860032   -10.35685383   -10.36860032
      790     0.01204294   -10.36889721   -10.35685427   -10.36889721
      791     0.01228360   -10.36913828   -10.35685468   -10.36913828
      792     0.01246202   -10.36931706   -10.35685504   -10.36931706
      793     0.01257242   -10.36942777   -10.35685535   -10.36942777
      794     0.01260990   -10.36946550   -10.35685560   -10.36946550
      795     0.01257065   -10.36942641   -10.35685576   -10.36942641
      796     0.01245208   -10.36930791   -10.35685583   -10.36930791
      797     0.01225301   -10.36910883   -10.35685581   -10.36910883
      798     0.01197384   -10.36882952   -10.35685568   -10.36882952
      799     0.01161662   -10.36847206   -10.35685544   -10.36847206
      800     0.00778514   -10.36804026   -10.36025512   -10.36804026
      801     0.00738278   -10.36763753   -10.36025476   -10.36763753
      802     0.00695858   -10.36721294   -10.36025435   -10.36721294
      803     0.00651900   -10.36677291   -10.36025391   -10.36677291
      804     0.00607108   -10.36632452   -10.36025343   -10.36632452
      805     0.00562244   -10.36587537   -10.36025293   -10.36587537
      806     0.00518111   -10.36543351   -10.36025240   -10.36543351
      807     0.00475542   -10.36500729   -10.36025187   -10.36500729
      808     0.00435384   -10.36460518   -10.36025134   -10.36460518
      809     0.00398482   -10.36423564   -10.36025083   -10.36423564
      810     0.00365659   -10.36390692   -10.36025034   -10.36390692
      811     0.00337695   -10.36362684   -10.36024989   -10.36362684
      812     0.00315309   -10.36340258   -10.36024949   -10.36340258
      813     0.00299135   -10.36324051   -10.36024916   -10.36324051
      814     0.00289705   -10.36314595   -10.36024890   -10.36314595
      815     0.00287428   -10.36312301   -10.36024873   -10.36312301
      816     0.00292574   -10.36317440   -10.36024866   -10.36317440
      817     0.00305261   -10.36330130   -10.36024869   -10.36330130
      818     0.00325443   -10.36350326   -10.36024882   -10.36350326
      819     0.00352907   -10.36377813   -10.36024907   -10.36377813
      820     0.00778514   -10.36412204   -10.35633689   -10.36412204
      821     0.00832429   -10.36466177   -10.35633748   -10.36466177
      822     0.00886847   -10.36520654   -10.35633807   -10.36520654
      823     0.00940815   -10.36574682   -10.35633867   -10.36574682
      824     0.00993366   -10.36627293   -10.35633927   -10.36627293
      825     0.01043530   -10.36677516   -10.35633987   -10.36677516
      826     0.01090346   -10.36724390   -10.35634045   -10.36724390
      827     0.01132870   -10.36766971   -10.35634101   -10.36766971
      828     0.01170193   -10.36804348   -10.35634155   -10.36804348
      829     0.01201450   -10.36835654   -10.35634204   -10.36835654
      830     0.01225840   -10.36860088   -10.35634248   -10.36860088
      831     0.01242644   -10.36876931   -10.35634287   -10.36876931
      832     0.01251244   -10.36885562   -10.35634318   -10.36885562
      833     0.01251142   -10.36885482   -10.35634339   -10.36885482
      834     0.01241985   -10.36876336   -10.35634351   -10.36876336
      835     0.01223581   -10.36857932   -10.35634352   -10.36857932
      836     0.01195922   -10.36830262   -10.35634340   -10.36830262
      837     0.01159199   -10.36793514   -10.35634315   -10.36793514
      838     0.01113812   -10.36748088   -10.35634276   -10.36748088
      839     0.01060384   -10.36694607   -10.35634223   -10.36694607
      840     0.00778514   -10.36633919   -10.35855405   -10.36633919
      841     0.00720726   -10.36576062   -10.35855337   -10.36576062
      842     0.00660852   -10.36516114   -10.35855262   -10.36516114
      843     0.00600096   -10.36455277   -10.35855181   -10.36455277
      844     0.00539751   -10.36394847   -10.35855096   -10.36394847
      845     0.00481172   -10.36336181   -10.35855009   -10.36336181
      846     0.00425753   -10.36280674   -10.35854921   -10.36280674
      847     0.00374886   -10.36229722   -10.35854836   -10.36229722
      848     0.00329934   -10.36184689   -10.35854755   -10.36184689
      849     0.00292191   -10.36146871   -10.35854680   -10.36146871
      850     0.00262842   -10.36117457   -10.35854615   -10.36117457
      851     0.00242926   -10.36097487   -10.35854561   -10.36097487
      852     0.00233300   -10.36087821   -10.35854521   -10.36087821
      853     0.00234606   -10.36089102   -10.35854496   -10.36089102
      854     0.00247245   -10.36101732   -10.35854487   -10.36101732
      855     0.00271347   -10.36125843   -10.35854496   -10.36125843
      856     0.00306760   -10.36161285   -10.35854524   -10.36161285
      857     0.00353040   -10.36207611   -10.35854571   -10.36207611
      858     0.00409446   -10.36264081   -10.35854635   -10.36264081
      859     0.00474949   -10.36329665   -10.35854716   -10.36329665
      860     0.00778514   -10.36403062   -10.35624548   -10.36403062
      861     0.00871516   -10.36496194   -10.35624678   -10.36496194
      862     0.00966325   -10.36591139   -10.35624814   -10.36591139
      863     0.01060768   -10.36685723   -10.35624955   -10.36685723
      864     0.01152612   -10.36777708   -10.35625096   -10.36777708
      865     0.01239613   -10.36864847   -10.35625234   -10.36864847
      866     0.01319582   -10.36944947   -10.35625365   -10.36944947
      867     0.01390440   -10.37015925   -10.35625486   -10.37015925
      868     0.01450281   -10.37075872   -10.35625592   -10.37075872
      869     0.01497426   -10.37123107   -10.35625681   -10.37123107
      870     0.01530479   -10.37156228   -10.35625749   -10.37156228
      871     0.01548371   -10.37174165   -10.35625794   -10.37174165
      872     0.01550402   -10.37176216   -10.35625814   -10.37176216
      873     0.01536266   -10.37162075   -10.35625808   -10.37162075
      874     0.01506075   -10.37131851   -10.35625776   -10.37131851
      875     0.01460364   -10.37086081   -10.35625717   -10.37086081
      876     0.01400086   -10.37025719   -10.35625632   -10.37025719
      877     0.01326597   -10.36952122   -10.35625524   -10.36952122
      878     0.01241627   -10.36867022   -10.35625396   -10.36867022
      879     0.01147236   -10.36772485   -10.35625249   -10.36772485
      880     0.00778514   -10.36670855   -10.35892341   -10.36670855
      881     0.00688363   -10.36580559   -10.35892196   -10.36580559
      882     0.00599214   -10.36491266   -10.35892052   -10.36491266
      883     0.00513366   -10.36405278   -10.35891912   -10.36405278
      884     0.00433048   -10.36324829   -10.35891781   -10.36324829
      885     0.00360361   -10.36252022   -10.35891661   -10.36252022
      886     0.00297214   -10.36188771   -10.35891556   -10.36188771
      887     0.00245272   -10.36136743   -10.35891470   -10.36136743
      888     0.00205912   -10.36097317   -10.35891405   -10.36097317
      889     0.00180180   -10.36071542   -10.35891361   -10.36071542
      890     0.00168768   -10.36060110   -10.35891342   -10.36060110
      891     0.00171990   -10.36063336   -10.35891346   -10.36063336
      892     0.00189777   -10.36081152   -10.35891374   -10.36081152
      893     0.00221682   -10.36113107   -10.35891425   -10.36113107
      894     0.00266887   -10.36158385   -10.35891498   -10.36158385
      895     0.00324230   -10.36215820   -10.35891591   -10.36215820
      896     0.00392235   -10.36283936   -10.35891700   -10.36283936
      897     0.00469154   -10.36360979   -10.35891824   -10.36360979
      898     0.00553012   -10.36444971   -10.35891959   -10.36444971
      899     0.00641657   -10.36533758   -10.35892101   -10.36533758
      900     0.00778514   -10.36625065   -10.35846551   -10.36625065
      901     0.00872391   -10.36719092   -10.35846701   -10.36719092
      902     0.00963516   -10.36810362   -10.35846846   -10.36810362
      903     0.01049564   -10.36896547   -10.35846983   -10.36896547
      904     0.01128340   -10.36975450   -10.35847109   -10.36975450
      905     0.01197836   -10.37045056   -10.35847220   -10.37045056
      906     0.01256274   -10.37103588   -10.35847314   -10.37103588
      907     0.01302155   -10.37149544   -10.35847388   -10.37149544
      908     0.01334295   -10.37181736   -10.35847441   -10.37181736
      909     0.01351853   -10.37199324   -10.35847471   -10.37199324
      910     0.01354350   -10.37201827   -10.35847477   -10.37201827
      911     0.01341682   -10.37189143   -10.35847461   -10.37189143
      912     0.01314122   -10.37161543   -10.35847420   -10.37161543
      913     0.01272315   -10.37119672   -10.35847358   -10.37119672
      914     0.01217260   -10.37064534   -10.35847274   -10.37064534
      915     0.01150285   -10.36997458   -10.35847172   -10.36997458
      916     0.01073019   -10.36920073   -10.35847055   -10.36920073
      917     0.00987346   -10.36834269   -10.35846923   -10.36834269
      918     0.00895359   -10.36742141   -10.35846782   -10.36742141
      919     0.00799310   -10.36645945   -10.35846635   -10.36645945
      920     0.00778514   -10.36548034   -10.35769520   -10.36548034
      921     0.00675752   -10.36445114   -10.35769362   -10.36445114
      922     0.00575228   -10.36344437   -10.35769209   -10.36344437
      923     0.00479389   -10.36248452   -10.35769063   -10.36248452
      924     0.00390556   -10.36159485   -10.35768929   -10.36159485
      925     0.00310868   -10.36079678   -10.35768810   -10.36079678
      926     0.00242225   -10.36010933   -10.35768709   -10.36010933
      927     0.00186238   -10.35954866   -10.35768628   -10.35954866
      928     0.00144194   -10.35912764   -10.35768570   -10.35912764
      929     0.00117022   -10.35885557   -10.35768535   -10.35885557
      930     0.00105271   -10.35873796   -10.35768525   -10.35873796
      931     0.00109103   -10.35877643   -10.35768539   -10.35877643
      932     0.00128294   -10.35896871   -10.35768577   -10.35896871
      933     0.00162238   -10.35930876   -10.35768637   -10.35930876
      934     0.00209978   -10.35978696   -10.35768718   -10.35978696
      935     0.00270227   -10.36039044   -10.35768817   -10.36039044
      936     0.00341413   -10.36110343   -10.35768931   -10.36110343
      937     0.00421718   -10.36190775   -10.35769057   -10.36190775
      938     0.00509135   -10.36278327   -10.35769191   -10.36278327
      939     0.00601514   -10.36370846   -10.35769331   -10.36370846
      940     0.00778514   -10.36466097   -10.35687583   -10.36466097
      941     0.00879006   -10.36566735   -10.35687730   -10.36566735
      942     0.00976550   -10.36664418   -10.35687869   -10.36664418
      943     0.01068921   -10.36756918   -10.35687998   -10.36756918
      944     0.01154062   -10.36842175   -10.35688113   -10.36842175
      945     0.01230131   -10.36918343   -10.35688212   -10.36918343
      946     0.01295534   -10.36983828   -10.35688294   -10.36983828
      947     0.01348961   -10.37037317   -10.35688357   -10.37037317
      948     0.01389404   -10.37077803   -10.35688399   -10.37077803
      949     0.01416182   -10.37104603   -10.35688421   -10.37104603
      950     0.01428939   -10.37117361   -10.35688422   -10.37117361
      951     0.01427644   -10.37116047   -10.35688404   -10.37116047
      952     0.01412588   -10.37100953   -10.35688366   -10.37100953
      953     0.01384363   -10.37072674   -10.35688311   -10.37072674
      954     0.01343843   -10.37032083   -10.35688240   -10.37032083
      955     0.01292155   -10.36980310   -10.35688155   -10.36980310
      956     0.01230650   -10.36918708   -10.35688058   -10.36918708
      957     0.01160863   -10.36848816   -10.35687953   -10.36848816
      958     0.01084478   -10.36772319   -10.35687841   -10.36772319
      959     0.01003287   -10.36691012   -10.35687724   -10.36691012
      960     0.00778514   -10.36606757   -10.35828243   -10.36606757
      961     0.00700863   -10.36528999   -10.35828136   -10.36528999
      962     0.00625458   -10.36453492   -10.35828034   -10.36453492
      963     0.00553926   -10.36381866   -10.35827940   -10.36381866
      964     0.00487782   -10.36315636   -10.35827854   -10.36315636
      965     0.00428404   -10.36256182   -10.35827778   -10.36256182
      966     0.00377007   -10.36204721   -10.35827714   -10.36204721
      967     0.00334624   -10.36162285   -10.35827662   -10.36162285
      968     0.00302092   -10.36129714   -10.35827623   -10.36129714
      969     0.00280042   -10.36107639   -10.35827597   -10.36107639
      970     0.00268889   -10.36096474   -10.35827585   -10.36096474
      971     0.00268831   -10.36096418   -10.35827587   -10.36096418
      972     0.00279842   -10.36107444   -10.35827602   -10.36107444
      973     0.00301678   -10.36129309   -10.35827631   -10.36129309
      974     0.00333879   -10.36161552   -10.35827673   -10.36161552
      975     0.00375777   -10.36203504   -10.35827727   -10.36203504
      976     0.00426508   -10.36254300   -10.35827793   -10.36254300
      977     0.00485022   -10.36312891   -10.35827869   -10.36312891
      978     0.00550103   -10.36378057   -10.35827954   -10.36378057
      979     0.00620389   -10.36448436   -10.35828047   -10.36448436
      980     0.00778514   -10.36522539   -10.35744025   -10.36522539
      981     0.00858580   -10.36602713   -10.35744133   -10.36602713
      982     0.00938069   -10.36682311   -10.35744242   -10.36682311
      983     0.01015244   -10.36759593   -10.35744349   -10.36759593
      984     0.01088403   -10.36832854   -10.35744451   -10.36832854
      985     0.01155910   -10.36900457   -10.35744547   -10.36900457
      986     0.01216239   -10.36960873   -10.35744634   -10.36960873
      987     0.01268010   -10.37012719   -10.35744709   -10.37012719
      988     0.01310024   -10.37054795   -10.35744771   -10.37054795
      989     0.01341287   -10.37086105   -10.35744818   -10.37086105
      990     0.01361043   -10.37105893   -10.35744850   -10.37105893
      991     0.01368793   -10.37113657   -10.35744863   -10.37113657
      992     0.01364309   -10.37109169   -10.35744860   -10.37109169
      993     0.01347636   -10.37092475   -10.35744839   -10.37092475
      994     0.01319097   -10.37063899   -10.35744801   -10.37063899
      995     0.01279280   -10.37024028   -10.35744748   -10.37024028
      996     0.01229027   -10.36973707   -10.35744680   -10.36973707
      997     0.01169409   -10.36914008   -10.35744599   -10.36914008
      998     0.01101706   -10.36846213   -10.35744507   -10.36846213
      999     0.01027369   -10.36771776   -10.35744407   -10.36771776
     1000     0.00778514   -10.36692289   -10.35913775   -10.36692289
