#     Density Matrix: population Re; see the manual for detail orders
        0     0.00000000     0.00000000     1.00000000
        1     0.00000001     0.00000000     0.99999999
        2     0.00000005     0.00000000     0.99999995
        3     0.00000007     0.00000007     0.99999986
        4     0.00000004     0.00000042     0.99999954
        5     0.00000006     0.00000139     0.99999855
        6     0.00000016     0.00000339     0.99999645
        7     0.00000020     0.00000677     0.99999303
        8     0.00000015     0.00001182     0.99998803
        9     0.00000020     0.00001872     0.99998108
       10     0.00000036     0.00002761     0.99997203
       11     0.00000041     0.00003872     0.99996087
       12     0.00000034     0.00005268     0.99994698
       13     0.00000042     0.00007082     0.99992876
       14     0.00000064     0.00009576     0.99990359
       15     0.00000073     0.00013209     0.99986717
       16     0.00000065     0.00018754     0.99981181
       17     0.00000070     0.00027477     0.99972452
       18     0.00000099     0.00041470     0.99958431
       19     0.00000117     0.00064269     0.99935614
       20     0.00000110     0.00102094     0.99897797
       21     0.00000083     0.00139815     0.99860102
       22     0.00000019     0.00161761     0.99838220
       23     0.00000008     0.00178612     0.99821380
       24     0.00000083     0.00189481     0.99810435
       25     0.00000129     0.00196330     0.99803541
       26     0.00000068     0.00206246     0.99793686
       27     0.00000003     0.00235504     0.99764493
       28     0.00000053     0.00317563     0.99682384
       29     0.00000154     0.00520212     0.99479634
       30     0.00000152     0.00984971     0.99014877
       31     0.00000051     0.02024849     0.97975100
       32     0.00000015     0.04378988     0.95620997
       33     0.00000112     0.09855992     0.90143897
       34     0.00000197     0.22350200     0.77649603
       35     0.00000133     0.45001974     0.54997894
       36     0.00000018     0.66517753     0.33482230
       37     0.00000047     0.70128076     0.29871878
       38     0.00000194     0.57844936     0.42154870
       39     0.00000188     0.48093234     0.51906578
       40     0.00000100     0.41817837     0.58182062
       41     0.00000072     0.37615963     0.62383964
       42     0.00000033     0.35320870     0.64679097
       43     0.00000002     0.33140697     0.66859301
       44     0.00000018     0.31183519     0.68816463
       45     0.00000061     0.29588744     0.70411195
       46     0.00000077     0.28509173     0.71490750
       47     0.00000048     0.28102912     0.71897041
       48     0.00000008     0.28542502     0.71457490
       49     0.00000006     0.30004964     0.69995030
       50     0.00000040     0.32651279     0.67348681
       51     0.00000067     0.36580010     0.63419924
       52     0.00000055     0.41714845     0.58285100
       53     0.00000021     0.47722471     0.52277507
       54     0.00000004     0.54099955     0.45900041
       55     0.00000019     0.60213925     0.39786056
       56     0.00000043     0.65627810     0.34372147
       57     0.00000049     0.70136754     0.29863197
       58     0.00000032     0.73705048     0.26294920
       59     0.00000013     0.76430252     0.23569735
       60     0.00000011     0.78445584     0.21554406
       61     0.00000025     0.79863014     0.20136961
       62     0.00000039     0.80758671     0.19241290
       63     0.00000039     0.81276754     0.18723206
       64     0.00000027     0.81482025     0.18517948
       65     0.00000015     0.81429900     0.18570084
       66     0.00000014     0.81189624     0.18810362
       67     0.00000022     0.80837848     0.19162130
       68     0.00000031     0.80470300     0.19529670
       69     0.00000033     0.80210644     0.19789323
       70     0.00000030     0.80176708     0.19823263
       71     0.00000024     0.80449472     0.19550504
       72     0.00000018     0.80862227     0.19137755
       73     0.00000016     0.80758625     0.19241360
       74     0.00000017     0.79236832     0.20763151
       75     0.00000021     0.76061931     0.23938048
       76     0.00000027     0.72088712     0.27911261
       77     0.00000032     0.68726620     0.31273348
       78     0.00000035     0.67034865     0.32965100
       79     0.00000033     0.67762065     0.32237902
       80     0.00000025     0.72292320     0.27707655
       81     0.00000016     0.78231925     0.21768058
       82     0.00000015     0.83632717     0.16367267
       83     0.00000023     0.88130977     0.11869000
       84     0.00000033     0.91469332     0.08530636
       85     0.00000034     0.93772519     0.06227446
       86     0.00000027     0.95271026     0.04728947
       87     0.00000018     0.96182808     0.03817174
       88     0.00000016     0.96687596     0.03312388
       89     0.00000021     0.96931500     0.03068479
       90     0.00000026     0.97033517     0.02966457
       91     0.00000027     0.97086368     0.02913605
       92     0.00000027     0.97153761     0.02846212
       93     0.00000026     0.97269587     0.02730386
       94     0.00000024     0.97442287     0.02557689
       95     0.00000019     0.97663139     0.02336842
       96     0.00000016     0.97915128     0.02084855
       97     0.00000000     1.00000000     0.00000000
       98     0.00000001     0.99996298     0.00003702
       99     0.00000002     0.99986886     0.00013112
      100     0.00000003     0.99974419     0.00025578
      101     0.00000003     0.99963762     0.00036235
      102     0.00000002     0.99957161     0.00042837
      103     0.00000001     0.99953242     0.00046757
      104     0.00000000     0.99952238     0.00047762
      105     0.00000001     0.99953904     0.00046095
      106     0.00000002     0.99957615     0.00042384
      107     0.00000003     0.99962515     0.00037482
      108     0.00000002     0.99967691     0.00032307
      109     0.00000002     0.99972329     0.00027670
      110     0.00000001     0.99975846     0.00024153
      111     0.00000001     0.99977963     0.00022036
      112     0.00000001     0.99978712     0.00021286
      113     0.00000002     0.99978382     0.00021617
      114     0.00000001     0.99977411     0.00022588
      115     0.00000001     0.99976267     0.00023732
      116     0.00000002     0.99975326     0.00024673
      117     0.00000002     0.99974787     0.00025211
      118     0.00000002     0.99974642     0.00025357
      119     0.00000001     0.99974697     0.00025302
      120     0.00000001     0.99974655     0.00025344
      121     0.00000001     0.99974271     0.00025728
      122     0.00000001     0.99973400     0.00026599
      123     0.00000003     0.99971973     0.00028025
      124     0.00000003     0.99970192     0.00029804
      125     0.00000003     0.99968459     0.00031539
      126     0.00000001     0.99967274     0.00032725
      127     0.00000000     0.99967108     0.00032892
      128     0.00000001     0.99968247     0.00031752
      129     0.00000004     0.99970688     0.00029308
      130     0.00000007     0.99974084     0.00025909
      131     0.00000007     0.99977788     0.00022205
      132     0.00000004     0.99980970     0.00019026
      133     0.00000001     0.99982809     0.00017190
      134     0.00000001     0.99982699     0.00017299
      135     0.00000005     0.99980428     0.00019567
      136     0.00000011     0.99976272     0.00023718
      137     0.00000013     0.99970978     0.00029009
      138     0.00000011     0.99965627     0.00034362
      139     0.00000006     0.99961402     0.00038591
      140     0.00000004     0.99959319     0.00040677
      141     0.00000012     0.99960181     0.00039808
      142     0.00000037     0.99964726     0.00035237
      143     0.00000063     0.99971865     0.00028073
      144     0.00000066     0.99980049     0.00019885
      145     0.00000045     0.99987450     0.00012505
      146     0.00000019     0.99992371     0.00007610
      147     0.00000014     0.99993647     0.00006339
      148     0.00000039     0.99990945     0.00009017
      149     0.00000074     0.99984864     0.00015062
      150     0.00000092     0.99976807     0.00023101
      151     0.00000078     0.99968646     0.00031275
      152     0.00000046     0.99962292     0.00037662
      153     0.00000026     0.99959252     0.00040722
      154     0.00000040     0.99960284     0.00039676
      155     0.00000082     0.99965216     0.00034701
      156     0.00000119     0.99972952     0.00026929
      157     0.00000122     0.99981679     0.00018199
      158     0.00000089     0.99989261     0.00010650
      159     0.00000052     0.99993735     0.00006212
      160     0.00000047     0.99993814     0.00006139
      161     0.00000083     0.99989239     0.00010678
      162     0.00000136     0.99980910     0.00018954
      163     0.00000165     0.99970734     0.00029101
      164     0.00000148     0.99961158     0.00038694
      165     0.00000103     0.99954580     0.00045317
      166     0.00000070     0.99952759     0.00047171
      167     0.00000082     0.99956348     0.00043571
      168     0.00000134     0.99964670     0.00035196
      169     0.00000191     0.99975802     0.00024008
      170     0.00000209     0.99986946     0.00012845
      171     0.00000179     0.99995069     0.00004752
      172     0.00000126     0.99997662     0.00002211
      173     0.00000098     0.99993446     0.00006456
      174     0.00000121     0.99982819     0.00017060
      175     0.00000183     0.99967888     0.00031929
      176     0.00000242     0.99952034     0.00047723
      177     0.00000257     0.99939097     0.00060645
      178     0.00000221     0.99932389     0.00067390
      179     0.00000163     0.99933800     0.00066037
      180     0.00000132     0.99943229     0.00056639
      181     0.00000138     0.99956362     0.00043501
      182     0.00000126     0.99970365     0.00029509
      183     0.00000099     0.99984416     0.00015485
      184     0.00000078     0.99994537     0.00005384
      185     0.00000084     0.99997351     0.00002565
      186     0.00000116     0.99991043     0.00008840
      187     0.00000157     0.99975985     0.00023857
      188     0.00000182     0.99954809     0.00045010
      189     0.00000176     0.99931891     0.00067933
      190     0.00000147     0.99912362     0.00087491
      191     0.00000118     0.99900854     0.00099028
      192     0.00000114     0.99900327     0.00099559
      193     0.00000141     0.99911240     0.00088618
      194     0.00000188     0.99931304     0.00068508
      195     0.00000226     0.99955888     0.00043885
      196     0.00000235     0.99979027     0.00020738
      197     0.00000211     0.99994794     0.00004995
      198     0.00000174     0.99998720     0.00001106
      199     0.00000152     0.99988908     0.00010941
      200     0.00000162     0.99966577     0.00033261
      201     0.00000191     0.99939863     0.00059946
      202     0.00000189     0.99916996     0.00082815
      203     0.00000157     0.99900058     0.00099785
      204     0.00000117     0.99892720     0.00107163
      205     0.00000098     0.99896643     0.00103260
      206     0.00000116     0.99911062     0.00088823
      207     0.00000165     0.99932925     0.00066910
      208     0.00000218     0.99957534     0.00042247
      209     0.00000247     0.99979558     0.00020195
      210     0.00000235     0.99994201     0.00005564
      211     0.00000193     0.99998258     0.00001550
      212     0.00000149     0.99990814     0.00009037
      213     0.00000132     0.99973446     0.00026422
      214     0.00000157     0.99949859     0.00049984
      215     0.00000213     0.99925067     0.00074719
      216     0.00000272     0.99904284     0.00095444
      217     0.00000303     0.99891788     0.00107910
      218     0.00000292     0.99890025     0.00109683
      219     0.00000248     0.99899145     0.00100608
      220     0.00000201     0.99917060     0.00082739
      221     0.00000174     0.99937116     0.00062710
      222     0.00000138     0.99955997     0.00043864
      223     0.00000103     0.99973658     0.00026238
      224     0.00000092     0.99986783     0.00013125
      225     0.00000114     0.99993208     0.00006678
      226     0.00000160     0.99992317     0.00007523
      227     0.00000208     0.99985073     0.00014720
      228     0.00000234     0.99973691     0.00026076
      229     0.00000226     0.99961050     0.00038724
      230     0.00000192     0.99950002     0.00049806
      231     0.00000153     0.99942738     0.00057109
      232     0.00000133     0.99940372     0.00059496
      233     0.00000149     0.99942800     0.00057051
      234     0.00000198     0.99948873     0.00050929
      235     0.00000260     0.99956797     0.00042944
      236     0.00000306     0.99964644     0.00035051
      237     0.00000315     0.99970846     0.00028839
      238     0.00000287     0.99974535     0.00025178
      239     0.00000239     0.99975656     0.00024105
      240     0.00000201     0.99974842     0.00024957
      241     0.00000185     0.99973381     0.00026434
      242     0.00000159     0.99972385     0.00027456
      243     0.00000125     0.99972017     0.00027857
      244     0.00000104     0.99972219     0.00027676
      245     0.00000111     0.99972516     0.00027373
      246     0.00000148     0.99972235     0.00027617
      247     0.00000202     0.99970814     0.00028984
      248     0.00000254     0.99968083     0.00031663
      249     0.00000281     0.99964429     0.00035289
      250     0.00000276     0.99960753     0.00038971
      251     0.00000244     0.99958228     0.00041528
      252     0.00000205     0.99957913     0.00041882
      253     0.00000181     0.99960353     0.00039465
      254     0.00000190     0.99965286     0.00034524
      255     0.00000234     0.99971600     0.00028167
      256     0.00000302     0.99977567     0.00022131
      257     0.00000373     0.99981332     0.00018295
      258     0.00000426     0.99981502     0.00018073
      259     0.00000444     0.99977660     0.00021896
      260     0.00000428     0.99970616     0.00028955
      261     0.00000386     0.99963667     0.00035947
      262     0.00000297     0.99959001     0.00040702
      263     0.00000183     0.99956833     0.00042984
      264     0.00000095     0.99958045     0.00041860
      265     0.00000075     0.99962476     0.00037449
      266     0.00000142     0.99968881     0.00030977
      267     0.00000285     0.99975268     0.00024447
      268     0.00000464     0.99979526     0.00020009
      269     0.00000626     0.99980154     0.00019220
      270     0.00000718     0.99976820     0.00022462
      271     0.00000714     0.99970543     0.00028743
      272     0.00000622     0.99963401     0.00035977
      273     0.00000483     0.99957833     0.00041684
      274     0.00000360     0.99955770     0.00043870
      275     0.00000313     0.99957916     0.00041771
      276     0.00000383     0.99963453     0.00036164
      277     0.00000577     0.99970316     0.00029108
      278     0.00000867     0.99975953     0.00023180
      279     0.00001198     0.99978298     0.00020504
      280     0.00001502     0.99976564     0.00021935
      281     0.00001657     0.99972464     0.00025879
      282     0.00001572     0.99968484     0.00029944
      283     0.00001282     0.99965513     0.00033205
      284     0.00000875     0.99964693     0.00034432
      285     0.00000482     0.99966260     0.00033258
      286     0.00000241     0.99969453     0.00030306
      287     0.00000262     0.99972861     0.00026877
      288     0.00000599     0.99975027     0.00024374
      289     0.00001234     0.99975063     0.00023703
      290     0.00002077     0.99972998     0.00024925
      291     0.00002984     0.99969715     0.00027301
      292     0.00003790     0.99966520     0.00029690
      293     0.00004351     0.99964558     0.00031091
      294     0.00004583     0.99964341     0.00031076
      295     0.00004482     0.99965610     0.00029909
      296     0.00004127     0.99967551     0.00028322
      297     0.00003670     0.99969241     0.00027089
      298     0.00003308     0.99970053     0.00026639
      299     0.00003254     0.99969841     0.00026906
      300     0.00003699     0.99968823     0.00027478
      301     0.00004492     0.99967651     0.00027857
      302     0.00005155     0.99966920     0.00027925
      303     0.00005707     0.99966337     0.00027955
      304     0.00006154     0.99965610     0.00028237
      305     0.00006533     0.99964616     0.00028850
      306     0.00006919     0.99963563     0.00029518
      307     0.00007409     0.99962864     0.00029728
      308     0.00008119     0.99962795     0.00029086
      309     0.00009174     0.99963150     0.00027675
      310     0.00010696     0.99963158     0.00026146
      311     0.00012795     0.99961784     0.00025421
      312     0.00015568     0.99958292     0.00026140
      313     0.00019101     0.99952727     0.00028172
      314     0.00023474     0.99945981     0.00030545
      315     0.00028763     0.99939326     0.00031911
      316     0.00035045     0.99933618     0.00031337
      317     0.00042420     0.99928638     0.00028942
      318     0.00051043     0.99922992     0.00025964
      319     0.00061178     0.99914702     0.00024120
      320     0.00073253     0.99902158     0.00024590
      321     0.00084278     0.99889003     0.00026718
      322     0.00091512     0.99879553     0.00028935
      323     0.00096737     0.99872890     0.00030373
      324     0.00100080     0.99869904     0.00030016
      325     0.00102021     0.99870113     0.00027866
      326     0.00103475     0.99871446     0.00025079
      327     0.00105884     0.99870772     0.00023344
      328     0.00111289     0.99864865     0.00023846
      329     0.00122438     0.99851117     0.00026445
      330     0.00142984     0.99827374     0.00029642
      331     0.00177835     0.99790724     0.00031442
      332     0.00233730     0.99735651     0.00030619
      333     0.00320258     0.99652150     0.00027592
      334     0.00451634     0.99524110     0.00024256
      335     0.00650005     0.99327170     0.00022824
      336     0.00951629     0.99024005     0.00024366
      337     0.01418766     0.98553196     0.00028038
      338     0.02162743     0.97805727     0.00031530
      339     0.03682402     0.96285142     0.00032457
      340     0.06689299     0.93282580     0.00028121
      341     0.08350942     0.91626627     0.00022430
      342     0.08835788     0.91144646     0.00019567
      343     0.09528557     0.90452089     0.00019354
      344     0.10487956     0.89489587     0.00022457
      345     0.11821543     0.88151512     0.00026945
      346     0.13777676     0.86192735     0.00029589
      347     0.16954646     0.83017013     0.00028340
      348     0.22588694     0.77387299     0.00024007
      349     0.32849091     0.67131066     0.00019843
      350     0.49633618     0.50347282     0.00019100
      351     0.70396397     0.29581684     0.00021919
      352     0.82673595     0.17301483     0.00024922
      353     0.89065029     0.10909833     0.00025138
      354     0.92517628     0.07459574     0.00022798
      355     0.94514664     0.05464678     0.00020659
      356     0.95750592     0.04228289     0.00021119
      357     0.96569432     0.03406804     0.00023764
      358     0.97153913     0.02820379     0.00025708
      359     0.97604207     0.02371226     0.00024568
      360     0.97973130     0.02005686     0.00021184
      361     1.00000000     0.00000000     0.00000000
      362     0.99997212     0.00002732     0.00000056
      363     0.99988765     0.00011055     0.00000180
      364     0.99975059     0.00024686     0.00000254
      365     0.99957128     0.00042674     0.00000198
      366     0.99936514     0.00063419     0.00000067
      367     0.99915209     0.00084780     0.00000011
      368     0.99895605     0.00104280     0.00000116
      369     0.99880321     0.00119384     0.00000294
      370     0.99871772     0.00127861     0.00000366
      371     0.99871589     0.00128159     0.00000252
      372     0.99880170     0.00119750     0.00000080
      373     0.99896563     0.00103376     0.00000061
      374     0.99918640     0.00081112     0.00000248
      375     0.99943348     0.00056197     0.00000455
      376     0.99966940     0.00032607     0.00000453
      377     0.99985357     0.00014400     0.00000243
      378     0.99995016     0.00004909     0.00000076
      379     0.99993894     0.00005942     0.00000165
      380     0.99982409     0.00017172     0.00000419
      381     0.99969507     0.00030014     0.00000479
      382     0.99961587     0.00038136     0.00000277
      383     0.99955518     0.00044415     0.00000066
      384     0.99952851     0.00047011     0.00000139
      385     0.99954683     0.00044870     0.00000447
      386     0.99961210     0.00038169     0.00000621
      387     0.99971137     0.00028439     0.00000424
      388     0.99981611     0.00018296     0.00000093
      389     0.99989165     0.00010766     0.00000069
      390     0.99991216     0.00008369     0.00000416
      391     0.99987094     0.00012208     0.00000698
      392     0.99978048     0.00021418     0.00000534
      393     0.99966655     0.00033214     0.00000131
      394     0.99956306     0.00043651     0.00000043
      395     0.99950640     0.00048942     0.00000418
      396     0.99952333     0.00046907     0.00000760
      397     0.99961397     0.00038013     0.00000591
      398     0.99974377     0.00025485     0.00000137
      399     0.99985685     0.00014272     0.00000043
      400     0.99990447     0.00009099     0.00000454
      401     0.99988464     0.00010854     0.00000682
      402     0.99984744     0.00014770     0.00000486
      403     0.99980131     0.00019642     0.00000226
      404     0.99976455     0.00023242     0.00000303
      405     0.99975668     0.00023699     0.00000633
      406     0.99978751     0.00020519     0.00000730
      407     0.99984546     0.00015024     0.00000430
      408     0.99989939     0.00009880     0.00000181
      409     0.99991794     0.00007827     0.00000379
      410     0.99989066     0.00010194     0.00000740
      411     0.99983293     0.00016002     0.00000705
      412     0.99977421     0.00022263     0.00000316
      413     0.99974330     0.00025489     0.00000181
      414     0.99975803     0.00023677     0.00000520
      415     0.99981542     0.00017664     0.00000793
      416     0.99988556     0.00010889     0.00000555
      417     0.99992320     0.00007487     0.00000193
      418     0.99989971     0.00009721     0.00000307
      419     0.99982941     0.00016340     0.00000719
      420     0.99976126     0.00023124     0.00000749
      421     0.99974497     0.00025050     0.00000453
      422     0.99976792     0.00022862     0.00000346
      423     0.99980832     0.00018664     0.00000504
      424     0.99984008     0.00015337     0.00000654
      425     0.99984068     0.00015408     0.00000524
      426     0.99980567     0.00019109     0.00000325
      427     0.99975642     0.00023952     0.00000406
      428     0.99972999     0.00026367     0.00000634
      429     0.99975017     0.00024367     0.00000617
      430     0.99980350     0.00019254     0.00000396
      431     0.99984745     0.00014871     0.00000384
      432     0.99984649     0.00014733     0.00000618
      433     0.99980163     0.00019155     0.00000682
      434     0.99974801     0.00024746     0.00000453
      435     0.99972728     0.00026947     0.00000325
      436     0.99975714     0.00023799     0.00000487
      437     0.99981592     0.00017814     0.00000594
      438     0.99985473     0.00014095     0.00000433
      439     0.99983708     0.00015970     0.00000322
      440     0.99977610     0.00021889     0.00000501
      441     0.99973814     0.00025547     0.00000639
      442     0.99974540     0.00024882     0.00000578
      443     0.99977901     0.00021587     0.00000512
      444     0.99980793     0.00018626     0.00000581
      445     0.99980500     0.00018858     0.00000642
      446     0.99977195     0.00022258     0.00000547
      447     0.99973843     0.00025720     0.00000437
      448     0.99973646     0.00025883     0.00000471
      449     0.99977010     0.00022457     0.00000533
      450     0.99980797     0.00018717     0.00000485
      451     0.99981146     0.00018402     0.00000452
      452     0.99977523     0.00021919     0.00000559
      453     0.99973567     0.00025765     0.00000668
      454     0.99973379     0.00025976     0.00000645
      455     0.99977178     0.00022226     0.00000597
      456     0.99981047     0.00018327     0.00000626
      457     0.99980974     0.00018400     0.00000626
      458     0.99976982     0.00022499     0.00000519
      459     0.99973226     0.00026358     0.00000416
      460     0.99973768     0.00025828     0.00000404
      461     0.99977220     0.00022363     0.00000417
      462     0.99979388     0.00020190     0.00000422
      463     0.99978644     0.00020898     0.00000458
      464     0.99975727     0.00023742     0.00000531
      465     0.99973887     0.00025527     0.00000586
      466     0.99975235     0.00024164     0.00000601
      467     0.99978301     0.00021102     0.00000597
      468     0.99979622     0.00019802     0.00000576
      469     0.99977645     0.00021834     0.00000521
      470     0.99974572     0.00024982     0.00000446
      471     0.99973954     0.00025664     0.00000381
      472     0.99976568     0.00023081     0.00000350
      473     0.99979389     0.00020250     0.00000361
      474     0.99979081     0.00020511     0.00000408
      475     0.99975984     0.00023540     0.00000475
      476     0.99973757     0.00025682     0.00000561
      477     0.99975046     0.00024302     0.00000651
      478     0.99978338     0.00020972     0.00000690
      479     0.99979706     0.00019641     0.00000654
      480     0.99977468     0.00021935     0.00000596
      481     0.99974712     0.00024741     0.00000547
      482     0.99974596     0.00024929     0.00000475
      483     0.99976843     0.00022762     0.00000395
      484     0.99978683     0.00020935     0.00000381
      485     0.99977841     0.00021745     0.00000414
      486     0.99975372     0.00024224     0.00000404
      487     0.99974305     0.00025314     0.00000381
      488     0.99975943     0.00023650     0.00000407
      489     0.99978298     0.00021284     0.00000418
      490     0.99978456     0.00021163     0.00000380
      491     0.99976175     0.00023448     0.00000378
      492     0.99974292     0.00025282     0.00000426
      493     0.99975201     0.00024357     0.00000442
      494     0.99977759     0.00021810     0.00000431
      495     0.99978730     0.00020810     0.00000460
      496     0.99976911     0.00022594     0.00000495
      497     0.99974615     0.00024917     0.00000468
      498     0.99974702     0.00024871     0.00000427
      499     0.99977043     0.00022535     0.00000423
      500     0.99978715     0.00020875     0.00000409
      501     0.99977704     0.00021928     0.00000368
      502     0.99975457     0.00024184     0.00000359
      503     0.99974777     0.00024834     0.00000388
      504     0.99976535     0.00023060     0.00000406
      505     0.99978501     0.00021085     0.00000414
      506     0.99978189     0.00021362     0.00000449
      507     0.99976017     0.00023500     0.00000484
      508     0.99974735     0.00024789     0.00000477
      509     0.99975925     0.00023620     0.00000455
      510     0.99978072     0.00021482     0.00000446
      511     0.99978502     0.00021074     0.00000424
      512     0.99976698     0.00022919     0.00000383
      513     0.99974914     0.00024724     0.00000362
      514     0.99975371     0.00024259     0.00000370
      515     0.99977488     0.00022133     0.00000379
      516     0.99978617     0.00020990     0.00000393
      517     0.99977369     0.00022205     0.00000426
      518     0.99975325     0.00024214     0.00000461
      519     0.99975015     0.00024510     0.00000474
      520     0.99976785     0.00022742     0.00000473
      521     0.99978526     0.00021009     0.00000465
      522     0.99977975     0.00021582     0.00000443
      523     0.99975710     0.00023884     0.00000406
      524     0.99974503     0.00025123     0.00000374
      525     0.99975802     0.00023842     0.00000356
      526     0.99977995     0.00021651     0.00000354
      527     0.99978426     0.00021207     0.00000367
      528     0.99976619     0.00022990     0.00000391
      529     0.99974786     0.00024794     0.00000420
      530     0.99975101     0.00024447     0.00000452
      531     0.99977135     0.00022393     0.00000473
      532     0.99978452     0.00021078     0.00000470
      533     0.99977528     0.00022017     0.00000455
      534     0.99975506     0.00024057     0.00000437
      535     0.99974779     0.00024810     0.00000411
      536     0.99976153     0.00023470     0.00000377
      537     0.99977960     0.00021680     0.00000360
      538     0.99978104     0.00021529     0.00000367
      539     0.99976501     0.00023122     0.00000378
      540     0.99975055     0.00024556     0.00000389
      541     0.99975535     0.00024041     0.00000424
      542     0.99977936     0.00021588     0.00000476
      543     0.99979497     0.00020014     0.00000489
      544     0.99978492     0.00021035     0.00000473
      545     0.99976112     0.00023419     0.00000469
      546     0.99975058     0.00024480     0.00000462
      547     0.99976467     0.00023117     0.00000416
      548     0.99978684     0.00020950     0.00000367
      549     0.99979232     0.00020404     0.00000364
      550     0.99977611     0.00022011     0.00000379
      551     0.99975703     0.00023926     0.00000371
      552     0.99975553     0.00024067     0.00000379
      553     0.99977203     0.00022368     0.00000429
      554     0.99978816     0.00020718     0.00000466
      555     0.99978718     0.00020825     0.00000457
      556     0.99977114     0.00022439     0.00000447
      557     0.99975770     0.00023769     0.00000461
      558     0.99976076     0.00023471     0.00000453
      559     0.99977590     0.00022000     0.00000410
      560     0.99978642     0.00020974     0.00000384
      561     0.99977866     0.00021735     0.00000399
      562     0.99975166     0.00024428     0.00000406
      563     0.99973499     0.00026121     0.00000380
      564     0.99974470     0.00025128     0.00000402
      565     0.99976939     0.00022583     0.00000477
      566     0.99978388     0.00021102     0.00000510
      567     0.99977460     0.00022057     0.00000483
      568     0.99975199     0.00024321     0.00000479
      569     0.99973908     0.00025582     0.00000510
      570     0.99974803     0.00024701     0.00000496
      571     0.99976847     0.00022717     0.00000436
      572     0.99977951     0.00021639     0.00000410
      573     0.99977160     0.00022409     0.00000431
      574     0.99975456     0.00024109     0.00000435
      575     0.99974542     0.00025044     0.00000414
      576     0.99975139     0.00024441     0.00000421
      577     0.99976490     0.00023053     0.00000456
      578     0.99977282     0.00022247     0.00000471
      579     0.99976902     0.00022639     0.00000459
      580     0.99975890     0.00023654     0.00000455
      581     0.99974940     0.00024590     0.00000470
      582     0.99975464     0.00024068     0.00000468
      583     0.99977237     0.00022325     0.00000438
      584     0.99978502     0.00021075     0.00000423
      585     0.99978202     0.00021368     0.00000430
      586     0.99976844     0.00022722     0.00000434
      587     0.99975780     0.00023789     0.00000431
      588     0.99975872     0.00023696     0.00000432
      589     0.99976822     0.00022748     0.00000430
      590     0.99977649     0.00021924     0.00000426
      591     0.99977695     0.00021872     0.00000434
      592     0.99977152     0.00022406     0.00000442
      593     0.99976672     0.00022897     0.00000431
      594     0.99976603     0.00022976     0.00000421
      595     0.99976755     0.00022798     0.00000447
      596     0.99976836     0.00022684     0.00000480
      597     0.99976854     0.00022679     0.00000467
      598     0.99977005     0.00022559     0.00000436
      599     0.99977308     0.00022242     0.00000450
      600     0.99977483     0.00022040     0.00000477
      601     0.99977114     0.00022453     0.00000433
      602     0.99976123     0.00023535     0.00000342
      603     0.99975362     0.00024292     0.00000346
      604     0.99975733     0.00023850     0.00000417
      605     0.99977202     0.00022384     0.00000414
      606     0.99978467     0.00021171     0.00000362
      607     0.99978120     0.00021467     0.00000413
      608     0.99976252     0.00023211     0.00000537
      609     0.99974570     0.00024875     0.00000556
      610     0.99974742     0.00024797     0.00000461
      611     0.99976734     0.00022835     0.00000431
      612     0.99978805     0.00020709     0.00000487
      613     0.99979022     0.00020518     0.00000460
      614     0.99976979     0.00022688     0.00000333
      615     0.99974366     0.00025347     0.00000287
      616     0.99973685     0.00025946     0.00000369
      617     0.99975845     0.00023741     0.00000414
      618     0.99978930     0.00020690     0.00000380
      619     0.99979870     0.00019712     0.00000419
      620     0.99977592     0.00021855     0.00000553
      621     0.99974444     0.00024952     0.00000604
      622     0.99973446     0.00026025     0.00000529
      623     0.99975421     0.00024111     0.00000468
      624     0.99978542     0.00020983     0.00000475
      625     0.99979800     0.00019759     0.00000441
      626     0.99977840     0.00021817     0.00000342
      627     0.99974441     0.00025257     0.00000302
      628     0.99972991     0.00026650     0.00000359
      629     0.99975090     0.00024496     0.00000414
      630     0.99978694     0.00020868     0.00000438
      631     0.99980097     0.00019405     0.00000498
      632     0.99977802     0.00021612     0.00000585
      633     0.99974135     0.00025254     0.00000611
      634     0.99972865     0.00026575     0.00000560
      635     0.99975339     0.00024166     0.00000495
      636     0.99979040     0.00020526     0.00000435
      637     0.99980086     0.00019546     0.00000368
      638     0.99977306     0.00022379     0.00000314
      639     0.99973624     0.00026073     0.00000303
      640     0.99973008     0.00026651     0.00000341
      641     0.99975672     0.00023917     0.00000411
      642     0.99978283     0.00021239     0.00000479
      643     0.99978377     0.00021102     0.00000521
      644     0.99975817     0.00023645     0.00000538
      645     0.99973374     0.00026083     0.00000543
      646     0.99973761     0.00025728     0.00000511
      647     0.99976598     0.00022973     0.00000429
      648     0.99978728     0.00020919     0.00000353
      649     0.99977733     0.00021942     0.00000325
      650     0.99974730     0.00024955     0.00000315
      651     0.99973124     0.00026564     0.00000312
      652     0.99974717     0.00024911     0.00000372
      653     0.99977689     0.00021834     0.00000477
      654     0.99978680     0.00020785     0.00000536
      655     0.99976558     0.00022899     0.00000543
      656     0.99973728     0.00025708     0.00000565
      657     0.99973462     0.00025971     0.00000566
      658     0.99976109     0.00023416     0.00000475
      659     0.99978569     0.00021070     0.00000361
      660     0.99977928     0.00021750     0.00000321
      661     0.99975406     0.00024283     0.00000311
      662     0.99974170     0.00025539     0.00000291
      663     0.99975263     0.00024419     0.00000317
      664     0.99977369     0.00022230     0.00000401
      665     0.99978020     0.00021521     0.00000459
      666     0.99976463     0.00023064     0.00000473
      667     0.99974532     0.00024970     0.00000499
      668     0.99974523     0.00024960     0.00000517
      669     0.99976463     0.00023074     0.00000463
      670     0.99978011     0.00021611     0.00000378
      671     0.99977296     0.00022368     0.00000336
      672     0.99975215     0.00024471     0.00000313
      673     0.99974302     0.00025416     0.00000282
      674     0.99975613     0.00024094     0.00000293
      675     0.99977525     0.00022112     0.00000363
      676     0.99977758     0.00021817     0.00000425
      677     0.99976076     0.00023469     0.00000455
      678     0.99974512     0.00024994     0.00000494
      679     0.99974941     0.00024537     0.00000523
      680     0.99976826     0.00022684     0.00000490
      681     0.99977807     0.00021765     0.00000429
      682     0.99976940     0.00022672     0.00000389
      683     0.99975438     0.00024204     0.00000357
      684     0.99975135     0.00024541     0.00000324
      685     0.99976347     0.00023337     0.00000316
      686     0.99977564     0.00022091     0.00000345
      687     0.99977338     0.00022279     0.00000383
      688     0.99975997     0.00023586     0.00000417
      689     0.99975182     0.00024365     0.00000452
      690     0.99975846     0.00023678     0.00000476
      691     0.99977138     0.00022387     0.00000474
      692     0.99977491     0.00022054     0.00000455
      693     0.99976527     0.00023048     0.00000426
      694     0.99975457     0.00024152     0.00000391
      695     0.99975557     0.00024078     0.00000365
      696     0.99976649     0.00022998     0.00000353
      697     0.99977390     0.00022261     0.00000349
      698     0.99976922     0.00022720     0.00000359
      699     0.99975863     0.00023750     0.00000387
      700     0.99975506     0.00024081     0.00000413
      701     0.99976251     0.00023326     0.00000423
      702     0.99977170     0.00022397     0.00000433
      703     0.99977157     0.00022397     0.00000446
      704     0.99976304     0.00023260     0.00000437
      705     0.99975670     0.00023923     0.00000408
      706     0.99975964     0.00023641     0.00000395
      707     0.99976774     0.00022830     0.00000395
      708     0.99977133     0.00022487     0.00000380
      709     0.99976659     0.00022977     0.00000364
      710     0.99975961     0.00023660     0.00000380
      711     0.99975872     0.00023727     0.00000401
      712     0.99976448     0.00023155     0.00000397
      713     0.99976949     0.00022655     0.00000396
      714     0.99976800     0.00022779     0.00000420
      715     0.99976263     0.00023306     0.00000431
      716     0.99976004     0.00023587     0.00000409
      717     0.99976260     0.00023342     0.00000398
      718     0.99976662     0.00022926     0.00000412
      719     0.99976760     0.00022833     0.00000407
      720     0.99976503     0.00023118     0.00000380
      721     0.99976181     0.00023440     0.00000380
      722     0.99976182     0.00023409     0.00000409
      723     0.99976513     0.00023082     0.00000406
      724     0.99976750     0.00022866     0.00000384
      725     0.99976631     0.00022965     0.00000404
      726     0.99976370     0.00023192     0.00000438
      727     0.99976305     0.00023269     0.00000426
      728     0.99976438     0.00023160     0.00000401
      729     0.99976538     0.00023043     0.00000419
      730     0.99976525     0.00023038     0.00000437
      731     0.99976502     0.00023090     0.00000408
      732     0.99976507     0.00023112     0.00000381
      733     0.99976475     0.00023126     0.00000399
      734     0.99976404     0.00023184     0.00000412
      735     0.99976382     0.00023231     0.00000387
      736     0.99976465     0.00023155     0.00000380
      737     0.99976600     0.00022989     0.00000412
      738     0.99976638     0.00022934     0.00000428
      739     0.99976479     0.00023111     0.00000410
      740     0.99976247     0.00023342     0.00000411
      741     0.99976259     0.00023299     0.00000441
      742     0.99976696     0.00022862     0.00000442
      743     0.99977069     0.00022528     0.00000403
      744     0.99976861     0.00022748     0.00000391
      745     0.99976269     0.00023329     0.00000402
      746     0.99976020     0.00023591     0.00000388
      747     0.99976459     0.00023180     0.00000361
      748     0.99977086     0.00022549     0.00000365
      749     0.99977143     0.00022471     0.00000386
      750     0.99976518     0.00023088     0.00000394
      751     0.99975922     0.00023677     0.00000401
      752     0.99976092     0.00023486     0.00000422
      753     0.99976883     0.00022678     0.00000439
      754     0.99977359     0.00022197     0.00000444
      755     0.99976905     0.00022653     0.00000442
      756     0.99976025     0.00023548     0.00000428
      757     0.99975780     0.00023816     0.00000404
      758     0.99976500     0.00023113     0.00000388
      759     0.99977354     0.00022272     0.00000373
      760     0.99977309     0.00022343     0.00000348
      761     0.99976348     0.00023315     0.00000337
      762     0.99975588     0.00024047     0.00000364
      763     0.99975998     0.00023609     0.00000393
      764     0.99977130     0.00022468     0.00000402
      765     0.99977607     0.00021963     0.00000431
      766     0.99976815     0.00022700     0.00000485
      767     0.99975704     0.00023796     0.00000500
      768     0.99975619     0.00023917     0.00000464
      769     0.99976667     0.00022890     0.00000443
      770     0.99977609     0.00021951     0.00000439
      771     0.99977323     0.00022284     0.00000393
      772     0.99976111     0.00023564     0.00000325
      773     0.99975394     0.00024293     0.00000312
      774     0.99976074     0.00023589     0.00000337
      775     0.99977387     0.00022274     0.00000339
      776     0.99977731     0.00021917     0.00000352
      777     0.99976637     0.00022938     0.00000425
      778     0.99975425     0.00024083     0.00000493
      779     0.99975584     0.00023921     0.00000495
      780     0.99976926     0.00022588     0.00000486
      781     0.99977785     0.00021713     0.00000503
      782     0.99977269     0.00022246     0.00000484
      783     0.99976059     0.00023526     0.00000415
      784     0.99975577     0.00024059     0.00000364
      785     0.99976427     0.00023215     0.00000358
      786     0.99977640     0.00022014     0.00000345
      787     0.99977749     0.00021922     0.00000329
      788     0.99976564     0.00023072     0.00000363
      789     0.99975499     0.00024073     0.00000428
      790     0.99975869     0.00023672     0.00000460
      791     0.99977247     0.00022281     0.00000472
      792     0.99977974     0.00021524     0.00000502
      793     0.99977172     0.00022314     0.00000514
      794     0.99975785     0.00023743     0.00000472
      795     0.99975451     0.00024131     0.00000418
      796     0.99976588     0.00023021     0.00000391
      797     0.99977882     0.00021751     0.00000367
      798     0.99977784     0.00021879     0.00000337
      799     0.99976363     0.00023298     0.00000339
      800     0.99975294     0.00024327     0.00000379
      801     0.99975854     0.00023730     0.00000416
      802     0.99977331     0.00022227     0.00000442
      803     0.99977980     0.00021547     0.00000473
      804     0.99977021     0.00022484     0.00000494
      805     0.99975576     0.00023940     0.00000484
      806     0.99975341     0.00024206     0.00000452
      807     0.99976607     0.00022973     0.00000420
      808     0.99977904     0.00021708     0.00000388
      809     0.99977704     0.00021936     0.00000361
      810     0.99976223     0.00023428     0.00000349
      811     0.99975190     0.00024450     0.00000360
      812     0.99975820     0.00023793     0.00000387
      813     0.99977380     0.00022197     0.00000423
      814     0.99978056     0.00021489     0.00000455
      815     0.99977065     0.00022461     0.00000473
      816     0.99975553     0.00023967     0.00000480
      817     0.99975267     0.00024261     0.00000472
      818     0.99976539     0.00023019     0.00000442
      819     0.99977897     0.00021701     0.00000402
      820     0.99977773     0.00021851     0.00000376
      821     0.99976248     0.00023388     0.00000364
      822     0.99975043     0.00024601     0.00000356
      823     0.99975589     0.00024043     0.00000369
      824     0.99977230     0.00022359     0.00000411
      825     0.99978097     0.00021453     0.00000450
      826     0.99977232     0.00022303     0.00000466
      827     0.99975637     0.00023887     0.00000477
      828     0.99975116     0.00024397     0.00000487
      829     0.99976240     0.00023293     0.00000467
      830     0.99977708     0.00021871     0.00000421
      831     0.99977858     0.00021751     0.00000391
      832     0.99976571     0.00023048     0.00000381
      833     0.99975345     0.00024288     0.00000368
      834     0.99975530     0.00024107     0.00000363
      835     0.99976843     0.00022765     0.00000392
      836     0.99977792     0.00021775     0.00000432
      837     0.99977375     0.00022175     0.00000450
      838     0.99976119     0.00023422     0.00000459
      839     0.99975432     0.00024095     0.00000474
      840     0.99976028     0.00023501     0.00000471
      841     0.99977190     0.00022371     0.00000439
      842     0.99977615     0.00021977     0.00000408
      843     0.99976896     0.00022709     0.00000395
      844     0.99975912     0.00023703     0.00000385
      845     0.99975741     0.00023885     0.00000374
      846     0.99976469     0.00023147     0.00000384
      847     0.99977231     0.00022359     0.00000410
      848     0.99977232     0.00022337     0.00000430
      849     0.99976570     0.00022987     0.00000443
      850     0.99976020     0.00023528     0.00000452
      851     0.99976134     0.00023413     0.00000453
      852     0.99976686     0.00022871     0.00000443
      853     0.99977035     0.00022535     0.00000429
      854     0.99976874     0.00022713     0.00000413
      855     0.99976481     0.00023120     0.00000399
      856     0.99976296     0.00023308     0.00000396
      857     0.99976436     0.00023161     0.00000403
      858     0.99976664     0.00022932     0.00000404
      859     0.99976735     0.00022859     0.00000407
      860     0.99976657     0.00022918     0.00000425
      861     0.99976603     0.00022960     0.00000437
      862     0.99976611     0.00022961     0.00000428
      863     0.99976562     0.00023017     0.00000421
      864     0.99976442     0.00023125     0.00000433
      865     0.99976442     0.00023122     0.00000435
      866     0.99976665     0.00022918     0.00000416
      867     0.99976887     0.00022701     0.00000412
      868     0.99976798     0.00022770     0.00000432
      869     0.99976428     0.00023139     0.00000433
      870     0.99976170     0.00023421     0.00000409
      871     0.99976353     0.00023240     0.00000407
      872     0.99976851     0.00022721     0.00000428
      873     0.99977138     0.00022444     0.00000419
      874     0.99976817     0.00022792     0.00000391
      875     0.99976156     0.00023442     0.00000402
      876     0.99975914     0.00023652     0.00000434
      877     0.99976460     0.00023111     0.00000429
      878     0.99977218     0.00022369     0.00000413
      879     0.99977282     0.00022278     0.00000440
      880     0.99976529     0.00023002     0.00000468
      881     0.99975822     0.00023732     0.00000446
      882     0.99975945     0.00023637     0.00000417
      883     0.99976772     0.00022802     0.00000425
      884     0.99977406     0.00022167     0.00000427
      885     0.99977095     0.00022512     0.00000393
      886     0.99976116     0.00023509     0.00000375
      887     0.99975572     0.00024029     0.00000399
      888     0.99976155     0.00023427     0.00000418
      889     0.99977243     0.00022343     0.00000414
      890     0.99977555     0.00022014     0.00000430
      891     0.99976685     0.00022848     0.00000467
      892     0.99975626     0.00023896     0.00000478
      893     0.99975618     0.00023921     0.00000461
      894     0.99976696     0.00022855     0.00000449
      895     0.99977628     0.00021932     0.00000440
      896     0.99977315     0.00022272     0.00000413
      897     0.99976080     0.00023536     0.00000384
      898     0.99975360     0.00024270     0.00000370
      899     0.99976033     0.00023596     0.00000371
      900     0.99977330     0.00022287     0.00000383
      901     0.99977713     0.00021878     0.00000409
      902     0.99976643     0.00022920     0.00000437
      903     0.99975358     0.00024177     0.00000465
      904     0.99975388     0.00024117     0.00000495
      905     0.99976714     0.00022778     0.00000508
      906     0.99977761     0.00021751     0.00000488
      907     0.99977258     0.00022285     0.00000457
      908     0.99975793     0.00023769     0.00000438
      909     0.99975149     0.00024446     0.00000406
      910     0.99976117     0.00023525     0.00000358
      911     0.99977505     0.00022154     0.00000341
      912     0.99977615     0.00022021     0.00000364
      913     0.99976338     0.00023280     0.00000382
      914     0.99975245     0.00024362     0.00000394
      915     0.99975648     0.00023909     0.00000443
      916     0.99977044     0.00022452     0.00000504
      917     0.99977734     0.00021753     0.00000514
      918     0.99976870     0.00022635     0.00000495
      919     0.99975512     0.00023989     0.00000499
      920     0.99975355     0.00024153     0.00000492
      921     0.99976715     0.00022860     0.00000426
      922     0.99977954     0.00021686     0.00000360
      923     0.99977426     0.00022223     0.00000351
      924     0.99975851     0.00023802     0.00000347
      925     0.99975224     0.00024452     0.00000325
      926     0.99976272     0.00023380     0.00000347
      927     0.99977641     0.00021943     0.00000416
      928     0.99977645     0.00021899     0.00000456
      929     0.99976321     0.00023214     0.00000465
      930     0.99975335     0.00024169     0.00000497
      931     0.99975913     0.00023562     0.00000526
      932     0.99977306     0.00022195     0.00000498
      933     0.99977738     0.00021814     0.00000448
      934     0.99976683     0.00022894     0.00000423
      935     0.99975527     0.00024072     0.00000400
      936     0.99975731     0.00023907     0.00000362
      937     0.99976978     0.00022678     0.00000344
      938     0.99977665     0.00021974     0.00000361
      939     0.99976966     0.00022651     0.00000383
      940     0.99975809     0.00023786     0.00000405
      941     0.99975653     0.00023910     0.00000437
      942     0.99976732     0.00022803     0.00000465
      943     0.99977666     0.00021855     0.00000480
      944     0.99977292     0.00022224     0.00000484
      945     0.99976134     0.00023399     0.00000467
      946     0.99975666     0.00023898     0.00000436
      947     0.99976434     0.00023149     0.00000417
      948     0.99977439     0.00022155     0.00000406
      949     0.99977439     0.00022185     0.00000376
      950     0.99976462     0.00023177     0.00000361
      951     0.99975738     0.00023870     0.00000392
      952     0.99976175     0.00023410     0.00000415
      953     0.99977205     0.00022392     0.00000403
      954     0.99977505     0.00022072     0.00000423
      955     0.99976727     0.00022797     0.00000476
      956     0.99975902     0.00023627     0.00000471
      957     0.99976041     0.00023537     0.00000422
      958     0.99976896     0.00022672     0.00000432
      959     0.99977417     0.00022123     0.00000460
      960     0.99977026     0.00022564     0.00000410
      961     0.99976238     0.00023401     0.00000361
      962     0.99975976     0.00023625     0.00000399
      963     0.99976538     0.00023034     0.00000428
      964     0.99977250     0.00022368     0.00000383
      965     0.99977200     0.00022420     0.00000380
      966     0.99976458     0.00023086     0.00000456
      967     0.99975996     0.00023537     0.00000467
      968     0.99976360     0.00023237     0.00000403
      969     0.99977016     0.00022570     0.00000414
      970     0.99977184     0.00022339     0.00000476
      971     0.99976761     0.00022802     0.00000437
      972     0.99976247     0.00023393     0.00000360
      973     0.99976178     0.00023428     0.00000394
      974     0.99976648     0.00022905     0.00000446
      975     0.99977144     0.00022466     0.00000390
      976     0.99977042     0.00022606     0.00000352
      977     0.99976448     0.00023118     0.00000435
      978     0.99976140     0.00023382     0.00000479
      979     0.99976484     0.00023111     0.00000406
      980     0.99976958     0.00022650     0.00000392
      981     0.99976996     0.00022530     0.00000474
      982     0.99976717     0.00022814     0.00000469
      983     0.99976488     0.00023134     0.00000378
      984     0.99976469     0.00023150     0.00000381
      985     0.99976640     0.00022908     0.00000452
      986     0.99976858     0.00022722     0.00000421
      987     0.99976882     0.00022768     0.00000349
      988     0.99976672     0.00022930     0.00000399
      989     0.99976526     0.00023002     0.00000473
      990     0.99976622     0.00022951     0.00000427
      991     0.99976730     0.00022895     0.00000376
      992     0.99976672     0.00022886     0.00000442
      993     0.99976654     0.00022859     0.00000487
      994     0.99976803     0.00022783     0.00000414
      995     0.99976855     0.00022772     0.00000373
      996     0.99976628     0.00022929     0.00000443
      997     0.99976402     0.00023133     0.00000465
      998     0.99976502     0.00023108     0.00000390
      999     0.99976836     0.00022788     0.00000376
     1000     0.99977051     0.00022498     0.00000450
