#    Step        Prob(0)        Prob(1)        Prob(2)        
        0    -0.00000000    -0.00000000     0.00000000
        1     0.00000002     0.00000000     0.00000000
        2     0.00000005     0.00000001     0.00000000
        3     0.00000000     0.00000016     0.00000000
        4     0.00000000     0.00000060     0.00000000
        5     0.00000008     0.00000141     0.00000000
        6     0.00000009     0.00000263     0.00000000
        7     0.00000000     0.00000417     0.00000000
        8     0.00000000     0.00000594     0.00000000
        9     0.00000014     0.00000785     0.00000000
       10     0.00000014     0.00000992     0.00000000
       11     0.00000000     0.00001236     0.00000000
       12     0.00000000     0.00001571     0.00000000
       13     0.00000019     0.00002092     0.00000000
       14     0.00000020     0.00002957     0.00000000
       15     0.00000000     0.00004414     0.00000000
       16     0.00000000     0.00006847     0.00000000
       17     0.00000020     0.00010878     0.00000000
       18     0.00000029     0.00017569     0.00000000
       19     0.00000002     0.00028824     0.00000000
       20     0.00000000     0.00048278     0.00000000
       21     0.00000000     0.00023760     0.00000000
       22     0.00000000     0.00019674     0.00000000
       23     0.00000041     0.00013806     0.00000000
       24     0.00000085     0.00008183     0.00000000
       25     0.00000000     0.00006594     0.00000000
       26     0.00000000     0.00015751     0.00000000
       27     0.00000000     0.00047827     0.00000000
       28     0.00000102     0.00126230     0.00000000
       29     0.00000067     0.00299333     0.00000000
       30     0.00000000     0.00675877     0.00000000
       31     0.00000000     0.01523612     0.00000000
       32     0.00000039     0.03563332     0.00000000
       33     0.00000127     0.08851441     0.00000000
       34     0.00000000     0.22630544     0.00000000
       35     0.00000000     0.48152244     0.00000000
       36     0.00000000     0.43165309     0.00000000
       37     0.00000042     0.00000000     0.12103387
       38     0.00000098     0.00000000     0.19377519
       39     0.00000093     0.00000000     0.15541933
       40     0.00000052     0.00000000     0.11870230
       41     0.00000010     0.00000000     0.02851122
       42     0.00000011     0.00000000     0.02459146
       43     0.00000002     0.00000000     0.02016874
       44     0.00000000     0.00000000     0.01554565
       45     0.00000000     0.00000000     0.01101131
       46     0.00000000     0.00000000     0.00687117
       47     0.00000000     0.00000000     0.00343742
       48     0.00000003     0.00000000     0.00097747
       49     0.00000000     0.00000000     0.00000000
       50     0.00000000     0.00000000     0.00000000
       51     0.00000000     0.00000000     0.00020498
       52     0.00000000     0.00000000     0.00162106
       53     0.00000000     0.00000000     0.00339549
       54     0.00000002     0.00000000     0.00528824
       55     0.00000004     0.00000000     0.00716113
       56     0.00000000     0.00000000     0.00894857
       57     0.00000000     0.00000000     0.01062559
       58     0.00000000     0.00000000     0.01218473
       59     0.00000000     0.00000000     0.01360568
       60     0.00000002     0.00000000     0.01485295
       61     0.00000005     0.00000000     0.01669002
       62     0.00000005     0.00000000     0.01750978
       63     0.00000001     0.00000000     0.01792258
       64     0.00000000     0.00000000     0.01778078
       65     0.00000000     0.00000000     0.01687783
       66     0.00000000     0.00000000     0.01492153
       67     0.00000003     0.00000000     0.01154257
       68     0.00000006     0.00000000     0.00634330
       69     0.00000005     0.00000000     0.00000000
       70     0.00000001     0.00000000     0.00000000
       71     0.00000000     0.00000000     0.00000000
       72     0.00000000     0.00000000     0.00000000
       73     0.00000000     0.00000000     0.00000000
       74     0.00000002     0.00000000     0.00382066
       75     0.00000007     0.00000000     0.01235585
       76     0.00000008     0.00000000     0.00263696
       77     0.00000004     0.00000000     0.00000000
       78     0.00000000     0.00000000     0.00000000
       79     0.00000000     0.00000000     0.00000000
       80     0.00000000     0.00000000     0.00000000
       81     0.00000000     0.00000000     0.00000000
       82     0.00000003     0.00000000     0.00000000
       83     0.00000006     0.00000000     0.00000000
       84     0.00000004     0.00000000     0.00000000
       85     0.00000000     0.00000000     0.00000000
       86     0.00000000     0.00000000     0.00000000
       87     0.00000000     0.00000000     0.00000000
       88     0.00000000     0.00000000     0.00029008
       89     0.00000005     0.00000000     0.00220086
       90     0.00000008     0.00000000     0.00330667
       91     0.00000005     0.00000000     0.00371172
       92     0.00000000     0.00000000     0.00356146
       93     0.00000000     0.00000000     0.00302716
       94     0.00000000     0.00000000     0.00228165
       95     0.00000000     0.00000000     0.00147495
       96     0.00000004     0.00000000     0.00072008
       97     0.00000007     0.00000000     0.00008952
       98     0.00000001     0.00000000     0.00006986
       99     0.00000001     0.00000000     0.00011376
      100     0.00000000     0.00000000     0.00013111
      101     0.00000000     0.00000000     0.00007738
      102     0.00000000     0.00000000     0.00005342
      103     0.00000000     0.00000000     0.00002459
      104     0.00000000     0.00000000     0.00000000
      105     0.00000001     0.00000000     0.00000000
      106     0.00000001     0.00000000     0.00000000
      107     0.00000000     0.00000000     0.00000000
      108     0.00000000     0.00000000     0.00000000
      109     0.00000000     0.00000000     0.00000000
      110     0.00000000     0.00000000     0.00000000
      111     0.00000000     0.00000000     0.00000000
      112     0.00000000     0.00000000     0.00000000
      113     0.00000000     0.00000000     0.00000730
      114     0.00000000     0.00000000     0.00001131
      115     0.00000000     0.00000000     0.00001091
      116     0.00000000     0.00000000     0.00000754
      117     0.00000000     0.00000000     0.00000322
      118     0.00000000     0.00000000     0.00000001
      119     0.00000000     0.00000000     0.00000000
      120     0.00000000     0.00000000     0.00000194
      121     0.00000000     0.00000000     0.00000584
      122     0.00000001     0.00000000     0.00001164
      123     0.00000001     0.00000000     0.00001656
      124     0.00000000     0.00000000     0.00001837
      125     0.00000000     0.00000000     0.00001548
      126     0.00000000     0.00000000     0.00000745
      127     0.00000000     0.00000000     0.00000000
      128     0.00000002     0.00000000     0.00000000
      129     0.00000003     0.00000000     0.00000000
      130     0.00000002     0.00000000     0.00000000
      131     0.00000000     0.00000000     0.00000000
      132     0.00000000     0.00000000     0.00000000
      133     0.00000000     0.00000000     0.00000000
      134     0.00000002     0.00000000     0.00001193
      135     0.00000005     0.00000000     0.00003298
      136     0.00000005     0.00000000     0.00004881
      137     0.00000000     0.00000000     0.00005522
      138     0.00000000     0.00000000     0.00004987
      139     0.00000000     0.00000000     0.00003302
      140     0.00000000     0.00000000     0.00000768
      141     0.00000017     0.00000000     0.00000000
      142     0.00000029     0.00000000     0.00000000
      143     0.00000016     0.00000000     0.00000000
      144     0.00000000     0.00000000     0.00000000
      145     0.00000000     0.00000000     0.00000000
      146     0.00000000     0.00000000     0.00000000
      147     0.00000011     0.00000000     0.00000725
      148     0.00000035     0.00000000     0.00004531
      149     0.00000032     0.00000000     0.00007325
      150     0.00000002     0.00000000     0.00008439
      151     0.00000000     0.00000000     0.00007586
      152     0.00000000     0.00000000     0.00004929
      153     0.00000000     0.00000000     0.00001061
      154     0.00000032     0.00000000     0.00000000
      155     0.00000045     0.00000000     0.00000000
      156     0.00000022     0.00000000     0.00000000
      157     0.00000000     0.00000000     0.00000000
      158     0.00000000     0.00000000     0.00000000
      159     0.00000000     0.00000000     0.00000000
      160     0.00000017     0.00000000     0.00002282
      161     0.00000051     0.00000000     0.00006649
      162     0.00000047     0.00000000     0.00009586
      163     0.00000007     0.00000000     0.00010295
      164     0.00000000     0.00000000     0.00008481
      165     0.00000000     0.00000000     0.00004461
      166     0.00000000     0.00000000     0.00000000
      167     0.00000036     0.00000000     0.00000000
      168     0.00000062     0.00000000     0.00000000
      169     0.00000043     0.00000000     0.00000000
      170     0.00000000     0.00000000     0.00000000
      171     0.00000000     0.00000000     0.00000000
      172     0.00000000     0.00000000     0.00000777
      173     0.00000000     0.00000000     0.00007641
      174     0.00000048     0.00000000     0.00013211
      175     0.00000069     0.00000000     0.00015961
      176     0.00000042     0.00000000     0.00014989
      177     0.00000000     0.00000000     0.00010301
      178     0.00000000     0.00000000     0.00002867
      179     0.00000000     0.00000000     0.00000000
      180     0.00000000     0.00000000     0.00000000
      181     0.00000002     0.00000000     0.00000000
      182     0.00000000     0.00000000     0.00000000
      183     0.00000000     0.00000000     0.00000000
      184     0.00000000     0.00000000     0.00000000
      185     0.00000021     0.00000000     0.00001594
      186     0.00000041     0.00000000     0.00010900
      187     0.00000036     0.00000000     0.00018696
      188     0.00000009     0.00000000     0.00022880
      189     0.00000000     0.00000000     0.00022117
      190     0.00000000     0.00000000     0.00016237
      191     0.00000000     0.00000000     0.00006349
      192     0.00000010     0.00000000     0.00000000
      193     0.00000039     0.00000000     0.00000000
      194     0.00000045     0.00000000     0.00000000
      195     0.00000024     0.00000000     0.00000000
      196     0.00000000     0.00000000     0.00000000
      197     0.00000000     0.00000000     0.00000000
      198     0.00000000     0.00000000     0.00002915
      199     0.00000000     0.00000000     0.00016550
      200     0.00000027     0.00000000     0.00027405
      201     0.00000015     0.00000000     0.00024268
      202     0.00000000     0.00000000     0.00020688
      203     0.00000000     0.00000000     0.00012664
      204     0.00000000     0.00000000     0.00001826
      205     0.00000000     0.00000000     0.00000000
      206     0.00000033     0.00000000     0.00000000
      207     0.00000053     0.00000000     0.00000000
      208     0.00000042     0.00000000     0.00000000
      209     0.00000007     0.00000000     0.00000000
      210     0.00000000     0.00000000     0.00000000
      211     0.00000000     0.00000000     0.00001801
      212     0.00000000     0.00000000     0.00012907
      213     0.00000002     0.00000000     0.00021247
      214     0.00000042     0.00000000     0.00025058
      215     0.00000058     0.00000000     0.00023580
      216     0.00000042     0.00000000     0.00017203
      217     0.00000001     0.00000000     0.00007361
      218     0.00000000     0.00000000     0.00000000
      219     0.00000000     0.00000000     0.00000000
      220     0.00000000     0.00000000     0.00000000
      221     0.00000000     0.00000000     0.00000000
      222     0.00000000     0.00000000     0.00000000
      223     0.00000000     0.00000000     0.00000000
      224     0.00000006     0.00000000     0.00000000
      225     0.00000038     0.00000000     0.00000000
      226     0.00000053     0.00000000     0.00004297
      227     0.00000041     0.00000000     0.00009722
      228     0.00000009     0.00000000     0.00012509
      229     0.00000000     0.00000000     0.00012316
      230     0.00000000     0.00000000     0.00009493
      231     0.00000000     0.00000000     0.00004941
      232     0.00000000     0.00000000     0.00000000
      233     0.00000030     0.00000000     0.00000000
      234     0.00000055     0.00000000     0.00000000
      235     0.00000055     0.00000000     0.00000000
      236     0.00000029     0.00000000     0.00000000
      237     0.00000000     0.00000000     0.00000000
      238     0.00000000     0.00000000     0.00000000
      239     0.00000000     0.00000000     0.00000040
      240     0.00000000     0.00000000     0.00001476
      241     0.00000000     0.00000000     0.00001223
      242     0.00000000     0.00000000     0.00000745
      243     0.00000000     0.00000000     0.00000065
      244     0.00000000     0.00000000     0.00000000
      245     0.00000020     0.00000000     0.00000000
      246     0.00000046     0.00000000     0.00000737
      247     0.00000054     0.00000000     0.00002040
      248     0.00000041     0.00000000     0.00003266
      249     0.00000013     0.00000000     0.00003840
      250     0.00000000     0.00000000     0.00003322
      251     0.00000000     0.00000000     0.00001602
      252     0.00000000     0.00000000     0.00000000
      253     0.00000000     0.00000000     0.00000000
      254     0.00000029     0.00000000     0.00000000
      255     0.00000060     0.00000000     0.00000000
      256     0.00000072     0.00000000     0.00000000
      257     0.00000062     0.00000000     0.00000000
      258     0.00000033     0.00000000     0.00001834
      259     0.00000000     0.00000000     0.00005685
      260     0.00000000     0.00000000     0.00008117
      261     0.00000000     0.00000000     0.00005491
      262     0.00000000     0.00000000     0.00003745
      263     0.00000000     0.00000000     0.00000653
      264     0.00000000     0.00000000     0.00000000
      265     0.00000024     0.00000000     0.00000000
      266     0.00000111     0.00000000     0.00000000
      267     0.00000170     0.00000000     0.00000000
      268     0.00000178     0.00000000     0.00000000
      269     0.00000130     0.00000000     0.00001283
      270     0.00000044     0.00000000     0.00005041
      271     0.00000000     0.00000000     0.00007170
      272     0.00000000     0.00000000     0.00006874
      273     0.00000000     0.00000000     0.00004194
      274     0.00000000     0.00000000     0.00000040
      275     0.00000010     0.00000000     0.00000000
      276     0.00000136     0.00000000     0.00000000
      277     0.00000251     0.00000000     0.00000000
      278     0.00000320     0.00000000     0.00000000
      279     0.00000324     0.00000000     0.00000000
      280     0.00000263     0.00000000     0.00003372
      281     0.00000030     0.00000000     0.00003931
      282     0.00000000     0.00000000     0.00003921
      283     0.00000000     0.00000000     0.00002385
      284     0.00000000     0.00000000     0.00000000
      285     0.00000000     0.00000000     0.00000000
      286     0.00000000     0.00000000     0.00000000
      287     0.00000175     0.00000000     0.00000000
      288     0.00000494     0.00000000     0.00000000
      289     0.00000756     0.00000000     0.00000344
      290     0.00000897     0.00000000     0.00001979
      291     0.00000881     0.00000000     0.00002583
      292     0.00000706     0.00000000     0.00002022
      293     0.00000413     0.00000000     0.00000697
      294     0.00000068     0.00000000     0.00000000
      295     0.00000000     0.00000000     0.00000000
      296     0.00000000     0.00000000     0.00000000
      297     0.00000000     0.00000000     0.00000000
      298     0.00000000     0.00000000     0.00000000
      299     0.00000160     0.00000000     0.00000509
      300     0.00000743     0.00000000     0.00000570
      301     0.00000712     0.00000000     0.00000173
      302     0.00000619     0.00000000     0.00000000
      303     0.00000507     0.00000000     0.00000105
      304     0.00000410     0.00000000     0.00000457
      305     0.00000365     0.00000000     0.00000719
      306     0.00000408     0.00000000     0.00000540
      307     0.00000563     0.00000000     0.00000000
      308     0.00000848     0.00000000     0.00000000
      309     0.00001266     0.00000000     0.00000000
      310     0.00001805     0.00000000     0.00000000
      311     0.00002446     0.00000000     0.00000000
      312     0.00003167     0.00000000     0.00001448
      313     0.00003953     0.00000000     0.00002408
      314     0.00004801     0.00000000     0.00002107
      315     0.00005723     0.00000000     0.00000528
      316     0.00006747     0.00000000     0.00000000
      317     0.00007926     0.00000000     0.00000000
      318     0.00009338     0.00000000     0.00000000
      319     0.00011094     0.00000000     0.00000000
      320     0.00013348     0.00000000     0.00001608
      321     0.00008250     0.00000000     0.00002115
      322     0.00006202     0.00000000     0.00002089
      323     0.00004142     0.00000000     0.00000740
      324     0.00002426     0.00000000     0.00000000
      325     0.00001460     0.00000000     0.00000000
      326     0.00001692     0.00000000     0.00000000
      327     0.00003630     0.00000000     0.00000000
      328     0.00007878     0.00000000     0.00001581
      329     0.00015211     0.00000000     0.00003177
      330     0.00026700     0.00000000     0.00002875
      331     0.00043878     0.00000000     0.00000768
      332     0.00069068     0.00000000     0.00000000
      333     0.00105942     0.00000000     0.00000000
      334     0.00160558     0.00000000     0.00000000
      335     0.00243402     0.00000000     0.00000000
      336     0.00373482     0.00000000     0.00002331
      337     0.00586876     0.00000000     0.00003546
      338     0.00954074     0.00000000     0.00002558
      339     0.00000000     0.00000000     0.00000000
      340     0.00000000     0.00000000     0.00000000
      341     0.00000000     0.00000000     0.00000000
      342     0.00000000     0.00000000     0.00000000
      343     0.00000000     0.00000000     0.00003486
      344     0.00000000     0.00000000     0.00004556
      345     0.00000000     0.00000000     0.00001678
      346     0.00000000     0.00000000     0.00000000
      347     0.00000000     0.00000000     0.00000000
      348     0.00000000     0.00000000     0.00000000
      349     0.00000000     0.00000000     0.00000578
      350     0.00000000     0.00000000     0.00003245
      351     0.00000000     0.00000000     0.00002593
      352     0.00000000     0.00118484     0.00000000
      353     0.00000000     0.00297427     0.00000000
      354     0.00000000     0.00393497     0.00000000
      355     0.00000000     0.00438703     0.00000000
      356     0.00000000     0.00447623     0.00002937
      357     0.00000000     0.00428749     0.00003649
      358     0.00000000     0.00388694     0.00000717
      359     0.00000000     0.00333688     0.00000000
      360     0.00000000     0.00269848     0.00000000
      361     0.00000000     0.00100535     0.00000000
      362     0.00000000     0.00005522     0.00000106
      363     0.00000000     0.00011082     0.00000122
      364     0.00000000     0.00016031     0.00000014
      365     0.00000000     0.00019696     0.00000000
      366     0.00000000     0.00021465     0.00000000
      367     0.00000000     0.00020880     0.00000025
      368     0.00000000     0.00017728     0.00000176
      369     0.00000000     0.00012125     0.00000165
      370     0.00000000     0.00004565     0.00000000
      371     0.00000000     0.00000000     0.00000000
      372     0.00000000     0.00000000     0.00000000
      373     0.00000000     0.00000000     0.00000101
      374     0.00000000     0.00000000     0.00000245
      375     0.00000000     0.00000000     0.00000132
      376     0.00000000     0.00000000     0.00000000
      377     0.00000000     0.00000000     0.00000000
      378     0.00000000     0.00000000     0.00000000
      379     0.00000000     0.00006385     0.00000214
      380     0.00000000     0.00015629     0.00000238
      381     0.00000000     0.00008352     0.00000000
      382     0.00000000     0.00007551     0.00000000
      383     0.00000000     0.00004701     0.00000000
      384     0.00000000     0.00000312     0.00000235
      385     0.00000000     0.00000000     0.00000313
      386     0.00000000     0.00000000     0.00000000
      387     0.00000000     0.00000000     0.00000000
      388     0.00000000     0.00000000     0.00000000
      389     0.00000000     0.00000000     0.00000201
      390     0.00000000     0.00000693     0.00000407
      391     0.00000000     0.00006846     0.00000080
      392     0.00000000     0.00011106     0.00000000
      393     0.00000000     0.00011818     0.00000000
      394     0.00000000     0.00008412     0.00000182
      395     0.00000000     0.00001791     0.00000475
      396     0.00000000     0.00000000     0.00000123
      397     0.00000000     0.00000000     0.00000000
      398     0.00000000     0.00000000     0.00000000
      399     0.00000000     0.00000000     0.00000209
      400     0.00000000     0.00000000     0.00000494
      401     0.00000000     0.00002826     0.00000000
      402     0.00000000     0.00004741     0.00000000
      403     0.00000000     0.00004618     0.00000000
      404     0.00000000     0.00002254     0.00000271
      405     0.00000000     0.00000000     0.00000293
      406     0.00000000     0.00000000     0.00000000
      407     0.00000000     0.00000000     0.00000000
      408     0.00000000     0.00000000     0.00000000
      409     0.00000000     0.00000115     0.00000382
      410     0.00000000     0.00004451     0.00000228
      411     0.00000000     0.00006641     0.00000000
      412     0.00000000     0.00005265     0.00000000
      413     0.00000000     0.00000825     0.00000143
      414     0.00000000     0.00000000     0.00000430
      415     0.00000000     0.00000000     0.00000024
      416     0.00000000     0.00000000     0.00000000
      417     0.00000000     0.00000000     0.00000000
      418     0.00000000     0.00004947     0.00000367
      419     0.00000000     0.00007555     0.00000306
      420     0.00000000     0.00005215     0.00000000
      421     0.00000000     0.00000000     0.00000000
      422     0.00000000     0.00000000     0.00000039
      423     0.00000000     0.00000000     0.00000232
      424     0.00000000     0.00000000     0.00000027
      425     0.00000000     0.00002090     0.00000000
      426     0.00000000     0.00004860     0.00000000
      427     0.00000000     0.00004187     0.00000218
      428     0.00000000     0.00000300     0.00000138
      429     0.00000000     0.00000000     0.00000000
      430     0.00000000     0.00000000     0.00000000
      431     0.00000000     0.00000000     0.00000158
      432     0.00000000     0.00002434     0.00000224
      433     0.00000000     0.00005787     0.00000000
      434     0.00000000     0.00004539     0.00000000
      435     0.00000000     0.00000000     0.00000061
      436     0.00000000     0.00000000     0.00000226
      437     0.00000000     0.00000000     0.00000000
      438     0.00000000     0.00000000     0.00000000
      439     0.00000000     0.00004605     0.00000025
      440     0.00000000     0.00006321     0.00000214
      441     0.00000000     0.00001086     0.00000000
      442     0.00000000     0.00000000     0.00000000
      443     0.00000000     0.00000000     0.00000001
      444     0.00000000     0.00000000     0.00000120
      445     0.00000000     0.00002106     0.00000008
      446     0.00000000     0.00004068     0.00000000
      447     0.00000000     0.00002169     0.00000000
      448     0.00000000     0.00000000     0.00000102
      449     0.00000000     0.00000000     0.00000004
      450     0.00000000     0.00000000     0.00000000
      451     0.00000000     0.00001952     0.00000003
      452     0.00000000     0.00004516     0.00000097
      453     0.00000000     0.00002539     0.00000000
      454     0.00000000     0.00000000     0.00000000
      455     0.00000000     0.00000000     0.00000003
      456     0.00000000     0.00000000     0.00000081
      457     0.00000000     0.00002468     0.00000000
      458     0.00000000     0.00004807     0.00000000
      459     0.00000000     0.00001996     0.00000007
      460     0.00000000     0.00000000     0.00000041
      461     0.00000000     0.00000000     0.00000000
      462     0.00000000     0.00000000     0.00000000
      463     0.00000000     0.00002247     0.00000012
      464     0.00000000     0.00002946     0.00000016
      465     0.00000000     0.00000332     0.00000000
      466     0.00000000     0.00000000     0.00000000
      467     0.00000000     0.00000000     0.00000010
      468     0.00000000     0.00000385     0.00000007
      469     0.00000000     0.00003155     0.00000000
      470     0.00000000     0.00002326     0.00000000
      471     0.00000000     0.00000000     0.00000001
      472     0.00000000     0.00000000     0.00000000
      473     0.00000000     0.00000000     0.00000004
      474     0.00000000     0.00002142     0.00000000
      475     0.00000000     0.00003367     0.00000000
      476     0.00000000     0.00000590     0.00000005
      477     0.00000000     0.00000000     0.00000019
      478     0.00000000     0.00000000     0.00000000
      479     0.00000000     0.00000565     0.00000000
      480     0.00000000     0.00003411     0.00000018
      481     0.00000000     0.00001528     0.00000021
      482     0.00000000     0.00000000     0.00000000
      483     0.00000000     0.00000000     0.00000000
      484     0.00000000     0.00000000     0.00000031
      485     0.00000000     0.00002105     0.00000010
      486     0.00000000     0.00002289     0.00000000
      487     0.00000000     0.00000000     0.00000003
      488     0.00000000     0.00000000     0.00000042
      489     0.00000000     0.00000000     0.00000000
      490     0.00000000     0.00001382     0.00000000
      491     0.00000000     0.00002647     0.00000025
      492     0.00000000     0.00000606     0.00000026
      493     0.00000000     0.00000000     0.00000000
      494     0.00000000     0.00000000     0.00000000
      495     0.00000000     0.00000517     0.00000037
      496     0.00000000     0.00002632     0.00000006
      497     0.00000000     0.00001442     0.00000000
      498     0.00000000     0.00000000     0.00000003
      499     0.00000000     0.00000000     0.00000031
      500     0.00000000     0.00000000     0.00000000
      501     0.00000000     0.00002089     0.00000000
      502     0.00000000     0.00001866     0.00000016
      503     0.00000000     0.00000000     0.00000014
      504     0.00000000     0.00000000     0.00000000
      505     0.00000000     0.00000000     0.00000000
      506     0.00000000     0.00001580     0.00000022
      507     0.00000000     0.00002211     0.00000001
      508     0.00000000     0.00000070     0.00000000
      509     0.00000000     0.00000000     0.00000003
      510     0.00000000     0.00000000     0.00000017
      511     0.00000000     0.00000889     0.00000000
      512     0.00000000     0.00002307     0.00000000
      513     0.00000000     0.00000838     0.00000009
      514     0.00000000     0.00000000     0.00000007
      515     0.00000000     0.00000000     0.00000000
      516     0.00000000     0.00000087     0.00000000
      517     0.00000000     0.00002098     0.00000010
      518     0.00000000     0.00001495     0.00000000
      519     0.00000000     0.00000000     0.00000000
      520     0.00000000     0.00000000     0.00000001
      521     0.00000000     0.00000000     0.00000007
      522     0.00000000     0.00001799     0.00000000
      523     0.00000000     0.00002208     0.00000000
      524     0.00000000     0.00000000     0.00000002
      525     0.00000000     0.00000000     0.00000001
      526     0.00000000     0.00000000     0.00000000
      527     0.00000000     0.00000884     0.00000000
      528     0.00000000     0.00002308     0.00000000
      529     0.00000000     0.00000949     0.00000000
      530     0.00000000     0.00000000     0.00000005
      531     0.00000000     0.00000000     0.00000000
      532     0.00000000     0.00000000     0.00000000
      533     0.00000000     0.00001863     0.00000001
      534     0.00000000     0.00001716     0.00000009
      535     0.00000000     0.00000000     0.00000000
      536     0.00000000     0.00000000     0.00000000
      537     0.00000000     0.00000000     0.00000005
      538     0.00000000     0.00000927     0.00000008
      539     0.00000000     0.00001918     0.00000000
      540     0.00000000     0.00000684     0.00000000
      541     0.00000000     0.00000000     0.00000017
      542     0.00000000     0.00000000     0.00000011
      543     0.00000000     0.00000000     0.00000000
      544     0.00000000     0.00002127     0.00000000
      545     0.00000000     0.00002108     0.00000025
      546     0.00000000     0.00000000     0.00000009
      547     0.00000000     0.00000000     0.00000000
      548     0.00000000     0.00000000     0.00000000
      549     0.00000000     0.00000668     0.00000027
      550     0.00000000     0.00002190     0.00000000
      551     0.00000000     0.00001272     0.00000000
      552     0.00000000     0.00000000     0.00000005
      553     0.00000000     0.00000000     0.00000029
      554     0.00000000     0.00000000     0.00000000
      555     0.00000000     0.00001094     0.00000000
      556     0.00000000     0.00001803     0.00000009
      557     0.00000000     0.00000589     0.00000027
      558     0.00000000     0.00000000     0.00000000
      559     0.00000000     0.00000000     0.00000000
      560     0.00000000     0.00000000     0.00000010
      561     0.00000000     0.00002166     0.00000040
      562     0.00000000     0.00002678     0.00000000
      563     0.00000000     0.00000423     0.00000000
      564     0.00000000     0.00000000     0.00000028
      565     0.00000000     0.00000000     0.00000038
      566     0.00000000     0.00000000     0.00000000
      567     0.00000000     0.00001988     0.00000000
      568     0.00000000     0.00002118     0.00000028
      569     0.00000000     0.00000173     0.00000038
      570     0.00000000     0.00000000     0.00000000
      571     0.00000000     0.00000000     0.00000000
      572     0.00000000     0.00000000     0.00000021
      573     0.00000000     0.00001507     0.00000029
      574     0.00000000     0.00001575     0.00000000
      575     0.00000000     0.00000169     0.00000000
      576     0.00000000     0.00000000     0.00000016
      577     0.00000000     0.00000000     0.00000021
      578     0.00000000     0.00000000     0.00000000
      579     0.00000000     0.00000879     0.00000000
      580     0.00000000     0.00000964     0.00000007
      581     0.00000000     0.00000467     0.00000026
      582     0.00000000     0.00000000     0.00000000
      583     0.00000000     0.00000000     0.00000000
      584     0.00000000     0.00000000     0.00000006
      585     0.00000000     0.00001018     0.00000011
      586     0.00000000     0.00001439     0.00000000
      587     0.00000000     0.00000539     0.00000000
      588     0.00000000     0.00000000     0.00000000
      589     0.00000000     0.00000000     0.00000000
      590     0.00000000     0.00000000     0.00000001
      591     0.00000000     0.00000333     0.00000013
      592     0.00000000     0.00000617     0.00000000
      593     0.00000000     0.00000303     0.00000000
      594     0.00000000     0.00000000     0.00000000
      595     0.00000000     0.00000000     0.00000031
      596     0.00000000     0.00000000     0.00000005
      597     0.00000000     0.00000000     0.00000000
      598     0.00000000     0.00000000     0.00000000
      599     0.00000000     0.00000000     0.00000045
      600     0.00000000     0.00000000     0.00000020
      601     0.00000000     0.00000855     0.00000000
      602     0.00000000     0.00001088     0.00000000
      603     0.00000000     0.00000231     0.00000069
      604     0.00000000     0.00000000     0.00000042
      605     0.00000000     0.00000000     0.00000000
      606     0.00000000     0.00000000     0.00000000
      607     0.00000000     0.00001210     0.00000081
      608     0.00000000     0.00002064     0.00000066
      609     0.00000000     0.00001004     0.00000000
      610     0.00000000     0.00000000     0.00000000
      611     0.00000000     0.00000000     0.00000065
      612     0.00000000     0.00000000     0.00000087
      613     0.00000000     0.00001082     0.00000000
      614     0.00000000     0.00002832     0.00000000
      615     0.00000000     0.00001965     0.00000048
      616     0.00000000     0.00000000     0.00000072
      617     0.00000000     0.00000000     0.00000000
      618     0.00000000     0.00000000     0.00000000
      619     0.00000000     0.00000721     0.00000058
      620     0.00000000     0.00003295     0.00000083
      621     0.00000000     0.00002421     0.00000000
      622     0.00000000     0.00000000     0.00000000
      623     0.00000000     0.00000000     0.00000031
      624     0.00000000     0.00000000     0.00000066
      625     0.00000000     0.00000407     0.00000000
      626     0.00000000     0.00003264     0.00000000
      627     0.00000000     0.00002931     0.00000026
      628     0.00000000     0.00000000     0.00000038
      629     0.00000000     0.00000000     0.00000000
      630     0.00000000     0.00000000     0.00000000
      631     0.00000000     0.00000502     0.00000030
      632     0.00000000     0.00003594     0.00000030
      633     0.00000000     0.00003033     0.00000000
      634     0.00000000     0.00000000     0.00000000
      635     0.00000000     0.00000000     0.00000014
      636     0.00000000     0.00000000     0.00000011
      637     0.00000000     0.00001052     0.00000000
      638     0.00000000     0.00003970     0.00000000
      639     0.00000000     0.00002651     0.00000000
      640     0.00000000     0.00000000     0.00000000
      641     0.00000000     0.00000000     0.00000007
      642     0.00000000     0.00000000     0.00000001
      643     0.00000000     0.00001526     0.00000000
      644     0.00000000     0.00003091     0.00000000
      645     0.00000000     0.00001264     0.00000021
      646     0.00000000     0.00000000     0.00000000
      647     0.00000000     0.00000000     0.00000000
      648     0.00000000     0.00000000     0.00000004
      649     0.00000000     0.00002467     0.00000024
      650     0.00000000     0.00002883     0.00000000
      651     0.00000000     0.00000025     0.00000000
      652     0.00000000     0.00000000     0.00000025
      653     0.00000000     0.00000000     0.00000022
      654     0.00000000     0.00000738     0.00000000
      655     0.00000000     0.00003114     0.00000000
      656     0.00000000     0.00001903     0.00000045
      657     0.00000000     0.00000000     0.00000020
      658     0.00000000     0.00000000     0.00000000
      659     0.00000000     0.00000000     0.00000000
      660     0.00000000     0.00002232     0.00000043
      661     0.00000000     0.00002127     0.00000000
      662     0.00000000     0.00000108     0.00000000
      663     0.00000000     0.00000000     0.00000017
      664     0.00000000     0.00000000     0.00000026
      665     0.00000000     0.00000596     0.00000000
      666     0.00000000     0.00002220     0.00000000
      667     0.00000000     0.00001198     0.00000032
      668     0.00000000     0.00000000     0.00000020
      669     0.00000000     0.00000000     0.00000000
      670     0.00000000     0.00000000     0.00000000
      671     0.00000000     0.00001753     0.00000029
      672     0.00000000     0.00001894     0.00000001
      673     0.00000000     0.00000000     0.00000000
      674     0.00000000     0.00000000     0.00000011
      675     0.00000000     0.00000000     0.00000023
      676     0.00000000     0.00000943     0.00000000
      677     0.00000000     0.00002074     0.00000000
      678     0.00000000     0.00000694     0.00000023
      679     0.00000000     0.00000000     0.00000015
      680     0.00000000     0.00000000     0.00000000
      681     0.00000000     0.00000017     0.00000000
      682     0.00000000     0.00001497     0.00000015
      683     0.00000000     0.00001137     0.00000002
      684     0.00000000     0.00000000     0.00000000
      685     0.00000000     0.00000000     0.00000002
      686     0.00000000     0.00000000     0.00000009
      687     0.00000000     0.00001008     0.00000000
      688     0.00000000     0.00001370     0.00000000
      689     0.00000000     0.00000080     0.00000004
      690     0.00000000     0.00000000     0.00000003
      691     0.00000000     0.00000000     0.00000000
      692     0.00000000     0.00000402     0.00000000
      693     0.00000000     0.00001294     0.00000000
      694     0.00000000     0.00000604     0.00000000
      695     0.00000000     0.00000000     0.00000004
      696     0.00000000     0.00000000     0.00000000
      697     0.00000000     0.00000000     0.00000000
      698     0.00000000     0.00000975     0.00000002
      699     0.00000000     0.00000884     0.00000008
      700     0.00000000     0.00000000     0.00000000
      701     0.00000000     0.00000000     0.00000000
      702     0.00000000     0.00000000     0.00000009
      703     0.00000000     0.00000555     0.00000010
      704     0.00000000     0.00000950     0.00000000
      705     0.00000000     0.00000207     0.00000000
      706     0.00000000     0.00000000     0.00000015
      707     0.00000000     0.00000000     0.00000007
      708     0.00000000     0.00000103     0.00000000
      709     0.00000000     0.00000749     0.00000000
      710     0.00000000     0.00000471     0.00000020
      711     0.00000000     0.00000000     0.00000000
      712     0.00000000     0.00000000     0.00000000
      713     0.00000000     0.00000000     0.00000006
      714     0.00000000     0.00000429     0.00000022
      715     0.00000000     0.00000505     0.00000000
      716     0.00000000     0.00000002     0.00000000
      717     0.00000000     0.00000000     0.00000013
      718     0.00000000     0.00000000     0.00000019
      719     0.00000000     0.00000129     0.00000000
      720     0.00000000     0.00000356     0.00000000
      721     0.00000000     0.00000198     0.00000025
      722     0.00000000     0.00000000     0.00000018
      723     0.00000000     0.00000000     0.00000000
      724     0.00000000     0.00000000     0.00000000
      725     0.00000000     0.00000224     0.00000033
      726     0.00000000     0.00000190     0.00000009
      727     0.00000000     0.00000000     0.00000000
      728     0.00000000     0.00000000     0.00000000
      729     0.00000000     0.00000000     0.00000035
      730     0.00000000     0.00000036     0.00000001
      731     0.00000000     0.00000037     0.00000000
      732     0.00000000     0.00000000     0.00000003
      733     0.00000000     0.00000029     0.00000033
      734     0.00000000     0.00000071     0.00000000
      735     0.00000000     0.00000001     0.00000000
      736     0.00000000     0.00000000     0.00000012
      737     0.00000000     0.00000000     0.00000027
      738     0.00000000     0.00000072     0.00000000
      739     0.00000000     0.00000265     0.00000000
      740     0.00000000     0.00000148     0.00000016
      741     0.00000000     0.00000000     0.00000030
      742     0.00000000     0.00000000     0.00000000
      743     0.00000000     0.00000000     0.00000000
      744     0.00000000     0.00000482     0.00000021
      745     0.00000000     0.00000525     0.00000017
      746     0.00000000     0.00000000     0.00000000
      747     0.00000000     0.00000000     0.00000000
      748     0.00000000     0.00000000     0.00000016
      749     0.00000000     0.00000341     0.00000006
      750     0.00000000     0.00000781     0.00000000
      751     0.00000000     0.00000285     0.00000000
      752     0.00000000     0.00000000     0.00000007
      753     0.00000000     0.00000000     0.00000001
      754     0.00000000     0.00000000     0.00000000
      755     0.00000000     0.00000840     0.00000000
      756     0.00000000     0.00000723     0.00000000
      757     0.00000000     0.00000000     0.00000000
      758     0.00000000     0.00000000     0.00000011
      759     0.00000000     0.00000000     0.00000000
      760     0.00000000     0.00000628     0.00000000
      761     0.00000000     0.00001094     0.00000006
      762     0.00000000     0.00000217     0.00000019
      763     0.00000000     0.00000000     0.00000000
      764     0.00000000     0.00000000     0.00000000
      765     0.00000000     0.00000174     0.00000019
      766     0.00000000     0.00001183     0.00000025
      767     0.00000000     0.00000783     0.00000000
      768     0.00000000     0.00000000     0.00000000
      769     0.00000000     0.00000000     0.00000028
      770     0.00000000     0.00000000     0.00000023
      771     0.00000000     0.00000964     0.00000000
      772     0.00000000     0.00001236     0.00000000
      773     0.00000000     0.00000008     0.00000032
      774     0.00000000     0.00000000     0.00000007
      775     0.00000000     0.00000000     0.00000000
      776     0.00000000     0.00000465     0.00000002
      777     0.00000000     0.00001429     0.00000039
      778     0.00000000     0.00000679     0.00000000
      779     0.00000000     0.00000000     0.00000000
      780     0.00000000     0.00000000     0.00000012
      781     0.00000000     0.00000000     0.00000034
      782     0.00000000     0.00001096     0.00000000
      783     0.00000000     0.00001097     0.00000000
      784     0.00000000     0.00000000     0.00000016
      785     0.00000000     0.00000000     0.00000022
      786     0.00000000     0.00000000     0.00000000
      787     0.00000000     0.00000684     0.00000000
      788     0.00000000     0.00001404     0.00000025
      789     0.00000000     0.00000440     0.00000008
      790     0.00000000     0.00000000     0.00000000
      791     0.00000000     0.00000000     0.00000000
      792     0.00000000     0.00000018     0.00000028
      793     0.00000000     0.00001377     0.00000001
      794     0.00000000     0.00001111     0.00000000
      795     0.00000000     0.00000000     0.00000003
      796     0.00000000     0.00000000     0.00000020
      797     0.00000000     0.00000000     0.00000000
      798     0.00000000     0.00000963     0.00000000
      799     0.00000000     0.00001565     0.00000010
      800     0.00000000     0.00000304     0.00000010
      801     0.00000000     0.00000000     0.00000000
      802     0.00000000     0.00000000     0.00000000
      803     0.00000000     0.00000183     0.00000011
      804     0.00000000     0.00001507     0.00000004
      805     0.00000000     0.00001066     0.00000000
      806     0.00000000     0.00000000     0.00000000
      807     0.00000000     0.00000000     0.00000006
      808     0.00000000     0.00000000     0.00000000
      809     0.00000000     0.00001056     0.00000000
      810     0.00000000     0.00001580     0.00000000
      811     0.00000000     0.00000254     0.00000000
      812     0.00000000     0.00000000     0.00000000
      813     0.00000000     0.00000000     0.00000002
      814     0.00000000     0.00000200     0.00000000
      815     0.00000000     0.00001570     0.00000000
      816     0.00000000     0.00001121     0.00000005
      817     0.00000000     0.00000000     0.00000004
      818     0.00000000     0.00000000     0.00000000
      819     0.00000000     0.00000000     0.00000000
      820     0.00000000     0.00000980     0.00000009
      821     0.00000000     0.00001747     0.00000001
      822     0.00000000     0.00000416     0.00000000
      823     0.00000000     0.00000000     0.00000002
      824     0.00000000     0.00000000     0.00000013
      825     0.00000000     0.00000012     0.00000000
      826     0.00000000     0.00001549     0.00000000
      827     0.00000000     0.00001306     0.00000009
      828     0.00000000     0.00000000     0.00000014
      829     0.00000000     0.00000000     0.00000000
      830     0.00000000     0.00000000     0.00000000
      831     0.00000000     0.00000710     0.00000012
      832     0.00000000     0.00001558     0.00000009
      833     0.00000000     0.00000645     0.00000000
      834     0.00000000     0.00000000     0.00000000
      835     0.00000000     0.00000000     0.00000016
      836     0.00000000     0.00000000     0.00000002
      837     0.00000000     0.00001063     0.00000000
      838     0.00000000     0.00001199     0.00000001
      839     0.00000000     0.00000026     0.00000016
      840     0.00000000     0.00000000     0.00000000
      841     0.00000000     0.00000000     0.00000000
      842     0.00000000     0.00000201     0.00000004
      843     0.00000000     0.00001055     0.00000011
      844     0.00000000     0.00000704     0.00000000
      845     0.00000000     0.00000000     0.00000000
      846     0.00000000     0.00000000     0.00000006
      847     0.00000000     0.00000000     0.00000005
      848     0.00000000     0.00000433     0.00000000
      849     0.00000000     0.00000752     0.00000000
      850     0.00000000     0.00000246     0.00000003
      851     0.00000000     0.00000000     0.00000001
      852     0.00000000     0.00000000     0.00000000
      853     0.00000000     0.00000000     0.00000001
      854     0.00000000     0.00000361     0.00000000
      855     0.00000000     0.00000347     0.00000000
      856     0.00000000     0.00000000     0.00000006
      857     0.00000000     0.00000000     0.00000000
      858     0.00000000     0.00000000     0.00000000
      859     0.00000000     0.00000027     0.00000001
      860     0.00000000     0.00000079     0.00000013
      861     0.00000000     0.00000012     0.00000000
      862     0.00000000     0.00000015     0.00000000
      863     0.00000000     0.00000098     0.00000006
      864     0.00000000     0.00000081     0.00000017
      865     0.00000000     0.00000000     0.00000000
      866     0.00000000     0.00000000     0.00000000
      867     0.00000000     0.00000000     0.00000013
      868     0.00000000     0.00000256     0.00000018
      869     0.00000000     0.00000409     0.00000000
      870     0.00000000     0.00000080     0.00000000
      871     0.00000000     0.00000000     0.00000021
      872     0.00000000     0.00000000     0.00000016
      873     0.00000000     0.00000021     0.00000000
      874     0.00000000     0.00000612     0.00000000
      875     0.00000000     0.00000551     0.00000029
      876     0.00000000     0.00000000     0.00000010
      877     0.00000000     0.00000000     0.00000000
      878     0.00000000     0.00000000     0.00000000
      879     0.00000000     0.00000387     0.00000035
      880     0.00000000     0.00000922     0.00000003
      881     0.00000000     0.00000384     0.00000000
      882     0.00000000     0.00000000     0.00000001
      883     0.00000000     0.00000000     0.00000031
      884     0.00000000     0.00000000     0.00000000
      885     0.00000000     0.00000817     0.00000000
      886     0.00000000     0.00000951     0.00000009
      887     0.00000000     0.00000000     0.00000024
      888     0.00000000     0.00000000     0.00000000
      889     0.00000000     0.00000000     0.00000000
      890     0.00000000     0.00000328     0.00000014
      891     0.00000000     0.00001194     0.00000016
      892     0.00000000     0.00000687     0.00000000
      893     0.00000000     0.00000000     0.00000000
      894     0.00000000     0.00000000     0.00000011
      895     0.00000000     0.00000000     0.00000007
      896     0.00000000     0.00000972     0.00000000
      897     0.00000000     0.00001236     0.00000000
      898     0.00000000     0.00000035     0.00000004
      899     0.00000000     0.00000000     0.00000000
      900     0.00000000     0.00000000     0.00000001
      901     0.00000000     0.00000417     0.00000000
      902     0.00000000     0.00001490     0.00000000
      903     0.00000000     0.00000793     0.00000001
      904     0.00000000     0.00000000     0.00000011
      905     0.00000000     0.00000000     0.00000000
      906     0.00000000     0.00000000     0.00000000
      907     0.00000000     0.00001241     0.00000005
      908     0.00000000     0.00001325     0.00000018
      909     0.00000000     0.00000000     0.00000000
      910     0.00000000     0.00000000     0.00000000
      911     0.00000000     0.00000000     0.00000014
      912     0.00000000     0.00000733     0.00000015
      913     0.00000000     0.00001525     0.00000000
      914     0.00000000     0.00000446     0.00000000
      915     0.00000000     0.00000000     0.00000028
      916     0.00000000     0.00000000     0.00000010
      917     0.00000000     0.00000140     0.00000000
      918     0.00000000     0.00001425     0.00000000
      919     0.00000000     0.00000938     0.00000034
      920     0.00000000     0.00000000     0.00000003
      921     0.00000000     0.00000000     0.00000000
      922     0.00000000     0.00000000     0.00000004
      923     0.00000000     0.00001329     0.00000033
      924     0.00000000     0.00001417     0.00000000
      925     0.00000000     0.00000000     0.00000000
      926     0.00000000     0.00000000     0.00000022
      927     0.00000000     0.00000000     0.00000022
      928     0.00000000     0.00000878     0.00000000
      929     0.00000000     0.00001496     0.00000000
      930     0.00000000     0.00000229     0.00000029
      931     0.00000000     0.00000000     0.00000012
      932     0.00000000     0.00000000     0.00000000
      933     0.00000000     0.00000417     0.00000000
      934     0.00000000     0.00001407     0.00000022
      935     0.00000000     0.00000602     0.00000000
      936     0.00000000     0.00000000     0.00000000
      937     0.00000000     0.00000000     0.00000004
      938     0.00000000     0.00000011     0.00000010
      939     0.00000000     0.00001202     0.00000000
      940     0.00000000     0.00000843     0.00000000
      941     0.00000000     0.00000000     0.00000003
      942     0.00000000     0.00000000     0.00000000
      943     0.00000000     0.00000000     0.00000003
      944     0.00000000     0.00000991     0.00000003
      945     0.00000000     0.00001048     0.00000000
      946     0.00000000     0.00000000     0.00000000
      947     0.00000000     0.00000000     0.00000017
      948     0.00000000     0.00000000     0.00000000
      949     0.00000000     0.00000652     0.00000000
      950     0.00000000     0.00001082     0.00000009
      951     0.00000000     0.00000156     0.00000027
      952     0.00000000     0.00000000     0.00000000
      953     0.00000000     0.00000000     0.00000000
      954     0.00000000     0.00000287     0.00000033
      955     0.00000000     0.00001008     0.00000027
      956     0.00000000     0.00000467     0.00000000
      957     0.00000000     0.00000000     0.00000000
      958     0.00000000     0.00000000     0.00000056
      959     0.00000000     0.00000000     0.00000010
      960     0.00000000     0.00000826     0.00000000
      961     0.00000000     0.00000635     0.00000005
      962     0.00000000     0.00000000     0.00000059
      963     0.00000000     0.00000000     0.00000000
      964     0.00000000     0.00000000     0.00000000
      965     0.00000000     0.00000477     0.00000040
      966     0.00000000     0.00000722     0.00000056
      967     0.00000000     0.00000099     0.00000000
      968     0.00000000     0.00000000     0.00000000
      969     0.00000000     0.00000000     0.00000070
      970     0.00000000     0.00000142     0.00000036
      971     0.00000000     0.00000653     0.00000000
      972     0.00000000     0.00000376     0.00000000
      973     0.00000000     0.00000000     0.00000085
      974     0.00000000     0.00000000     0.00000000
      975     0.00000000     0.00000000     0.00000000
      976     0.00000000     0.00000428     0.00000021
      977     0.00000000     0.00000499     0.00000088
      978     0.00000000     0.00000000     0.00000000
      979     0.00000000     0.00000000     0.00000000
      980     0.00000000     0.00000000     0.00000058
      981     0.00000000     0.00000114     0.00000070
      982     0.00000000     0.00000371     0.00000000
      983     0.00000000     0.00000188     0.00000000
      984     0.00000000     0.00000000     0.00000077
      985     0.00000000     0.00000000     0.00000042
      986     0.00000000     0.00000000     0.00000000
      987     0.00000000     0.00000146     0.00000000
      988     0.00000000     0.00000149     0.00000090
      989     0.00000000     0.00000007     0.00000008
      990     0.00000000     0.00000000     0.00000000
      991     0.00000000     0.00000000     0.00000006
      992     0.00000000     0.00000000     0.00000091
      993     0.00000000     0.00000000     0.00000000
      994     0.00000000     0.00000000     0.00000000
      995     0.00000000     0.00000066     0.00000031
      996     0.00000000     0.00000221     0.00000080
      997     0.00000000     0.00000130     0.00000000
      998     0.00000000     0.00000000     0.00000000
      999     0.00000000     0.00000000     0.00000051
     1000     0.00000000     0.00000000     0.00000065
