#     Density Matrix: coherence Re-Im; see the manual for detail orders
        0     0.00000000     0.00000000
        1    -0.00001578     0.00000695
        2    -0.00004011     0.00004321
        3    -0.00003598     0.00009460
        4    -0.00000405     0.00012074
        5     0.00001778     0.00010918
        6     0.00000531     0.00009169
        7    -0.00002038     0.00010172
        8    -0.00002215     0.00013123
        9     0.00000419     0.00014371
       10     0.00002560     0.00012333
       11     0.00001519     0.00009556
       12    -0.00001311     0.00009437
       13    -0.00002325     0.00011907
       14    -0.00000304     0.00013681
       15     0.00002199     0.00012435
       16     0.00002094     0.00009613
       17    -0.00000493     0.00008568
       18    -0.00002478     0.00010499
       19    -0.00001503     0.00013079
       20     0.00001246     0.00013241
       21     0.00007378     0.00008903
       22     0.00010102    -0.00002192
       23     0.00001744    -0.00009674
       24    -0.00007988    -0.00005618
       25    -0.00007849     0.00004533
       26     0.00001987     0.00008337
       27     0.00010222     0.00000686
       28     0.00007463    -0.00010410
       29    -0.00003083    -0.00013087
       30    -0.00009386    -0.00005152
       31    -0.00004314     0.00003538
       32     0.00006370     0.00002339
       33     0.00010639    -0.00008195
       34     0.00003755    -0.00017070
       35    -0.00006539    -0.00015251
       36    -0.00008786    -0.00005670
       37    -0.00000544     0.00000180
       38     0.00009056    -0.00004970
       39     0.00009489    -0.00016257
       40     0.00000335    -0.00022175
       41    -0.00010134    -0.00016511
       42    -0.00010645    -0.00003803
       43     0.00000968     0.00002138
       44     0.00012172    -0.00005734
       45     0.00010984    -0.00019622
       46    -0.00001291    -0.00025383
       47    -0.00011638    -0.00017580
       48    -0.00009222    -0.00005074
       49     0.00003285    -0.00001497
       50     0.00012707    -0.00010943
       51     0.00009220    -0.00023868
       52    -0.00003580    -0.00027172
       53    -0.00012608    -0.00017684
       54    -0.00008814    -0.00005194
       55     0.00003737    -0.00002268
       56     0.00012239    -0.00011541
       57     0.00008134    -0.00023310
       58    -0.00004491    -0.00025452
       59    -0.00013233    -0.00015421
       60    -0.00009684    -0.00002509
       61     0.00000047     0.00002329
       62     0.00006784    -0.00001529
       63     0.00006842    -0.00009186
       64     0.00000196    -0.00013137
       65    -0.00006812    -0.00009472
       66    -0.00007567    -0.00001513
       67    -0.00001402     0.00003428
       68     0.00005894     0.00000939
       69     0.00007568    -0.00006458
       70     0.00002152    -0.00011777
       71    -0.00005306    -0.00010068
       72    -0.00007973    -0.00002882
       73    -0.00003450     0.00003275
       74     0.00004184     0.00002887
       75     0.00008153    -0.00003688
       76     0.00005041    -0.00010681
       77    -0.00002305    -0.00012109
       78    -0.00007413    -0.00006979
       79    -0.00005864    -0.00000012
       80     0.00000991     0.00002553
       81     0.00006875    -0.00001567
       82     0.00006851    -0.00008602
       83     0.00001450    -0.00012821
       84    -0.00004775    -0.00011092
       85    -0.00006682    -0.00005247
       86    -0.00002742    -0.00000456
       87     0.00003825    -0.00000959
       88     0.00007758    -0.00006697
       89     0.00005989    -0.00013477
       90    -0.00000008    -0.00016386
       91    -0.00005498    -0.00013641
       92    -0.00006244    -0.00007868
       93    -0.00001728    -0.00003957
       94     0.00004565    -0.00005283
       95     0.00007891    -0.00011215
       96     0.00005815    -0.00017709
       97    -0.00000068    -0.00020393
       98    -0.00005428    -0.00017767
       99    -0.00006417    -0.00012184
      100    -0.00002402    -0.00008046
      101     0.00001500    -0.00007962
      102     0.00002372    -0.00009741
      103     0.00001654    -0.00011585
      104    -0.00000164    -0.00012264
      105    -0.00001843    -0.00011350
      106    -0.00002261    -0.00009490
      107    -0.00001171    -0.00007944
      108     0.00000652    -0.00007716
      109     0.00001955    -0.00008890
      110     0.00001851    -0.00010597
      111     0.00000398    -0.00011606
      112    -0.00001465    -0.00011148
      113    -0.00002547    -0.00009398
      114    -0.00002184    -0.00007342
      115    -0.00000648    -0.00006126
      116     0.00001047    -0.00006319
      117     0.00001807    -0.00007574
      118     0.00001142    -0.00008865
      119    -0.00000541    -0.00009147
      120    -0.00002216    -0.00007998
      121    -0.00003324    -0.00005742
      122    -0.00003225    -0.00003003
      123    -0.00001570    -0.00001015
      124     0.00000623    -0.00000648
      125     0.00002034    -0.00001788
      126     0.00001828    -0.00003424
      127     0.00000136    -0.00004267
      128    -0.00002048    -0.00003510
      129    -0.00003459    -0.00001280
      130    -0.00003299     0.00001452
      131    -0.00001675     0.00003446
      132     0.00000484     0.00003899
      133     0.00001965     0.00002884
      134     0.00001960     0.00001282
      135     0.00000500     0.00000274
      136    -0.00001588     0.00000681
      137    -0.00003151     0.00002531
      138    -0.00003339     0.00005061
      139    -0.00002035     0.00007146
      140     0.00000077     0.00007889
      141     0.00002571     0.00006940
      142     0.00004244     0.00004305
      143     0.00003660     0.00001263
      144     0.00001176    -0.00000589
      145    -0.00001889    -0.00000315
      146    -0.00003939     0.00001904
      147    -0.00003910     0.00004881
      148    -0.00001789     0.00007039
      149     0.00001406     0.00007198
      150     0.00004157     0.00005139
      151     0.00005196     0.00001685
      152     0.00004113    -0.00001730
      153     0.00001531    -0.00003776
      154    -0.00001220    -0.00003851
      155    -0.00002750    -0.00002361
      156    -0.00002256    -0.00000496
      157     0.00000119     0.00000331
      158     0.00003393    -0.00000863
      159     0.00006213    -0.00004213
      160     0.00007484    -0.00008983
      161     0.00005658    -0.00013667
      162     0.00001544    -0.00016116
      163    -0.00001913    -0.00015903
      164    -0.00003094    -0.00014072
      165    -0.00001379    -0.00012426
      166     0.00002629    -0.00012748
      167     0.00007381    -0.00016060
      168     0.00011058    -0.00022216
      169     0.00012342    -0.00030009
      170     0.00010933    -0.00037706
      171     0.00007623    -0.00043769
      172     0.00003934    -0.00047459
      173     0.00001471    -0.00049085
      174     0.00001257    -0.00049821
      175     0.00003314    -0.00051160
      176     0.00006639    -0.00054252
      177     0.00009542    -0.00059362
      178     0.00010196    -0.00065626
      179     0.00007222    -0.00071186
      180     0.00000178    -0.00073646
      181    -0.00014176    -0.00069927
      182    -0.00029861    -0.00056244
      183    -0.00035626    -0.00035986
      184    -0.00029456    -0.00015938
      185    -0.00013126    -0.00002857
      186     0.00008479    -0.00001368
      187     0.00028968    -0.00012612
      188     0.00042490    -0.00034018
      189     0.00045564    -0.00060253
      190     0.00038124    -0.00085006
      191     0.00023445    -0.00103020
      192     0.00007004    -0.00111711
      193    -0.00005302    -0.00111877
      194    -0.00009002    -0.00107338
      195    -0.00002341    -0.00103649
      196     0.00013321    -0.00106383
      197     0.00034048    -0.00119484
      198     0.00054673    -0.00144220
      199     0.00070436    -0.00179018
      200     0.00078425    -0.00220168
      201     0.00061006    -0.00260007
      202     0.00023935    -0.00282890
      203    -0.00004304    -0.00287536
      204    -0.00013905    -0.00281676
      205    -0.00000061    -0.00276894
      206     0.00036032    -0.00285527
      207     0.00087926    -0.00317589
      208     0.00146136    -0.00378584
      209     0.00201163    -0.00468795
      210     0.00246551    -0.00584210
      211     0.00281222    -0.00718837
      212     0.00310773    -0.00867859
      213     0.00347833    -0.01031024
      214     0.00412269    -0.01215868
      215     0.00532892    -0.01440917
      216     0.00754303    -0.01739987
      217     0.01157812    -0.02170840
      218     0.01927799    -0.02837185
      219     0.03620555    -0.03957834
      220     0.09627877    -0.06270396
      221     0.13965801    -0.10815755
      222     0.12073934    -0.15507753
      223     0.08212271    -0.19169177
      224     0.03112801    -0.21212425
      225    -0.02495844    -0.21326651
      226    -0.07881425    -0.19475433
      227    -0.12377360    -0.15877980
      228    -0.15453782    -0.10964438
      229    -0.16770392    -0.05310789
      230    -0.16203881     0.00437318
      231    -0.13849038     0.05642248
      232    -0.09996220     0.09745286
      233    -0.05089769     0.12324227
      234     0.00327011     0.13133033
      235     0.05674145     0.12120810
      236     0.10398035     0.09429179
      237     0.14028863     0.05369217
      238     0.16226386     0.00381130
      239     0.16809571    -0.05018125
      240     0.15767422    -0.10292778
      241     0.13072855    -0.14930942
      242     0.09023908    -0.18448608
      243     0.04207028    -0.20536684
      244    -0.00911140    -0.21051387
      245    -0.05856702    -0.19999995
      246    -0.10192988    -0.17530240
      247    -0.13557509    -0.13907685
      248    -0.15688677    -0.09484753
      249    -0.16441095    -0.04665348
      250    -0.15789792     0.00131541
      251    -0.13824432     0.04506221
      252    -0.10735321     0.08108500
      253    -0.06793056     0.10662028
      254    -0.02323824     0.11981635
      255     0.02317726     0.11983020
      256     0.06776064     0.10684578
      257     0.10720983     0.08201662
      258     0.13870667     0.04733978
      259     0.16010144     0.00547397
      260     0.17004001    -0.04048277
      261     0.16660049    -0.08713232
      262     0.15025121    -0.13074084
      263     0.12374123    -0.16824542
      264     0.08906759    -0.19721659
      265     0.04873655    -0.21587529
      266     0.00557358    -0.22318735
      267    -0.03747971    -0.21890257
      268    -0.07756640    -0.20354014
      269    -0.11209942    -0.17832570
      270    -0.13891816    -0.14508774
      271    -0.15641339    -0.10612241
      272    -0.16360916    -0.06403549
      273    -0.16019956    -0.02157358
      274    -0.14654786     0.01854706
      275    -0.12364565     0.05380473
      276    -0.09303745     0.08202064
      277    -0.05671614     0.10148392
      278    -0.01699580     0.11104675
      279     0.02363102     0.11018509
      280     0.06264380     0.09902175
      281     0.09783628     0.07829478
      282     0.12705691     0.04927352
      283     0.14833737     0.01377510
      284     0.16039453    -0.02598145
      285     0.16250794    -0.06752887
      286     0.15455823    -0.10830040
      287     0.13703590    -0.14578236
      288     0.11101172    -0.17766316
      289     0.07807432    -0.20197016
      290     0.04023658    -0.21718673
      291    -0.00018400    -0.22234309
      292    -0.04070417    -0.21707632
      293    -0.07882635    -0.20165549
      294    -0.11219226    -0.17697026
      295    -0.13872973    -0.14448249
      296    -0.15678316    -0.10614280
      297    -0.16522020    -0.06427590
      298    -0.16350414    -0.02144015
      299    -0.15173208     0.01972952
      300    -0.13063580     0.05668743
      301    -0.10071424     0.08707348
      302    -0.06384671     0.10871244
      303    -0.02320399     0.12018289
      304     0.01860817     0.12078099
      305     0.05888780     0.11050147
      306     0.09500741     0.09004591
      307     0.12458233     0.06078616
      308     0.14562644     0.02468481
      309     0.15668585    -0.01582298
      310     0.15694215    -0.05797911
      311     0.14627925    -0.09887524
      312     0.12530843    -0.13563975
      313     0.09534844    -0.16562827
      314     0.05835889    -0.18660697
      315     0.01682709    -0.19691709
      316    -0.02638737    -0.19560853
      317    -0.06824269    -0.18253131
      318    -0.10572950    -0.15837490
      319    -0.13609441    -0.12464721
      320    -0.15705496    -0.08358982
      321    -0.16627054    -0.03808121
      322    -0.16295432     0.00841665
      323    -0.14797263     0.05249433
      324    -0.12235854     0.09094205
      325    -0.08797357     0.12093930
      326    -0.04737424     0.14028528
      327    -0.00361869     0.14758152
      328     0.03996890     0.14234931
      329     0.08005681     0.12507340
      330     0.11356537     0.09716886
      331     0.13790615     0.06087536
      332     0.15118326     0.01908859
      333     0.15234262    -0.02485783
      334     0.14125914    -0.06744426
      335     0.11875616    -0.10523269
      336     0.08655465    -0.13513296
      337     0.04715308    -0.15464845
      338     0.00364398    -0.16208230
      339    -0.04052263    -0.15668669
      340    -0.08181239    -0.13874015
      341    -0.11686371    -0.10954435
      342    -0.14283641    -0.07133721
      343    -0.15765401    -0.02709793
      344    -0.16011918     0.01969325
      345    -0.15005333     0.06534643
      346    -0.12831054     0.10627762
      347    -0.09669877     0.13931276
      348    -0.05781703     0.16195127
      349    -0.01482579     0.17256440
      350     0.02882542     0.17051251
      351     0.06968740     0.15617443
      352     0.10458896     0.13089129
      353     0.13088164     0.09683560
      354     0.14663311     0.05681991
      355     0.15075667     0.01406398
      356     0.14307185    -0.02805963
      357     0.12429602    -0.06628324
      358     0.09597035    -0.09768714
      359     0.06032771    -0.11991047
      360     0.02011306    -0.13131733
      361    -0.02140946    -0.13112672
      362    -0.06115148    -0.11949249
      363    -0.09642730    -0.09735359
      364    -0.12470514    -0.06639219
      365    -0.14401503    -0.02891238
      366    -0.15308432     0.01234830
      367    -0.15141504     0.05443636
      368    -0.13929856     0.09441008
      369    -0.11776838     0.12955764
      370    -0.08849744     0.15758795
      371    -0.05365132     0.17677951
      372    -0.01571173     0.18607796
      373     0.02271363     0.18513830
      374     0.05907863     0.17431303
      375     0.09106959     0.15459183
      376     0.11674780     0.12750159
      377     0.13465596     0.09497770
      378     0.14388435     0.05921799
      379     0.14409636     0.02253057
      380     0.13551553    -0.01281416
      381     0.11951137    -0.04478746
      382     0.09721846    -0.07179339
      383     0.06944250    -0.09241410
      384     0.03787323    -0.10559681
      385     0.00434580    -0.11074573
      386    -0.02927084    -0.10773261
      387    -0.06118046    -0.09687948
      388    -0.08975529    -0.07891664
      389    -0.11361590    -0.05491986
      390    -0.13169176    -0.02623188
      391    -0.14325999     0.00562585
      392    -0.14796188     0.03904510
      393    -0.14579795     0.07242076
      394    -0.13710352     0.10423319
      395    -0.12250915     0.13311892
      396    -0.10288824     0.15792678
      397    -0.07929584     0.17775741
      398    -0.05290482     0.19198582
      399    -0.02494189     0.20026784
      400     0.00337311     0.20253212
      401     0.03168607     0.19890165
      402     0.05895872     0.18954935
      403     0.08345383     0.17500420
      404     0.10435959     0.15601186
      405     0.12105059     0.13344003
      406     0.13309678     0.10823595
      407     0.14026157     0.08138537
      408     0.14249984     0.05387384
      409     0.13994326     0.02665111
      410     0.13287698     0.00060137
      411     0.12171930    -0.02348183
      412     0.10699679    -0.04491527
      413     0.08931818    -0.06314026
      414     0.06934820    -0.07773143
      415     0.04778220    -0.08840035
      416     0.02532211    -0.09499431
      417     0.00265460    -0.09749090
      418    -0.01956810    -0.09598881
      419    -0.04074457    -0.09069584
      420    -0.06033734    -0.08191448
      421    -0.07865662    -0.07000289
      422    -0.09531903    -0.05526463
      423    -0.10924722    -0.03816685
      424    -0.12022323    -0.01924584
      425    -0.12811706     0.00095394
      426    -0.13288008     0.02189491
      427    -0.13453670     0.04305905
      428    -0.13317499     0.06395821
      429    -0.12893682     0.08414211
      430    -0.12200790     0.10320415
      431    -0.11260807     0.12078513
      432    -0.10098209     0.13657532
      433    -0.08739109     0.15031491
      434    -0.07210483     0.16179333
      435    -0.05539470     0.17084757
      436    -0.03752749     0.17735979
      437    -0.01875986     0.18125437
      438     0.00066649     0.18249465
      439     0.02052908     0.18107932
      440     0.04062841     0.17703867
      441     0.06037782     0.17046033
      442     0.07959112     0.16152102
      443     0.09854567     0.15036120
      444     0.11720277     0.13711517
      445     0.13556194     0.12192156
      446     0.15365910     0.10491867
      447     0.17156270     0.08624022
      448     0.18936706     0.06601125
      449     0.20718225     0.04434508
      450     0.22511860     0.02134082
      451     0.24326399    -0.00291813
      452     0.26165236    -0.02836416
      453     0.28022228    -0.05494408
      454     0.29876597    -0.08261583
      455     0.31687333    -0.11134312
      456     0.33388252    -0.14108725
      457     0.34885401    -0.17179723
      458     0.36059203    -0.20339718
      459     0.36773309    -0.23576967
      460     0.36890523    -0.26873552
      461     0.36140462    -0.30191095
      462     0.34563560    -0.33467757
      463     0.32311825    -0.36656669
      464     0.29356651    -0.39703878
      465     0.25691910    -0.42540380
      466     0.21330728    -0.45080380
      467     0.16302814    -0.47220234
      468     0.10654319    -0.48838510
      469     0.04450704    -0.49797650
      470    -0.02217509    -0.49947814
      471    -0.09227430    -0.49133475
      472    -0.16416229    -0.47203187
      473    -0.23574960    -0.44022835
      474    -0.30445780    -0.39492163
      475    -0.36724124    -0.33563853
      476    -0.42067432    -0.26263690
      477    -0.46111536    -0.17709625
      478    -0.48495036    -0.08126882
      479    -0.48890851     0.02144122
      480    -0.47042867     0.12650099
      481    -0.42868507     0.22791230
      482    -0.36440132     0.31939162
      483    -0.27934849     0.39519759
      484    -0.17718306     0.45000666
      485    -0.06300483     0.47937438
      486     0.05686008     0.48013808
      487     0.17518106     0.45075766
      488     0.28423084     0.39157309
      489     0.37625529     0.30496468
      490     0.44398744     0.19540895
      491     0.48119425     0.06942141
      492     0.48324780    -0.06462865
      493     0.44770852    -0.19685647
      494     0.37489010    -0.31638825
      495     0.26834744    -0.41210883
      496     0.13518803    -0.47365266
      497    -0.01392671    -0.49261421
      498    -0.16523738    -0.46388820
      499    -0.30291874    -0.38696007
      500    -0.41071919    -0.26688303
      501    -0.47441389    -0.11526776
      502    -0.48439078     0.05103101
      503    -0.43721094     0.21262965
      504    -0.33696315     0.34966787
      505    -0.19471336     0.44455362
      506    -0.02733943     0.48446909
      507     0.14451419     0.46326326
      508     0.29902700     0.38245051
      509     0.41595250     0.25122419
      510     0.47918671     0.08554918
      511     0.47891682    -0.09352390
      512     0.41319195    -0.26217225
      513     0.28877926    -0.39660951
      514     0.12112016    -0.47624521
      515    -0.06685548    -0.48694842
      516    -0.24726587    -0.42398741
      517    -0.39117280    -0.29401454
      518    -0.47345378    -0.11537144
      519    -0.47780534     0.08384486
      520    -0.40070410     0.27003484
      521    -0.25363344     0.40996036
      522    -0.06134394     0.47776427
      523     0.14283000     0.46012047
      524     0.32234945     0.35883440
      525     0.44424679     0.19087099
      526     0.48503328    -0.01428082
      527     0.43513080    -0.21932108
      528     0.30130852    -0.38528037
      529     0.10672049    -0.47843989
      530    -0.11188495    -0.47723943
      531    -0.31007925    -0.37800421
      532    -0.44447404    -0.19789374
      533    -0.48283118     0.02655281
      534    -0.41300692     0.24608304
      535    -0.24776743     0.40974202
      536    -0.02338335     0.47751604
      537     0.20812660     0.43094820
      538     0.39111990     0.27863343
      539     0.47964764     0.05521121
      540     0.44889378    -0.18572881
      541     0.30246242    -0.38300525
      542     0.07495852    -0.48326708
      543    -0.17524726    -0.45626167
      544    -0.38014042    -0.30462544
      545    -0.48000448    -0.06660717
      546    -0.44221759     0.19169829
      547    -0.27382266     0.39435130
      548    -0.02217383     0.47886657
      549     0.23781835     0.41679194
      550     0.42602948     0.22417697
      551     0.48186145    -0.04161351
      552     0.38398769    -0.29777821
      553     0.15950674    -0.46054781
      554    -0.12096095    -0.47224812
      555    -0.36309887    -0.32326542
      556    -0.48003475    -0.06026860
      557    -0.42521172     0.22558694
      558    -0.21360542     0.42951875
      559     0.07956997     0.47272136
      560     0.34450448     0.33474374
      561     0.47773921     0.06487295
      562     0.42386105    -0.23363883
      563     0.19996495    -0.44219113
      564    -0.10729526    -0.47349576
      565    -0.37261384    -0.30966019
      566    -0.48249576    -0.01471726
      567    -0.38555505     0.28757807
      568    -0.11934995     0.46496790
      569     0.20148225     0.43586534
      570     0.43345733     0.20909775
      571     0.46866473    -0.11576603
      572     0.28649067    -0.39007698
      573    -0.03212614    -0.48332100
      574    -0.33765626    -0.34650934
      575    -0.48086717    -0.04086052
      576    -0.38708014     0.28615834
      577    -0.09821507     0.47058329
      578     0.24247106     0.41529435
      579     0.45970186     0.14394894
      580     0.43681330    -0.20543026
      581     0.18113315    -0.44807064
      582    -0.17346247    -0.45110331
      583    -0.43531104    -0.20892280
      584    -0.45860169     0.14905800
      585    -0.22648035     0.42521020
      586     0.13430573     0.46260372
      587     0.42020216     0.23617666
      588     0.46529965    -0.12777525
      589     0.23944323    -0.41937305
      590    -0.12867694    -0.46551899
      591    -0.42185751    -0.23458236
      592    -0.46188936     0.13870453
      593    -0.22010765     0.42876467
      594     0.15876366     0.45503233
      595     0.44018277     0.19677565
      596     0.44462067    -0.18737456
      597     0.16467063    -0.45375273
      598    -0.22319655    -0.42798711
      599    -0.46676765    -0.12207920
      600    -0.40225287     0.26593089
      601    -0.06803166     0.47726511
      602     0.31349963     0.36630154
      603     0.48227719     0.00444393
      604     0.31889645    -0.36203027
      605    -0.06735289    -0.47777687
      606    -0.40770397    -0.25788196
      607    -0.45964799     0.14598660
      608    -0.18197874     0.44652063
      609     0.22857192     0.42456667
      610     0.47344098     0.09185658
      611     0.36955518    -0.31001294
      612    -0.01024794    -0.48230026
      613    -0.38371926    -0.29229817
      614    -0.46702538     0.12036615
      615    -0.19253536     0.44212912
      616     0.23189732     0.42281636
      617     0.47669185     0.07319730
      618     0.34668549    -0.33533492
      619    -0.05938383    -0.47867509
      620    -0.41916365    -0.23861027
      621    -0.44103241     0.19516481
      622    -0.10337129     0.47105934
      623     0.32021210     0.36062607
      624     0.47981310    -0.04879509
      625     0.23945832    -0.41865674
      626    -0.20288524    -0.43755236
      627    -0.47458029    -0.08591175
      628    -0.34211435     0.33994279
      629     0.08464774     0.47480330
      630     0.43924192     0.19916455
      631     0.41201154    -0.25067825
      632     0.02330704    -0.48171158
      633    -0.38689514    -0.28793331
      634    -0.45420171     0.16219438
      635    -0.11543745     0.46828592
      636     0.32795445     0.35363533
      637     0.47535178    -0.08143261
      638     0.19009322    -0.44321208
      639    -0.26988875    -0.39966838
      640    -0.48213003     0.01219630
      641    -0.24816064     0.41356921
      642     0.21732746     0.43057278
      643     0.48021413     0.04461649
      644     0.29181778    -0.38393666
      645    -0.17273260    -0.45024838
      646    -0.47398474    -0.08902894
      647    -0.32350564     0.35772598
      648     0.13720274     0.46239380
      649     0.46653617     0.12225443
      650     0.34547527    -0.33646350
      651    -0.11095663    -0.46929474
      652    -0.45990662    -0.14513619
      653    -0.35963826     0.32137710
      654     0.09364806     0.47314680
      655     0.45524506     0.15924099
      656     0.36746402    -0.31229420
      657    -0.08464182    -0.47473855
      658    -0.45305541    -0.16526798
      659    -0.37000933     0.30937970
      660     0.08317966     0.47510186
      661     0.45335524     0.16454477
      662     0.36797364    -0.31168602
      663    -0.08844241    -0.47403873
      664    -0.45584388    -0.15740475
      665    -0.36177463     0.31897156
      666     0.09963908     0.47192523
      667     0.45999846     0.14492875
      668     0.35167347    -0.32995944
      669    -0.11590071    -0.46807961
      670    -0.46515995    -0.12726699
      671    -0.33781253     0.34425039
      672     0.13644209     0.46262641
      673     0.47062551     0.10539677
      674     0.32030669    -0.36047932
      675    -0.16040136    -0.45475498
      676    -0.47567737    -0.07940409
      677    -0.29924138     0.37826173
      678     0.18703618     0.44458139
      679     0.47964946     0.05024802
      680     0.27476644    -0.39628275
      681    -0.21553200    -0.43136865
      682    -0.48193707    -0.01795016
      683    -0.24689373     0.41434825
      684     0.24539063     0.41524032
      685     0.48198217    -0.01669641
      686     0.21575675    -0.43125702
      687    -0.27582122    -0.39555082
      688    -0.47929391     0.05356377
      689    -0.18161384     0.44682842
      690     0.30615620     0.37269106
      691     0.47348441    -0.09158320
      692     0.14486430    -0.45994233
      693    -0.33564107    -0.34625144
      694    -0.46426043     0.13061002
      695    -0.10581703     0.47057042
      696     0.36373901     0.31671916
      697     0.45142506    -0.16965060
      698     0.06494609    -0.47782531
      699    -0.38982928    -0.28387737
      700    -0.43485182     0.20857342
      701    -0.02256336     0.48178571
      702     0.41350690     0.24821804
      703     0.41443925    -0.24654921
      704    -0.02094953    -0.48175030
      705    -0.43432622    -0.20954464
      706    -0.39014074     0.28352202
      707     0.06524204     0.47786629
      708     0.45188184     0.16848614
      709     0.36204150    -0.31854289
      710    -0.10968627    -0.46957498
      711    -0.46572683    -0.12511816
      712    -0.33024124     0.35146786
      713     0.15390822     0.45706505
      714     0.47556670     0.08005214
      715     0.29495486    -0.38150649
      716    -0.19728147    -0.44002545
      717    -0.48107896    -0.03351155
      718    -0.25635338     0.40848689
      719     0.23944611     0.41862235
      720     0.48204673    -0.01394457
      721     0.21475136    -0.43177746
      722    -0.27980729    -0.39275762
      723    -0.47824186     0.06201434
      724    -0.17031548     0.45117847
      725     0.31801542     0.36253831
      726     0.46950037    -0.11014139
      727     0.12354593    -0.46615065
      728    -0.35336913    -0.32816062
      729    -0.45571888     0.15771938
      730    -0.07485609     0.47639141
      731     0.38541260     0.28984755
      732     0.43690808    -0.20414349
      733     0.02492624    -0.48161079
      734    -0.41352666    -0.24810872
      735    -0.41315409     0.24869262
      736     0.02574267     0.48153216
      737     0.43732447     0.20320940
      738     0.38466644    -0.29086187
      739    -0.07637519    -0.47617774
      740    -0.45633904    -0.15593011
      741    -0.35171810     0.32988236
      742     0.12643198     0.46533156
      743     0.47030933     0.10655482
      744     0.31472277    -0.36542002
      745    -0.17509184    -0.44936852
      746    -0.47895929    -0.05613639
      747    -0.27417813     0.39665885
      748     0.22174290     0.42818119
      749     0.48220688     0.00503880
      750     0.23077265    -0.42348036
      751    -0.26558324    -0.40256019
      752    -0.48007255     0.04550221
      753    -0.18519099     0.44519754
      754     0.30609665     0.37257121
      755     0.47275826    -0.09516531
      756     0.13828579    -0.46203562
      757    -0.34267718    -0.33934775
      758    -0.46060650     0.14270876
      759    -0.09083077     0.47353219
      760     0.37500891     0.30310485
      761     0.44413028    -0.18794101
      762     0.04381932    -0.48031220
      763    -0.40267942    -0.26539343
      764    -0.42407410     0.22948476
      765     0.00174181     0.48213812
      766     0.42559456     0.22665430
      767     0.40135245    -0.26740186
      768    -0.04489047    -0.48021868
      769    -0.44382527    -0.18865549
      770    -0.37696036     0.30063703
      771     0.08489976     0.47459647
      772     0.45771080     0.15169252
      773     0.35199190    -0.32970184
      774    -0.12102373    -0.46688509
      775    -0.46768972    -0.11757556
      776    -0.32757007     0.35377905
      777     0.15272827     0.45729071
      778     0.47438468     0.08646643
      779     0.30485468    -0.37373573
      780    -0.17949190    -0.44767550
      781    -0.47844448    -0.06019978
      782    -0.28514197     0.38872087
      783     0.20044026     0.43842892
      784     0.48056931     0.03951713
      785     0.27030119    -0.39946508
      786    -0.21461949    -0.43195239
      787    -0.48146646    -0.02666667
      788    -0.26149843     0.40497802
      789     0.22160269     0.42810494
      790     0.48171962     0.02134035
      791     0.25971212    -0.40644341
      792    -0.22082938    -0.42882170
      793    -0.48151946    -0.02562196
      794    -0.26570143     0.40221241
      795     0.21151659     0.43315393
      796     0.48059924     0.03901414
      797     0.27987869    -0.39283345
      798    -0.19270961    -0.44218860
      799    -0.47800272    -0.06356994
      800    -0.30223400     0.37552561
      801     0.16307258     0.45358941
      802     0.47197702     0.09858612
      803     0.33243379    -0.34950906
      804    -0.12056762    -0.46709989
      805    -0.45952803    -0.14633021
      806    -0.36906091     0.31011678
      807     0.06356120     0.47777099
      808     0.43668179     0.20428796
      809     0.40870625    -0.25610080
      810     0.00839433    -0.48234857
      811    -0.39862597    -0.27153382
      812    -0.44605568     0.18291607
      813    -0.09457912     0.47259609
      814     0.34012765     0.34156109
      815     0.47358445    -0.09089990
      816     0.19134879    -0.44282207
      817    -0.25693427    -0.40825760
      818    -0.48175092    -0.02063662
      819    -0.29187309     0.38358436
      820     0.14679607     0.45906896
      821     0.45989328     0.14462225
      822     0.38431704    -0.29134211
      823    -0.01345486    -0.48215236
      824    -0.39913504    -0.27067234
      825    -0.45314555     0.16454137
      826    -0.13364533     0.46309015
      827     0.29468203     0.38144600
      828     0.48201415    -0.01095771
      829     0.27840277    -0.39378505
      830    -0.14906259    -0.45866674
      831    -0.45620708    -0.15614269
      832    -0.39938019     0.26997445
      833    -0.02637734     0.48129488
      834     0.36665173     0.31295506
      835     0.47156875    -0.10038589
      836     0.20865876    -0.43471936
      837    -0.21550766    -0.43136471
      838    -0.47260847    -0.09541234
      839    -0.36665547     0.31300466
      840     0.01893120     0.48169894
      841     0.38947529     0.28409518
      842     0.46473182    -0.12821380
      843     0.18957463    -0.44326774
      844    -0.22748176    -0.42506089
      845    -0.47380732    -0.08905422
      846    -0.36687673     0.31279533
      847     0.01216670     0.48198019
      848     0.38171694     0.29448535
      849     0.46936851    -0.10985420
      850     0.21195786    -0.43290269
      851    -0.20038449    -0.43837944
      852    -0.46590936    -0.12373968
      853    -0.39205780     0.28063775
      854    -0.03381948     0.48101271
      855     0.34851677     0.33318029
      856     0.47889274    -0.05491246
      857     0.26431095    -0.40297147
      858    -0.13987793    -0.46115356
      859    -0.44346366    -0.18883506
      860    -0.42991715     0.21826307
      861    -0.10988268     0.46956174
      862     0.28815440     0.38664930
      863     0.48118773     0.02915655
      864     0.33266450    -0.34868339
      865    -0.05146940    -0.47911051
      866    -0.39896282    -0.27038177
      867    -0.46444229     0.12936988
      868    -0.20223914     0.43781255
      869     0.20238326     0.43774520
      870     0.46436117     0.12960891
      871     0.39954201    -0.26944993
      872     0.05387362    -0.47878548
      873    -0.32951231    -0.35159554
      874    -0.48153248     0.02246252
      875    -0.29583310     0.38084219
      876     0.09717456     0.47240078
      877     0.42204326     0.23314819
      878     0.45126572    -0.16919678
      879     0.16450874    -0.45283662
      880    -0.23735321    -0.41928978
      881    -0.47306378    -0.09218376
      882    -0.37778978     0.29954578
      883    -0.01822533     0.48187131
      884     0.35411177     0.32721355
      885     0.47867396    -0.05629483
      886     0.26818944    -0.40028641
      887    -0.13008226    -0.46390484
      888    -0.43729016    -0.20250389
      889    -0.43819335     0.20093406
      890    -0.13198818     0.46375756
      891     0.26684228     0.40157513
      892     0.47854088     0.05773546
      893     0.35429432    -0.32660302
      894    -0.01891416    -0.48143809
      895    -0.37891834    -0.29769261
      896    -0.47240953     0.09568241
      897    -0.23326972     0.42191889
      898     0.17036327     0.45101673
      899     0.45396887     0.16206163
      900     0.41712314    -0.24134084
      901     0.08545457    -0.47421250
      902    -0.30676388    -0.37161283
      903    -0.48191019    -0.00578153
      904    -0.31557581     0.36435496
      905     0.07471421     0.47621659
      906     0.41211130     0.24997331
      907     0.45664448    -0.15404419
      908     0.17614738    -0.44853325
      909    -0.23000800    -0.42344896
      910    -0.47223249    -0.09616355
      911    -0.37720303     0.30002433
      912    -0.01229930     0.48183665
      913     0.36160697     0.31865429
      914     0.47635584    -0.07313295
      915     0.24903967    -0.41257438
      916    -0.15750889    -0.45544108
      917    -0.45083133    -0.17028788
      918    -0.41914728     0.23786060
      919    -0.08469207     0.47444543
      920     0.31122079     0.36798008
      921     0.48190620    -0.00511729
      922     0.30306531    -0.37471364
      923    -0.09607878    -0.47225950
      924    -0.42553414    -0.22621500
      925    -0.44506245     0.18482049
      926    -0.13976503     0.46119052
      927     0.26787825     0.40059227
      928     0.47965488     0.04667498
      929     0.33987841    -0.34169039
      930    -0.04954707    -0.47940046
      931    -0.40275515    -0.26466773
      932    -0.45953855     0.14508177
      933    -0.17740649     0.44802437
      934     0.23593493     0.42016177
      935     0.47497538     0.08142303
      936     0.36226145    -0.31786657
      937    -0.01928393    -0.48158064
      938    -0.38670395    -0.28762209
      939    -0.46660498     0.12038845
      940    -0.19890622     0.43887443
      941     0.21737096     0.43003056
      942     0.47146487     0.09973424
      943     0.37278759    -0.30548663
      944    -0.00544727    -0.48196954
      945    -0.37980506    -0.29670979
      946    -0.46875466     0.11171147
      947    -0.20473378     0.43615889
      948     0.21384236     0.43176690
      949     0.47113745     0.10119771
      950     0.37223538    -0.30615590
      951    -0.00861562    -0.48192616
      952    -0.38310860    -0.29242702
      953    -0.46692302     0.11908180
      954    -0.19587858     0.44018564
      955     0.22434894     0.42638237
      956     0.47383620     0.08763901
      957     0.36200966    -0.31817423
      958    -0.02627440    -0.48128092
      959    -0.39461460    -0.27668472
      960    -0.46119888     0.13956539
      961    -0.17461503     0.44901942
      962     0.24599153     0.41425381
      963     0.47796087     0.06137669
      964     0.34272126    -0.33892291
      965    -0.05621191    -0.47875655
      966    -0.41199394    -0.25011962
      967    -0.45039630     0.17122537
      968    -0.14143156     0.46053305
      969     0.27681402     0.39431613
      970     0.48131929     0.02330695
      971     0.31370047    -0.36594055
      972    -0.09669577    -0.47222996
      973    -0.43231018    -0.21303318
      974    -0.43310340     0.21113215
      975    -0.09820579     0.47163698
      976     0.31293502     0.36631112
      977     0.48131260    -0.02342345
      978     0.27598090    -0.39514827
      979    -0.14377790    -0.46005754
      980    -0.45185387    -0.16755451
      981    -0.40869744     0.25513945
      982    -0.04767715     0.47936806
      983     0.35050724     0.33053098
      984     0.47589318    -0.07575989
      985     0.23065552    -0.42321073
      986    -0.19429861    -0.44109216
      987    -0.46788030    -0.11537638
      988    -0.37683832     0.30018013
      989     0.00798387     0.48167175
      990     0.38663236     0.28745452
      991     0.46369056    -0.13114799
      992     0.17887927    -0.44753194
      993    -0.24557777    -0.41468818
      994    -0.47833650    -0.05819411
      995    -0.33762980     0.34367702
      996     0.06678442     0.47709773
      997     0.41907776     0.23769108
      998     0.44384073    -0.18762252
      999     0.12153884    -0.46634300
     1000    -0.29585380    -0.38039728
