#     Density Matrix: population Re; see the manual for detail orders
        0     0.00000000     1.00000000
        1     0.00000000     1.00000000
        2     0.00000000     1.00000000
        3     0.00000001     0.99999999
        4     0.00000001     0.99999999
        5     0.00000001     0.99999999
        6     0.00000001     0.99999999
        7     0.00000001     0.99999999
        8     0.00000002     0.99999998
        9     0.00000002     0.99999998
       10     0.00000002     0.99999998
       11     0.00000001     0.99999999
       12     0.00000001     0.99999999
       13     0.00000001     0.99999999
       14     0.00000002     0.99999998
       15     0.00000002     0.99999998
       16     0.00000001     0.99999999
       17     0.00000001     0.99999999
       18     0.00000001     0.99999999
       19     0.00000002     0.99999998
       20     0.00000002     0.99999998
       21     0.00000001     0.99999999
       22     0.00000001     0.99999999
       23     0.00000001     0.99999999
       24     0.00000001     0.99999999
       25     0.00000001     0.99999999
       26     0.00000001     0.99999999
       27     0.00000001     0.99999999
       28     0.00000002     0.99999998
       29     0.00000002     0.99999998
       30     0.00000001     0.99999999
       31     0.00000000     1.00000000
       32     0.00000000     1.00000000
       33     0.00000002     0.99999998
       34     0.00000003     0.99999997
       35     0.00000003     0.99999997
       36     0.00000001     0.99999999
       37     0.00000000     1.00000000
       38     0.00000001     0.99999999
       39     0.00000004     0.99999996
       40     0.00000005     0.99999995
       41     0.00000004     0.99999996
       42     0.00000001     0.99999999
       43     0.00000000     1.00000000
       44     0.00000002     0.99999998
       45     0.00000005     0.99999995
       46     0.00000006     0.99999994
       47     0.00000004     0.99999996
       48     0.00000001     0.99999999
       49     0.00000000     1.00000000
       50     0.00000003     0.99999997
       51     0.00000007     0.99999993
       52     0.00000008     0.99999992
       53     0.00000005     0.99999995
       54     0.00000001     0.99999999
       55     0.00000000     1.00000000
       56     0.00000003     0.99999997
       57     0.00000006     0.99999994
       58     0.00000007     0.99999993
       59     0.00000004     0.99999996
       60     0.00000001     0.99999999
       61     0.00000000     1.00000000
       62     0.00000000     1.00000000
       63     0.00000001     0.99999999
       64     0.00000002     0.99999998
       65     0.00000001     0.99999999
       66     0.00000001     0.99999999
       67     0.00000000     1.00000000
       68     0.00000000     1.00000000
       69     0.00000001     0.99999999
       70     0.00000001     0.99999999
       71     0.00000001     0.99999999
       72     0.00000001     0.99999999
       73     0.00000000     1.00000000
       74     0.00000000     1.00000000
       75     0.00000001     0.99999999
       76     0.00000001     0.99999999
       77     0.00000002     0.99999998
       78     0.00000001     0.99999999
       79     0.00000000     1.00000000
       80     0.00000000     1.00000000
       81     0.00000000     1.00000000
       82     0.00000001     0.99999999
       83     0.00000002     0.99999998
       84     0.00000001     0.99999999
       85     0.00000001     0.99999999
       86     0.00000000     1.00000000
       87     0.00000000     1.00000000
       88     0.00000001     0.99999999
       89     0.00000002     0.99999998
       90     0.00000003     0.99999997
       91     0.00000002     0.99999998
       92     0.00000001     0.99999999
       93     0.00000000     1.00000000
       94     0.00000000     1.00000000
       95     0.00000002     0.99999998
       96     0.00000003     0.99999997
       97     0.00000004     0.99999996
       98     0.00000003     0.99999997
       99     0.00000002     0.99999998
      100     0.00000001     0.99999999
      101     0.00000001     0.99999999
      102     0.00000001     0.99999999
      103     0.00000001     0.99999999
      104     0.00000002     0.99999998
      105     0.00000001     0.99999999
      106     0.00000001     0.99999999
      107     0.00000001     0.99999999
      108     0.00000001     0.99999999
      109     0.00000001     0.99999999
      110     0.00000001     0.99999999
      111     0.00000001     0.99999999
      112     0.00000001     0.99999999
      113     0.00000001     0.99999999
      114     0.00000001     0.99999999
      115     0.00000000     1.00000000
      116     0.00000000     1.00000000
      117     0.00000001     0.99999999
      118     0.00000001     0.99999999
      119     0.00000001     0.99999999
      120     0.00000001     0.99999999
      121     0.00000000     1.00000000
      122     0.00000000     1.00000000
      123     0.00000000     1.00000000
      124     0.00000000     1.00000000
      125     0.00000000     1.00000000
      126     0.00000000     1.00000000
      127     0.00000000     1.00000000
      128     0.00000000     1.00000000
      129     0.00000000     1.00000000
      130     0.00000000     1.00000000
      131     0.00000000     1.00000000
      132     0.00000000     1.00000000
      133     0.00000000     1.00000000
      134     0.00000000     1.00000000
      135     0.00000000     1.00000000
      136     0.00000000     1.00000000
      137     0.00000000     1.00000000
      138     0.00000000     1.00000000
      139     0.00000001     0.99999999
      140     0.00000001     0.99999999
      141     0.00000001     0.99999999
      142     0.00000000     1.00000000
      143     0.00000000     1.00000000
      144     0.00000000     1.00000000
      145     0.00000000     1.00000000
      146     0.00000000     1.00000000
      147     0.00000000     1.00000000
      148     0.00000001     0.99999999
      149     0.00000001     0.99999999
      150     0.00000000     1.00000000
      151     0.00000000     1.00000000
      152     0.00000000     1.00000000
      153     0.00000000     1.00000000
      154     0.00000000     1.00000000
      155     0.00000000     1.00000000
      156     0.00000000     1.00000000
      157     0.00000000     1.00000000
      158     0.00000000     1.00000000
      159     0.00000001     0.99999999
      160     0.00000001     0.99999999
      161     0.00000002     0.99999998
      162     0.00000003     0.99999997
      163     0.00000003     0.99999997
      164     0.00000002     0.99999998
      165     0.00000002     0.99999998
      166     0.00000002     0.99999998
      167     0.00000003     0.99999997
      168     0.00000006     0.99999994
      169     0.00000011     0.99999989
      170     0.00000015     0.99999985
      171     0.00000020     0.99999980
      172     0.00000023     0.99999977
      173     0.00000024     0.99999976
      174     0.00000025     0.99999975
      175     0.00000026     0.99999974
      176     0.00000030     0.99999970
      177     0.00000036     0.99999964
      178     0.00000044     0.99999956
      179     0.00000051     0.99999949
      180     0.00000054     0.99999946
      181     0.00000051     0.99999949
      182     0.00000041     0.99999959
      183     0.00000026     0.99999974
      184     0.00000011     0.99999989
      185     0.00000002     0.99999998
      186     0.00000001     0.99999999
      187     0.00000010     0.99999990
      188     0.00000030     0.99999970
      189     0.00000057     0.99999943
      190     0.00000087     0.99999913
      191     0.00000112     0.99999888
      192     0.00000125     0.99999875
      193     0.00000125     0.99999875
      194     0.00000116     0.99999884
      195     0.00000107     0.99999893
      196     0.00000115     0.99999885
      197     0.00000154     0.99999846
      198     0.00000238     0.99999762
      199     0.00000370     0.99999630
      200     0.00000546     0.99999454
      201     0.00000713     0.99999287
      202     0.00000806     0.99999194
      203     0.00000827     0.99999173
      204     0.00000795     0.99999205
      205     0.00000767     0.99999233
      206     0.00000828     0.99999172
      207     0.00001086     0.99998914
      208     0.00001647     0.99998353
      209     0.00002602     0.99997398
      210     0.00004021     0.99995979
      211     0.00005958     0.99994042
      212     0.00008498     0.99991502
      213     0.00011841     0.99988159
      214     0.00016486     0.99983514
      215     0.00023608     0.99976392
      216     0.00035978     0.99964022
      217     0.00060567     0.99939433
      218     0.00117799     0.99882201
      219     0.00288561     0.99711439
      220     0.01338042     0.98661958
      221     0.03224196     0.96775804
      222     0.04024684     0.95975316
      223     0.04556615     0.95443385
      224     0.04829838     0.95170162
      225     0.04845325     0.95154675
      226     0.04628306     0.95371694
      227     0.04232209     0.95767791
      228     0.03729473     0.96270527
      229     0.03196694     0.96803306
      230     0.02700497     0.97299503
      231     0.02288689     0.97711311
      232     0.01988491     0.98011509
      233     0.01810710     0.98189290
      234     0.01756695     0.98243305
      235     0.01824383     0.98175617
      236     0.02010715     0.97989285
      237     0.02309723     0.97690277
      238     0.02707726     0.97292274
      239     0.03178459     0.96821541
      240     0.03681028     0.96318972
      241     0.04107000     0.95893000
      242     0.04412524     0.95587476
      243     0.04606768     0.95393232
      244     0.04656765     0.95343235
      245     0.04550036     0.95449964
      246     0.04296678     0.95703322
      247     0.03926469     0.96073531
      248     0.03482209     0.96517791
      249     0.03011438     0.96988562
      250     0.02558824     0.97441176
      251     0.02160905     0.97839095
      252     0.01843950     0.98156050
      253     0.01624639     0.98375361
      254     0.01512473     0.98487527
      255     0.01512523     0.98487477
      256     0.01627231     0.98372769
      257     0.01856534     0.98143466
      258     0.02196297     0.97803703
      259     0.02635713     0.97364287
      260     0.03154772     0.96845228
      261     0.03669423     0.96330577
      262     0.04138098     0.95861902
      263     0.04570760     0.95429240
      264     0.04925330     0.95074670
      265     0.05164455     0.94835545
      266     0.05261164     0.94738836
      267     0.05203021     0.94796979
      268     0.04993904     0.95006096
      269     0.04653152     0.95346848
      270     0.04212306     0.95787694
      271     0.03710381     0.96289619
      272     0.03188516     0.96811484
      273     0.02685025     0.97314975
      274     0.02231838     0.97768162
      275     0.01852642     0.98147358
      276     0.01562757     0.98437243
      277     0.01370349     0.98629651
      278     0.01278366     0.98721634
      279     0.01286468     0.98713532
      280     0.01392341     0.98607659
      281     0.01595662     0.98404338
      282     0.01892967     0.98107033
      283     0.02270945     0.97729055
      284     0.02713791     0.97286209
      285     0.03199250     0.96800750
      286     0.03698512     0.96301488
      287     0.04177662     0.95822338
      288     0.04600418     0.95399582
      289     0.04932001     0.95067999
      290     0.05143457     0.94856543
      291     0.05215682     0.94784318
      292     0.05142331     0.94857669
      293     0.04931001     0.95068999
      294     0.04602376     0.95397624
      295     0.04187461     0.95812539
      296     0.03723360     0.96276640
      297     0.03248434     0.96751566
      298     0.02797594     0.97202406
      299     0.02398727     0.97601273
      300     0.02070800     0.97929200
      301     0.01805099     0.98194901
      302     0.01615581     0.98384419
      303     0.01521381     0.98478619
      304     0.01516427     0.98483573
      305     0.01593218     0.98406782
      306     0.01743879     0.98256121
      307     0.01959987     0.98040013
      308     0.02231433     0.97768567
      309     0.02544845     0.97455155
      310     0.02882319     0.97117681
      311     0.03221151     0.96778849
      312     0.03534996     0.96465004
      313     0.03796542     0.96203458
      314     0.03981300     0.96018700
      315     0.04071740     0.95928260
      316     0.04060800     0.95939200
      317     0.03953800     0.96046200
      318     0.03768121     0.96231879
      319     0.03530507     0.96469493
      320     0.03272440     0.96727560
      321     0.02999582     0.97000418
      322     0.02737430     0.97262570
      323     0.02529120     0.97470880
      324     0.02380893     0.97619107
      325     0.02288960     0.97711040
      326     0.02242726     0.97757274
      327     0.02229026     0.97770974
      328     0.02236085     0.97763915
      329     0.02256147     0.97743853
      330     0.02286153     0.97713847
      331     0.02326518     0.97673482
      332     0.02378655     0.97621345
      333     0.02442265     0.97557735
      334     0.02513462     0.97486538
      335     0.02584490     0.97415510
      336     0.02645235     0.97354765
      337     0.02686107     0.97313893
      338     0.02701369     0.97298631
      339     0.02691735     0.97308265
      340     0.02665245     0.97334755
      341     0.02635149     0.97364851
      342     0.02617644     0.97382356
      343     0.02627971     0.97372029
      344     0.02674106     0.97325894
      345     0.02754488     0.97245512
      346     0.02857506     0.97142494
      347     0.02963705     0.97036295
      348     0.03050135     0.96949865
      349     0.03095658     0.96904342
      350     0.03085761     0.96914239
      351     0.03015618     0.96984382
      352     0.02890699     0.97109301
      353     0.02724968     0.97275032
      354     0.02537359     0.97462641
      355     0.02347652     0.97652348
      356     0.02172905     0.97827095
      357     0.02025316     0.97974684
      358     0.01911861     0.98088139
      359     0.01835485     0.98164515
      360     0.01797176     0.98202824
      361     0.01797571     0.98202429
      362     0.01835486     0.98164514
      363     0.01914238     0.98085762
      364     0.02037441     0.97962559
      365     0.02206303     0.97793697
      366     0.02417155     0.97582845
      367     0.02659725     0.97340275
      368     0.02916813     0.97083187
      369     0.03165672     0.96834328
      370     0.03380879     0.96619121
      371     0.03538130     0.96461870
      372     0.03618092     0.96381908
      373     0.03609494     0.96390506
      374     0.03510788     0.96489212
      375     0.03330128     0.96669872
      376     0.03083767     0.96916233
      377     0.02793326     0.97206674
      378     0.02482580     0.97517420
      379     0.02174420     0.97825580
      380     0.01888532     0.98111468
      381     0.01656322     0.98343678
      382     0.01482552     0.98517448
      383     0.01354612     0.98645388
      384     0.01274757     0.98725243
      385     0.01243821     0.98756179
      386     0.01262242     0.98737758
      387     0.01330573     0.98669427
      388     0.01449392     0.98550608
      389     0.01618677     0.98381323
      390     0.01836822     0.98163178
      391     0.02099590     0.97900410
      392     0.02399290     0.97600710
      393     0.02724405     0.97275595
      394     0.03059818     0.96940182
      395     0.03387678     0.96612322
      396     0.03688755     0.96311245
      397     0.03944113     0.96055887
      398     0.04136886     0.95863114
      399     0.04253886     0.95746114
      400     0.04286833     0.95713167
      401     0.04236026     0.95763974
      402     0.04109379     0.95890621
      403     0.03912150     0.96087850
      404     0.03656783     0.96343217
      405     0.03358761     0.96641239
      406     0.03035095     0.96964905
      407     0.02702736     0.97297264
      408     0.02377379     0.97622621
      409     0.02072388     0.97927612
      410     0.01797993     0.98202007
      411     0.01561068     0.98438932
      412     0.01365207     0.98634793
      413     0.01211111     0.98788889
      414     0.01097173     0.98902827
      415     0.01020184     0.98979816
      416     0.00976039     0.99023961
      417     0.00960375     0.99039625
      418     0.00969067     0.99030933
      419     0.00998557     0.99001443
      420     0.01045999     0.98954001
      421     0.01121300     0.98878700
      422     0.01229097     0.98770903
      423     0.01357597     0.98642403
      424     0.01505055     0.98494945
      425     0.01669357     0.98330643
      426     0.01847794     0.98152206
      427     0.02036911     0.97963089
      428     0.02232462     0.97767538
      429     0.02429484     0.97570516
      430     0.02622476     0.97377524
      431     0.02805681     0.97194319
      432     0.02973433     0.97026567
      433     0.03120556     0.96879444
      434     0.03242775     0.96757225
      435     0.03337110     0.96662890
      436     0.03402233     0.96597767
      437     0.03438759     0.96561241
      438     0.03449462     0.96550538
      439     0.03439412     0.96560588
      440     0.03416028     0.96583972
      441     0.03384788     0.96615212
      442     0.03354934     0.96645066
      443     0.03343783     0.96656217
      444     0.03367078     0.96632922
      445     0.03442713     0.96557287
      446     0.03590846     0.96409154
      447     0.03834118     0.96165882
      448     0.04197966     0.95802034
      449     0.04711036     0.95288964
      450     0.05405585     0.94594415
      451     0.06317725     0.93682275
      452     0.07487236     0.92512764
      453     0.08956532     0.91043468
      454     0.10768186     0.89231814
      455     0.12960291     0.87039709
      456     0.15559203     0.84440797
      457     0.18569666     0.81430334
      458     0.21963779     0.78036221
      459     0.25672025     0.74327975
      460     0.29581833     0.70418167
      461     0.33196287     0.66803713
      462     0.36388625     0.63611375
      463     0.39405917     0.60594083
      464     0.42139396     0.57860604
      465     0.44500747     0.55499253
      466     0.46427966     0.53572034
      467     0.47886295     0.52113705
      468     0.48866223     0.51133777
      469     0.49379291     0.50620709
      470     0.49453598     0.50546402
      471     0.49130433     0.50869567
      472     0.48461650     0.51538350
      473     0.47507750     0.52492250
      474     0.46336183     0.53663817
      475     0.45019388     0.54980612
      476     0.43632126     0.56367874
      477     0.42247879     0.57752121
      478     0.40934390     0.59065610
      479     0.39748783     0.60251217
      480     0.38733074     0.61266926
      481     0.38047972     0.61952028
      482     0.37670899     0.62329101
      483     0.37436843     0.62563157
      484     0.37311356     0.62688644
      485     0.37260066     0.62739934
      486     0.37258589     0.62741411
      487     0.37299951     0.62700049
      488     0.37397085     0.62602915
      489     0.37578848     0.62421152
      490     0.37879566     0.62120434
      491     0.38324056     0.61675944
      492     0.38911854     0.61088146
      493     0.39605475     0.60394525
      494     0.40327415     0.59672585
      495     0.40968966     0.59031034
      496     0.41410846     0.58589154
      497     0.41551755     0.58448245
      498     0.41337237     0.58662763
      499     0.40779294     0.59220706
      500     0.39958490     0.60041510
      501     0.39208891     0.60791109
      502     0.38703361     0.61296639
      503     0.38323004     0.61676996
      504     0.38088570     0.61911430
      505     0.37975529     0.62024471
      506     0.37940873     0.62059127
      507     0.37957242     0.62042758
      508     0.38035697     0.61964303
      509     0.38222936     0.61777064
      510     0.38571337     0.61428663
      511     0.39094975     0.60905025
      512     0.39734465     0.60265535
      513     0.40352496     0.59647504
      514     0.40769393     0.59230607
      515     0.40828533     0.59171467
      516     0.40463616     0.59536384
      517     0.39733897     0.60266103
      518     0.38805826     0.61194174
      519     0.37887157     0.62112843
      520     0.37147993     0.62852007
      521     0.36732528     0.63267472
      522     0.36591711     0.63408289
      523     0.36625118     0.63374882
      524     0.36836145     0.63163855
      525     0.37266951     0.62733049
      526     0.37942314     0.62057686
      527     0.38793104     0.61206896
      528     0.39621074     0.60378926
      529     0.40148093     0.59851907
      530     0.40138821     0.59861179
      531     0.39529244     0.60470756
      532     0.38475723     0.61524277
      533     0.37284262     0.62715738
      534     0.36263761     0.63736239
      535     0.35604594     0.64395406
      536     0.35360447     0.64639553
      537     0.35520024     0.64479976
      538     0.36075691     0.63924309
      539     0.37003898     0.62996102
      540     0.38168185     0.61831815
      541     0.39126427     0.60873573
      542     0.39591279     0.60408721
      543     0.39457851     0.60542149
      544     0.38732079     0.61267921
      545     0.37687737     0.62312263
      546     0.36697607     0.63302393
      547     0.36032823     0.63967177
      548     0.35789042     0.64210958
      549     0.35954749     0.64045251
      550     0.36493124     0.63506876
      551     0.37320150     0.62679850
      552     0.38217985     0.61782015
      553     0.38840556     0.61159444
      554     0.38886873     0.61113127
      555     0.38312965     0.61687035
      556     0.37376873     0.62623127
      557     0.36470207     0.63529793
      558     0.35898096     0.64101904
      559     0.35786227     0.64213773
      560     0.36120776     0.63879224
      561     0.36749814     0.63250186
      562     0.37448225     0.62551775
      563     0.37966290     0.62033710
      564     0.38046134     0.61953866
      565     0.37643021     0.62356979
      566     0.36968791     0.63031209
      567     0.36344907     0.63655093
      568     0.36014136     0.63985864
      569     0.36062171     0.63937829
      570     0.36437965     0.63562035
      571     0.36980169     0.63019831
      572     0.37444903     0.62555097
      573     0.37602936     0.62397064
      574     0.37382740     0.62617260
      575     0.36924380     0.63075620
      576     0.36478770     0.63521230
      577     0.36250394     0.63749606
      578     0.36311177     0.63688823
      579     0.36601157     0.63398843
      580     0.36964452     0.63035548
      581     0.37184585     0.62815415
      582     0.37187281     0.62812719
      583     0.37017104     0.62982896
      584     0.36784024     0.63215976
      585     0.36619815     0.63380185
      586     0.36598593     0.63401407
      587     0.36714396     0.63285604
      588     0.36896672     0.63103328
      589     0.37041147     0.62958853
      590     0.37063882     0.62936118
      591     0.36958775     0.63041225
      592     0.36801790     0.63198210
      593     0.36690801     0.63309199
      594     0.36680960     0.63319040
      595     0.36764263     0.63235737
      596     0.36883891     0.63116109
      597     0.36964647     0.63035353
      598     0.36957634     0.63042366
      599     0.36875734     0.63124266
      600     0.36781305     0.63218695
      601     0.36737380     0.63262620
      602     0.36755693     0.63244307
      603     0.36813276     0.63186724
      604     0.36870211     0.63129789
      605     0.36887849     0.63112151
      606     0.36856800     0.63143200
      607     0.36804684     0.63195316
      608     0.36770084     0.63229916
      609     0.36771991     0.63228009
      610     0.36803029     0.63196971
      611     0.36839093     0.63160907
      612     0.36854110     0.63145890
      613     0.36838955     0.63161045
      614     0.36809365     0.63190635
      615     0.36789405     0.63210595
      616     0.36790170     0.63209830
      617     0.36806428     0.63193572
      618     0.36824393     0.63175607
      619     0.36830446     0.63169554
      620     0.36821620     0.63178380
      621     0.36808673     0.63191327
      622     0.36802473     0.63197527
      623     0.36804148     0.63195852
      624     0.36809688     0.63190312
      625     0.36814308     0.63185692
      626     0.36814589     0.63185411
      627     0.36811852     0.63188148
      628     0.36810355     0.63189645
      629     0.36810386     0.63189614
      630     0.36809086     0.63190914
      631     0.36806478     0.63193522
      632     0.36805024     0.63194976
      633     0.36806610     0.63193390
      634     0.36811448     0.63188552
      635     0.36815733     0.63184267
      636     0.36813669     0.63186331
      637     0.36805524     0.63194476
      638     0.36798628     0.63201372
      639     0.36799525     0.63200475
      640     0.36808379     0.63191621
      641     0.36817888     0.63182112
      642     0.36818250     0.63181750
      643     0.36807668     0.63192332
      644     0.36795826     0.63204174
      645     0.36794001     0.63205999
      646     0.36804428     0.63195572
      647     0.36818111     0.63181889
      648     0.36821465     0.63178535
      649     0.36809908     0.63190092
      650     0.36794263     0.63205737
      651     0.36789748     0.63210252
      652     0.36800988     0.63199012
      653     0.36817785     0.63182215
      654     0.36823450     0.63176550
      655     0.36811276     0.63188724
      656     0.36792985     0.63207015
      657     0.36786722     0.63213278
      658     0.36798754     0.63201246
      659     0.36817703     0.63182297
      660     0.36824505     0.63175495
      661     0.36811354     0.63188646
      662     0.36791205     0.63208795
      663     0.36784396     0.63215604
      664     0.36797690     0.63202310
      665     0.36818094     0.63181906
      666     0.36824786     0.63175214
      667     0.36810204     0.63189796
      668     0.36789194     0.63210806
      669     0.36783154     0.63216846
      670     0.36797979     0.63202021
      671     0.36818815     0.63181185
      672     0.36824128     0.63175872
      673     0.36807900     0.63192100
      674     0.36787019     0.63212981
      675     0.36782849     0.63217151
      676     0.36799232     0.63200768
      677     0.36819462     0.63180538
      678     0.36822422     0.63177578
      679     0.36804725     0.63195275
      680     0.36785090     0.63214910
      681     0.36783704     0.63216296
      682     0.36803619     0.63196381
      683     0.36824641     0.63175359
      684     0.36824675     0.63175325
      685     0.36803631     0.63196369
      686     0.36783946     0.63216054
      687     0.36785538     0.63214462
      688     0.36805960     0.63194040
      689     0.36823969     0.63176031
      690     0.36820563     0.63179437
      691     0.36799609     0.63200391
      692     0.36783575     0.63216425
      693     0.36788259     0.63211741
      694     0.36807854     0.63192146
      695     0.36821898     0.63178102
      696     0.36815576     0.63184424
      697     0.36796180     0.63203820
      698     0.36784485     0.63215515
      699     0.36791377     0.63208623
      700     0.36808707     0.63191293
      701     0.36819171     0.63180829
      702     0.36809151     0.63190849
      703     0.36788795     0.63211205
      704     0.36779651     0.63220349
      705     0.36789481     0.63210519
      706     0.36807020     0.63192980
      707     0.36813914     0.63186086
      708     0.36803326     0.63196674
      709     0.36787739     0.63212261
      710     0.36783246     0.63216754
      711     0.36792439     0.63207561
      712     0.36804900     0.63195100
      713     0.36807654     0.63192346
      714     0.36798497     0.63201503
      715     0.36788477     0.63211523
      716     0.36787271     0.63212729
      717     0.36793936     0.63206064
      718     0.36800984     0.63199016
      719     0.36801178     0.63198822
      720     0.36795268     0.63204732
      721     0.36790126     0.63209874
      722     0.36790409     0.63209591
      723     0.36794340     0.63205660
      724     0.36797490     0.63202510
      725     0.36796905     0.63203095
      726     0.36794592     0.63205408
      727     0.36793949     0.63206051
      728     0.36793614     0.63206386
      729     0.36792085     0.63207915
      730     0.36790991     0.63209009
      731     0.36791850     0.63208150
      732     0.36795165     0.63204835
      733     0.36797830     0.63202170
      734     0.36794786     0.63205214
      735     0.36788005     0.63211995
      736     0.36784821     0.63215179
      737     0.36788927     0.63211073
      738     0.36797309     0.63202691
      739     0.36800912     0.63199088
      740     0.36793759     0.63206241
      741     0.36781828     0.63218172
      742     0.36778239     0.63221761
      743     0.36788187     0.63211813
      744     0.36802353     0.63197647
      745     0.36805007     0.63194993
      746     0.36791404     0.63208596
      747     0.36775739     0.63224261
      748     0.36774663     0.63225337
      749     0.36789724     0.63210276
      750     0.36805923     0.63194077
      751     0.36804987     0.63195013
      752     0.36786410     0.63213590
      753     0.36769939     0.63230061
      754     0.36772934     0.63227066
      755     0.36792732     0.63207268
      756     0.36809046     0.63190954
      757     0.36803237     0.63196763
      758     0.36780372     0.63219628
      759     0.36764805     0.63235195
      760     0.36772842     0.63227158
      761     0.36799064     0.63200936
      762     0.36816656     0.63183344
      763     0.36803179     0.63196821
      764     0.36772036     0.63227964
      765     0.36756210     0.63243790
      766     0.36772339     0.63227661
      767     0.36804373     0.63195627
      768     0.36818624     0.63181376
      769     0.36798394     0.63201606
      770     0.36764343     0.63235657
      771     0.36752276     0.63247724
      772     0.36774946     0.63225054
      773     0.36809701     0.63190299
      774     0.36819876     0.63180124
      775     0.36793065     0.63206935
      776     0.36756801     0.63243199
      777     0.36748857     0.63251143
      778     0.36777770     0.63222230
      779     0.36814695     0.63185305
      780     0.36820733     0.63179267
      781     0.36783775     0.63216225
      782     0.36737218     0.63262782
      783     0.36732075     0.63267925
      784     0.36774442     0.63225558
      785     0.36822399     0.63177601
      786     0.36825931     0.63174069
      787     0.36779206     0.63220794
      788     0.36729215     0.63270785
      789     0.36726565     0.63273435
      790     0.36774722     0.63225278
      791     0.36826781     0.63173219
      792     0.36829452     0.63170548
      793     0.36777850     0.63222150
      794     0.36722980     0.63277020
      795     0.36719033     0.63280967
      796     0.36770387     0.63229613
      797     0.36828138     0.63171862
      798     0.36834801     0.63165199
      799     0.36781730     0.63218270
      800     0.36720268     0.63279732
      801     0.36709408     0.63290592
      802     0.36764264     0.63235736
      803     0.36835200     0.63164800
      804     0.36854224     0.63145776
      805     0.36800961     0.63199039
      806     0.36725352     0.63274648
      807     0.36697799     0.63302201
      808     0.36742760     0.63257240
      809     0.36819869     0.63180131
      810     0.36858694     0.63141306
      811     0.36821715     0.63178285
      812     0.36742534     0.63257466
      813     0.36692964     0.63307036
      814     0.36714969     0.63285031
      815     0.36788270     0.63211730
      816     0.36849236     0.63150764
      817     0.36843057     0.63156943
      818     0.36774955     0.63225045
      819     0.36705965     0.63294035
      820     0.36693385     0.63306615
      821     0.36740069     0.63259931
      822     0.36801444     0.63198556
      823     0.36828795     0.63171205
      824     0.36798597     0.63201403
      825     0.36739063     0.63260937
      826     0.36700964     0.63299036
      827     0.36710362     0.63289638
      828     0.36755271     0.63244729
      829     0.36799534     0.63200466
      830     0.36807135     0.63192865
      831     0.36773299     0.63226701
      832     0.36730012     0.63269988
      833     0.36711105     0.63288895
      834     0.36723840     0.63276160
      835     0.36754024     0.63245976
      836     0.36778577     0.63221423
      837     0.36778452     0.63221548
      838     0.36756993     0.63243007
      839     0.36736573     0.63263427
      840     0.36730584     0.63269416
      841     0.36733907     0.63266093
      842     0.36738947     0.63261053
      843     0.36742863     0.63257137
      844     0.36742817     0.63257183
      845     0.36742562     0.63257438
      846     0.36748380     0.63251620
      847     0.36753467     0.63246533
      848     0.36744603     0.63255397
      849     0.36723986     0.63276014
      850     0.36707473     0.63292527
      851     0.36707326     0.63292674
      852     0.36727111     0.63272889
      853     0.36758724     0.63241276
      854     0.36777665     0.63222335
      855     0.36761059     0.63238941
      856     0.36716039     0.63283961
      857     0.36675693     0.63324307
      858     0.36669000     0.63331000
      859     0.36702893     0.63297107
      860     0.36758973     0.63241027
      861     0.36794860     0.63205140
      862     0.36782830     0.63217170
      863     0.36730387     0.63269613
      864     0.36675503     0.63324497
      865     0.36656830     0.63343170
      866     0.36687463     0.63312537
      867     0.36749797     0.63250203
      868     0.36801706     0.63198294
      869     0.36801454     0.63198546
      870     0.36744725     0.63255275
      871     0.36672241     0.63327759
      872     0.36635085     0.63364915
      873     0.36657507     0.63342493
      874     0.36725247     0.63274753
      875     0.36793182     0.63206818
      876     0.36811139     0.63188861
      877     0.36763154     0.63236846
      878     0.36683957     0.63316043
      879     0.36629933     0.63370067
      880     0.36636044     0.63363956
      881     0.36691051     0.63308949
      882     0.36753412     0.63246588
      883     0.36783389     0.63216611
      884     0.36757588     0.63242412
      885     0.36695063     0.63304937
      886     0.36641402     0.63358598
      887     0.36631789     0.63368211
      888     0.36669774     0.63330226
      889     0.36728946     0.63271054
      890     0.36768204     0.63231796
      891     0.36758921     0.63241079
      892     0.36708935     0.63291065
      893     0.36656087     0.63343913
      894     0.36636010     0.63363990
      895     0.36658336     0.63341664
      896     0.36705597     0.63294403
      897     0.36744931     0.63255069
      898     0.36748486     0.63251514
      899     0.36715312     0.63284688
      900     0.36672252     0.63327748
      901     0.36650836     0.63349164
      902     0.36658402     0.63341598
      903     0.36684918     0.63315082
      904     0.36711896     0.63288104
      905     0.36720109     0.63279891
      906     0.36704278     0.63295722
      907     0.36678510     0.63321490
      908     0.36662077     0.63337923
      909     0.36663097     0.63336903
      910     0.36677444     0.63322556
      911     0.36694635     0.63305365
      912     0.36702569     0.63297431
      913     0.36695923     0.63304077
      914     0.36682085     0.63317915
      915     0.36672724     0.63327276
      916     0.36671695     0.63328305
      917     0.36675905     0.63324095
      918     0.36681632     0.63318368
      919     0.36685051     0.63314949
      920     0.36683738     0.63316262
      921     0.36680754     0.63319246
      922     0.36680425     0.63319575
      923     0.36680904     0.63319096
      924     0.36678038     0.63321962
      925     0.36673036     0.63326964
      926     0.36669943     0.63330057
      927     0.36670682     0.63329318
      928     0.36676096     0.63323904
      929     0.36684467     0.63315533
      930     0.36688244     0.63311756
      931     0.36681111     0.63318889
      932     0.36667481     0.63332519
      933     0.36657923     0.63342077
      934     0.36658789     0.63341211
      935     0.36670078     0.63329922
      936     0.36685541     0.63314459
      937     0.36692779     0.63307221
      938     0.36683247     0.63316753
      939     0.36663430     0.63336570
      940     0.36648765     0.63351235
      941     0.36649499     0.63350501
      942     0.36668100     0.63331900
      943     0.36693111     0.63306889
      944     0.36705005     0.63294995
      945     0.36691577     0.63308423
      946     0.36662229     0.63337771
      947     0.36639799     0.63360201
      948     0.36640064     0.63359936
      949     0.36662637     0.63337363
      950     0.36692338     0.63307662
      951     0.36706036     0.63293964
      952     0.36690513     0.63309487
      953     0.36657429     0.63342571
      954     0.36632807     0.63367193
      955     0.36633763     0.63366237
      956     0.36658838     0.63341162
      957     0.36690543     0.63309457
      958     0.36704010     0.63295990
      959     0.36686516     0.63313484
      960     0.36651930     0.63348070
      961     0.36624219     0.63375781
      962     0.36627660     0.63372340
      963     0.36663470     0.63336530
      964     0.36705866     0.63294134
      965     0.36721301     0.63278699
      966     0.36695424     0.63304576
      967     0.36648953     0.63351047
      968     0.36618509     0.63381491
      969     0.36625103     0.63374897
      970     0.36662635     0.63337365
      971     0.36703561     0.63296439
      972     0.36715125     0.63284875
      973     0.36686559     0.63313441
      974     0.36641609     0.63358391
      975     0.36615615     0.63384385
      976     0.36625458     0.63374542
      977     0.36662264     0.63337736
      978     0.36698726     0.63301274
      979     0.36705273     0.63294727
      980     0.36675749     0.63324251
      981     0.36632029     0.63367971
      982     0.36608528     0.63391472
      983     0.36623175     0.63376825
      984     0.36663540     0.63336460
      985     0.36699358     0.63300642
      986     0.36701218     0.63298782
      987     0.36667215     0.63332785
      988     0.36626604     0.63373396
      989     0.36610234     0.63389766
      990     0.36626402     0.63373598
      991     0.36661608     0.63338392
      992     0.36689340     0.63310660
      993     0.36686372     0.63313628
      994     0.36655474     0.63344526
      995     0.36623818     0.63376182
      996     0.36614336     0.63385664
      997     0.36629591     0.63370409
      998     0.36657137     0.63342863
      999     0.36676143     0.63323857
     1000     0.36670169     0.63329831
