#    Non-Adiabatic Coupling Matrix Eliments: off-diagonal
         0     0.00000000
         1     0.00000697
         2     0.00001332
         3     0.00001857
         4     0.00002254
         5     0.00002526
         6     0.00002690
         7     0.00002771
         8     0.00002792
         9     0.00002775
        10     0.00002735
        11     0.00002699
        12     0.00002645
        13     0.00002595
        14     0.00002550
        15     0.00002517
        16     0.00002491
        17     0.00002474
        18     0.00002463
        19     0.00002438
        20     0.00002432
        21     0.00000335
        22     0.00000203
        23     0.00000068
        24    -0.00000071
        25    -0.00000214
        26    -0.00000360
        27    -0.00000509
        28    -0.00000661
        29    -0.00000816
        30    -0.00000972
        31    -0.00001131
        32    -0.00001291
        33    -0.00001451
        34    -0.00001613
        35    -0.00001775
        36    -0.00001936
        37    -0.00002097
        38    -0.00002256
        39    -0.00002414
        40    -0.00002568
        41    -0.00001989
        42    -0.00002128
        43    -0.00002263
        44    -0.00002393
        45    -0.00002516
        46    -0.00002631
        47    -0.00002735
        48    -0.00002827
        49    -0.00002904
        50    -0.00002964
        51    -0.00003005
        52    -0.00003023
        53    -0.00003018
        54    -0.00002988
        55    -0.00002932
        56    -0.00002852
        57    -0.00002749
        58    -0.00002626
        59    -0.00002488
        60    -0.00002338
        61    -0.00001127
        62    -0.00001090
        63    -0.00001049
        64    -0.00001007
        65    -0.00000964
        66    -0.00000922
        67    -0.00000883
        68    -0.00000847
        69    -0.00000817
        70    -0.00000792
        71    -0.00000775
        72    -0.00000766
        73    -0.00000765
        74    -0.00000773
        75    -0.00000790
        76    -0.00000817
        77    -0.00000854
        78    -0.00000900
        79    -0.00000955
        80    -0.00001020
        81    -0.00000900
        82    -0.00000962
        83    -0.00001030
        84    -0.00001103
        85    -0.00001181
        86    -0.00001262
        87    -0.00001348
        88    -0.00001436
        89    -0.00001526
        90    -0.00001617
        91    -0.00001709
        92    -0.00001801
        93    -0.00001893
        94    -0.00001983
        95    -0.00002072
        96    -0.00002158
        97    -0.00002242
        98    -0.00002321
        99    -0.00002397
       100    -0.00002468
       101    -0.00001633
       102    -0.00001644
       103    -0.00001649
       104    -0.00001650
       105    -0.00001646
       106    -0.00001636
       107    -0.00001622
       108    -0.00001602
       109    -0.00001578
       110    -0.00001548
       111    -0.00001513
       112    -0.00001473
       113    -0.00001428
       114    -0.00001379
       115    -0.00001325
       116    -0.00001267
       117    -0.00001204
       118    -0.00001137
       119    -0.00001067
       120    -0.00000993
       121    -0.00000735
       122    -0.00000654
       123    -0.00000572
       124    -0.00000487
       125    -0.00000402
       126    -0.00000317
       127    -0.00000231
       128    -0.00000145
       129    -0.00000059
       130     0.00000026
       131     0.00000109
       132     0.00000191
       133     0.00000270
       134     0.00000347
       135     0.00000420
       136     0.00000489
       137     0.00000555
       138     0.00000616
       139     0.00000665
       140     0.00000715
       141     0.00000485
       142     0.00000500
       143     0.00000507
       144     0.00000507
       145     0.00000499
       146     0.00000482
       147     0.00000457
       148     0.00000421
       149     0.00000373
       150     0.00000314
       151     0.00000241
       152     0.00000154
       153     0.00000052
       154    -0.00000068
       155    -0.00000205
       156    -0.00000362
       157    -0.00000542
       158    -0.00000745
       159    -0.00000976
       160    -0.00001235
       161    -0.00001054
       162    -0.00001303
       163    -0.00001573
       164    -0.00001867
       165    -0.00002187
       166    -0.00002537
       167    -0.00002914
       168    -0.00003321
       169    -0.00003760
       170    -0.00004229
       171    -0.00004725
       172    -0.00005243
       173    -0.00005774
       174    -0.00006302
       175    -0.00006802
       176    -0.00007236
       177    -0.00007549
       178    -0.00007664
       179    -0.00007493
       180    -0.00006971
       181    -0.00004501
       182    -0.00004358
       183    -0.00004205
       184    -0.00004121
       185    -0.00004177
       186    -0.00004423
       187    -0.00004870
       188    -0.00005504
       189    -0.00006298
       190    -0.00007226
       191    -0.00008269
       192    -0.00009419
       193    -0.00010674
       194    -0.00012040
       195    -0.00013541
       196    -0.00015193
       197    -0.00017025
       198    -0.00019070
       199    -0.00021365
       200    -0.00023959
       201    -0.00020057
       202    -0.00022849
       203    -0.00025948
       204    -0.00029422
       205    -0.00033358
       206    -0.00037866
       207    -0.00043091
       208    -0.00049221
       209    -0.00056508
       210    -0.00065304
       211    -0.00076111
       212    -0.00089685
       213    -0.00107206
       214    -0.00130624
       215    -0.00163359
       216    -0.00211964
       217    -0.00290431
       218    -0.00434700
       219    -0.00770645
       220    -0.02337604
       221    -0.00644931
       222    -0.00524473
       223    -0.00474190
       224    -0.00443020
       225    -0.00416619
       226    -0.00389921
       227    -0.00361549
       228    -0.00331892
       229    -0.00302284
       230    -0.00274480
       231    -0.00250335
       232    -0.00231510
       233    -0.00219293
       234    -0.00214428
       235    -0.00217049
       236    -0.00226661
       237    -0.00242193
       238    -0.00262128
       239    -0.00284659
       240    -0.00307873
       241    -0.00256589
       242    -0.00275739
       243    -0.00290378
       244    -0.00299764
       245    -0.00303658
       246    -0.00302331
       247    -0.00296493
       248    -0.00287215
       249    -0.00275817
       250    -0.00263744
       251    -0.00252448
       252    -0.00243267
       253    -0.00237332
       254    -0.00235477
       255    -0.00238200
       256    -0.00245622
       257    -0.00257500
       258    -0.00273249
       259    -0.00291999
       260    -0.00312662
       261    -0.00274588
       262    -0.00294950
       263    -0.00313363
       264    -0.00328800
       265    -0.00340452
       266    -0.00347778
       267    -0.00350533
       268    -0.00348770
       269    -0.00342826
       270    -0.00333338
       271    -0.00320993
       272    -0.00306775
       273    -0.00291704
       274    -0.00276814
       275    -0.00263097
       276    -0.00251439
       277    -0.00242571
       278    -0.00237032
       279    -0.00235131
       280    -0.00236938
       281    -0.00250037
       282    -0.00258542
       283    -0.00269586
       284    -0.00282505
       285    -0.00296302
       286    -0.00310067
       287    -0.00322842
       288    -0.00333716
       289    -0.00341886
       290    -0.00346676
       291    -0.00347615
       292    -0.00344447
       293    -0.00337148
       294    -0.00325939
       295    -0.00311265
       296    -0.00293781
       297    -0.00274270
       298    -0.00253750
       299    -0.00233165
       300    -0.00213499
       301    -0.00228844
       302    -0.00213479
       303    -0.00201464
       304    -0.00193176
       305    -0.00188735
       306    -0.00188001
       307    -0.00190579
       308    -0.00195846
       309    -0.00202986
       310    -0.00211043
       311    -0.00218985
       312    -0.00225763
       313    -0.00230389
       314    -0.00232001
       315    -0.00229920
       316    -0.00223713
       317    -0.00213224
       318    -0.00198597
       319    -0.00180269
       320    -0.00158946
       321    -0.00165427
       322    -0.00140817
       323    -0.00116522
       324    -0.00093688
       325    -0.00073357
       326    -0.00056385
       327    -0.00043373
       328    -0.00034623
       329    -0.00030111
       330    -0.00029493
       331    -0.00032127
       332    -0.00037127
       333    -0.00043428
       334    -0.00049870
       335    -0.00055288
       336    -0.00058600
       337    -0.00058895
       338    -0.00055504
       339    -0.00048056
       340    -0.00036516
       341    -0.00022545
       342    -0.00003985
       343     0.00016859
       344     0.00038906
       345     0.00060973
       346     0.00081869
       347     0.00100497
       348     0.00115940
       349     0.00127541
       350     0.00134946
       351     0.00138127
       352     0.00137384
       353     0.00133302
       354     0.00126706
       355     0.00118582
       356     0.00110008
       357     0.00102061
       358     0.00095736
       359     0.00091884
       360     0.00091139
       361     0.00084709
       362     0.00090941
       363     0.00100579
       364     0.00113206
       365     0.00128180
       366     0.00144696
       367     0.00161844
       368     0.00178686
       369     0.00194318
       370     0.00207940
       371     0.00218907
       372     0.00226771
       373     0.00231299
       374     0.00232485
       375     0.00230535
       376     0.00225848
       377     0.00218976
       378     0.00210585
       379     0.00201410
       380     0.00192206
       381     0.00158031
       382     0.00150534
       383     0.00144871
       384     0.00141502
       385     0.00140750
       386     0.00142789
       387     0.00147642
       388     0.00155190
       389     0.00165181
       390     0.00177246
       391     0.00190929
       392     0.00205708
       393     0.00221027
       394     0.00236304
       395     0.00251014
       396     0.00264627
       397     0.00276680
       398     0.00286788
       399     0.00294642
       400     0.00300023
       401     0.00269681
       402     0.00268850
       403     0.00265330
       404     0.00259289
       405     0.00250925
       406     0.00240578
       407     0.00228667
       408     0.00215411
       409     0.00201313
       410     0.00186790
       411     0.00172251
       412     0.00158080
       413     0.00144629
       414     0.00132201
       415     0.00121051
       416     0.00111372
       417     0.00103299
       418     0.00096901
       419     0.00092188
       420     0.00089110
       421     0.00119072
       422     0.00120102
       423     0.00122393
       424     0.00125708
       425     0.00129768
       426     0.00134274
       427     0.00138896
       428     0.00143295
       429     0.00147124
       430     0.00150037
       431     0.00151695
       432     0.00151773
       433     0.00149966
       434     0.00145992
       435     0.00139598
       436     0.00130562
       437     0.00118690
       438     0.00103820
       439     0.00085812
       440     0.00064553
       441     0.00055566
       442     0.00028209
       443    -0.00002888
       444    -0.00037885
       445    -0.00076960
       446    -0.00120337
       447    -0.00168265
       448    -0.00221015
       449    -0.00278880
       450    -0.00342094
       451    -0.00410785
       452    -0.00484830
       453    -0.00563724
       454    -0.00646329
       455    -0.00730655
       456    -0.00813675
       457    -0.00891226
       458    -0.00958301
       459    -0.01009662
       460    -0.01041425
       461    -0.00868910
       462    -0.00875887
       463    -0.00867169
       464    -0.00844669
       465    -0.00811202
       466    -0.00769883
       467    -0.00723506
       468    -0.00674847
       469    -0.00625590
       470    -0.00576995
       471    -0.00529787
       472    -0.00484352
       473    -0.00440818
       474    -0.00399173
       475    -0.00359353
       476    -0.00321316
       477    -0.00285087
       478    -0.00250796
       479    -0.00218704
       480    -0.00189209
       481    -0.00103116
       482    -0.00079403
       483    -0.00059751
       484    -0.00044958
       485    -0.00035714
       486    -0.00032531
       487    -0.00035662
       488    -0.00045038
       489    -0.00060212
       490    -0.00080336
       491    -0.00104182
       492    -0.00130188
       493    -0.00156556
       494    -0.00181369
       495    -0.00202752
       496    -0.00219020
       497    -0.00228857
       498    -0.00231462
       499    -0.00226690
       500    -0.00215144
       501    -0.00112021
       502    -0.00090111
       503    -0.00067621
       504    -0.00047496
       505    -0.00032591
       506    -0.00025317
       507    -0.00027296
       508    -0.00039091
       509    -0.00060043
       510    -0.00088273
       511    -0.00120852
       512    -0.00154126
       513    -0.00184182
       514    -0.00207368
       515    -0.00220847
       516    -0.00223087
       517    -0.00214203
       518    -0.00196111
       519    -0.00172373
       520    -0.00147762
       521    -0.00090032
       522    -0.00077861
       523    -0.00078342
       524    -0.00092770
       525    -0.00119971
       526    -0.00156370
       527    -0.00196426
       528    -0.00233643
       529    -0.00261728
       530    -0.00275909
       531    -0.00274091
       532    -0.00257529
       533    -0.00230768
       534    -0.00200777
       535    -0.00175489
       536    -0.00161986
       537    -0.00164841
       538    -0.00184762
       539    -0.00218054
       540    -0.00257167
       541    -0.00223122
       542    -0.00246950
       543    -0.00253414
       544    -0.00242069
       545    -0.00217409
       546    -0.00187311
       547    -0.00160705
       548    -0.00145175
       549    -0.00144908
       550    -0.00159358
       551    -0.00183173
       552    -0.00207856
       553    -0.00224823
       554    -0.00228608
       555    -0.00218632
       556    -0.00198894
       557    -0.00176090
       558    -0.00157229
       559    -0.00147345
       560    -0.00147958
       561    -0.00138663
       562    -0.00151070
       563    -0.00159973
       564    -0.00161102
       565    -0.00153766
       566    -0.00140689
       567    -0.00126429
       568    -0.00115355
       569    -0.00109978
       570    -0.00110107
       571    -0.00113139
       572    -0.00115426
       573    -0.00114116
       574    -0.00108397
       575    -0.00099571
       576    -0.00090101
       577    -0.00082344
       578    -0.00077501
       579    -0.00075293
       580    -0.00074239
       581    -0.00054451
       582    -0.00053307
       583    -0.00050142
       584    -0.00045880
       585    -0.00041835
       586    -0.00039076
       587    -0.00037890
       588    -0.00037703
       589    -0.00037478
       590    -0.00036342
       591    -0.00034048
       592    -0.00031048
       593    -0.00028158
       594    -0.00026065
       595    -0.00024947
       596    -0.00024421
       597    -0.00023828
       598    -0.00022650
       599    -0.00020813
       600    -0.00018687
       601    -0.00014273
       602    -0.00013340
       603    -0.00012973
       604    -0.00012807
       605    -0.00012395
       606    -0.00011510
       607    -0.00010278
       608    -0.00009067
       609    -0.00008218
       610    -0.00007811
       611    -0.00007631
       612    -0.00007341
       613    -0.00006725
       614    -0.00005837
       615    -0.00004939
       616    -0.00004298
       617    -0.00003987
       618    -0.00003843
       619    -0.00003607
       620    -0.00003125
       621    -0.00002277
       622    -0.00001686
       623    -0.00001312
       624    -0.00001174
       625    -0.00001115
       626    -0.00000935
       627    -0.00000555
       628    -0.00000074
       629     0.00000322
       630     0.00000521
       631     0.00000571
       632     0.00000635
       633     0.00000844
       634     0.00001192
       635     0.00001544
       636     0.00001764
       637     0.00001829
       638     0.00001846
       639     0.00001954
       640     0.00002195
       641     0.00002437
       642     0.00002643
       643     0.00002712
       644     0.00002707
       645     0.00002752
       646     0.00002916
       647     0.00003149
       648     0.00003336
       649     0.00003401
       650     0.00003385
       651     0.00003397
       652     0.00003513
       653     0.00003705
       654     0.00003867
       655     0.00003921
       656     0.00003891
       657     0.00003879
       658     0.00003963
       659     0.00004124
       660     0.00004262
       661     0.00004325
       662     0.00004277
       663     0.00004244
       664     0.00004306
       665     0.00004444
       666     0.00004558
       667     0.00004567
       668     0.00004494
       669     0.00004439
       670     0.00004484
       671     0.00004602
       672     0.00004690
       673     0.00004666
       674     0.00004561
       675     0.00004485
       676     0.00004516
       677     0.00004617
       678     0.00004675
       679     0.00004611
       680     0.00004472
       681     0.00004975
       682     0.00004998
       683     0.00005086
       684     0.00005111
       685     0.00005004
       686     0.00004827
       687     0.00004714
       688     0.00004728
       689     0.00004795
       690     0.00004777
       691     0.00004616
       692     0.00004399
       693     0.00004271
       694     0.00004278
       695     0.00004328
       696     0.00004263
       697     0.00004047
       698     0.00003797
       699     0.00003662
       700     0.00003669
       701     0.00004558
       702     0.00004429
       703     0.00004148
       704     0.00003860
       705     0.00003713
       706     0.00003707
       707     0.00003684
       708     0.00003499
       709     0.00003169
       710     0.00002866
       711     0.00002731
       712     0.00002728
       713     0.00002674
       714     0.00002436
       715     0.00002073
       716     0.00001775
       717     0.00001665
       718     0.00001667
       719     0.00001582
       720     0.00001303
       721     0.00001266
       722     0.00000961
       723     0.00000856
       724     0.00000834
       725     0.00000691
       726     0.00000353
       727    -0.00000046
       728    -0.00000301
       729    -0.00000356
       730    -0.00000365
       731    -0.00000526
       732    -0.00000873
       733    -0.00001237
       734    -0.00001427
       735    -0.00001432
       736    -0.00001432
       737    -0.00001609
       738    -0.00001951
       739    -0.00002266
       740    -0.00002387
       741    -0.00002773
       742    -0.00002786
       743    -0.00002987
       744    -0.00003321
       745    -0.00003587
       746    -0.00003651
       747    -0.00003592
       748    -0.00003610
       749    -0.00003821
       750    -0.00004130
       751    -0.00004336
       752    -0.00004346
       753    -0.00004273
       754    -0.00004311
       755    -0.00004534
       756    -0.00004819
       757    -0.00004975
       758    -0.00004948
       759    -0.00004878
       760    -0.00004946
       761    -0.00006182
       762    -0.00006459
       763    -0.00006587
       764    -0.00006550
       765    -0.00006508
       766    -0.00006622
       767    -0.00006894
       768    -0.00007158
       769    -0.00007260
       770    -0.00007217
       771    -0.00007200
       772    -0.00007353
       773    -0.00007647
       774    -0.00007904
       775    -0.00007987
       776    -0.00007942
       777    -0.00007948
       778    -0.00008136
       779    -0.00008451
       780    -0.00008704
       781    -0.00010668
       782    -0.00010666
       783    -0.00010738
       784    -0.00011007
       785    -0.00011397
       786    -0.00011705
       787    -0.00011806
       788    -0.00011784
       789    -0.00011852
       790    -0.00012138
       791    -0.00012550
       792    -0.00012863
       793    -0.00012938
       794    -0.00012870
       795    -0.00012897
       796    -0.00013171
       797    -0.00013596
       798    -0.00013914
       799    -0.00013955
       800    -0.00013806
       801    -0.00015089
       802    -0.00015350
       803    -0.00015816
       804    -0.00016194
       805    -0.00016248
       806    -0.00016026
       807    -0.00015836
       808    -0.00015957
       809    -0.00016373
       810    -0.00016772
       811    -0.00016819
       812    -0.00016470
       813    -0.00016028
       814    -0.00015882
       815    -0.00016147
       816    -0.00016551
       817    -0.00016654
       818    -0.00016239
       819    -0.00015515
       820    -0.00014953
       821    -0.00012854
       822    -0.00013128
       823    -0.00013308
       824    -0.00012958
       825    -0.00012054
       826    -0.00011021
       827    -0.00010386
       828    -0.00010336
       829    -0.00010555
       830    -0.00010469
       831    -0.00009710
       832    -0.00008430
       833    -0.00007187
       834    -0.00006505
       835    -0.00006445
       836    -0.00006555
       837    -0.00006219
       838    -0.00005135
       839    -0.00003567
       840    -0.00002146
       841    -0.00001088
       842    -0.00001041
       843    -0.00001130
       844    -0.00000720
       845     0.00000459
       846     0.00002106
       847     0.00003567
       848     0.00004333
       849     0.00004416
       850     0.00004334
       851     0.00004722
       852     0.00005870
       853     0.00007501
       854     0.00008984
       855     0.00009793
       856     0.00009892
       857     0.00009745
       858     0.00009974
       859     0.00010908
       860     0.00012354
       861     0.00011585
       862     0.00012329
       863     0.00012363
       864     0.00012054
       865     0.00011982
       866     0.00012529
       867     0.00013613
       868     0.00014754
       869     0.00015425
       870     0.00015421
       871     0.00014989
       872     0.00014641
       873     0.00014788
       874     0.00015460
       875     0.00016296
       876     0.00016808
       877     0.00016725
       878     0.00016170
       879     0.00015560
       880     0.00015305
       881     0.00013018
       882     0.00013585
       883     0.00013985
       884     0.00013904
       885     0.00013352
       886     0.00012642
       887     0.00012166
       888     0.00012122
       889     0.00012390
       890     0.00012617
       891     0.00012478
       892     0.00011893
       893     0.00011077
       894     0.00010384
       895     0.00010057
       896     0.00010069
       897     0.00010145
       898     0.00009964
       899     0.00009381
       900     0.00008524
       901     0.00006496
       902     0.00006110
       903     0.00006076
       904     0.00006189
       905     0.00006139
       906     0.00005732
       907     0.00005024
       908     0.00004278
       909     0.00003780
       910     0.00003635
       911     0.00003696
       912     0.00003672
       913     0.00003333
       914     0.00002674
       915     0.00001922
       916     0.00001369
       917     0.00001166
       918     0.00001217
       919     0.00001244
       920     0.00000993
       921     0.00000408
       922    -0.00000309
       923    -0.00000867
       924    -0.00001078
       925    -0.00001000
       926    -0.00000895
       927    -0.00001043
       928    -0.00001532
       929    -0.00002196
       930    -0.00002731
       931    -0.00002921
       932    -0.00002792
       933    -0.00002602
       934    -0.00002647
       935    -0.00003046
       936    -0.00003649
       937    -0.00004144
       938    -0.00004291
       939    -0.00004098
       940    -0.00003820
       941    -0.00004652
       942    -0.00005047
       943    -0.00005665
       944    -0.00006184
       945    -0.00006343
       946    -0.00006139
       947    -0.00005835
       948    -0.00005764
       949    -0.00006081
       950    -0.00006637
       951    -0.00007092
       952    -0.00007170
       953    -0.00006868
       954    -0.00006468
       955    -0.00006323
       956    -0.00006589
       957    -0.00007100
       958    -0.00007493
       959    -0.00007484
       960    -0.00007083
       961    -0.00008867
       962    -0.00008740
       963    -0.00009043
       964    -0.00009587
       965    -0.00009980
       966    -0.00009931
       967    -0.00009475
       968    -0.00008956
       969    -0.00008764
       970    -0.00009032
       971    -0.00009528
       972    -0.00009827
       973    -0.00009643
       974    -0.00009049
       975    -0.00008434
       976    -0.00008202
       977    -0.00008454
       978    -0.00008907
       979    -0.00009106
       980    -0.00008780
       981    -0.00009509
       982    -0.00008852
       983    -0.00008636
       984    -0.00008920
       985    -0.00009363
       986    -0.00009485
       987    -0.00009042
       988    -0.00008221
       989    -0.00007505
       990    -0.00007294
       991    -0.00007589
       992    -0.00007988
       993    -0.00007997
       994    -0.00007412
       995    -0.00006490
       996    -0.00005753
       997    -0.00005578
       998    -0.00005898
       999    -0.00006254
      1000    -0.00006149
