#    Step     Kinetic(H)     Potential(H)   Total(H)       E(0)(H)        E(1)(H)        E(2)(H)        
        0     0.00565008    -4.95857691    -4.95292683    -5.27359199    -5.05316963    -4.95857691
        1     0.00571256    -4.95865433    -4.95294177    -5.27352241    -5.05310005    -4.95865433
        2     0.00595331    -4.95886317    -4.95290986    -5.27343726    -5.05312515    -4.95886317
        3     0.00637059    -4.95931254    -4.95294195    -5.27333539    -5.05317028    -4.95931254
        4     0.00696114    -4.95989014    -4.95292900    -5.27321475    -5.05330688    -4.95989014
        5     0.00772012    -4.96062976    -4.95290963    -5.27307238    -5.05345851    -4.96062976
        6     0.00864120    -4.96156436    -4.95292316    -5.27290450    -5.05369488    -4.96156436
        7     0.00971649    -4.96265263    -4.95293613    -5.27270655    -5.05393791    -4.96265263
        8     0.01093660    -4.96385256    -4.95291596    -5.27247325    -5.05421911    -4.96385256
        9     0.01229070    -4.96523181    -4.95294111    -5.27219879    -5.05453263    -4.96523181
       10     0.01376664    -4.96671061    -4.95294397    -5.27187688    -5.05483546    -4.96671061
       11     0.01535107    -4.96828236    -4.95293129    -5.27150091    -5.05515773    -4.96828236
       12     0.01702963    -4.96997701    -4.95294737    -5.27106410    -5.05549265    -4.96997701
       13     0.01878713    -4.97171416    -4.95292703    -5.27055954    -5.05579658    -4.97171416
       14     0.02060776    -4.97356042    -4.95295266    -5.26998035    -5.05602587    -4.97356042
       15     0.02247540    -4.97539881    -4.95292341    -5.26931979    -5.05624729    -4.97539881
       16     0.02437394    -4.97729647    -4.95292252    -5.26857149    -5.05641773    -4.97729647
       17     0.02628758    -4.97921076    -4.95292318    -5.26772958    -5.05653130    -4.97921076
       18     0.02820112    -4.98113652    -4.95293540    -5.26678890    -5.05654610    -4.98113652
       19     0.03010024    -4.98303263    -4.95293239    -5.26574506    -5.05649450    -4.98303263
       20     0.00570027    -4.98489555    -4.97919528    -5.26459454    -5.05633621    -4.98489555
       21     0.00650735    -4.98572425    -4.97921690    -5.26406352    -5.05624617    -4.98572425
       22     0.00735954    -4.98658045    -4.97922091    -5.26348649    -5.05614689    -4.98658045
       23     0.00825048    -4.98746202    -4.97921154    -5.26286134    -5.05599948    -4.98746202
       24     0.00917372    -4.98840364    -4.97922992    -5.26218599    -5.05587537    -4.98840364
       25     0.01012275    -4.98932983    -4.97920708    -5.26145846    -5.05566233    -4.98932983
       26     0.01109112    -4.99031224    -4.97922111    -5.26067690    -5.05546876    -4.99031224
       27     0.01207255    -4.99127572    -4.97920318    -5.25983967    -5.05521952    -4.99127572
       28     0.01306092    -4.99229239    -4.97923147    -5.25894537    -5.05491321    -4.99229239
       29     0.01405042    -4.99325086    -4.97920043    -5.25799288    -5.05458546    -4.99325086
       30     0.01503561    -4.99426059    -4.97922498    -5.25698140    -5.05419871    -4.99426059
       31     0.01601140    -4.99521088    -4.97919947    -5.25591047    -5.05375253    -4.99521088
       32     0.01697318    -4.99617513    -4.97920195    -5.25478002    -5.05328356    -4.99617513
       33     0.01791677    -4.99711685    -4.97920008    -5.25359027    -5.05271855    -4.99711685
       34     0.01883843    -4.99803661    -4.97919818    -5.25234183    -5.05213159    -4.99803661
       35     0.01973492    -4.99893537    -4.97920045    -5.25103563    -5.05148688    -4.99893537
       36     0.02060352    -4.99981443    -4.97921091    -5.24967298    -5.05082247    -4.99981443
       37     0.02144200    -5.00067546    -4.97923346    -5.24825555    -5.05006653    -5.00067546
       38     0.02224856    -5.00144687    -4.97919831    -5.24678525    -5.04925772    -5.00144687
       39     0.02302184    -5.00224108    -4.97921924    -5.24526426    -5.04839821    -5.00224108
       40     0.00570027    -5.00298704    -4.99728677    -5.24369501    -5.04749045    -5.00298704
       41     0.00605544    -5.00333446    -4.99727901    -5.24290320    -5.04702939    -5.00333446
       42     0.00641346    -5.00369549    -4.99728203    -5.24208826    -5.04654519    -5.00369549
       43     0.00677341    -5.00403410    -4.99726069    -5.24125089    -5.04603856    -5.00403410
       44     0.00713442    -5.00442450    -4.99729008    -5.24039181    -5.04554697    -5.00442450
       45     0.00749566    -5.00475717    -4.99726151    -5.23951175    -5.04499766    -5.00475717
       46     0.00785631    -5.00514308    -4.99728678    -5.23861144    -5.04446484    -5.00514308
       47     0.00821560    -5.00550947    -4.99729387    -5.23769160    -5.04391250    -5.00550947
       48     0.00857277    -5.00585704    -4.99728426    -5.23675294    -5.04330458    -5.00585704
       49     0.00892708    -5.00618647    -4.99725939    -5.23579615    -5.04271528    -5.00618647
       50     0.00927777    -5.00657190    -4.99729412    -5.23482185    -5.04210848    -5.00657190
       51     0.00962412    -5.00690368    -4.99727956    -5.23383067    -5.04148478    -5.00690368
       52     0.00996546    -5.00725596    -4.99729051    -5.23282322    -5.04084483    -5.00725596
       53     0.01030114    -5.00759262    -4.99729148    -5.23180015    -5.04018925    -5.00759262
       54     0.01063059    -5.00791427    -4.99728368    -5.23076208    -5.03951867    -5.00791427
       55     0.01095324    -5.00822151    -4.99726827    -5.22970960    -5.03887044    -5.00822151
       56     0.01126857    -5.00855169    -4.99728312    -5.22864330    -5.03817163    -5.00855169
       57     0.01157605    -5.00886859    -4.99729254    -5.22756373    -5.03745956    -5.00886859
       58     0.01187523    -5.00913604    -4.99726080    -5.22647145    -5.03673477    -5.00913604
       59     0.01216569    -5.00942806    -4.99726237    -5.22536700    -5.03599781    -5.00942806
       60     0.00570027    -5.00970846    -5.00400820    -5.22425093    -5.03524923    -5.00970846
       61     0.00588686    -5.00990124    -5.00401438    -5.22348822    -5.03474377    -5.00990124
       62     0.00607193    -5.01008692    -5.00401499    -5.22271842    -5.03423121    -5.01008692
       63     0.00625511    -5.01026571    -5.00401060    -5.22194173    -5.03371177    -5.01026571
       64     0.00643606    -5.01047458    -5.00403852    -5.22115836    -5.03318565    -5.01047458
       65     0.00661446    -5.01064023    -5.00402578    -5.22036854    -5.03265307    -5.01064023
       66     0.00678999    -5.01079963    -5.00400965    -5.21957246    -5.03211423    -5.01079963
       67     0.00696238    -5.01098975    -5.00402737    -5.21877034    -5.03156936    -5.01098975
       68     0.00713137    -5.01113729    -5.00400592    -5.21796240    -5.03098192    -5.01113729
       69     0.00729674    -5.01131601    -5.00401926    -5.21714889    -5.03042565    -5.01131601
       70     0.00745831    -5.01148938    -5.00403108    -5.21633003    -5.02990079    -5.01148938
       71     0.00761590    -5.01165768    -5.00404178    -5.21550610    -5.02933410    -5.01165768
       72     0.00776940    -5.01178441    -5.00401502    -5.21467735    -5.02876259    -5.01178441
       73     0.00791870    -5.01194337    -5.00402467    -5.21384407    -5.02818656    -5.01194337
       74     0.00806376    -5.01209810    -5.00403434    -5.21300657    -5.02760630    -5.01209810
       75     0.00820454    -5.01221216    -5.00400762    -5.21216515    -5.02702213    -5.01221216
       76     0.00834106    -5.01235939    -5.00401833    -5.21132015    -5.02643437    -5.01235939
       77     0.00847335    -5.01250336    -5.00403001    -5.21047189    -5.02584336    -5.01250336
       78     0.00860147    -5.01260768    -5.00400621    -5.20962073    -5.02524944    -5.01260768
       79     0.00872547    -5.01274615    -5.00402068    -5.20876696    -5.02465293    -5.01274615
       80     0.00570027    -5.01288229    -5.00718203    -5.20791088    -5.02405408    -5.01288229
       81     0.00579406    -5.01296548    -5.00717141    -5.20722232    -5.02354928    -5.01296548
       82     0.00588627    -5.01304792    -5.00716165    -5.20653303    -5.02308048    -5.01304792
       83     0.00597688    -5.01312981    -5.00715292    -5.20584318    -5.02257438    -5.01312981
       84     0.00606592    -5.01324809    -5.00718218    -5.20515298    -5.02210468    -5.01324809
       85     0.00615337    -5.01332946    -5.00717609    -5.20446261    -5.02163480    -5.01332946
       86     0.00623923    -5.01341081    -5.00717158    -5.20377223    -5.02112816    -5.01341081
       87     0.00632347    -5.01349230    -5.00716883    -5.20308198    -5.02065841    -5.01349230
       88     0.00640610    -5.01357409    -5.00716800    -5.20239204    -5.02015222    -5.01357409
       89     0.00648720    -5.01365644    -5.00716924    -5.20170265    -5.01968332    -5.01365644
       90     0.00656687    -5.01373957    -5.00717271    -5.20101405    -5.01917847    -5.01373957
       91     0.00664516    -5.01382369    -5.00717853    -5.20032643    -5.01871135    -5.01382369
       92     0.00672212    -5.01390895    -5.00718683    -5.19963996    -5.01824537    -5.01390895
       93     0.00679774    -5.01395872    -5.00716098    -5.19895474    -5.01774390    -5.01395872
       94     0.00687194    -5.01404658    -5.00717464    -5.19827087    -5.01728052    -5.01404658
       95     0.00694453    -5.01409908    -5.00715455    -5.19758838    -5.01678178    -5.01409908
       96     0.00701511    -5.01418976    -5.00717465    -5.19690732    -5.01632122    -5.01418976
       97     0.00708269    -5.01424516    -5.00716247    -5.19622773    -5.01586213    -5.01424516
       98     0.00714418    -5.01430213    -5.00715794    -5.19554972    -5.01536786    -5.01430213
       99     0.00718402    -5.01436109    -5.00717707    -5.19487370    -5.01494908    -5.01436109
      100     0.00570027    -5.01460911    -5.00890885    -5.19420299    -5.01460911    -5.01427837
      101     0.00565050    -5.01458958    -5.00893908    -5.19363222    -5.01458958    -5.01400160
      102     0.00568904    -5.01461326    -5.00892422    -5.19306791    -5.01461326    -5.01365778
      103     0.00574059    -5.01467621    -5.00893561    -5.19250611    -5.01467621    -5.01327973
      104     0.00579479    -5.01474036    -5.00894557    -5.19194553    -5.01474036    -5.01290289
      105     0.00584913    -5.01476829    -5.00891916    -5.19138547    -5.01476829    -5.01256333
      106     0.00590264    -5.01483303    -5.00893039    -5.19082547    -5.01483303    -5.01218708
      107     0.00595482    -5.01489745    -5.00894264    -5.19026516    -5.01489745    -5.01181051
      108     0.00600537    -5.01492452    -5.00891915    -5.18970423    -5.01492452    -5.01147009
      109     0.00605411    -5.01498749    -5.00893338    -5.18914246    -5.01498749    -5.01109206
      110     0.00610088    -5.01504938    -5.00894850    -5.18857962    -5.01504938    -5.01071297
      111     0.00614561    -5.01507330    -5.00892769    -5.18801554    -5.01507330    -5.01036939
      112     0.00618822    -5.01513258    -5.00894436    -5.18745009    -5.01513258    -5.00998768
      113     0.00622871    -5.01515362    -5.00892491    -5.18688314    -5.01515362    -5.00960447
      114     0.00626708    -5.01520984    -5.00894275    -5.18631462    -5.01520984    -5.00925645
      115     0.00630338    -5.01522768    -5.00892430    -5.18574447    -5.01522768    -5.00887005
      116     0.00633767    -5.01528063    -5.00894297    -5.18517269    -5.01528063    -5.00848201
      117     0.00637005    -5.01529520    -5.00892515    -5.18459926    -5.01529520    -5.00812908
      118     0.00640063    -5.01534491    -5.00894427    -5.18402423    -5.01534491    -5.00773780
      119     0.00642957    -5.01535631    -5.00892674    -5.18344764    -5.01535631    -5.00734496
      120     0.00570027    -5.01540297    -5.00970270    -5.18286957    -5.01540297    -5.00698738
      121     0.00572497    -5.01540988    -5.00968491    -5.18232524    -5.01540988    -5.00662680
      122     0.00574891    -5.01545259    -5.00970367    -5.18177996    -5.01545259    -5.00626526
      123     0.00577228    -5.01545768    -5.00968540    -5.18123381    -5.01545768    -5.00590286
      124     0.00579526    -5.01549877    -5.00970351    -5.18068691    -5.01549877    -5.00553970
      125     0.00581805    -5.01550246    -5.00968441    -5.18013936    -5.01550246    -5.00517590
      126     0.00584085    -5.01554235    -5.00970150    -5.17959127    -5.01554235    -5.00481155
      127     0.00586384    -5.01554505    -5.00968121    -5.17904272    -5.01554505    -5.00444676
      128     0.00588720    -5.01558414    -5.00969693    -5.17849382    -5.01558414    -5.00408160
      129     0.00591111    -5.01558619    -5.00967508    -5.17794464    -5.01558619    -5.00371617
      130     0.00593573    -5.01562478    -5.00968905    -5.17739524    -5.01562478    -5.00335051
      131     0.00596120    -5.01566320    -5.00970200    -5.17684567    -5.01566320    -5.00298469
      132     0.00598765    -5.01566473    -5.00967708    -5.17629596    -5.01566473    -5.00261872
      133     0.00601521    -5.01570288    -5.00968768    -5.17574612    -5.01570288    -5.00228938
      134     0.00604396    -5.01574090    -5.00969695    -5.17519615    -5.01574090    -5.00192316
      135     0.00607398    -5.01577878    -5.00970479    -5.17464604    -5.01577878    -5.00155679
      136     0.00610536    -5.01577970    -5.00967434    -5.17409572    -5.01577970    -5.00119022
      137     0.00613812    -5.01581712    -5.00967899    -5.17354515    -5.01581712    -5.00086015
      138     0.00617232    -5.01585419    -5.00968188    -5.17299424    -5.01585419    -5.00049298
      139     0.00620796    -5.01589084    -5.00968289    -5.17244290    -5.01589084    -5.00016214
      140     0.00570027    -5.01592696    -5.01022670    -5.17189103    -5.01592696    -4.99979402
      141     0.00573721    -5.01598719    -5.01024998    -5.17136326    -5.01598719    -4.99948675
      142     0.00577574    -5.01601012    -5.01023438    -5.17083496    -5.01601012    -4.99914219
      143     0.00581586    -5.01606913    -5.01025327    -5.17030598    -5.01606913    -4.99883371
      144     0.00585753    -5.01609060    -5.01023306    -5.16977621    -5.01609060    -4.99848768
      145     0.00590076    -5.01614788    -5.01024712    -5.16924551    -5.01614788    -4.99817747
      146     0.00594553    -5.01616736    -5.01022183    -5.16871374    -5.01616736    -4.99782945
      147     0.00599183    -5.01622238    -5.01023056    -5.16818077    -5.01622238    -4.99751698
      148     0.00603965    -5.01627610    -5.01023645    -5.16764650    -5.01627610    -4.99720321
      149     0.00608900    -5.01632838    -5.01023938    -5.16711080    -5.01632838    -4.99688800
      150     0.00613991    -5.01637914    -5.01023923    -5.16657356    -5.01637914    -4.99657126
      151     0.00619240    -5.01642826    -5.01023587    -5.16603470    -5.01642826    -4.99625289
      152     0.00624650    -5.01647569    -5.01022919    -5.16549414    -5.01647569    -4.99593283
      153     0.00630228    -5.01652135    -5.01021907    -5.16495181    -5.01652135    -4.99561100
      154     0.00635981    -5.01660194    -5.01024213    -5.16440766    -5.01660194    -4.99532409
      155     0.00641916    -5.01664394    -5.01022478    -5.16386167    -5.01664394    -4.99499859
      156     0.00648043    -5.01672080    -5.01024037    -5.16331380    -5.01672080    -4.99470797
      157     0.00654372    -5.01679579    -5.01025207    -5.16276405    -5.01679579    -4.99437871
      158     0.00660915    -5.01683215    -5.01022300    -5.16221242    -5.01683215    -4.99408433
      159     0.00667685    -5.01690340    -5.01022655    -5.16165892    -5.01690340    -4.99378808
      160     0.00570027    -5.01697281    -5.01127254    -5.16110360    -5.01697281    -4.99349000
      161     0.00576719    -5.01704888    -5.01128169    -5.16059168    -5.01704888    -4.99319857
      162     0.00583692    -5.01712367    -5.01128675    -5.16007848    -5.01712367    -4.99294262
      163     0.00590957    -5.01719722    -5.01128765    -5.15956405    -5.01719722    -4.99264869
      164     0.00598529    -5.01726956    -5.01128428    -5.15904840    -5.01726956    -4.99239028
      165     0.00606417    -5.01734073    -5.01127656    -5.15853157    -5.01734073    -4.99213070
      166     0.00614632    -5.01744748    -5.01130116    -5.15801359    -5.01744748    -4.99186996
      167     0.00623185    -5.01751635    -5.01128450    -5.15749447    -5.01751635    -4.99160809
      168     0.00632085    -5.01762085    -5.01130000    -5.15697423    -5.01762085    -4.99134509
      169     0.00641337    -5.01768747    -5.01127410    -5.15645286    -5.01768747    -4.99108097
      170     0.00650949    -5.01778971    -5.01128023    -5.15593037    -5.01778971    -4.99081572
      171     0.00660924    -5.01789082    -5.01128158    -5.15540673    -5.01789082    -4.99054933
      172     0.00671265    -5.01799074    -5.01127809    -5.15488191    -5.01799074    -4.99028176
      173     0.00681972    -5.01808944    -5.01126972    -5.15435588    -5.01808944    -4.99004972
      174     0.00693045    -5.01822362    -5.01129317    -5.15382857    -5.01822362    -4.98977966
      175     0.00704481    -5.01831972    -5.01127491    -5.15329993    -5.01831972    -4.98950826
      176     0.00716275    -5.01845115    -5.01128841    -5.15276988    -5.01845115    -4.98927220
      177     0.00728421    -5.01858109    -5.01129688    -5.15223833    -5.01858109    -4.98903465
      178     0.00740912    -5.01870944    -5.01130031    -5.15170518    -5.01870944    -4.98875875
      179     0.00753740    -5.01883609    -5.01129869    -5.15117035    -5.01883609    -4.98851791
      180     0.00570027    -5.01896095    -5.01326068    -5.15063372    -5.01896095    -4.98827527
      181     0.00581678    -5.01908502    -5.01326823    -5.15016980    -5.01908502    -4.98806860
      182     0.00593672    -5.01917137    -5.01323465    -5.14970491    -5.01917137    -4.98782421
      183     0.00605999    -5.01933016    -5.01327017    -5.14923897    -5.01933016    -4.98761551
      184     0.00618653    -5.01945106    -5.01326453    -5.14877187    -5.01945106    -4.98740566
      185     0.00631625    -5.01957072    -5.01325447    -5.14830355    -5.01957072    -4.98719458
      186     0.00644907    -5.01968908    -5.01324001    -5.14783392    -5.01968908    -4.98698219
      187     0.00658490    -5.01984280    -5.01325790    -5.14736290    -5.01984280    -4.98676842
      188     0.00672367    -5.01995832    -5.01323465    -5.14689043    -5.01995832    -4.98655320
      189     0.00686530    -5.02010907    -5.01324377    -5.14641644    -5.02010907    -4.98633645
      190     0.00700971    -5.02025824    -5.01324853    -5.14594087    -5.02025824    -4.98611813
      191     0.00715684    -5.02040579    -5.01324895    -5.14546369    -5.02040579    -4.98589819
      192     0.00730662    -5.02055169    -5.01324507    -5.14498485    -5.02055169    -4.98567659
      193     0.00745901    -5.02069590    -5.01323689    -5.14450432    -5.02069590    -4.98545331
      194     0.00761395    -5.02087516    -5.01326122    -5.14402210    -5.02087516    -4.98522833
      195     0.00777141    -5.02101597    -5.01324457    -5.14353817    -5.02101597    -4.98500165
      196     0.00793135    -5.02119184    -5.01326049    -5.14305255    -5.02119184    -4.98477327
      197     0.00809377    -5.02132927    -5.01323550    -5.14256524    -5.02132927    -4.98457996
      198     0.00825864    -5.02150179    -5.01324316    -5.14207628    -5.02150179    -4.98434824
      199     0.00842596    -5.02167270    -5.01324675    -5.14158570    -5.02167270    -4.98411491
      200     0.00570027    -5.02184204    -5.01614177    -5.14109354    -5.02184204    -4.98388000
      201     0.00584124    -5.02199203    -5.01615079    -5.14069230    -5.02199203    -4.98369925
      202     0.00598567    -5.02214239    -5.01615673    -5.14029142    -5.02214239    -4.98351887
      203     0.00613360    -5.02229317    -5.01615957    -5.13989096    -5.02229317    -4.98333891
      204     0.00628509    -5.02244443    -5.01615934    -5.13949098    -5.02244443    -4.98315942
      205     0.00644019    -5.02259622    -5.01615602    -5.13909152    -5.02259622    -4.98298046
      206     0.00659895    -5.02274856    -5.01614961    -5.13869263    -5.02274856    -4.98280206
      207     0.00676140    -5.02290150    -5.01614009    -5.13829433    -5.02290150    -4.98262426
      208     0.00692759    -5.02309182    -5.01616423    -5.13789666    -5.02309182    -4.98244709
      209     0.00709755    -5.02324604    -5.01614849    -5.13749964    -5.02324604    -4.98227056
      210     0.00727131    -5.02343768    -5.01616637    -5.13710329    -5.02343768    -4.98209471
      211     0.00744891    -5.02359325    -5.01614434    -5.13670762    -5.02359325    -4.98191953
      212     0.00763036    -5.02378625    -5.01615589    -5.13631263    -5.02378625    -4.98174504
      213     0.00781569    -5.02397992    -5.01616424    -5.13591832    -5.02397992    -4.98157122
      214     0.00800492    -5.02413752    -5.01613260    -5.13552467    -5.02413752    -4.98139807
      215     0.00819806    -5.02433252    -5.01613445    -5.13513168    -5.02433252    -4.98122558
      216     0.00839515    -5.02452815    -5.01613300    -5.13473933    -5.02452815    -4.98105372
      217     0.00859619    -5.02476115    -5.01616496    -5.13434759    -5.02476115    -4.98088247
      218     0.00880120    -5.02495799    -5.01615678    -5.13395644    -5.02495799    -4.98071182
      219     0.00901021    -5.02515538    -5.01614516    -5.13356584    -5.02515538    -4.98054172
      220     0.00570027    -5.02535330    -5.01965303    -5.13317577    -5.02535330    -4.98037214
      221     0.00587174    -5.02552589    -5.01965415    -5.13287062    -5.02552589    -4.98025074
      222     0.00604808    -5.02570107    -5.01965299    -5.13256806    -5.02570107    -4.98013193
      223     0.00622931    -5.02591553    -5.01968622    -5.13226803    -5.02591553    -4.97997890
      224     0.00641545    -5.02609571    -5.01968026    -5.13197047    -5.02609571    -4.97986508
      225     0.00660652    -5.02627828    -5.01967176    -5.13167530    -5.02627828    -4.97975366
      226     0.00680255    -5.02646317    -5.01966063    -5.13138245    -5.02646317    -4.97960780
      227     0.00700355    -5.02668706    -5.01968351    -5.13109184    -5.02668706    -4.97950095
      228     0.00720956    -5.02687635    -5.01966679    -5.13080339    -5.02687635    -4.97935949
      229     0.00742060    -5.02710447    -5.01968387    -5.13051702    -5.02710447    -4.97925687
      230     0.00763671    -5.02729784    -5.01966113    -5.13023265    -5.02729784    -4.97911949
      231     0.00785793    -5.02752986    -5.01967194    -5.12995019    -5.02752986    -4.97902078
      232     0.00808430    -5.02776373    -5.01967942    -5.12966956    -5.02776373    -4.97888714
      233     0.00831590    -5.02799935    -5.01968345    -5.12939069    -5.02799935    -4.97875527
      234     0.00855278    -5.02823666    -5.01968388    -5.12911351    -5.02823666    -4.97862509
      235     0.00879502    -5.02847559    -5.01968057    -5.12883795    -5.02847559    -4.97853328
      236     0.00904271    -5.02871608    -5.01967337    -5.12856395    -5.02871608    -4.97840628
      237     0.00929595    -5.02895809    -5.01966214    -5.12829147    -5.02895809    -4.97828079
      238     0.00955485    -5.02923831    -5.01968346    -5.12802045    -5.02923831    -4.97815677
      239     0.00981954    -5.02948320    -5.01966367    -5.12775086    -5.02948320    -4.97803417
      240     0.00570027    -5.02976625    -5.02406598    -5.12748266    -5.02976625    -4.97791297
      241     0.00590914    -5.02997136    -5.02406222    -5.12728353    -5.02997136    -4.97778734
      242     0.00612451    -5.03018029    -5.02405578    -5.12708821    -5.03018029    -4.97770227
      243     0.00634651    -5.03039301    -5.02404650    -5.12689670    -5.03039301    -4.97762101
      244     0.00657531    -5.03064625    -5.02407094    -5.12670894    -5.03064625    -4.97750675
      245     0.00681105    -5.03086647    -5.02405542    -5.12652492    -5.03086647    -4.97743297
      246     0.00705390    -5.03112715    -5.02407326    -5.12634461    -5.03112715    -4.97732617
      247     0.00730405    -5.03135478    -5.02405074    -5.12616800    -5.03135478    -4.97722305
      248     0.00756168    -5.03162285    -5.02406117    -5.12599507    -5.03162285    -4.97712362
      249     0.00782701    -5.03189458    -5.02406758    -5.12582582    -5.03189458    -4.97702787
      250     0.00810025    -5.03216999    -5.02406974    -5.12566023    -5.03216999    -4.97689903
      251     0.00838163    -5.03244906    -5.02406743    -5.12549831    -5.03244906    -4.97681061
      252     0.00867141    -5.03273181    -5.02406041    -5.12534007    -5.03273181    -4.97668912
      253     0.00896983    -5.03301825    -5.02404842    -5.12518551    -5.03301825    -4.97657131
      254     0.00927717    -5.03334513    -5.02406796    -5.12503466    -5.03334513    -4.97645720
      255     0.00959372    -5.03363897    -5.02404525    -5.12488751    -5.03363897    -4.97634680
      256     0.00991977    -5.03397330    -5.02405353    -5.12474409    -5.03397330    -4.97624014
      257     0.01025564    -5.03431138    -5.02405575    -5.12460444    -5.03431138    -4.97613723
      258     0.01060165    -5.03465325    -5.02405160    -5.12446856    -5.03465325    -4.97600135
      259     0.01095814    -5.03503567    -5.02407753    -5.12433649    -5.03503567    -4.97586928
      260     0.00570027    -5.03538518    -5.02968491    -5.12420826    -5.03538518    -4.97574105
      261     0.00597001    -5.03566626    -5.02969625    -5.12412185    -5.03566626    -4.97565464
      262     0.00625036    -5.03595373    -5.02970337    -5.12404182    -5.03595373    -4.97557461
      263     0.00654162    -5.03621084    -5.02966922    -5.12396819    -5.03621084    -4.97546423
      264     0.00684411    -5.03654784    -5.02970373    -5.12390095    -5.03654784    -4.97539699
      265     0.00715815    -5.03685449    -5.02969634    -5.12384010    -5.03685449    -4.97529940
      266     0.00748407    -5.03716751    -5.02968344    -5.12378564    -5.03716751    -4.97520818
      267     0.00782222    -5.03752366    -5.02970144    -5.12373754    -5.03752366    -4.97508658
      268     0.00817294    -5.03784940    -5.02967646    -5.12369578    -5.03784940    -4.97500808
      269     0.00853660    -5.03821821    -5.02968160    -5.12366035    -5.03821821    -4.97489915
      270     0.00891359    -5.03859331    -5.02967972    -5.12363121    -5.03859331    -4.97479651
      271     0.00930429    -5.03897466    -5.02967037    -5.12360832    -5.03897466    -4.97470012
      272     0.00970911    -5.03939897    -5.02968986    -5.12359163    -5.03939897    -4.97460993
      273     0.01012847    -5.03982943    -5.02970096    -5.12358110    -5.03982943    -4.97448916
      274     0.01056279    -5.04026599    -5.02970320    -5.12357667    -5.04026599    -4.97437448
      275     0.01101253    -5.04070858    -5.02969605    -5.12357828    -5.04070858    -4.97426583
      276     0.01147816    -5.04115714    -5.02967899    -5.12358584    -5.04115714    -4.97416315
      277     0.01196015    -5.04164834    -5.02968819    -5.12359930    -5.04164834    -4.97406636
      278     0.01245903    -5.04214534    -5.02968631    -5.12361856    -5.04214534    -4.97393862
      279     0.01297530    -5.04264805    -5.02967275    -5.12364353    -5.04264805    -4.97381660
      280     0.00570027    -5.04319313    -5.03749286    -5.12367412    -5.04319313    -4.97370019
      281     0.00606120    -5.04354975    -5.03748856    -5.12370000    -5.04354975    -4.97361582
      282     0.00643829    -5.04391474    -5.03747644    -5.12373423    -5.04391474    -4.97353981
      283     0.00683198    -5.04432472    -5.03749274    -5.12377673    -5.04432472    -4.97347205
      284     0.00724268    -5.04474285    -5.03750017    -5.12382737    -5.04474285    -4.97341245
      285     0.00767085    -5.04516902    -5.03749817    -5.12388604    -5.04516902    -4.97332412
      286     0.00811696    -5.04560309    -5.03748613    -5.12395262    -5.04560309    -4.97324370
      287     0.00858152    -5.04608169    -5.03750017    -5.12402697    -5.04608169    -4.97317106
      288     0.00906504    -5.04656791    -5.03750288    -5.12410895    -5.04656791    -4.97310604
      289     0.00956807    -5.04706162    -5.03749355    -5.12419842    -5.04706162    -4.97301176
      290     0.01009119    -5.04759940    -5.03750821    -5.12429521    -5.04759940    -4.97292481
      291     0.01063501    -5.04814434    -5.03750934    -5.12439916    -5.04814434    -4.97284501
      292     0.01120017    -5.04869628    -5.03749611    -5.12451010    -5.04869628    -4.97277220
      293     0.01178735    -5.04929177    -5.03750442    -5.12462786    -5.04929177    -4.97270621
      294     0.01239728    -5.04989390    -5.03749662    -5.12475224    -5.04989390    -4.97264686
      295     0.01303071    -5.05053923    -5.03750852    -5.12488308    -5.05053923    -4.97255720
      296     0.01368844    -5.05119082    -5.03750238    -5.12502018    -5.05119082    -4.97247380
      297     0.01437133    -5.05184846    -5.03747713    -5.12516334    -5.05184846    -4.97239646
      298     0.01508028    -5.05258548    -5.03750520    -5.12531236    -5.05258548    -4.97232499
      299     0.01581625    -5.05332815    -5.03751190    -5.12546705    -5.05332815    -4.97222243
      300     0.00570027    -5.05407628    -5.04837602    -5.12562719    -5.05407628    -4.97216207
      301     0.00616837    -5.05454363    -5.04837526    -5.12572704    -5.05454363    -4.97211493
      302     0.00666032    -5.05501965    -5.04835933    -5.12583557    -5.05501965    -4.97207646
      303     0.00717679    -5.05554093    -5.04836414    -5.12595261    -5.05554093    -4.97200975
      304     0.00771850    -5.05610728    -5.04838878    -5.12607796    -5.05610728    -4.97198811
      305     0.00828621    -5.05664500    -5.04835879    -5.12621145    -5.05664500    -4.97193785
      306     0.00888073    -5.05726415    -5.04838342    -5.12635285    -5.05726415    -4.97189550
      307     0.00950293    -5.05789100    -5.04838808    -5.12650196    -5.05789100    -4.97186087
      308     0.01015371    -5.05852535    -5.04837163    -5.12665857    -5.05852535    -4.97179698
      309     0.01083407    -5.05920370    -5.04836963    -5.12682243    -5.05920370    -4.97177709
      310     0.01154505    -5.05992582    -5.04838077    -5.12699331    -5.05992582    -4.97172748
      311     0.01228776    -5.06065472    -5.04836696    -5.12717097    -5.06065472    -4.97168464
      312     0.01306340    -5.06142691    -5.04836350    -5.12735517    -5.06142691    -4.97164834
      313     0.01387325    -5.06224213    -5.04836888    -5.12754565    -5.06224213    -4.97161833
      314     0.01471868    -5.06310013    -5.04838146    -5.12774217    -5.06310013    -4.97155761
      315     0.01560115    -5.06396394    -5.04836279    -5.12794448    -5.06396394    -4.97153943
      316     0.01652224    -5.06490681    -5.04838457    -5.12815237    -5.06490681    -4.97149007
      317     0.01748364    -5.06585501    -5.04837137    -5.12836558    -5.06585501    -4.97148278
      318     0.01848718    -5.06684508    -5.04835790    -5.12858392    -5.06684508    -4.97144387
      319     0.01953483    -5.06791358    -5.04837874    -5.12880718    -5.06791358    -4.97140989
      320     0.00570027    -5.06898683    -5.06328657    -5.12903521    -5.06898683    -4.97138067
      321     0.00630608    -5.06958947    -5.06328340    -5.12916010    -5.06958947    -4.97139532
      322     0.00694920    -5.07023635    -5.06328714    -5.12929249    -5.07023635    -4.97138071
      323     0.00763090    -5.07092726    -5.06329636    -5.12943216    -5.07092726    -4.97137339
      324     0.00835253    -5.07166203    -5.06330950    -5.12957895    -5.07166203    -4.97133642
      325     0.00911557    -5.07240372    -5.06328815    -5.12973264    -5.07240372    -4.97134312
      326     0.00992161    -5.07322564    -5.06330403    -5.12989307    -5.07322564    -4.97131981
      327     0.01077238    -5.07405412    -5.06328175    -5.13006007    -5.07405412    -4.97130306
      328     0.01166974    -5.07496252    -5.06329278    -5.13023348    -5.07496252    -4.97132947
      329     0.01261572    -5.07591395    -5.06329823    -5.13041318    -5.07591395    -4.97132542
      330     0.01361252    -5.07690834    -5.06329582    -5.13059908    -5.07690834    -4.97132757
      331     0.01466251    -5.07794564    -5.06328314    -5.13079115    -5.07794564    -4.97129915
      332     0.01576824    -5.07906264    -5.06329440    -5.13098941    -5.07906264    -4.97131366
      333     0.01693247    -5.08022268    -5.06329021    -5.13119397    -5.08022268    -4.97133448
      334     0.01815816    -5.08146273    -5.06330457    -5.13140504    -5.08146273    -4.97132505
      335     0.01944831    -5.08274627    -5.06329796    -5.13162285    -5.08274627    -4.97135911
      336     0.02080590    -5.08411017    -5.06330428    -5.13184753    -5.08411017    -4.97136329
      337     0.02223390    -5.08551792    -5.06328402    -5.13207930    -5.08551792    -4.97141132
      338     0.02373523    -5.08704338    -5.06330815    -5.13231853    -5.08704338    -4.97143006
      339     0.02531260    -5.08861367    -5.06330107    -5.13256585    -5.08861367    -4.97145688
      340     0.00570027    -5.09026642    -5.08456616    -5.13282212    -5.09026642    -4.97149266
      341     0.00651025    -5.09108759    -5.08457734    -5.13294505    -5.09108759    -4.97150534
      342     0.00738213    -5.09195138    -5.08456925    -5.13307386    -5.09195138    -4.97156064
      343     0.00831734    -5.09289481    -5.08457746    -5.13320880    -5.09289481    -4.97154859
      344     0.00931717    -5.09388155    -5.08456438    -5.13335031    -5.09388155    -4.97157985
      345     0.01038261    -5.09494900    -5.08456639    -5.13349902    -5.09494900    -4.97161832
      346     0.01151412    -5.09609804    -5.08458392    -5.13365583    -5.09609804    -4.97162813
      347     0.01271124    -5.09729311    -5.08458186    -5.13382192    -5.09729311    -4.97164722
      348     0.01397208    -5.09853579    -5.08456370    -5.13399887    -5.09853579    -4.97167717
      349     0.01529251    -5.09986489    -5.08457238    -5.13418875    -5.09986489    -4.97168330
      350     0.01666501    -5.10124632    -5.08458132    -5.13439420    -5.10124632    -4.97170501
      351     0.01807702    -5.10264672    -5.08456971    -5.13461862    -5.10264672    -4.97174568
      352     0.01950877    -5.10407033    -5.08456156    -5.13486625    -5.10407033    -4.97177281
      353     0.02093065    -5.10552234    -5.08459169    -5.13514228    -5.10552234    -4.97179160
      354     0.02230073    -5.10686194    -5.08456120    -5.13545290    -5.10686194    -4.97184497
      355     0.02356406    -5.10813286    -5.08456880    -5.13580509    -5.10813286    -4.97186642
      356     0.02465651    -5.10923229    -5.08457578    -5.13620629    -5.10923229    -4.97190013
      357     0.02551580    -5.11009388    -5.08457808    -5.13666363    -5.11009388    -4.97191648
      358     0.02609872    -5.11068669    -5.08458797    -5.13718294    -5.11068669    -4.97195805
      359     0.02639693    -5.11097749    -5.08458056    -5.13776774    -5.11097749    -4.97199161
      360     0.00570027    -5.11104044    -5.10534017    -5.13841867    -5.11104044    -4.97205455
      361     0.00567539    -5.11100488    -5.10532949    -5.13875061    -5.11100488    -4.97209250
      362     0.00567412    -5.11099735    -5.10532323    -5.13911057    -5.11099735    -4.97215846
      363     0.00571042    -5.11105270    -5.10534227    -5.13949666    -5.11105270    -4.97225056
      364     0.00579614    -5.11113216    -5.10533602    -5.13990687    -5.11113216    -4.97236677
      365     0.00594102    -5.11127040    -5.10532938    -5.14033911    -5.11127040    -4.97250501
      366     0.00615289    -5.11146530    -5.10531241    -5.14079124    -5.11146530    -4.97266316
      367     0.00643789    -5.11175150    -5.10531361    -5.14126119    -5.11175150    -4.97283911
      368     0.00680075    -5.11212698    -5.10532623    -5.14174692    -5.11212698    -4.97303085
      369     0.00724502    -5.11255303    -5.10530801    -5.14224647    -5.11255303    -4.97323640
      370     0.00777322    -5.11310130    -5.10532808    -5.14275800    -5.11310130    -4.97345393
      371     0.00838703    -5.11369659    -5.10530956    -5.14327979    -5.11369659    -4.97371847
      372     0.00908727    -5.11441084    -5.10532357    -5.14381029    -5.11441084    -4.97395499
      373     0.00987389    -5.11520596    -5.10533207    -5.14434817    -5.11520596    -4.97423561
      374     0.01074582    -5.11608084    -5.10533501    -5.14489230    -5.11608084    -4.97452250
      375     0.01170070    -5.11703461    -5.10533391    -5.14544183    -5.11703461    -4.97477804
      376     0.01273441    -5.11806676    -5.10533236    -5.14599624    -5.11806676    -4.97507520
      377     0.01384041    -5.11917713    -5.10533672    -5.14655536    -5.11917713    -4.97541383
      378     0.01500885    -5.12032923    -5.10532038    -5.14711947    -5.12032923    -4.97572070
      379     0.01622537    -5.12156056    -5.10533519    -5.14768931    -5.12156056    -4.97603329
      380     0.00570027    -5.12279886    -5.11709859    -5.14826613    -5.12279886    -4.97635286
      381     0.00643451    -5.12354014    -5.11710563    -5.14860317    -5.12354014    -4.97654291
      382     0.00719792    -5.12429250    -5.11709459    -5.14895129    -5.12429250    -4.97674403
      383     0.00797150    -5.12505689    -5.11708539    -5.14931143    -5.12505689    -4.97692043
      384     0.00873309    -5.12583434    -5.11710126    -5.14968464    -5.12583434    -4.97714664
      385     0.00945863    -5.12655230    -5.11709367    -5.15007186    -5.12655230    -4.97735011
      386     0.01012475    -5.12724819    -5.11712344    -5.15047375    -5.12724819    -4.97753150
      387     0.01071217    -5.12781187    -5.11709970    -5.15089043    -5.12781187    -4.97772769
      388     0.01120930    -5.12831623    -5.11710693    -5.15132130    -5.12831623    -4.97790131
      389     0.01161479    -5.12872306    -5.11710827    -5.15176487    -5.12872306    -4.97808764
      390     0.01193780    -5.12902998    -5.11709218    -5.15221879    -5.12902998    -4.97821081
      391     0.01219608    -5.12930739    -5.11711131    -5.15267995    -5.12930739    -4.97834123
      392     0.01241254    -5.12951488    -5.11710234    -5.15314469    -5.12951488    -4.97843848
      393     0.01261168    -5.12972205    -5.11711036    -5.15360910    -5.12972205    -4.97853539
      394     0.01281682    -5.12992490    -5.11710809    -5.15406920    -5.12992490    -4.97862800
      395     0.01304841    -5.13015639    -5.11710798    -5.15452118    -5.13015639    -4.97867574
      396     0.01332343    -5.13041301    -5.11708958    -5.15496155    -5.13041301    -4.97867511
      397     0.01365531    -5.13076518    -5.11710987    -5.15538722    -5.13076518    -4.97869654
      398     0.01405419    -5.13113681    -5.11708263    -5.15579560    -5.13113681    -4.97870068
      399     0.01452725    -5.13163617    -5.11710893    -5.15618471    -5.13163617    -4.97864880
      400     0.00570027    -5.13218844    -5.12648817    -5.15655323    -5.13218844    -4.97861307
