#     Density Matrix: coherence Re-Im; see the manual for detail orders
        0     0.00000000     0.00000000     0.00000000     0.00000000     0.00000000     0.00000000
        1    -0.00000001     0.00000001    -0.00002371     0.00001412     0.00053882    -0.00008839
        2    -0.00000001     0.00000008     0.00000803     0.00004413     0.00160249    -0.00061147
        3     0.00000026     0.00000004     0.00008119    -0.00003656     0.00253004    -0.00162536
        4     0.00000059    -0.00000035     0.00004229    -0.00015297     0.00313891    -0.00301241
        5     0.00000063    -0.00000064    -0.00002610    -0.00015652     0.00333024    -0.00458633
        6     0.00000090    -0.00000030     0.00001967    -0.00013641     0.00311183    -0.00614057
        7     0.00000195     0.00000004     0.00008481    -0.00023121     0.00259406    -0.00750139
        8     0.00000300    -0.00000037     0.00003561    -0.00034169     0.00196159    -0.00857112
        9     0.00000313    -0.00000072    -0.00002567    -0.00033858     0.00143158    -0.00935081
       10     0.00000327    -0.00000014     0.00002603    -0.00032585     0.00120978    -0.00994123
       11     0.00000460     0.00000029     0.00008593    -0.00042506     0.00145150    -0.01052326
       12     0.00000610    -0.00000080     0.00003468    -0.00053197     0.00224464    -0.01132478
       13     0.00000656    -0.00000223    -0.00002581    -0.00052845     0.00361231    -0.01258659
       14     0.00000758    -0.00000252     0.00002177    -0.00051275     0.00553668    -0.01453496
       15     0.00001114    -0.00000336     0.00008382    -0.00060233     0.00799770    -0.01737090
       16     0.00001557    -0.00000694     0.00004155    -0.00070970     0.01102177    -0.02127896
       17     0.00001853    -0.00001122    -0.00002561    -0.00071409     0.01474761    -0.02645727
       18     0.00002286    -0.00001322     0.00000504    -0.00068523     0.01951223    -0.03317182
       19     0.00003331    -0.00001633     0.00007479    -0.00074772     0.02597060    -0.04184675
       20     0.00004771    -0.00002729     0.00005689    -0.00085550     0.03531048    -0.05319773
       21     0.00003794    -0.00004782    -0.00030694    -0.00073158     0.03686796    -0.06701642
       22    -0.00000187    -0.00003419    -0.00038760    -0.00011733     0.02867891    -0.07889257
       23     0.00000318     0.00002133     0.00023580     0.00002145     0.02136670    -0.08776372
       24     0.00006552     0.00003626     0.00049049    -0.00059664     0.01743835    -0.09444980
       25     0.00009703    -0.00002443    -0.00005166    -0.00096395     0.01968327    -0.10064854
       26     0.00004150    -0.00006842    -0.00047244    -0.00051163     0.03133390    -0.10899890
       27     0.00000126    -0.00001194    -0.00007471    -0.00004433     0.05654587    -0.12320790
       28     0.00010565     0.00003310     0.00046761    -0.00036968     0.10111396    -0.14836369
       29     0.00024220    -0.00012567     0.00024668    -0.00095451     0.17172855    -0.19130433
       30     0.00013114    -0.00036798    -0.00036870    -0.00079881     0.26503332    -0.25946422
       31    -0.00010530    -0.00024738    -0.00034200    -0.00012150     0.32384354    -0.35199467
       32     0.00009630     0.00014867     0.00015019    -0.00001515     0.22544864    -0.43918415
       33     0.00049418     0.00015188     0.00010070    -0.00035311    -0.00961596    -0.47199547
       34     0.00042638    -0.00006804    -0.00020407    -0.00028491    -0.21868524    -0.43772089
       35     0.00007543    -0.00000850    -0.00005885    -0.00004788    -0.35005231    -0.35702004
       36    -0.00011531     0.00029181     0.00029894    -0.00023124    -0.42252594    -0.25101716
       37    -0.00004375     0.00052174     0.00026779    -0.00068648    -0.45267517    -0.13424068
       38     0.00010421     0.00050535    -0.00013594    -0.00081406    -0.44917408    -0.01702902
       39     0.00012440     0.00030798    -0.00033377    -0.00048535    -0.41767163     0.09275073
       40    -0.00003182     0.00011117    -0.00004440    -0.00021769    -0.36324807     0.18911215
       41    -0.00019176     0.00007113     0.00018884    -0.00036661    -0.29395899     0.26838801
       42    -0.00022535     0.00012748     0.00003301    -0.00053374    -0.21382499     0.32880983
       43    -0.00017662     0.00014398    -0.00016817    -0.00044712    -0.12379070     0.36834607
       44    -0.00010542     0.00007780    -0.00014690    -0.00023410    -0.02914644     0.38596321
       45    -0.00008207    -0.00004521     0.00006491    -0.00018643     0.06493911     0.38189723
       46    -0.00012791    -0.00015130     0.00018502    -0.00037074     0.15373553     0.35753593
       47    -0.00019649    -0.00017965     0.00005693    -0.00054724     0.23320824     0.31519877
       48    -0.00021287    -0.00013390    -0.00015104    -0.00048921     0.30012528     0.25789863
       49    -0.00014017    -0.00007973    -0.00017178    -0.00027344     0.35215303     0.18907461
       50    -0.00001413    -0.00008828     0.00002168    -0.00017466     0.38780603     0.11245695
       51     0.00008395    -0.00017125     0.00018791    -0.00031785     0.40649365     0.03181434
       52     0.00009634    -0.00026559     0.00012167    -0.00052457     0.40844671    -0.04928165
       53     0.00004295    -0.00028842    -0.00008994    -0.00054058     0.39458574    -0.12757532
       54     0.00000494    -0.00021333    -0.00018186    -0.00035188     0.36639440    -0.20023707
       55     0.00004945    -0.00009648    -0.00004135    -0.00019483     0.32578392    -0.26493649
       56     0.00016635    -0.00002712     0.00016006    -0.00026204     0.27492637    -0.31990677
       57     0.00027573    -0.00004710     0.00018163    -0.00047268     0.21617316    -0.36388289
       58     0.00029968    -0.00011365     0.00000217    -0.00057759     0.15192612    -0.39612284
       59     0.00023224    -0.00013906    -0.00016193    -0.00045878     0.08449622    -0.41637782
       60     0.00014409    -0.00007112    -0.00011777    -0.00026335     0.01613621    -0.42480244
       61     0.00011264     0.00003479     0.00003751    -0.00020836    -0.05148734    -0.42191197
       62     0.00014011     0.00010969     0.00012037    -0.00029648    -0.11680124    -0.40837232
       63     0.00018845     0.00013472     0.00007786    -0.00041017    -0.17802591    -0.38508835
       64     0.00020750     0.00011007    -0.00004114    -0.00042261    -0.23380757    -0.35319318
       65     0.00017016     0.00007721    -0.00010268    -0.00032311    -0.28306901    -0.31397723
       66     0.00009585     0.00008188    -0.00003952    -0.00022626    -0.32506882    -0.26876633
       67     0.00003331     0.00013431     0.00007581    -0.00024168    -0.35932998    -0.21886596
       68     0.00001880     0.00020094     0.00011415    -0.00035326    -0.38553183    -0.16565907
       69     0.00004582     0.00023390     0.00003248    -0.00043948    -0.40359525    -0.11049505
       70     0.00007208     0.00021184    -0.00008131    -0.00040786    -0.41367076    -0.05457258
       71     0.00005631     0.00015749    -0.00010594    -0.00029395    -0.41605862     0.00105506
       72    -0.00000654     0.00011770    -0.00001731    -0.00022068    -0.41117590     0.05533206
       73    -0.00008145     0.00012388     0.00008779    -0.00026563    -0.39957578     0.10732929
       74    -0.00012311     0.00016619     0.00009664    -0.00038002    -0.38188842     0.15633069
       75    -0.00011352     0.00020281    -0.00000083    -0.00044259    -0.35880591     0.20171664
       76    -0.00007623     0.00019543    -0.00010365    -0.00038746    -0.33103505     0.24303329
       77    -0.00005595     0.00014116    -0.00010662    -0.00027120    -0.29931119     0.27991575
       78    -0.00008121     0.00007458    -0.00000851    -0.00021212    -0.26436927     0.31211880
       79    -0.00014108     0.00003892     0.00008890    -0.00026825    -0.22692755     0.33950803
       80    -0.00019470     0.00005081     0.00008612    -0.00037983    -0.18767405     0.36204905
       81    -0.00020098     0.00009168    -0.00002491    -0.00042763    -0.14722284     0.37982550
       82    -0.00015463     0.00011244    -0.00013249    -0.00034679    -0.10612502     0.39296033
       83    -0.00009815     0.00007787    -0.00011898    -0.00021246    -0.06487628     0.40161437
       84    -0.00007970     0.00000415     0.00000106    -0.00015518    -0.02392215     0.40600274
       85    -0.00011487    -0.00006052     0.00010864    -0.00022792     0.01630854     0.40637019
       86    -0.00017440    -0.00007519     0.00009863    -0.00035576     0.05540296     0.40300077
       87    -0.00020826    -0.00003919    -0.00001840    -0.00041116     0.09308060     0.39620050
       88    -0.00018636     0.00000760    -0.00012861    -0.00033817     0.12914918     0.38626584
       89    -0.00012299     0.00001731    -0.00012617    -0.00020477     0.16338752     0.37350816
       90    -0.00006514    -0.00002719    -0.00001420    -0.00013567     0.19558673     0.35826284
       91    -0.00005469    -0.00009853     0.00010018    -0.00019276     0.22565301     0.34083386
       92    -0.00009469    -0.00014690     0.00010902    -0.00031774     0.25352710     0.32150885
       93    -0.00014707    -0.00014018     0.00000509    -0.00038920     0.27912208     0.30061002
       94    -0.00016337    -0.00008983    -0.00011330    -0.00033734     0.30244540     0.27840017
       95    -0.00012375    -0.00004167    -0.00013569    -0.00020788     0.32352602     0.25511956
       96    -0.00005312    -0.00003918    -0.00004187    -0.00011770     0.34238807     0.23101824
       97    -0.00000126    -0.00008857     0.00008105    -0.00014586     0.35909779     0.20629640
       98    -0.00000308    -0.00015373     0.00012049    -0.00026179     0.37371413     0.18116721
       99    -0.00005059    -0.00018504     0.00004153    -0.00035519     0.38632704     0.15579064
      100    -0.00009920    -0.00015909    -0.00008273    -0.00033753     0.39701814     0.13034338
      101    -0.00010386    -0.00009718    -0.00014045    -0.00022128     0.40588080     0.10494764
      102    -0.00005371    -0.00004868    -0.00007969    -0.00010617     0.41301664     0.07970758
      103     0.00001857    -0.00005281     0.00004597    -0.00009089     0.41852862     0.05474944
      104     0.00006141    -0.00010649     0.00012440    -0.00018410     0.42252182     0.03010545
      105     0.00004614    -0.00016656     0.00008693    -0.00029784     0.42508607     0.00583314
      106    -0.00000993    -0.00018398    -0.00003151    -0.00032694     0.42630667    -0.01798123
      107    -0.00005703    -0.00014298    -0.00012489    -0.00024216     0.42626701    -0.04130206
      108    -0.00005237    -0.00007390    -0.00011036    -0.00011469     0.42504888    -0.06406264
      109     0.00000571    -0.00002942    -0.00000050    -0.00005228     0.42272634    -0.08624526
      110     0.00007606    -0.00004278     0.00010913    -0.00010457     0.41936511    -0.10783910
      111     0.00010713    -0.00010123     0.00012436    -0.00022086     0.41503474    -0.12879972
      112     0.00007794    -0.00015576     0.00003406    -0.00029544     0.40976170    -0.14920572
      113     0.00001495    -0.00015988    -0.00008133    -0.00025985     0.40359725    -0.16901964
      114    -0.00002859    -0.00010652    -0.00012042    -0.00014143     0.39659263    -0.18820872
      115    -0.00001472    -0.00003393    -0.00004841    -0.00003856     0.38875958    -0.20681815
      116     0.00004915     0.00000436     0.00007403    -0.00003538     0.38011729    -0.22485460
      117     0.00011583    -0.00001825     0.00014376    -0.00013003     0.37067874    -0.24232429
      118     0.00013545    -0.00008032     0.00010369    -0.00023723     0.36045122    -0.25923227
      119     0.00009476    -0.00012915    -0.00000909    -0.00026185     0.34946309    -0.27554849
      120     0.00002761    -0.00012211    -0.00009578    -0.00017991     0.33774428    -0.29124495
      121    -0.00000924    -0.00005840    -0.00007581    -0.00005865     0.32530891    -0.30635793
      122     0.00001747     0.00001522     0.00003728    -0.00000309     0.31214946    -0.32088785
      123     0.00008799     0.00004348     0.00014636    -0.00005918     0.29821486    -0.33482922
      124     0.00014922     0.00000917     0.00016248    -0.00017629     0.28346036    -0.34819825
      125     0.00015516    -0.00005628     0.00007565    -0.00025292     0.26793739    -0.36092382
      126     0.00010246    -0.00009738    -0.00003739    -0.00022248     0.25163495    -0.37298901
      127     0.00003282    -0.00007751    -0.00007819    -0.00010894     0.23450461    -0.38439332
      128     0.00000058    -0.00000701    -0.00000933    -0.00000617     0.21656860    -0.39508216
      129     0.00003103     0.00006508     0.00011459     0.00000108     0.19781526    -0.40501971
      130     0.00010126     0.00008878     0.00019309    -0.00009199     0.17823400    -0.41416301
      131     0.00015806     0.00005121     0.00016395    -0.00020660     0.15781616    -0.42246153
      132     0.00015852    -0.00001400     0.00005503    -0.00024650     0.13659663    -0.42984380
      133     0.00010242    -0.00005255    -0.00003939    -0.00017839     0.11453360    -0.43626013
      134     0.00003190    -0.00003070    -0.00003741    -0.00005947     0.09167137    -0.44162663
      135    -0.00000057     0.00003971     0.00006216     0.00001041     0.06806185    -0.44585962
      136     0.00002840     0.00011050     0.00017893    -0.00002786     0.04372206    -0.44888041
      137     0.00009604     0.00013349     0.00021804    -0.00014352     0.01871914    -0.45060053
      138     0.00015077     0.00009624     0.00014909    -0.00024164    -0.00691378    -0.45093268
      139     0.00015072     0.00003094     0.00003141    -0.00024219    -0.03313409    -0.44978229
      140     0.00009458    -0.00000985    -0.00003541    -0.00014669    -0.05984565    -0.44705363
      141     0.00002049     0.00001101     0.00001087    -0.00003527    -0.08695701    -0.44265473
      142    -0.00001648     0.00008470     0.00013653    -0.00000880    -0.11447241    -0.43646544
      143     0.00001149     0.00015927     0.00023373    -0.00009678    -0.14223780    -0.42838231
      144     0.00008138     0.00018390     0.00022112    -0.00022892    -0.17006215    -0.41832615
      145     0.00013953     0.00014419     0.00010834    -0.00029807    -0.19782167    -0.40620041
      146     0.00014086     0.00007230    -0.00001188    -0.00024962    -0.22533689    -0.39193095
      147     0.00008156     0.00002336    -0.00004116    -0.00012719    -0.25245005    -0.37543323
      148     0.00000161     0.00003534     0.00004222    -0.00003625    -0.27898292    -0.35662838
      149    -0.00004430     0.00010174     0.00016494    -0.00005587    -0.30467185    -0.33550396
      150    -0.00002626     0.00017643     0.00021985    -0.00017222    -0.32927783    -0.31204684
      151     0.00003950     0.00020703     0.00015591    -0.00028987    -0.35255077    -0.28626706
      152     0.00010245     0.00017252     0.00002122    -0.00031174    -0.37425584    -0.25816464
      153     0.00011412     0.00009822    -0.00007711    -0.00022070    -0.39413961    -0.22775996
      154     0.00006288     0.00003755    -0.00006308    -0.00009420    -0.41189359    -0.19517604
      155    -0.00001778     0.00003377     0.00004400    -0.00003912    -0.42721877    -0.16057649
      156    -0.00007318     0.00008914     0.00014553    -0.00010137    -0.43985478    -0.12408171
      157    -0.00006642     0.00016329     0.00014694    -0.00022670    -0.44952484    -0.08588667
      158    -0.00000461     0.00020203     0.00003812    -0.00030626    -0.45596186    -0.04622464
      159     0.00006618     0.00017597    -0.00009760    -0.00026894    -0.45891384    -0.00532447
      160     0.00009375     0.00010143    -0.00015393    -0.00014203    -0.45813624     0.03650185
      161     0.00005806     0.00002861    -0.00009385    -0.00002757    -0.45340831     0.07885786
      162    -0.00001682     0.00000538     0.00002230    -0.00001449    -0.44455472     0.12135176
      163    -0.00007977     0.00004529     0.00008787    -0.00010602    -0.43144667     0.16355667
      164    -0.00008640     0.00011745     0.00003789    -0.00021486    -0.41400964     0.20497393
      165    -0.00003166     0.00016798    -0.00009278    -0.00023752    -0.39218783     0.24515861
      166     0.00004648     0.00015822    -0.00019882    -0.00014367    -0.36596583     0.28363421
      167     0.00009383     0.00009214    -0.00019507    -0.00000287    -0.33543654     0.31983072
      168     0.00007821     0.00001368    -0.00009047     0.00007499    -0.30077365     0.35317784
      169     0.00001221    -0.00002412     0.00001922     0.00003500    -0.26216057     0.38316661
      170    -0.00005567     0.00000343     0.00003439    -0.00007468    -0.21988219     0.40925923
      171    -0.00007528     0.00007527    -0.00006115    -0.00014424    -0.17430043     0.43093391
      172    -0.00003030     0.00013945    -0.00018530    -0.00009835    -0.12585539     0.44769568
      173     0.00005011     0.00014980    -0.00022904     0.00003714    -0.07506516     0.45908806
      174     0.00011179     0.00009853    -0.00015245     0.00015695    -0.02252395     0.46470515
      175     0.00011367     0.00002172    -0.00002067     0.00016866     0.03110146     0.46420413
      176     0.00005657    -0.00002613     0.00005294     0.00007469     0.08507746     0.45731787
      177    -0.00001750    -0.00001053     0.00000712    -0.00002917     0.13861134     0.44386728
      178    -0.00005512     0.00005871    -0.00011215    -0.00003850     0.19086126     0.42377320
      179    -0.00002914     0.00013444    -0.00019185     0.00006613     0.24094834     0.39706731
      180     0.00004221     0.00016533    -0.00015297     0.00020063     0.28797106     0.36390177
      181     0.00011264     0.00012782    -0.00001345     0.00025217     0.33102042     0.32461749
      182     0.00012942     0.00004495     0.00011298     0.00016939     0.36920468     0.27967569
      183     0.00007371    -0.00002244     0.00011198     0.00002550     0.40164948     0.22964949
      184    -0.00001748    -0.00002595    -0.00000947    -0.00004581     0.42759698     0.17524073
      185    -0.00008328     0.00003763    -0.00013518     0.00002285     0.44637018     0.11727261
      186    -0.00008164     0.00012417    -0.00014498     0.00017038     0.45738766     0.05672515
      187    -0.00001850     0.00017320    -0.00002488     0.00026200     0.46021113    -0.00540602
      188     0.00005666     0.00015009     0.00011868     0.00021237     0.45451797    -0.06804097
      189     0.00008581     0.00006991     0.00015539     0.00006506     0.44014234    -0.12994191
      190     0.00004297    -0.00001347     0.00005120    -0.00004592     0.41709472    -0.18986700
      191    -0.00004775    -0.00004531    -0.00009906    -0.00001907     0.38556838    -0.24655156
      192    -0.00012907    -0.00000810    -0.00015831     0.00012025     0.34594795    -0.29873528
      193    -0.00015038     0.00006639    -0.00007435     0.00024226     0.29881386    -0.34519181
      194    -0.00010274     0.00011949     0.00007051     0.00023310     0.24494222    -0.38475996
      195    -0.00002471     0.00010658     0.00013523     0.00010204     0.18526017    -0.41639359
      196     0.00002486     0.00002815     0.00005232    -0.00002557     0.12094964    -0.43912911
      197     0.00000797    -0.00007057    -0.00010732    -0.00002511     0.05332404    -0.45219346
      198    -0.00006594    -0.00013100    -0.00019957     0.00010950    -0.01616100    -0.45500610
      199    -0.00014643    -0.00012181    -0.00014270     0.00025874    -0.08593526    -0.44720648
      200    -0.00017701    -0.00006061     0.00000458     0.00028986    -0.15438768    -0.42866325
      201    -0.00013897     0.00000828     0.00011477     0.00018220    -0.21963828    -0.39955078
      202    -0.00004885     0.00003242     0.00008578     0.00002885    -0.27992092    -0.36038415
      203     0.00004252    -0.00002134    -0.00007025    -0.00002070    -0.33371819    -0.31192161
      204     0.00007533    -0.00012488    -0.00020292     0.00009459    -0.37955661    -0.25514728
      205     0.00003179    -0.00021416    -0.00018109     0.00027739    -0.41607402    -0.19132353
      206    -0.00005107    -0.00023391    -0.00001981     0.00036446    -0.44209156    -0.12199130
      207    -0.00010718    -0.00017656     0.00013337     0.00028393    -0.45670531    -0.04881807
      208    -0.00008814    -0.00008799     0.00014075     0.00012525    -0.45926088     0.02636584
      209     0.00000200    -0.00003533     0.00000879     0.00005260    -0.44939465     0.10155773
      210     0.00010879    -0.00005929    -0.00011746     0.00014417    -0.42709689     0.17463267
      211     0.00016539    -0.00014475    -0.00009614     0.00031431    -0.39271811     0.24349184
      212     0.00013997    -0.00023095     0.00007129     0.00039610    -0.34694351     0.30611370
      213     0.00005854    -0.00025450     0.00023971     0.00030510    -0.29083291     0.36053657
      214    -0.00001344    -0.00019494     0.00026200     0.00012332    -0.22583710     0.40494628
      215    -0.00001791    -0.00008993     0.00013429     0.00001905    -0.15366394     0.43781981
      216     0.00005352    -0.00000886    -0.00000008     0.00008014    -0.07625341     0.45791167
      217     0.00015308    -0.00000322     0.00000672     0.00022599     0.00404234     0.46426985
      218     0.00021076    -0.00006975     0.00015818     0.00028732     0.08476772     0.45638902
      219     0.00018458    -0.00015289     0.00030795     0.00017595     0.16339959     0.43419026
      220     0.00009087    -0.00018515     0.00030502    -0.00002491     0.23737227     0.39803451
      221    -0.00001388    -0.00014233     0.00014615    -0.00015489     0.30421507     0.34879025
      222    -0.00006688    -0.00004346    -0.00003775    -0.00011314     0.36146036     0.28787690
      223    -0.00003509     0.00005305    -0.00008406     0.00004551     0.40688825     0.21712681
      224     0.00004998     0.00008084     0.00003520     0.00013930     0.43873539     0.13873470
      225     0.00011826     0.00002177     0.00017466     0.00005455     0.45561827     0.05526822
      226     0.00011174    -0.00008217     0.00016249    -0.00013704     0.45663600    -0.03043690
      227     0.00002565    -0.00015967    -0.00002402    -0.00024856     0.44142600    -0.11536807
      228    -0.00008862    -0.00016119    -0.00023269    -0.00016668     0.41022034    -0.19639953
      229    -0.00016051    -0.00009332    -0.00028925     0.00003274     0.36382246    -0.27052984
      230    -0.00014962    -0.00001290    -0.00017379     0.00016131     0.30366024    -0.33483942
      231    -0.00007269     0.00001384    -0.00004049     0.00011036     0.23170743    -0.38672891
      232     0.00000977    -0.00004263    -0.00005893    -0.00003745     0.15040101    -0.42400340
      233     0.00003634    -0.00015556    -0.00023850    -0.00009235     0.06268136    -0.44491401
      234    -0.00001321    -0.00026116    -0.00041619     0.00004735    -0.02817151    -0.44832275
      235    -0.00010486    -0.00030229    -0.00042162     0.00028910    -0.11871324    -0.43376162
      236    -0.00017406    -0.00026649    -0.00025070     0.00043875    -0.20547078    -0.40143237
      237    -0.00016926    -0.00019355    -0.00006913     0.00039777    -0.28496402    -0.35226325
      238    -0.00008624    -0.00014861    -0.00004149     0.00026204    -0.35395905    -0.28790040
      239     0.00002876    -0.00017896    -0.00016193     0.00022015    -0.40965683    -0.21061111
      240     0.00010851    -0.00028267    -0.00026159     0.00035585    -0.44980028    -0.12321155
      241     0.00008724    -0.00040057    -0.00015629     0.00055225    -0.47208311    -0.02900275
      242    -0.00001504    -0.00044425     0.00010378     0.00058232    -0.47539771     0.06821315
      243    -0.00009838    -0.00038687     0.00027695     0.00041132    -0.45991748     0.16454056
      244    -0.00008725    -0.00027605     0.00024408     0.00021530    -0.42546445     0.25609441
      245     0.00003920    -0.00021283     0.00010990     0.00017416    -0.36706870     0.33859506
      246     0.00020781    -0.00032145     0.00011956     0.00022504    -0.22460192     0.40292185
      247     0.00010794    -0.00052794     0.00034996    -0.00010631     0.22139101     0.40854178
      248    -0.00019291    -0.00017570     0.00005713    -0.00046264     0.24621428     0.34790525
      249    -0.00006627     0.00012709    -0.00037449    -0.00005902     0.10541276     0.31353945
      250     0.00015318     0.00012913    -0.00023717     0.00053478     0.08558312     0.29432369
      251     0.00024585    -0.00002644     0.00034254     0.00068185     0.10287433     0.27462052
      252     0.00016934    -0.00017395     0.00075310     0.00022380     0.13102600     0.24978632
      253     0.00000708    -0.00019834     0.00055670    -0.00037876     0.16045280     0.21863059
      254    -0.00011353    -0.00009378    -0.00005671    -0.00052188     0.18630900     0.18142633
      255    -0.00011570     0.00005187    -0.00046966    -0.00008246     0.20563747     0.13925210
      256    -0.00001887     0.00013338    -0.00028041     0.00045828     0.21648517     0.09373313
      257     0.00009011     0.00010531     0.00028053     0.00051907     0.21762753     0.04691046
      258     0.00012951     0.00000479     0.00059268     0.00002463     0.20852752     0.00095927
      259     0.00007992    -0.00008890     0.00029156    -0.00051605     0.18921956    -0.04191662
      260    -0.00001430    -0.00011797    -0.00035262    -0.00053674     0.16026595    -0.07953125
      261    -0.00009066    -0.00007979    -0.00071006     0.00000431     0.12342411    -0.10996714
      262    -0.00011343    -0.00001181    -0.00043646     0.00057481     0.08001450    -0.13177917
      263    -0.00008526     0.00004385     0.00016591     0.00061608     0.03091699    -0.14365987
      264    -0.00002847     0.00006657     0.00046853     0.00012126    -0.02198525    -0.14465958
      265     0.00003793     0.00005100     0.00016058    -0.00036730    -0.07674324    -0.13427769
      266     0.00009604    -0.00000808    -0.00043833    -0.00031562    -0.13136731    -0.11244658
      267     0.00011440    -0.00010880    -0.00070870     0.00026028    -0.18387823    -0.07956201
      268     0.00005733    -0.00021558    -0.00036029     0.00081670    -0.23236974    -0.03644094
      269    -0.00006990    -0.00025555     0.00028111     0.00083651    -0.27494959     0.01574484
      270    -0.00018457    -0.00017326     0.00061217     0.00034632    -0.30959668     0.07542152
      271    -0.00016436    -0.00001157     0.00036347    -0.00012371    -0.33402058     0.14057481
      272     0.00003662     0.00007457    -0.00013767    -0.00008840    -0.34550764     0.20878963
      273     0.00029533    -0.00006592    -0.00031534     0.00039904    -0.34100487     0.27713423
      274     0.00038249    -0.00040931     0.00005767     0.00081250    -0.31771318     0.34213705
      275     0.00017607    -0.00071852     0.00063228     0.00070699    -0.27414887     0.40002051
      276    -0.00017882    -0.00073698     0.00086182     0.00017796    -0.21138090     0.44706260
      277    -0.00037290    -0.00044864     0.00057720    -0.00025939    -0.13346440     0.48014644
      278    -0.00022638    -0.00011366     0.00014094    -0.00022553    -0.04651408     0.49723770
      279     0.00013850    -0.00002457     0.00003822     0.00014251     0.04313800     0.49756262
      280     0.00042088    -0.00024405     0.00037109     0.00036797     0.13019813     0.48142821
      281     0.00039673    -0.00057430     0.00076822     0.00012863     0.21107841     0.44995796
      282     0.00010620    -0.00074053     0.00077857    -0.00039413     0.28349921     0.40471261
      283    -0.00021785    -0.00062147     0.00035101    -0.00072441     0.34551525     0.34757104
      284    -0.00035886    -0.00030528    -0.00014853    -0.00058413     0.39577275     0.28069910
      285    -0.00024445     0.00000137    -0.00029515    -0.00013856     0.43330873     0.20638820
      286     0.00002814     0.00011830    -0.00000628     0.00016811     0.45746324     0.12701911
      287     0.00027263    -0.00000271     0.00038745     0.00003347     0.46787431     0.04510266
      288     0.00033404    -0.00026415     0.00045609    -0.00042359     0.46455883    -0.03695044
      289     0.00017686    -0.00049295     0.00006951    -0.00077666     0.44785633    -0.11684867
      290    -0.00010219    -0.00054668    -0.00048447    -0.00068491     0.41844506    -0.19233583
      291    -0.00033691    -0.00039504    -0.00076350    -0.00020223     0.37734920    -0.26133674
      292    -0.00039127    -0.00013411    -0.00056948     0.00027444     0.32593780    -0.32198047
      293    -0.00023960     0.00007308    -0.00012190     0.00036368     0.26579945    -0.37275043
      294     0.00001864     0.00009532     0.00014389     0.00003763     0.19868055    -0.41244561
      295     0.00021934    -0.00008627    -0.00003408    -0.00035900     0.12659155    -0.44011786
      296     0.00023463    -0.00036550    -0.00051478    -0.00041927     0.05157445    -0.45521314
      297     0.00005268    -0.00057584    -0.00088311    -0.00003383    -0.02424432    -0.45751524
      298    -0.00021418    -0.00059367    -0.00081631     0.00051598    -0.09879314    -0.44715883
      299    -0.00039956    -0.00041546    -0.00036390     0.00080634    -0.17006420    -0.42459850
      300    -0.00038764    -0.00015904     0.00009933     0.00063868    -0.23608494    -0.39063655
      301    -0.00016920     0.00000238     0.00017342     0.00019793    -0.29495044    -0.34635463
      302     0.00011925    -0.00004987    -0.00019371    -0.00006165    -0.34508498    -0.29314240
      303     0.00028939    -0.00028187    -0.00062728     0.00014641    -0.38538642    -0.23255197
      304     0.00024988    -0.00055001    -0.00070740     0.00067644    -0.41484616    -0.16632892
      305     0.00003976    -0.00069319    -0.00031242     0.00110157    -0.43276708    -0.09634805
      306    -0.00020228    -0.00063004     0.00028032     0.00107602    -0.43878075    -0.02451675
      307    -0.00032582    -0.00040181     0.00062939     0.00062381    -0.43283169     0.04715278
      308    -0.00025657    -0.00014056     0.00049761     0.00011496    -0.41519687     0.11676109
      309    -0.00003345     0.00001185     0.00004476    -0.00004444    -0.38644199     0.18248450
      310     0.00022080    -0.00001695    -0.00030950     0.00025345    -0.34742684     0.24258074
      311     0.00037209    -0.00019547    -0.00023348     0.00073370    -0.29927992     0.29547642
      312     0.00034738    -0.00041218     0.00024604     0.00096797    -0.24339586     0.33978425
      313     0.00016974    -0.00053936     0.00076889     0.00072474    -0.18130450     0.37441794
      314    -0.00005852    -0.00050117     0.00093549     0.00015473    -0.11466913     0.39853892
      315    -0.00021230    -0.00031148     0.00062727    -0.00033342    -0.04532736     0.41156135
      316    -0.00020938    -0.00006449     0.00009764    -0.00040130     0.02486246     0.41322207
      317    -0.00005272     0.00011551    -0.00023423    -0.00004729     0.09403785     0.40356108
      318     0.00017173     0.00013947    -0.00011684     0.00039815     0.16038049     0.38291707
      319     0.00034062     0.00000057     0.00033868     0.00053837     0.22219558     0.35189419
      320     0.00035893    -0.00022173     0.00075136     0.00022332     0.27784749     0.31139531
      321     0.00022748    -0.00040092     0.00079150    -0.00031329     0.32616871     0.26257099
      322     0.00001550    -0.00045288     0.00043318    -0.00070913     0.36597985     0.20671514
      323    -0.00018363    -0.00035627    -0.00009046    -0.00072437     0.39605306     0.14532933
      324    -0.00026995    -0.00016003    -0.00042501    -0.00037675     0.41567452     0.08001793
      325    -0.00020343     0.00003240    -0.00036767     0.00004750     0.42437830     0.01250752
      326    -0.00002502     0.00011849    -0.00001682     0.00021629     0.42198590    -0.05538898
      327     0.00016560     0.00005136     0.00030944     0.00000335     0.40861666    -0.12190205
      328     0.00026356    -0.00013554     0.00031797    -0.00042108     0.38464951    -0.18534937
      329     0.00021434    -0.00034678    -0.00003941    -0.00072364     0.35072831    -0.24409628
      330     0.00004145    -0.00047566    -0.00053342    -0.00065962     0.30776967    -0.29660740
      331    -0.00016708    -0.00045943    -0.00083097    -0.00025348     0.25689692    -0.34155571
      332    -0.00030544    -0.00031034    -0.00074166     0.00022276     0.19942253    -0.37781502
      333    -0.00030438    -0.00010723    -0.00035444     0.00045214     0.13681088    -0.40448527
      334    -0.00016508     0.00004617     0.00003247     0.00030368     0.07060132    -0.42091906
      335     0.00004345     0.00007369     0.00013180    -0.00007668     0.00248696    -0.42670190
      336     0.00022008    -0.00003662    -0.00012492    -0.00037736    -0.06580092    -0.42171120
      337     0.00028137    -0.00022862    -0.00054190    -0.00034948    -0.13262200    -0.40609147
      338     0.00020082    -0.00040684    -0.00080412     0.00001459    -0.19634416    -0.38024049
      339     0.00001981    -0.00048271    -0.00070479     0.00047852    -0.25538911    -0.34482736
      340    -0.00017325    -0.00041617    -0.00029153     0.00073321    -0.30834670    -0.30074079
      341    -0.00025713    -0.00023828     0.00012695     0.00059301    -0.35450431    -0.24910741
      342    -0.00018734    -0.00005492     0.00024582     0.00022355    -0.39275439    -0.19109377
      343    -0.00002149     0.00004028     0.00005392    -0.00005396    -0.42162463    -0.12810182
      344     0.00016073     0.00000196    -0.00026022    -0.00003970    -0.44049552    -0.06170462
      345     0.00026788    -0.00015314    -0.00042579     0.00025172    -0.44901764     0.00654774
      346     0.00024010    -0.00035178    -0.00028001     0.00060641    -0.44707291     0.07504815
      347     0.00007966    -0.00049725     0.00012100     0.00076307    -0.43479138     0.14220851
      348    -0.00014704    -0.00051572     0.00054415     0.00059366    -0.41252403     0.20653577
      349    -0.00033914    -0.00039395     0.00074127     0.00018874    -0.38085166     0.26657896
      350    -0.00040975    -0.00018848     0.00061743    -0.00020777    -0.34059809     0.32097256
      351    -0.00032965    -0.00000025     0.00029160    -0.00036650    -0.29276113     0.36854349
      352    -0.00014365     0.00007460     0.00001127    -0.00022651    -0.23849893     0.40829379
      353     0.00005005    -0.00000672    -0.00001755     0.00006774    -0.17909979     0.43941990
      354     0.00014836    -0.00021077     0.00023134     0.00026849    -0.11594929     0.46132686
      355     0.00009544    -0.00044320     0.00058946     0.00019418    -0.05045103     0.47364181
      356    -0.00008854    -0.00059541     0.00080979    -0.00014838     0.01600919     0.47618541
      357    -0.00031708    -0.00059859     0.00073374    -0.00056962     0.08195069     0.46896273
      358    -0.00048053    -0.00045749     0.00039723    -0.00082485     0.14587108     0.45220948
      359    -0.00050042    -0.00024703     0.00000604    -0.00077759     0.20637183     0.42637415
      360    -0.00036736    -0.00007395    -0.00020153    -0.00048921     0.26217991     0.39207520
      361    -0.00012490    -0.00004003    -0.00007640    -0.00017239     0.31168391     0.35013897
      362     0.00010635    -0.00017850     0.00028950    -0.00009835     0.35375804     0.30161623
      363     0.00020327    -0.00041262     0.00059452    -0.00036030     0.38787558     0.24764351
      364     0.00013801    -0.00062796     0.00060292    -0.00079947     0.41329512     0.18945240
      365    -0.00003760    -0.00072323     0.00027520    -0.00113287     0.42948465     0.12827894
      366    -0.00022218    -0.00065735    -0.00020370    -0.00113973     0.43604591     0.06549456
      367    -0.00031635    -0.00046428    -0.00054376    -0.00080821     0.43277865     0.00255316
      368    -0.00026901    -0.00023118    -0.00053919    -0.00034550     0.41969727    -0.05916430
      369    -0.00009684    -0.00005353    -0.00020353    -0.00004455     0.39700693    -0.11825460
      370     0.00012980     0.00000866     0.00023777    -0.00009399     0.36514643    -0.17329078
      371     0.00032372    -0.00004683     0.00049286    -0.00045505     0.32472489    -0.22304317
      372     0.00042019    -0.00017097     0.00039301    -0.00088590     0.27649155    -0.26640422
      373     0.00040027    -0.00029147     0.00000308    -0.00109813     0.22142913    -0.30229455
      374     0.00029080    -0.00034540    -0.00041912    -0.00094462     0.16070322    -0.32980564
      375     0.00014616    -0.00030124    -0.00058975    -0.00051691     0.09560775    -0.34823803
      376     0.00002437    -0.00016434    -0.00038391    -0.00008758     0.02756840    -0.35709015
      377    -0.00003145     0.00003108     0.00008175     0.00006534    -0.04187757    -0.35607476
      378    -0.00000270     0.00023495     0.00052272    -0.00016162    -0.11107437    -0.34514205
      379     0.00010168     0.00039423     0.00066947    -0.00062993    -0.17835141    -0.32448521
      380     0.00024542     0.00046587     0.00044086    -0.00104857    -0.24205890    -0.29451408
      381     0.00037247     0.00042874    -0.00001103    -0.00116177    -0.30029141    -0.25591798
      382     0.00041653     0.00030194    -0.00039054    -0.00090903    -0.35153676    -0.20965895
      383     0.00032998     0.00015102    -0.00045127    -0.00047153    -0.39470513    -0.15680305
      384     0.00011794     0.00006391    -0.00016876    -0.00014883    -0.42863470    -0.09860203
      385    -0.00015239     0.00011362     0.00025179    -0.00015796    -0.45241464    -0.03644569
      386    -0.00037165     0.00031460     0.00051368    -0.00049109    -0.46542207     0.02817537
      387    -0.00043877     0.00060144     0.00042608    -0.00092325    -0.46734393     0.09371452
      388    -0.00031849     0.00084995     0.00002931    -0.00116422    -0.45816750     0.15865539
      389    -0.00007121     0.00093730    -0.00043516    -0.00105195    -0.43816139     0.22150533
      390     0.00016840     0.00081132    -0.00068827    -0.00065841    -0.40788166     0.28078799
      391     0.00025897     0.00052818    -0.00060059    -0.00023734    -0.36810637     0.33516106
      392     0.00013164     0.00023146    -0.00027661    -0.00004979    -0.31981212     0.38339496
      393    -0.00016540     0.00007903     0.00002076    -0.00018620    -0.26418131     0.42436897
      394    -0.00048623     0.00015645     0.00005361    -0.00050640    -0.20241272     0.45719419
      395    -0.00066307     0.00042634    -0.00022540    -0.00073870    -0.13587874     0.48107322
      396    -0.00059787     0.00074490    -0.00063944    -0.00067029    -0.06608366     0.49537686
      397    -0.00031821     0.00093793    -0.00091032    -0.00029771     0.00549956     0.49968759
      398     0.00003505     0.00089585    -0.00085393     0.00016815     0.07731364     0.49376305
      399     0.00028303     0.00063422    -0.00051215     0.00044914     0.14782579     0.47754943
      400     0.00030515     0.00028557    -0.00012582     0.00039720     0.21544958     0.45119726
