#    Step     Kinetic(H)     Potential(H)   Total(H)       E(0)(H)        E(1)(H)        E(2)(H)        
        0     0.00565008    -4.95857691    -4.95292683    -5.27359199    -5.05316963    -4.95857691
        1     0.00571256    -4.95865436    -4.95294180    -5.27352241    -5.05310005    -4.95865433
        2     0.00595331    -4.95886345    -4.95291014    -5.27343726    -5.05312515    -4.95886317
        3     0.00637059    -4.95931339    -4.95294280    -5.27333539    -5.05317028    -4.95931254
        4     0.00696113    -4.95989191    -4.95293079    -5.27321475    -5.05330688    -4.95989014
        5     0.00772010    -4.96063275    -4.95291265    -5.27307238    -5.05345851    -4.96062976
        6     0.00864116    -4.96156873    -4.95292758    -5.27290451    -5.05369488    -4.96156436
        7     0.00971640    -4.96265840    -4.95294200    -5.27270655    -5.05393791    -4.96265263
        8     0.01093643    -4.96385959    -4.95292316    -5.27247326    -5.05421911    -4.96385256
        9     0.01229043    -4.96523985    -4.95294942    -5.27219880    -5.05453264    -4.96523182
       10     0.01376624    -4.96671951    -4.95295327    -5.27187690    -5.05483548    -4.96671064
       11     0.01535051    -4.96829226    -4.95294175    -5.27150094    -5.05515776    -4.96828239
       12     0.01702887    -4.96998855    -4.95295968    -5.27106415    -5.05549270    -4.96997706
       13     0.01878612    -4.97172874    -4.95294263    -5.27055962    -5.05579666    -4.97171424
       14     0.02060642    -4.97354382    -4.95293740    -5.26998045    -5.05602598    -4.97352378
       15     0.02247359    -4.97542865    -4.95295507    -5.26931994    -5.05624745    -4.97539897
       16     0.02437141    -4.97734229    -4.95297089    -5.26857170    -5.05641794    -4.97729668
       17     0.02628388    -4.97928221    -4.95299833    -5.26772989    -5.05653161    -4.97921106
       18     0.02819553    -4.98124895    -4.95305342    -5.26678934    -5.05654654    -4.98113696
       19     0.03009152    -4.98321206    -4.95312054    -5.26574570    -5.05649514    -4.98303327
       20     0.00570027    -4.98518917    -4.97948890    -5.26459551    -5.05633717    -4.98489652
       21     0.00650356    -4.98614059    -4.97963703    -5.26406465    -5.05624731    -4.98572539
       22     0.00734969    -4.98707578    -4.97972609    -5.26348807    -5.05614847    -4.98658202
       23     0.00823262    -4.98802826    -4.97979564    -5.26286373    -5.05600187    -4.98746441
       24     0.00914584    -4.98899934    -4.97985350    -5.26218966    -5.05587904    -4.98837056
       25     0.01008277    -4.99004074    -4.97995796    -5.26146396    -5.05566783    -4.98933533
       26     0.01103661    -4.99113323    -4.98009662    -5.26068488    -5.05547674    -4.99028347
       27     0.01199958    -4.99248455    -4.98048497    -5.25985093    -5.05523078    -4.99128699
       28     0.01296109    -4.99436086    -4.98139977    -5.25896099    -5.05492883    -4.99227126
       29     0.01390275    -4.99760274    -4.98369999    -5.25801463    -5.05460721    -4.99323586
       30     0.01478574    -5.00410180    -4.98931606    -5.25701279    -5.05423011    -4.99421848
       31     0.01552382    -5.01595442    -5.00043060    -5.25595942    -5.05380147    -4.99518633
       32     0.01597318    -5.02929634    -5.01332316    -5.25486408    -5.05336762    -4.99614894
       33     0.01608399    -5.03415295    -5.01806896    -5.25374150    -5.05286978    -4.99704758
       34     0.01605807    -5.03074898    -5.01469091    -5.25260380    -5.05239357    -4.99789434
       35     0.01609521    -5.02534950    -5.00925429    -5.25145382    -5.05194182    -4.99872882
       36     0.01624219    -5.02069743    -5.00445524    -5.25028800    -5.05143749    -4.99951071
       37     0.01647987    -5.01726148    -5.00078161    -5.24910158    -5.05091256    -5.00027201
       38     0.01678015    -5.01488897    -4.99810881    -5.24789073    -5.05039994    -5.00100887
       39     0.01711911    -5.01329661    -4.99617750    -5.24665286    -5.04982356    -5.00168197
       40     0.00570027    -5.01232919    -5.00662893    -5.24538659    -5.04925553    -5.00232666
       41     0.00591522    -5.01184768    -5.00593246    -5.24464883    -5.04892201    -5.00272813
       42     0.00613801    -5.01171946    -5.00558145    -5.24389804    -5.04857546    -5.00307982
       43     0.00636255    -5.01171536    -5.00535281    -5.24313410    -5.04817902    -5.00341836
       44     0.00658639    -5.01186550    -5.00527912    -5.24235728    -5.04784319    -5.00378077
       45     0.00680722    -5.01212739    -5.00532018    -5.24156800    -5.04745816    -5.00416747
       46     0.00702299    -5.01242523    -5.00540224    -5.24076688    -5.04706127    -5.00450557
       47     0.00723193    -5.01279731    -5.00556539    -5.23995462    -5.04665325    -5.00486929
       48     0.00743256    -5.01316448    -5.00573192    -5.23913204    -5.04623492    -5.00518594
       49     0.00762380    -5.01357671    -5.00595291    -5.23830006    -5.04584393    -5.00552993
       50     0.00780489    -5.01397607    -5.00617118    -5.23745968    -5.04540779    -5.00586554
       51     0.00797540    -5.01435900    -5.00638360    -5.23661194    -5.04496429    -5.00619377
       52     0.00813514    -5.01471770    -5.00658255    -5.23575785    -5.04451445    -5.00651566
       53     0.00828416    -5.01504708    -5.00676291    -5.23489839    -5.04405923    -5.00683218
       54     0.00842267    -5.01534445    -5.00692178    -5.23403452    -5.04359960    -5.00714429
       55     0.00855103    -5.01560914    -5.00705811    -5.23316713    -5.04313646    -5.00745288
       56     0.00866969    -5.01581379    -5.00714411    -5.23229708    -5.04267065    -5.00772205
       57     0.00877916    -5.01601698    -5.00723783    -5.23142514    -5.04220295    -5.00802609
       58     0.00887998    -5.01616506    -5.00728508    -5.23055205    -5.04173410    -5.00829223
       59     0.00897270    -5.01628956    -5.00731685    -5.22967847    -5.04126477    -5.00855788
       60     0.00570027    -5.01638541    -5.01068514    -5.22880501    -5.04075879    -5.00882364
       61     0.00576371    -5.01643379    -5.01067008    -5.22811402    -5.04036180    -5.00901464
       62     0.00582487    -5.01648341    -5.01065854    -5.22742673    -5.04000525    -5.00920933
       63     0.00588395    -5.01651896    -5.01063502    -5.22674341    -5.03961593    -5.00940800
       64     0.00594109    -5.01655131    -5.01061023    -5.22606429    -5.03923081    -5.00961086
       65     0.00599642    -5.01657400    -5.01057758    -5.22538959    -5.03881335    -5.00981815
       66     0.00605005    -5.01657792    -5.01052787    -5.22471948    -5.03843723    -5.00999327
       67     0.00610204    -5.01658434    -5.01048230    -5.22405408    -5.03806583    -5.01017310
       68     0.00615243    -5.01658639    -5.01043397    -5.22339352    -5.03766251    -5.01035777
       69     0.00620122    -5.01659392    -5.01039270    -5.22273789    -5.03726412    -5.01054738
       70     0.00624841    -5.01657953    -5.01033112    -5.22208726    -5.03687074    -5.01070523
       71     0.00629396    -5.01658071    -5.01028675    -5.22144169    -5.03651917    -5.01086815
       72     0.00633783    -5.01657372    -5.01023589    -5.22080125    -5.03609923    -5.01103620
       73     0.00637995    -5.01658370    -5.01020374    -5.22016600    -5.03572121    -5.01120943
       74     0.00642028    -5.01660293    -5.01018265    -5.21953597    -5.03534844    -5.01138789
       75     0.00645873    -5.01659495    -5.01013622    -5.21891124    -5.03494420    -5.01153489
       76     0.00649524    -5.01660462    -5.01010938    -5.21829185    -5.03458205    -5.01168723
       77     0.00652974    -5.01661623    -5.01008649    -5.21767786    -5.03418856    -5.01184498
       78     0.00656215    -5.01660884    -5.01004669    -5.21706935    -5.03380055    -5.01197146
       79     0.00659242    -5.01664030    -5.01004788    -5.21646639    -5.03341808    -5.01214023
       80     0.00570027    -5.01665260    -5.01095233    -5.21586905    -5.03304124    -5.01227788
       81     0.00572458    -5.01665245    -5.01092788    -5.21532064    -5.03267658    -5.01239096
       82     0.00574746    -5.01666273    -5.01091528    -5.21477874    -5.03231842    -5.01251054
       83     0.00576885    -5.01668283    -5.01091398    -5.21424340    -5.03196683    -5.01263670
       84     0.00578870    -5.01668356    -5.01089486    -5.21371473    -5.03162190    -5.01273276
       85     0.00580696    -5.01672293    -5.01091597    -5.21319276    -5.03128368    -5.01287228
       86     0.00582358    -5.01673496    -5.01091138    -5.21267759    -5.03091551    -5.01298185
       87     0.00583851    -5.01676392    -5.01092541    -5.21216929    -5.03059095    -5.01309828
       88     0.00585169    -5.01677293    -5.01092124    -5.21166791    -5.03027332    -5.01318489
       89     0.00586308    -5.01678319    -5.01092011    -5.21117351    -5.02992592    -5.01327848
       90     0.00587261    -5.01680224    -5.01092963    -5.21068614    -5.02958555    -5.01337910
       91     0.00588022    -5.01683773    -5.01095751    -5.21020585    -5.02928901    -5.01348680
       92     0.00588583    -5.01684499    -5.01095916    -5.20973266    -5.02896281    -5.01356485
       93     0.00588935    -5.01688945    -5.01100010    -5.20926657    -5.02864372    -5.01368675
       94     0.00589071    -5.01688430    -5.01099359    -5.20880762    -5.02833176    -5.01374229
       95     0.00588982    -5.01691602    -5.01102620    -5.20835580    -5.02802695    -5.01384171
       96     0.00588660    -5.01692681    -5.01104022    -5.20791113    -5.02772927    -5.01391153
       97     0.00588095    -5.01694538    -5.01106442    -5.20747360    -5.02743874    -5.01398849
       98     0.00587281    -5.01697153    -5.01109872    -5.20704321    -5.02715535    -5.01407259
       99     0.00586210    -5.01697655    -5.01111445    -5.20661998    -5.02687911    -5.01412710
      100     0.00570027    -5.01698064    -5.01128038    -5.20620388    -5.02657326    -5.01418874
      101     0.00568446    -5.01697693    -5.01129247    -5.20580025    -5.02631663    -5.01422611
      102     0.00566605    -5.01700870    -5.01134265    -5.20540393    -5.02606730    -5.01430752
      103     0.00564501    -5.01701929    -5.01137427    -5.20501490    -5.02582527    -5.01435949
      104     0.00562132    -5.01700878    -5.01138746    -5.20463320    -5.02559057    -5.01438203
      105     0.00559497    -5.01700534    -5.01141037    -5.20425884    -5.02536321    -5.01441191
      106     0.00556598    -5.01700882    -5.01144285    -5.20389188    -5.02514324    -5.01444919
      107     0.00553440    -5.01699124    -5.01145685    -5.20353236    -5.02493072    -5.01445716
      108     0.00550030    -5.01700832    -5.01150803    -5.20318037    -5.02472572    -5.01450941
      109     0.00546379    -5.01697671    -5.01151292    -5.20283600    -5.02452836    -5.01449580
      110     0.00542500    -5.01697961    -5.01155461    -5.20249938    -5.02433873    -5.01452666
      111     0.00538410    -5.01696175    -5.01157765    -5.20217061    -5.02415696    -5.01452864
      112     0.00534126    -5.01693275    -5.01159149    -5.20184986    -5.02401995    -5.01450188
      113     0.00529669    -5.01692874    -5.01163205    -5.20153727    -5.02385436    -5.01452003
      114     0.00525062    -5.01691397    -5.01166335    -5.20123301    -5.02373385    -5.01450977
      115     0.00520330    -5.01686970    -5.01166639    -5.20093728    -5.02358511    -5.01447128
      116     0.00515501    -5.01684248    -5.01168746    -5.20065026    -5.02348185    -5.01444152
      117     0.00510603    -5.01682279    -5.01171677    -5.20037218    -5.02338751    -5.01442068
      118     0.00505664    -5.01678389    -5.01172725    -5.20010324    -5.02330232    -5.01437224
      119     0.00500715    -5.01674286    -5.01173571    -5.19984368    -5.02318975    -5.01433316
      120     0.00570027    -5.01671976    -5.01101949    -5.19959370    -5.02312352    -5.01430368
      121     0.00564757    -5.01669732    -5.01104975    -5.19933538    -5.02308569    -5.01426586
      122     0.00559498    -5.01664619    -5.01105122    -5.19908619    -5.02302026    -5.01420042
      123     0.00554278    -5.01661302    -5.01107025    -5.19884639    -5.02300094    -5.01414436
      124     0.00549126    -5.01656140    -5.01107014    -5.19861615    -5.02299121    -5.01406112
      125     0.00544069    -5.01653416    -5.01109347    -5.19839572    -5.02295452    -5.01402443
      126     0.00539134    -5.01647288    -5.01108155    -5.19818526    -5.02296455    -5.01392422
      127     0.00534342    -5.01644677    -5.01110336    -5.19798496    -5.02298475    -5.01387092
      128     0.00529715    -5.01640332    -5.01110617    -5.19779498    -5.02301527    -5.01379119
      129     0.00525273    -5.01636915    -5.01111642    -5.19761546    -5.02305624    -5.01372192
      130     0.00521033    -5.01631818    -5.01110785    -5.19744652    -5.02310780    -5.01362647
      131     0.00517009    -5.01627697    -5.01110688    -5.19728826    -5.02317003    -5.01354171
      132     0.00513214    -5.01624573    -5.01111359    -5.19714075    -5.02324302    -5.01346771
      133     0.00509660    -5.01620884    -5.01111224    -5.19700408    -5.02336359    -5.01336778
      134     0.00506357    -5.01619823    -5.01113466    -5.19687827    -5.02345828    -5.01331547
      135     0.00503314    -5.01614566    -5.01111251    -5.19676337    -5.02356388    -5.01320058
      136     0.00500539    -5.01613022    -5.01112483    -5.19665940    -5.02368040    -5.01313335
      137     0.00498039    -5.01609950    -5.01111911    -5.19656637    -5.02380787    -5.01304032
      138     0.00495821    -5.01607998    -5.01112177    -5.19648428    -5.02394628    -5.01295823
      139     0.00493891    -5.01604553    -5.01110662    -5.19641314    -5.02409563    -5.01285034
      140     0.00570027    -5.01604894    -5.01034867    -5.19635294    -5.02425593    -5.01279014
      141     0.00568547    -5.01603317    -5.01034769    -5.19629901    -5.02442249    -5.01269946
      142     0.00567308    -5.01601256    -5.01033947    -5.19625501    -5.02463573    -5.01258196
      143     0.00566320    -5.01601889    -5.01035569    -5.19622094    -5.02482217    -5.01251115
      144     0.00565591    -5.01601020    -5.01035429    -5.19619685    -5.02501857    -5.01241356
      145     0.00565136    -5.01601296    -5.01036160    -5.19618277    -5.02522498    -5.01232598
      146     0.00564968    -5.01602733    -5.01037765    -5.19617877    -5.02544148    -5.01224848
      147     0.00565102    -5.01602730    -5.01037628    -5.19618493    -5.02566814    -5.01214439
      148     0.00565556    -5.01603933    -5.01038376    -5.19620135    -5.02590505    -5.01205056
      149     0.00566349    -5.01605298    -5.01038949    -5.19622815    -5.02611560    -5.01196711
      150     0.00567499    -5.01608962    -5.01041463    -5.19626545    -5.02637340    -5.01189417
      151     0.00569028    -5.01612816    -5.01043788    -5.19631341    -5.02660510    -5.01183188
      152     0.00570958    -5.01616406    -5.01045448    -5.19637218    -5.02688437    -5.01174366
      153     0.00573310    -5.01620217    -5.01046907    -5.19644194    -5.02713787    -5.01166641
      154     0.00576108    -5.01625332    -5.01049224    -5.19652285    -5.02740253    -5.01160033
      155     0.00579375    -5.01630679    -5.01051304    -5.19661512    -5.02764179    -5.01154560
      156     0.00583134    -5.01635853    -5.01052719    -5.19671893    -5.02792935    -5.01146566
      157     0.00587408    -5.01643855    -5.01056446    -5.19683449    -5.02819191    -5.01143422
      158     0.00592220    -5.01651718    -5.01059498    -5.19696198    -5.02850315    -5.01137798
      159     0.00597591    -5.01659828    -5.01062237    -5.19710162    -5.02878978    -5.01133386
      160     0.00570027    -5.01666719    -5.01096692    -5.19725357    -5.02908873    -5.01126532
      161     0.00576405    -5.01675932    -5.01099526    -5.19741373    -5.02935914    -5.01124173
      162     0.00583415    -5.01685035    -5.01101621    -5.19758689    -5.02967930    -5.01119439
      163     0.00591066    -5.01696916    -5.01105850    -5.19777316    -5.02997582    -5.01119692
      164     0.00599369    -5.01707577    -5.01108208    -5.19797265    -5.03028555    -5.01117591
      165     0.00608330    -5.01719543    -5.01111213    -5.19818541    -5.03060856    -5.01116818
      166     0.00617952    -5.01730253    -5.01112301    -5.19841148    -5.03094488    -5.01113700
      167     0.00628236    -5.01743589    -5.01115354    -5.19865086    -5.03125776    -5.01115589
      168     0.00639177    -5.01755593    -5.01116416    -5.19890353    -5.03158393    -5.01115131
      169     0.00650771    -5.01768751    -5.01117980    -5.19916941    -5.03192331    -5.01115995
      170     0.00663005    -5.01783012    -5.01120007    -5.19944841    -5.03227580    -5.01118170
      171     0.00675867    -5.01798320    -5.01122453    -5.19974035    -5.03264124    -5.01121639
      172     0.00689339    -5.01810940    -5.01121601    -5.20004506    -5.03298270    -5.01122711
      173     0.00703401    -5.01828160    -5.01124759    -5.20036231    -5.03337345    -5.01128711
      174     0.00718028    -5.01842562    -5.01124535    -5.20069182    -5.03373971    -5.01132263
      175     0.00733192    -5.01857753    -5.01124561    -5.20103326    -5.03411790    -5.01137008
      176     0.00748863    -5.01873661    -5.01124799    -5.20138627    -5.03450766    -5.01142910
      177     0.00765008    -5.01886544    -5.01121535    -5.20175046    -5.03487185    -5.01146254
      178     0.00781595    -5.01903682    -5.01122087    -5.20212540    -5.03528354    -5.01154348
      179     0.00798586    -5.01917660    -5.01119073    -5.20251061    -5.03566875    -5.01159795
      180     0.00570027    -5.01932088    -5.01362061    -5.20290560    -5.03606374    -5.01166220
      181     0.00584915    -5.01945771    -5.01360856    -5.20324541    -5.03640355    -5.01174476
      182     0.00600256    -5.01957868    -5.01357612    -5.20359635    -5.03675449    -5.01180171
      183     0.00616020    -5.01969512    -5.01353492    -5.20395794    -5.03707933    -5.01186931
      184     0.00632177    -5.01982974    -5.01350797    -5.20432966    -5.03745105    -5.01194703
      185     0.00648692    -5.01995964    -5.01347272    -5.20471096    -5.03779560    -5.01203434
      186     0.00665533    -5.02009619    -5.01344086    -5.20510129    -5.03814918    -5.01213067
      187     0.00682667    -5.02021381    -5.01338714    -5.20550005    -5.03851120    -5.01219869
      188     0.00700062    -5.02033804    -5.01333742    -5.20590666    -5.03888105    -5.01227455
      189     0.00717687    -5.02049466    -5.01331779    -5.20632049    -5.03925813    -5.01239439
      190     0.00735510    -5.02063259    -5.01327749    -5.20674093    -5.03964182    -5.01248408
      191     0.00753502    -5.02076673    -5.01323170    -5.20716734    -5.03999473    -5.01257975
      192     0.00771636    -5.02091933    -5.01320297    -5.20759909    -5.04038973    -5.01268075
      193     0.00789884    -5.02106881    -5.01316997    -5.20803554    -5.04075268    -5.01278646
      194     0.00808221    -5.02120053    -5.01311832    -5.20847605    -5.04111969    -5.01285948
      195     0.00826623    -5.02137739    -5.01311116    -5.20891998    -5.04152688    -5.01297267
      196     0.00845068    -5.02155218    -5.01310150    -5.20936672    -5.04190012    -5.01308866
      197     0.00863536    -5.02171004    -5.01307468    -5.20981563    -5.04227553    -5.01317008
      198     0.00882008    -5.02190308    -5.01308300    -5.21026610    -5.04265250    -5.01328981
      199     0.00900468    -5.02207950    -5.01307483    -5.21071754    -5.04303044    -5.01337375
      200     0.00570027    -5.02230205    -5.01660178    -5.21116933    -5.04344548    -5.01349480
      201     0.00584627    -5.02245195    -5.01660568    -5.21152681    -5.04372947    -5.01355829
      202     0.00599419    -5.02264620    -5.01665202    -5.21188731    -5.04405322    -5.01366154
      203     0.00614389    -5.02281281    -5.01666892    -5.21225041    -5.04434282    -5.01373064
      204     0.00629526    -5.02299850    -5.01670325    -5.21261566    -5.04467131    -5.01380190
      205     0.00644816    -5.02321709    -5.01676893    -5.21298264    -5.04500155    -5.01391163
      206     0.00660247    -5.02340471    -5.01680224    -5.21335091    -5.04529632    -5.01398591
      207     0.00675803    -5.02360782    -5.01684979    -5.21372003    -5.04562869    -5.01406103
      208     0.00691469    -5.02381392    -5.01689923    -5.21408956    -5.04596147    -5.01413657
      209     0.00707229    -5.02402139    -5.01694910    -5.21445905    -5.04629421    -5.01421206
      210     0.00723065    -5.02425392    -5.01702328    -5.21482805    -5.04662646    -5.01432382
      211     0.00738956    -5.02445864    -5.01706908    -5.21519610    -5.04695776    -5.01439787
      212     0.00754882    -5.02465902    -5.01711020    -5.21556270    -5.04728762    -5.01447048
      213     0.00770819    -5.02485290    -5.01714471    -5.21592738    -5.04761555    -5.01454117
      214     0.00786742    -5.02506330    -5.01719589    -5.21628963    -5.04794104    -5.01464617
      215     0.00802623    -5.02524889    -5.01722265    -5.21664892    -5.04830034    -5.01471147
      216     0.00818434    -5.02542103    -5.01723668    -5.21700471    -5.04865613    -5.01477327
      217     0.00834143    -5.02559080    -5.01724937    -5.21735645    -5.04897111    -5.01486775
      218     0.00849716    -5.02572836    -5.01723120    -5.21770354    -5.04931820    -5.01492085
      219     0.00865116    -5.02586997    -5.01721881    -5.21804538    -5.04966004    -5.01500545
      220     0.00570027    -5.02597414    -5.02027387    -5.21838133    -5.05003275    -5.01504741
      221     0.00582147    -5.02603492    -5.02021344    -5.21864753    -5.05029894    -5.01509310
      222     0.00594237    -5.02608268    -5.02014031    -5.21891015    -5.05056156    -5.01513523
      223     0.00606272    -5.02614904    -5.02008632    -5.21916864    -5.05085681    -5.01520998
      224     0.00618223    -5.02617207    -5.01998985    -5.21942245    -5.05114736    -5.01524329
      225     0.00630062    -5.02620371    -5.01990309    -5.21967097    -5.05143263    -5.01530806
      226     0.00641763    -5.02619425    -5.01977663    -5.21991360    -5.05171201    -5.01533020
      227     0.00653300    -5.02619740    -5.01966440    -5.22014972    -5.05198488    -5.01538257
      228     0.00664653    -5.02619051    -5.01954398    -5.22037871    -5.05225062    -5.01542781
      229     0.00675801    -5.02618798    -5.01942997    -5.22059994    -5.05254535    -5.01546530
      230     0.00686729    -5.02619935    -5.01933206    -5.22081281    -5.05279497    -5.01553117
      231     0.00697427    -5.02619895    -5.01922468    -5.22101672    -5.05307238    -5.01555134
      232     0.00707889    -5.02623522    -5.01915633    -5.22121112    -5.05334027    -5.01559873
      233     0.00718112    -5.02628944    -5.01910833    -5.22139546    -5.05359812    -5.01563608
      234     0.00728100    -5.02639676    -5.01911576    -5.22156929    -5.05384544    -5.01569966
      235     0.00737859    -5.02651434    -5.01913575    -5.22173216    -5.05408182    -5.01571554
      236     0.00747402    -5.02671757    -5.01924355    -5.22188373    -5.05434364    -5.01575686
      237     0.00756743    -5.02697435    -5.01940692    -5.22202372    -5.05455712    -5.01578660
      238     0.00765901    -5.02735177    -5.01969275    -5.22215196    -5.05479560    -5.01584134
      239     0.00774901    -5.02784153    -5.02009252    -5.22226836    -5.05502225    -5.01588424
      240     0.00570027    -5.02848765    -5.02278738    -5.22237299    -5.05523714    -5.01591538
      241     0.00577595    -5.02926838    -5.02349243    -5.22245289    -5.05542728    -5.01592177
      242     0.00585259    -5.03026792    -5.02441533    -5.22252437    -5.05560901    -5.01595651
      243     0.00593063    -5.03163348    -5.02570285    -5.22258808    -5.05578297    -5.01598347
      244     0.00601114    -5.03364915    -5.02763801    -5.22264497    -5.05595010    -5.01600360
      245     0.00609643    -5.03705854    -5.03096211    -5.22269648    -5.05611187    -5.01601837
      246     0.00619237    -5.04391267    -5.03772030    -5.22274512    -5.05627075    -5.01603026
      247     0.00631651    -5.04371895    -5.03740244    -5.22279580    -5.05646843    -5.01604419
      248     0.00644205    -5.02571457    -5.01927252    -5.22285137    -5.05663425    -5.01602626
      249     0.00647589    -5.02110927    -5.01463338    -5.22290190    -5.05683177    -5.01600329
      250     0.00648846    -5.02030547    -5.01381701    -5.22293571    -5.05701258    -5.01600035
      251     0.00650106    -5.01992631    -5.01342525    -5.22295016    -5.05717403    -5.01601480
      252     0.00651665    -5.01960648    -5.01308983    -5.22294475    -5.05727887    -5.01600939
      253     0.00653639    -5.01932837    -5.01279197    -5.22291923    -5.05740035    -5.01602062
      254     0.00656113    -5.01907227    -5.01251113    -5.22287339    -5.05750150    -5.01604827
      255     0.00659159    -5.01880028    -5.01220868    -5.22280702    -5.05761888    -5.01605541
      256     0.00662842    -5.01853931    -5.01191089    -5.22271994    -5.05767879    -5.01607857
      257     0.00667219    -5.01832801    -5.01165581    -5.22261189    -5.05771774    -5.01615427
      258     0.00672341    -5.01806572    -5.01134231    -5.22248261    -5.05773546    -5.01617199
      259     0.00678250    -5.01786502    -5.01108252    -5.22233183    -5.05776842    -5.01624171
      260     0.00570027    -5.01769759    -5.01199732    -5.22215923    -5.05774282    -5.01632635
      261     0.00577025    -5.01756717    -5.01179692    -5.22198129    -5.05771188    -5.01640566
      262     0.00584973    -5.01746848    -5.01161875    -5.22178227    -5.05769660    -5.01646388
      263     0.00593849    -5.01748070    -5.01154221    -5.22156183    -5.05762316    -5.01657418
      264     0.00603604    -5.01755731    -5.01152127    -5.22131967    -5.05752800    -5.01666277
      265     0.00614152    -5.01776369    -5.01162217    -5.22105550    -5.05744757    -5.01676609
      266     0.00625355    -5.01813238    -5.01187883    -5.22076912    -5.05734494    -5.01688395
      267     0.00637018    -5.01869922    -5.01232905    -5.22046041    -5.05718323    -5.01701624
      268     0.00648871    -5.01950685    -5.01301813    -5.22012943    -5.05703600    -5.01716300
      269     0.00660569    -5.02056036    -5.01395467    -5.21977643    -5.05686674    -5.01728774
      270     0.00671678    -5.02192934    -5.01521257    -5.21940193    -5.05667599    -5.01742773
      271     0.00681691    -5.02363047    -5.01681356    -5.21900680    -5.05646461    -5.01758384
      272     0.00690055    -5.02562295    -5.01872240    -5.21859233    -5.05627063    -5.01772060
      273     0.00696227    -5.02782214    -5.02085987    -5.21816022    -5.05602227    -5.01783974
      274     0.00699768    -5.03012326    -5.02312558    -5.21771263    -5.05579517    -5.01798014
      275     0.00700463    -5.03227201    -5.02526738    -5.21725205    -5.05555510    -5.01810755
      276     0.00698412    -5.03402687    -5.02704275    -5.21678114    -5.05530467    -5.01822462
      277     0.00694048    -5.03520072    -5.02826024    -5.21630242    -5.05504645    -5.01833389
      278     0.00688033    -5.03572646    -5.02884613    -5.21581803    -5.05478256    -5.01843750
      279     0.00681077    -5.03566467    -5.02885390    -5.21532953    -5.05455130    -5.01850023
      280     0.00570027    -5.03518122    -5.02948095    -5.21483778    -5.05431679    -5.01859647
      281     0.00563401    -5.03443488    -5.02880086    -5.21438327    -5.05408279    -5.01865645
      282     0.00557067    -5.03361286    -5.02804219    -5.21392693    -5.05388369    -5.01871460
      283     0.00551045    -5.03274619    -5.02723574    -5.21346832    -5.05368233    -5.01873373
      284     0.00545299    -5.03194490    -5.02649191    -5.21300692    -5.05347817    -5.01878682
      285     0.00539752    -5.03121675    -5.02581923    -5.21254218    -5.05330742    -5.01879982
      286     0.00534308    -5.03061229    -5.02526920    -5.21207360    -5.05313284    -5.01884574
      287     0.00528873    -5.03007678    -5.02478805    -5.21160082    -5.05291731    -5.01885070
      288     0.00523360    -5.02965444    -5.02442084    -5.21112356    -5.05273404    -5.01885117
      289     0.00517694    -5.02933463    -5.02415769    -5.21064169    -5.05258292    -5.01884705
      290     0.00511815    -5.02908178    -5.02396364    -5.21015523    -5.05239044    -5.01883832
      291     0.00505676    -5.02890467    -5.02384791    -5.20966428    -5.05223025    -5.01882512
      292     0.00499244    -5.02879222    -5.02379978    -5.20916910    -5.05202906    -5.01884443
      293     0.00492501    -5.02867507    -5.02375006    -5.20867002    -5.05186072    -5.01878634
      294     0.00485441    -5.02860573    -5.02375132    -5.20816749    -5.05168894    -5.01876156
      295     0.00478070    -5.02854581    -5.02376511    -5.20766201    -5.05151420    -5.01873382
      296     0.00470397    -5.02849494    -5.02379097    -5.20715410    -5.05137378    -5.01870365
      297     0.00462436    -5.02842126    -5.02379690    -5.20664428    -5.05119470    -5.01867156
      298     0.00454208    -5.02831311    -5.02377103    -5.20613305    -5.05105097    -5.01860133
      299     0.00445731    -5.02820510    -5.02374779    -5.20562093    -5.05090634    -5.01856695
      300     0.00570027    -5.02803131    -5.02233104    -5.20510837    -5.05072452    -5.01849538
      301     0.00559784    -5.02783034    -5.02223250    -5.20452224    -5.05057939    -5.01842374
      302     0.00549196    -5.02757710    -5.02208514    -5.20393504    -5.05039643    -5.01835103
      303     0.00538283    -5.02727682    -5.02189399    -5.20334720    -5.05024958    -5.01824093
      304     0.00527066    -5.02696720    -5.02169654    -5.20275911    -5.05006574    -5.01816734
      305     0.00515561    -5.02662354    -5.02146793    -5.20217117    -5.04991878    -5.01805713
      306     0.00503786    -5.02626115    -5.02122329    -5.20158372    -5.04973558    -5.01794743
      307     0.00491760    -5.02593641    -5.02101881    -5.20099715    -5.04959000    -5.01787535
      308     0.00479504    -5.02555745    -5.02076241    -5.20041184    -5.04940893    -5.01773102
      309     0.00467041    -5.02523349    -5.02056308    -5.19982819    -5.04926627    -5.01762511
      310     0.00454397    -5.02493502    -5.02039105    -5.19924663    -5.04912570    -5.01752130
      311     0.00441602    -5.02463087    -5.02021485    -5.19866765    -5.04895097    -5.01738331
      312     0.00428686    -5.02438991    -5.02010306    -5.19809174    -5.04877930    -5.01728514
      313     0.00415683    -5.02416535    -5.02000852    -5.19751946    -5.04864801    -5.01715386
      314     0.00402629    -5.02396913    -5.01994284    -5.19695140    -5.04848419    -5.01702678
      315     0.00389559    -5.02380808    -5.01991249    -5.19638816    -5.04832519    -5.01690453
      316     0.00376511    -5.02367942    -5.01991431    -5.19583040    -5.04817167    -5.01678776
      317     0.00363521    -5.02357939    -5.01994418    -5.19527878    -5.04802430    -5.01667714
      318     0.00350626    -5.02346682    -5.01996056    -5.19473400    -5.04784701    -5.01653660
      319     0.00337863    -5.02338191    -5.02000328    -5.19419674    -5.04771399    -5.01640358
      320     0.00570027    -5.02333214    -5.01763187    -5.19366769    -5.04755244    -5.01631553
      321     0.00553398    -5.02321289    -5.01767891    -5.19297603    -5.04733852    -5.01613836
      322     0.00536635    -5.02313910    -5.01777275    -5.19229084    -5.04713107    -5.01600440
      323     0.00519786    -5.02304263    -5.01784477    -5.19161302    -5.04693099    -5.01584107
      324     0.00502902    -5.02294928    -5.01792026    -5.19094348    -5.04673919    -5.01568602
      325     0.00486037    -5.02282031    -5.01795995    -5.19028309    -5.04651980    -5.01550338
      326     0.00469244    -5.02271922    -5.01802678    -5.18963276    -5.04631045    -5.01536754
      327     0.00452579    -5.02258942    -5.01806364    -5.18899335    -5.04611203    -5.01520586
      328     0.00436098    -5.02245934    -5.01809835    -5.18836571    -5.04592539    -5.01505597
      329     0.00419860    -5.02229337    -5.01809478    -5.18775068    -5.04571460    -5.01488193
      330     0.00403920    -5.02215809    -5.01811890    -5.18714907    -5.04551723    -5.01475806
      331     0.00388335    -5.02200038    -5.01811703    -5.18656167    -5.04533408    -5.01461165
      332     0.00373163    -5.02184280    -5.01811117    -5.18598924    -5.04512914    -5.01448021
      333     0.00358458    -5.02167036    -5.01808578    -5.18543252    -5.04493992    -5.01432774
      334     0.00344274    -5.02151556    -5.01807282    -5.18489223    -5.04476711    -5.01419169
      335     0.00330663    -5.02137452    -5.01806789    -5.18436906    -5.04457469    -5.01407276
      336     0.00317673    -5.02126105    -5.01808431    -5.18386368    -5.04440006    -5.01397163
      337     0.00305351    -5.02115206    -5.01809855    -5.18337673    -5.04424385    -5.01385217
      338     0.00293736    -5.02107121    -5.01813384    -5.18290885    -5.04406996    -5.01375178
      339     0.00282868    -5.02103120    -5.01820252    -5.18246063    -5.04391574    -5.01367106
      340     0.00570027    -5.02099839    -5.01529812    -5.18203266    -5.04374501    -5.01357383
      341     0.00556220    -5.02101295    -5.01545074    -5.18143746    -5.04351730    -5.01349312
      342     0.00542836    -5.02104294    -5.01561458    -5.18085991    -5.04330725    -5.01335656
      343     0.00529898    -5.02113541    -5.01583642    -5.18030083    -5.04307891    -5.01327522
      344     0.00517440    -5.02124186    -5.01606746    -5.17976105    -5.04286987    -5.01317643
      345     0.00505493    -5.02138511    -5.01633019    -5.17924137    -5.04268094    -5.01309774
      346     0.00494088    -5.02152291    -5.01658204    -5.17874259    -5.04247615    -5.01300320
      347     0.00483256    -5.02168571    -5.01685315    -5.17826546    -5.04229301    -5.01293032
      348     0.00473029    -5.02184124    -5.01711095    -5.17781070    -5.04213225    -5.01284305
      349     0.00463439    -5.02199702    -5.01736263    -5.17737897    -5.04195777    -5.01277882
      350     0.00454517    -5.02215714    -5.01761197    -5.17697089    -5.04180693    -5.01273823
      351     0.00446293    -5.02227845    -5.01781552    -5.17658696    -5.04164350    -5.01268504
      352     0.00438794    -5.02239202    -5.01800408    -5.17622764    -5.04150467    -5.01265646
      353     0.00432046    -5.02245636    -5.01813590    -5.17589327    -5.04135405    -5.01261609
      354     0.00426067    -5.02250457    -5.01824389    -5.17558413    -5.04122866    -5.01260095
      355     0.00420871    -5.02251009    -5.01830138    -5.17530037    -5.04112865    -5.01257443
      356     0.00416463    -5.02247148    -5.01830685    -5.17504204    -5.04105406    -5.01253660
      357     0.00412841    -5.02239921    -5.01827080    -5.17480911    -5.04096812    -5.01252416
      358     0.00409996    -5.02230648    -5.01820651    -5.17460143    -5.04090744    -5.01253698
      359     0.00407910    -5.02215782    -5.01807872    -5.17441878    -5.04083504    -5.01253807
      360     0.00570027    -5.02196759    -5.01626732    -5.17426083    -5.04078734    -5.01252713
      361     0.00569072    -5.02173955    -5.01604883    -5.17409900    -5.04073576    -5.01254904
      362     0.00568542    -5.02144863    -5.01576321    -5.17395824    -5.04070524    -5.01255527
      363     0.00568400    -5.02113110    -5.01544710    -5.17383801    -5.04065852    -5.01258205
      364     0.00568603    -5.02077780    -5.01509177    -5.17373774    -5.04063175    -5.01259203
      365     0.00569108    -5.02039241    -5.01470133    -5.17365683    -5.04062433    -5.01258461
      366     0.00569879    -5.01999627    -5.01429747    -5.17359467    -5.04059892    -5.01259594
      367     0.00570883    -5.01960623    -5.01389740    -5.17355064    -5.04059164    -5.01262541
      368     0.00572091    -5.01920101    -5.01348010    -5.17352412    -5.04060187    -5.01263565
      369     0.00573484    -5.01880725    -5.01307241    -5.17351455    -5.04059230    -5.01266282
      370     0.00575049    -5.01843511    -5.01268462    -5.17352132    -5.04056232    -5.01270635
      371     0.00576779    -5.01808002    -5.01231223    -5.17354391    -5.04058491    -5.01272893
      372     0.00578674    -5.01773643    -5.01194969    -5.17358177    -5.04058602    -5.01273004
      373     0.00580735    -5.01744652    -5.01163917    -5.17363440    -5.04056515    -5.01274593
      374     0.00582965    -5.01722959    -5.01139994    -5.17370134    -5.04055859    -5.01277612
      375     0.00585369    -5.01709826    -5.01124457    -5.17378219    -5.04056594    -5.01282022
      376     0.00587943    -5.01702816    -5.01114872    -5.17387659    -5.04055010    -5.01284112
      377     0.00590679    -5.01706743    -5.01116064    -5.17398425    -5.04054751    -5.01287528
      378     0.00593558    -5.01721976    -5.01128418    -5.17410493    -5.04052119    -5.01292246
      379     0.00596559    -5.01746605    -5.01150046    -5.17423860    -5.04050787    -5.01294589
      380     0.00570027    -5.01784019    -5.01213992    -5.17438540    -5.04050767    -5.01298243
      381     0.00573146    -5.01832359    -5.01259212    -5.17454200    -5.04048052    -5.01302879
      382     0.00576363    -5.01891667    -5.01315304    -5.17471293    -5.04046771    -5.01308947
      383     0.00579657    -5.01958487    -5.01378830    -5.17489874    -5.04046976    -5.01312828
      384     0.00583019    -5.02033226    -5.01450207    -5.17510010    -5.04045063    -5.01318265
      385     0.00586458    -5.02112065    -5.01525607    -5.17531781    -5.04044785    -5.01321661
      386     0.00590005    -5.02194420    -5.01604416    -5.17555273    -5.04042552    -5.01326778
      387     0.00593716    -5.02280206    -5.01686490    -5.17580579    -5.04045808    -5.01333709
      388     0.00597676    -5.02362403    -5.01764727    -5.17607793    -5.04047298    -5.01338874
      389     0.00601988    -5.02440399    -5.01838411    -5.17637011    -5.04050791    -5.01342367
      390     0.00606775    -5.02513160    -5.01906385    -5.17668322    -5.04052703    -5.01347954
      391     0.00612162    -5.02580261    -5.01968098    -5.17701809    -5.04060465    -5.01352041
      392     0.00618276    -5.02639489    -5.02021214    -5.17737542    -5.04066799    -5.01358375
      393     0.00625225    -5.02689780    -5.02064556    -5.17775578    -5.04075436    -5.01363337
      394     0.00633096    -5.02732671    -5.02099575    -5.17815961    -5.04090094    -5.01366970
      395     0.00641946    -5.02766197    -5.02124251    -5.17858714    -5.04103447    -5.01372974
      396     0.00651794    -5.02786700    -5.02134906    -5.17903841    -5.04115501    -5.01374002
      397     0.00662621    -5.02801733    -5.02139112    -5.17951331    -5.04133591    -5.01377393
      398     0.00674370    -5.02809675    -5.02135305    -5.18001153    -5.04154013    -5.01383115
      399     0.00686945    -5.02807279    -5.02120333    -5.18053256    -5.04176717    -5.01383769
      400     0.00570027    -5.02796606    -5.02226580    -5.18107574    -5.04197961    -5.01386639
