#    Non-Adiabatic Coupling Matrix Eliments: off-diagonal
         0     0.00000000     0.00000000     0.00000000
         1    -0.00001204     0.00001151    -0.00021275
         2    -0.00001082    -0.00000260    -0.00025676
         3    -0.00000962    -0.00001677    -0.00030553
         4    -0.00000845    -0.00003102    -0.00035979
         5    -0.00000732    -0.00004533    -0.00042048
         6    -0.00000623    -0.00005969    -0.00048871
         7    -0.00000518    -0.00007405    -0.00056587
         8    -0.00000418    -0.00008836    -0.00065385
         9    -0.00000324    -0.00010254    -0.00075497
        10    -0.00000235    -0.00011649    -0.00087247
        11    -0.00000152    -0.00013016    -0.00101055
        12    -0.00000075    -0.00014342    -0.00117509
        13    -0.00000006    -0.00015621    -0.00137419
        14     0.00000057    -0.00016843    -0.00161932
        15     0.00000113    -0.00018005    -0.00192706
        16     0.00000160    -0.00019100    -0.00232203
        17     0.00000199    -0.00020125    -0.00284194
        18     0.00000226    -0.00021078    -0.00354694
        19     0.00000239    -0.00021957    -0.00453719
        20     0.00000232    -0.00022763    -0.00598933
        21     0.00000159    -0.00010187    -0.00323121
        22     0.00000186    -0.00010975    -0.00394786
        23     0.00000206    -0.00011733    -0.00489632
        24     0.00000217    -0.00012461    -0.00618870
        25     0.00000214    -0.00013157    -0.00801054
        26     0.00000192    -0.00013820    -0.01068113
        27     0.00000136    -0.00014449    -0.01477372
        28     0.00000024    -0.00015040    -0.02134263
        29    -0.00000187    -0.00015585    -0.03224081
        30    -0.00000553    -0.00016059    -0.04971414
        31    -0.00001019    -0.00016424    -0.07106978
        32    -0.00001195    -0.00016686    -0.07893600
        33    -0.00000830    -0.00016856    -0.06322930
        34    -0.00000333    -0.00016890    -0.04209898
        35     0.00000020    -0.00016866    -0.02740001
        36     0.00000238    -0.00016864    -0.01860545
        37     0.00000377    -0.00016903    -0.01329889
        38     0.00000472    -0.00016976    -0.00993896
        39     0.00000540    -0.00017070    -0.00769960
        40     0.00000593    -0.00017174    -0.00613760
        41     0.00000394    -0.00009937    -0.00298952
        42     0.00000416    -0.00010103    -0.00270293
        43     0.00000436    -0.00010265    -0.00245704
        44     0.00000456    -0.00010418    -0.00224313
        45     0.00000474    -0.00010561    -0.00205526
        46     0.00000491    -0.00010688    -0.00188903
        47     0.00000507    -0.00010790    -0.00174102
        48     0.00000521    -0.00010837    -0.00160856
        49     0.00000533    -0.00010814    -0.00148964
        50     0.00000546    -0.00010947    -0.00138227
        51     0.00000560    -0.00011134    -0.00128518
        52     0.00000571    -0.00011242    -0.00119739
        53     0.00000581    -0.00011312    -0.00111784
        54     0.00000589    -0.00011362    -0.00104568
        55     0.00000597    -0.00011397    -0.00098019
        56     0.00000603    -0.00011422    -0.00092068
        57     0.00000609    -0.00011440    -0.00086661
        58     0.00000613    -0.00011457    -0.00081745
        59     0.00000618    -0.00011483    -0.00077275
        60     0.00000621    -0.00011490    -0.00073203
        61     0.00000495    -0.00009069    -0.00055511
        62     0.00000498    -0.00009037    -0.00053529
        63     0.00000501    -0.00009007    -0.00051696
        64     0.00000503    -0.00008977    -0.00050007
        65     0.00000504    -0.00008945    -0.00048450
        66     0.00000505    -0.00008910    -0.00047019
        67     0.00000505    -0.00008872    -0.00045705
        68     0.00000504    -0.00008832    -0.00044502
        69     0.00000503    -0.00008790    -0.00043403
        70     0.00000501    -0.00008741    -0.00042402
        71     0.00000499    -0.00008692    -0.00041497
        72     0.00000497    -0.00008640    -0.00040681
        73     0.00000494    -0.00008585    -0.00039951
        74     0.00000490    -0.00008529    -0.00039305
        75     0.00000487    -0.00008470    -0.00038742
        76     0.00000484    -0.00008409    -0.00038257
        77     0.00000480    -0.00008347    -0.00037852
        78     0.00000477    -0.00008282    -0.00037524
        79     0.00000473    -0.00008216    -0.00037275
        80     0.00000470    -0.00008148    -0.00037106
        81     0.00000434    -0.00007495    -0.00034392
        82     0.00000432    -0.00007426    -0.00034470
        83     0.00000431    -0.00007355    -0.00034619
        84     0.00000430    -0.00007283    -0.00034841
        85     0.00000430    -0.00007209    -0.00035136
        86     0.00000431    -0.00007134    -0.00035513
        87     0.00000433    -0.00007058    -0.00035968
        88     0.00000436    -0.00006980    -0.00036505
        89     0.00000440    -0.00006902    -0.00037128
        90     0.00000446    -0.00006823    -0.00037838
        91     0.00000453    -0.00006743    -0.00038638
        92     0.00000462    -0.00006662    -0.00039528
        93     0.00000472    -0.00006581    -0.00040510
        94     0.00000485    -0.00006499    -0.00041582
        95     0.00000499    -0.00006416    -0.00042747
        96     0.00000516    -0.00006333    -0.00043997
        97     0.00000535    -0.00006250    -0.00045333
        98     0.00000556    -0.00006167    -0.00046743
        99     0.00000580    -0.00006083    -0.00048221
       100     0.00000606    -0.00005999    -0.00049762
       101     0.00000628    -0.00005838    -0.00050686
       102     0.00000659    -0.00005754    -0.00052263
       103     0.00000694    -0.00005670    -0.00053842
       104     0.00000731    -0.00005586    -0.00055401
       105     0.00000772    -0.00005502    -0.00056912
       106     0.00000816    -0.00005418    -0.00058343
       107     0.00000863    -0.00005334    -0.00059662
       108     0.00000914    -0.00005250    -0.00060828
       109     0.00000968    -0.00005167    -0.00061805
       110     0.00001025    -0.00005085    -0.00062557
       111     0.00001085    -0.00005003    -0.00063039
       112     0.00001149    -0.00004921    -0.00063215
       113     0.00001216    -0.00004840    -0.00063052
       114     0.00001286    -0.00004760    -0.00062519
       115     0.00001360    -0.00004680    -0.00061590
       116     0.00001436    -0.00004601    -0.00060255
       117     0.00001515    -0.00004523    -0.00058502
       118     0.00001597    -0.00004446    -0.00056335
       119     0.00001681    -0.00004368    -0.00053766
       120     0.00001768    -0.00004292    -0.00050821
       121     0.00001991    -0.00004523    -0.00051059
       122     0.00002089    -0.00004447    -0.00047395
       123     0.00002189    -0.00004372    -0.00043451
       124     0.00002291    -0.00004297    -0.00039284
       125     0.00002392    -0.00004222    -0.00034951
       126     0.00002495    -0.00004147    -0.00030514
       127     0.00002597    -0.00004072    -0.00026032
       128     0.00002699    -0.00003997    -0.00021563
       129     0.00002800    -0.00003921    -0.00017157
       130     0.00002900    -0.00003845    -0.00012864
       131     0.00002999    -0.00003768    -0.00008722
       132     0.00003095    -0.00003691    -0.00004762
       133     0.00003189    -0.00003612    -0.00001012
       134     0.00003280    -0.00003533     0.00002510
       135     0.00003368    -0.00003453     0.00005790
       136     0.00003453    -0.00003371     0.00008823
       137     0.00003534    -0.00003288     0.00011607
       138     0.00003610    -0.00003204     0.00014146
       139     0.00003683    -0.00003119     0.00016448
       140     0.00003751    -0.00003031     0.00018518
       141     0.00004108    -0.00003169     0.00021792
       142     0.00004176    -0.00003077     0.00023307
       143     0.00004240    -0.00002982     0.00024631
       144     0.00004297    -0.00002886     0.00025776
       145     0.00004349    -0.00002788     0.00026759
       146     0.00004395    -0.00002687     0.00027602
       147     0.00004435    -0.00002585     0.00028316
       148     0.00004469    -0.00002480     0.00028918
       149     0.00004497    -0.00002372     0.00029422
       150     0.00004519    -0.00002262     0.00029842
       151     0.00004534    -0.00002150     0.00030189
       152     0.00004544    -0.00002036     0.00030474
       153     0.00004547    -0.00001919     0.00030707
       154     0.00004544    -0.00001800     0.00030897
       155     0.00004535    -0.00001678     0.00031054
       156     0.00004520    -0.00001555     0.00031184
       157     0.00004499    -0.00001428     0.00031294
       158     0.00004471    -0.00001300     0.00031388
       159     0.00004438    -0.00001169     0.00031476
       160     0.00004398    -0.00001036     0.00031559
       161     0.00004229    -0.00000875     0.00030767
       162     0.00004175    -0.00000738     0.00030876
       163     0.00004116    -0.00000600     0.00030993
       164     0.00004051    -0.00000460     0.00031118
       165     0.00003980    -0.00000319     0.00031256
       166     0.00003904    -0.00000176     0.00031408
       167     0.00003822    -0.00000032     0.00031578
       168     0.00003735     0.00000113     0.00031767
       169     0.00003642     0.00000259     0.00031977
       170     0.00003544     0.00000405     0.00032213
       171     0.00003440     0.00000553     0.00032476
       172     0.00003332     0.00000700     0.00032769
       173     0.00003218     0.00000847     0.00033089
       174     0.00003100     0.00000994     0.00033442
       175     0.00002976     0.00001141     0.00033831
       176     0.00002847     0.00001286     0.00034259
       177     0.00002713     0.00001431     0.00034724
       178     0.00002575     0.00001574     0.00035233
       179     0.00002431     0.00001715     0.00035786
       180     0.00002283     0.00001854     0.00036386
       181     0.00001764     0.00001677     0.00030786
       182     0.00001599     0.00001815     0.00031014
       183     0.00001430     0.00001951     0.00031263
       184     0.00001258     0.00002084     0.00031536
       185     0.00001082     0.00002214     0.00031833
       186     0.00000903     0.00002340     0.00032158
       187     0.00000720     0.00002464     0.00032509
       188     0.00000534     0.00002584     0.00032890
       189     0.00000345     0.00002700     0.00033302
       190     0.00000152     0.00002812     0.00033752
       191    -0.00000043     0.00002920     0.00034239
       192    -0.00000241     0.00003025     0.00034770
       193    -0.00000442     0.00003125     0.00035345
       194    -0.00000646     0.00003221     0.00035974
       195    -0.00000852     0.00003313     0.00036663
       196    -0.00001061     0.00003401     0.00037416
       197    -0.00001272     0.00003485     0.00038245
       198    -0.00001486     0.00003566     0.00039161
       199    -0.00001701     0.00003643     0.00040174
       200    -0.00001919     0.00003716     0.00041298
       201    -0.00001718     0.00002996     0.00033040
       202    -0.00001959     0.00003072     0.00033149
       203    -0.00002202     0.00003147     0.00033310
       204    -0.00002445     0.00003220     0.00033534
       205    -0.00002691     0.00003292     0.00033827
       206    -0.00002937     0.00003362     0.00034206
       207    -0.00003185     0.00003430     0.00034676
       208    -0.00003433     0.00003498     0.00035255
       209    -0.00003683     0.00003564     0.00035956
       210    -0.00003935     0.00003630     0.00036799
       211    -0.00004187     0.00003694     0.00037802
       212    -0.00004441     0.00003759     0.00038985
       213    -0.00004697     0.00003822     0.00040373
       214    -0.00004954     0.00003884     0.00041994
       215    -0.00005213     0.00003946     0.00043884
       216    -0.00005473     0.00004007     0.00046080
       217    -0.00005736     0.00004067     0.00048624
       218    -0.00006001     0.00004126     0.00051572
       219    -0.00006269     0.00004183     0.00054989
       220    -0.00006539     0.00004239     0.00058957
       221    -0.00005517     0.00003461     0.00050265
       222    -0.00005811     0.00003512     0.00052580
       223    -0.00006108     0.00003561     0.00055209
       224    -0.00006407     0.00003610     0.00058169
       225    -0.00006709     0.00003651     0.00061560
       226    -0.00007013     0.00003693     0.00065380
       227    -0.00007319     0.00003732     0.00069719
       228    -0.00007627     0.00003769     0.00074658
       229    -0.00007937     0.00003802     0.00080313
       230    -0.00008249     0.00003834     0.00086829
       231    -0.00008562     0.00003862     0.00094410
       232    -0.00008876     0.00003889     0.00103322
       233    -0.00009192     0.00003913     0.00113955
       234    -0.00009507     0.00003936     0.00126874
       235    -0.00009822     0.00003957     0.00142893
       236    -0.00010137     0.00003978     0.00163297
       237    -0.00010451     0.00003999     0.00190096
       238    -0.00010764     0.00004021     0.00226645
       239    -0.00011074     0.00004044     0.00278850
       240    -0.00011383     0.00004068     0.00357826
       241    -0.00009988     0.00003497     0.00399620
       242    -0.00010295     0.00003521     0.00539839
       243    -0.00010602     0.00003541     0.00793675
       244    -0.00010918     0.00003540     0.01325828
       245    -0.00011278     0.00003436     0.02736824
       246    -0.00011802     0.00002744     0.08163968
       247    -0.00012096     0.00000786     0.20248199
       248    -0.00012328     0.00002964     0.09551278
       249    -0.00012226     0.00004140     0.02905370
       250    -0.00012413     0.00004319     0.01313674
       251    -0.00012687     0.00004296     0.00775623
       252    -0.00012983     0.00004218     0.00540429
       253    -0.00013283     0.00004117     0.00421707
       254    -0.00013581     0.00004003     0.00357581
       255    -0.00013876     0.00003881     0.00322991
       256    -0.00014166     0.00003751     0.00306437
       257    -0.00014449     0.00003617     0.00302176
       258    -0.00014724     0.00003477     0.00307214
       259    -0.00014993     0.00003334     0.00320034
       260    -0.00015250     0.00003187     0.00340133
       261    -0.00014150     0.00002763     0.00337883
       262    -0.00014395     0.00002599     0.00375377
       263    -0.00014630     0.00002433     0.00421195
       264    -0.00014854     0.00002266     0.00476827
       265    -0.00015066     0.00002099     0.00544145
       266    -0.00015269     0.00001935     0.00625310
       267    -0.00015457     0.00001774     0.00722841
       268    -0.00015631     0.00001618     0.00839218
       269    -0.00015789     0.00001472     0.00976337
       270    -0.00015930     0.00001339     0.01134566
       271    -0.00016053     0.00001224     0.01310739
       272    -0.00016157     0.00001134     0.01496002
       273    -0.00016240     0.00001079     0.01673235
       274    -0.00016304     0.00001067     0.01817198
       275    -0.00016347     0.00001108     0.01899158
       276    -0.00016371     0.00001205     0.01897321
       277    -0.00016378     0.00001357     0.01807297
       278    -0.00016368     0.00001551     0.01645395
       279    -0.00016344     0.00001772     0.01440664
       280    -0.00016307     0.00002002     0.01223060
       281    -0.00014958     0.00002063     0.00936363
       282    -0.00014919     0.00002250     0.00769773
       283    -0.00014873     0.00002421     0.00625804
       284    -0.00014819     0.00002574     0.00504260
       285    -0.00014758     0.00002711     0.00403105
       286    -0.00014691     0.00002831     0.00319389
       287    -0.00014618     0.00002937     0.00250126
       288    -0.00014537     0.00003031     0.00192568
       289    -0.00014451     0.00003114     0.00144374
       290    -0.00014358     0.00003189     0.00103595
       291    -0.00014259     0.00003255     0.00068685
       292    -0.00014154     0.00003315     0.00038428
       293    -0.00014045     0.00003370     0.00011895
       294    -0.00013931     0.00003419    -0.00011577
       295    -0.00013813     0.00003464    -0.00032515
       296    -0.00013693     0.00003505    -0.00051257
       297    -0.00013570     0.00003543    -0.00068010
       298    -0.00013446     0.00003579    -0.00082960
       299    -0.00013320     0.00003611    -0.00096143
       300    -0.00013194     0.00003638    -0.00107591
       301    -0.00014916     0.00004194    -0.00134457
       302    -0.00014757     0.00004237    -0.00144385
       303    -0.00014598     0.00004270    -0.00152190
       304    -0.00014436     0.00004292    -0.00157882
       305    -0.00014274     0.00004301    -0.00161492
       306    -0.00014111     0.00004298    -0.00163111
       307    -0.00013947     0.00004282    -0.00162847
       308    -0.00013783     0.00004252    -0.00160822
       309    -0.00013618     0.00004209    -0.00157197
       310    -0.00013452     0.00004153    -0.00152150
       311    -0.00013286     0.00004083    -0.00145874
       312    -0.00013119     0.00004000    -0.00138558
       313    -0.00012953     0.00003905    -0.00130410
       314    -0.00012787     0.00003797    -0.00121590
       315    -0.00012621     0.00003678    -0.00112291
       316    -0.00012455     0.00003548    -0.00102631
       317    -0.00012290     0.00003407    -0.00092762
       318    -0.00012126     0.00003256    -0.00082765
       319    -0.00011961     0.00003095    -0.00072722
       320    -0.00011797     0.00002925    -0.00062682
       321    -0.00015421     0.00003695    -0.00072656
       322    -0.00015247     0.00003553    -0.00065202
       323    -0.00015072     0.00003400    -0.00057659
       324    -0.00014894     0.00003235    -0.00050040
       325    -0.00014714     0.00003057    -0.00042321
       326    -0.00014532     0.00002868    -0.00034499
       327    -0.00014346     0.00002668    -0.00026536
       328    -0.00014156     0.00002455    -0.00018413
       329    -0.00013963     0.00002227    -0.00010149
       330    -0.00013764     0.00001995    -0.00001520
       331    -0.00013560     0.00001748     0.00007297
       332    -0.00013349     0.00001489     0.00016396
       333    -0.00013132     0.00001220     0.00025781
       334    -0.00012907     0.00000941     0.00035472
       335    -0.00012673     0.00000651     0.00045455
       336    -0.00012431     0.00000353     0.00055714
       337    -0.00012179     0.00000046     0.00066233
       338    -0.00011917    -0.00000268     0.00076952
       339    -0.00011644    -0.00000588     0.00087822
       340    -0.00011360    -0.00000913     0.00098786
       341    -0.00016096    -0.00001718     0.00155173
       342    -0.00015853    -0.00002024     0.00163966
       343    -0.00015593    -0.00002332     0.00172583
       344    -0.00015317    -0.00002641     0.00180893
       345    -0.00015023    -0.00002950     0.00188783
       346    -0.00014712    -0.00003255     0.00196154
       347    -0.00014385    -0.00003557     0.00202954
       348    -0.00014041    -0.00003855     0.00209111
       349    -0.00013681    -0.00004146     0.00214597
       350    -0.00013304    -0.00004431     0.00219400
       351    -0.00012911    -0.00004708     0.00223540
       352    -0.00012503    -0.00004976     0.00227047
       353    -0.00012078    -0.00005236     0.00230001
       354    -0.00011637    -0.00005488     0.00232476
       355    -0.00011182    -0.00005730     0.00234584
       356    -0.00010712    -0.00005963     0.00236425
       357    -0.00010226    -0.00006187     0.00238170
       358    -0.00009724    -0.00006403     0.00239981
       359    -0.00009206    -0.00006610     0.00241978
       360    -0.00008674    -0.00006809     0.00244330
       361    -0.00009665    -0.00008275     0.00292325
       362    -0.00009093    -0.00008453     0.00295715
       363    -0.00008504    -0.00008623     0.00300044
       364    -0.00007896    -0.00008786     0.00305549
       365    -0.00007270    -0.00008941     0.00312387
       366    -0.00006626    -0.00009089     0.00320713
       367    -0.00005964    -0.00009231     0.00330669
       368    -0.00005285    -0.00009367     0.00342363
       369    -0.00004589    -0.00009497     0.00355861
       370    -0.00003876    -0.00009620     0.00371209
       371    -0.00003148    -0.00009737     0.00388384
       372    -0.00002405    -0.00009847     0.00407293
       373    -0.00001650    -0.00009950     0.00427776
       374    -0.00000883    -0.00010044     0.00449573
       375    -0.00000108    -0.00010128     0.00472355
       376     0.00000674    -0.00010199     0.00495709
       377     0.00001460    -0.00010257     0.00519073
       378     0.00002244    -0.00010298     0.00541832
       379     0.00003024    -0.00010321     0.00563262
       380     0.00003797    -0.00010323     0.00582685
       381     0.00004446    -0.00010046     0.00584652
       382     0.00005182    -0.00010002     0.00598223
       383     0.00005899    -0.00009931     0.00608144
       384     0.00006593    -0.00009830     0.00614092
       385     0.00007262    -0.00009697     0.00615958
       386     0.00007903    -0.00009532     0.00613813
       387     0.00008515    -0.00009334     0.00607913
       388     0.00009095    -0.00009103     0.00598674
       389     0.00009644    -0.00008839     0.00586638
       390     0.00010161    -0.00008544     0.00572396
       391     0.00010647    -0.00008220     0.00556591
       392     0.00011103    -0.00007869     0.00539852
       393     0.00011530    -0.00007494     0.00522746
       394     0.00011930    -0.00007097     0.00505814
       395     0.00012305    -0.00006682     0.00489510
       396     0.00012656    -0.00006252     0.00474234
       397     0.00012984    -0.00005810     0.00460307
       398     0.00013293    -0.00005360     0.00448012
       399     0.00013584    -0.00004904     0.00437575
       400     0.00013858    -0.00004446     0.00429197
