#    Step     Kinetic(H)     Potential(H)   Total(H)       E(0)(H)        E(1)(H)        E(2)(H)        
        0     0.00565008    -5.27359199    -5.26794191    -5.27359199    -5.05316963    -4.95857691
        1     0.00558758    -5.27352941    -5.26794183    -5.27352941    -5.05307031    -4.95855109
        2     0.00552462    -5.27346638    -5.26794175    -5.27346638    -5.05297052    -4.95848805
        3     0.00546243    -5.27340411    -5.26794168    -5.27340411    -5.05290826    -4.95846254
        4     0.00540223    -5.27334384    -5.26794160    -5.27334384    -5.05281123    -4.95840226
        5     0.00534518    -5.27328672    -5.26794154    -5.27328672    -5.05271737    -4.95830839
        6     0.00529237    -5.27323385    -5.26794148    -5.27323385    -5.05262774    -4.95825552
        7     0.00524476    -5.27318618    -5.26794142    -5.27318618    -5.05258008    -4.95817111
        8     0.00520319    -5.27314457    -5.26794138    -5.27314457    -5.05250172    -4.95805600
        9     0.00516832    -5.27310967    -5.26794135    -5.27310967    -5.05243007    -4.95798435
       10     0.00514067    -5.27308200    -5.26794133    -5.27308200    -5.05240240    -4.95788318
       11     0.00512054    -5.27306187    -5.26794133    -5.27306187    -5.05238227    -4.95778955
       12     0.00510809    -5.27304942    -5.26794133    -5.27304942    -5.05233307    -4.95766685
       13     0.00510326    -5.27304460    -5.26794135    -5.27304460    -5.05232825    -4.95758854
       14     0.00510583    -5.27304720    -5.26794137    -5.27304720    -5.05233085    -4.95748089
       15     0.00511544    -5.27305684    -5.26794140    -5.27305684    -5.05234049    -4.95738028
       16     0.00513154    -5.27307299    -5.26794145    -5.27307299    -5.05235664    -4.95724943
       17     0.00515351    -5.27309500    -5.26794149    -5.27309500    -5.05237865    -4.95712444
       18     0.00518060    -5.27312215    -5.26794155    -5.27312215    -5.05240580    -4.95700459
       19     0.00521201    -5.27315361    -5.26794160    -5.27315361    -5.05243726    -4.95688906
       20     0.00570027    -5.27318855    -5.26748828    -5.27318855    -5.05247220    -4.95677700
       21     0.00573887    -5.27322721    -5.26748833    -5.27322721    -5.05251086    -4.95663191
       22     0.00577837    -5.27326676    -5.26748839    -5.27326676    -5.05258716    -4.95648771
       23     0.00581791    -5.27330634    -5.26748844    -5.27330634    -5.05262674    -4.95634355
       24     0.00585671    -5.27334519    -5.26748848    -5.27334519    -5.05266559    -4.95619865
       25     0.00589407    -5.27338259    -5.26748852    -5.27338259    -5.05273974    -4.95601556
       26     0.00592941    -5.27341796    -5.26748855    -5.27341796    -5.05277511    -4.95586718
       27     0.00596222    -5.27345080    -5.26748857    -5.27345080    -5.05280795    -4.95571627
       28     0.00599215    -5.27348073    -5.26748859    -5.27348073    -5.05287463    -4.95556246
       29     0.00601894    -5.27350753    -5.26748860    -5.27350753    -5.05290143    -4.95540551
       30     0.00604248    -5.27353107    -5.26748859    -5.27353107    -5.05296172    -4.95524531
       31     0.00606280    -5.27355138    -5.26748859    -5.27355138    -5.05298203    -4.95511862
       32     0.00608003    -5.27356860    -5.26748857    -5.27356860    -5.05299924    -4.95498884
       33     0.00609443    -5.27358297    -5.26748855    -5.27358297    -5.05301362    -4.95485622
       34     0.00610637    -5.27359488    -5.26748852    -5.27359488    -5.05306228    -4.95472113
       35     0.00611630    -5.27360478    -5.26748848    -5.27360478    -5.05307218    -4.95462078
       36     0.00612477    -5.27361321    -5.26748844    -5.27361321    -5.05308061    -4.95451896
       37     0.00613237    -5.27362078    -5.26748840    -5.27362078    -5.05308817    -4.95441628
       38     0.00613977    -5.27362813    -5.26748836    -5.27362813    -5.05309553    -4.95431339
       39     0.00614765    -5.27363596    -5.26748832    -5.27363596    -5.05306661    -4.95421097
       40     0.00570027    -5.27364497    -5.26794470    -5.27364497    -5.05307562    -4.95414648
       41     0.00571121    -5.27365587    -5.26794466    -5.27365587    -5.05308652    -4.95404713
       42     0.00572545    -5.27367008    -5.26794462    -5.27367008    -5.05306397    -4.95398784
       43     0.00574361    -5.27368819    -5.26794459    -5.27368819    -5.05304534    -4.95393246
       44     0.00576622    -5.27371078    -5.26794456    -5.27371078    -5.05306793    -4.95388154
       45     0.00579377    -5.27373830    -5.26794453    -5.27373830    -5.05305870    -4.95379882
       46     0.00582666    -5.27377117    -5.26794451    -5.27377117    -5.05301807    -4.95375819
       47     0.00586519    -5.27380968    -5.26794450    -5.27380968    -5.05301984    -4.95372320
       48     0.00590957    -5.27385406    -5.26794449    -5.27385406    -5.05302746    -4.95365733
       49     0.00595989    -5.27390438    -5.26794449    -5.27390438    -5.05300429    -4.95363416
       50     0.00601615    -5.27396065    -5.26794450    -5.27396065    -5.05298705    -4.95361692
       51     0.00607821    -5.27402272    -5.26794451    -5.27402272    -5.05301238    -4.95360550
       52     0.00614582    -5.27409035    -5.26794453    -5.27409035    -5.05300651    -4.95356288
       53     0.00621862    -5.27416318    -5.26794456    -5.27416318    -5.05296909    -4.95356221
       54     0.00629613    -5.27424073    -5.26794460    -5.27424073    -5.05297314    -4.95356626
       55     0.00637776    -5.27432240    -5.26794464    -5.27432240    -5.05298131    -4.95357443
       56     0.00646281    -5.27440750    -5.26794469    -5.27440750    -5.05295616    -4.95358603
       57     0.00655049    -5.27449523    -5.26794474    -5.27449523    -5.05297040    -4.95356352
       58     0.00663993    -5.27458473    -5.26794480    -5.27458473    -5.05294965    -4.95357952
       59     0.00673019    -5.27467505    -5.26794486    -5.27467505    -5.05292972    -4.95359634
       60     0.00570027    -5.27476518    -5.26906491    -5.27476518    -5.05290960    -4.95361297
       61     0.00578234    -5.27484731    -5.26906498    -5.27484731    -5.05291824    -4.95362161
       62     0.00586400    -5.27492904    -5.26906504    -5.27492904    -5.05288972    -4.95362983
       63     0.00594423    -5.27500933    -5.26906510    -5.27500933    -5.05285976    -4.95363662
       64     0.00602197    -5.27508714    -5.26906517    -5.27508714    -5.05282732    -4.95367769
       65     0.00609622    -5.27516145    -5.26906523    -5.27516145    -5.05279138    -4.95367850
       66     0.00616597    -5.27523126    -5.26906529    -5.27523126    -5.05275094    -4.95367480
       67     0.00623027    -5.27529561    -5.26906534    -5.27529561    -5.05270505    -4.95366566
       68     0.00628825    -5.27535365    -5.26906539    -5.27535365    -5.05268958    -4.95365020
       69     0.00633913    -5.27540457    -5.26906543    -5.27540457    -5.05263026    -4.95366437
       70     0.00638222    -5.27544769    -5.26906547    -5.27544769    -5.05256313    -4.95363399
       71     0.00641696    -5.27548246    -5.26906550    -5.27548246    -5.05248766    -4.95363201
       72     0.00644294    -5.27550845    -5.26906551    -5.27550845    -5.05240340    -4.95358451
       73     0.00645986    -5.27552538    -5.26906552    -5.27552538    -5.05234683    -4.95352794
       74     0.00646762    -5.27553313    -5.26906552    -5.27553313    -5.05224433    -4.95349894
       75     0.00646623    -5.27553174    -5.26906551    -5.27553174    -5.05216944    -4.95346080
       76     0.00645592    -5.27552140    -5.26906548    -5.27552140    -5.05204885    -4.95337696
       77     0.00643703    -5.27550248    -5.26906545    -5.27550248    -5.05195643    -4.95332129
       78     0.00641009    -5.27547550    -5.26906541    -5.27547550    -5.05185595    -4.95325756
       79     0.00637575    -5.27544111    -5.26906536    -5.27544111    -5.05174807    -4.95318642
       80     0.00570027    -5.27540011    -5.26969984    -5.27540011    -5.05167031    -4.95307192
       81     0.00565648    -5.27535626    -5.26969978    -5.27535626    -5.05155297    -4.95299132
       82     0.00560917    -5.27530889    -5.26969971    -5.27530889    -5.05146885    -4.95294395
       83     0.00555936    -5.27525900    -5.26969965    -5.27525900    -5.05138221    -4.95285732
       84     0.00550808    -5.27520766    -5.26969958    -5.27520766    -5.05133087    -4.95276922
       85     0.00545638    -5.27515590    -5.26969952    -5.27515590    -5.05124236    -4.95268071
       86     0.00540530    -5.27510475    -5.26969945    -5.27510475    -5.05119121    -4.95262957
       87     0.00535581    -5.27505520    -5.26969940    -5.27505520    -5.05110492    -4.95258002
       88     0.00530883    -5.27500817    -5.26969934    -5.27500817    -5.05105788    -4.95249624
       89     0.00526518    -5.27496448    -5.26969930    -5.27496448    -5.05105094    -4.95245254
       90     0.00522558    -5.27492484    -5.26969926    -5.27492484    -5.05101130    -4.95241290
       91     0.00519060    -5.27488983    -5.26969923    -5.27488983    -5.05101304    -4.95237790
       92     0.00516069    -5.27485990    -5.26969922    -5.27485990    -5.05101986    -4.95234797
       93     0.00513614    -5.27483535    -5.26969921    -5.27483535    -5.05103206    -4.95232341
       94     0.00511711    -5.27481631    -5.26969921    -5.27481631    -5.05104977    -4.95230438
       95     0.00510356    -5.27480278    -5.26969922    -5.27480278    -5.05107299    -4.95232759
       96     0.00509534    -5.27479458    -5.26969924    -5.27479458    -5.05113829    -4.95231940
       97     0.00509214    -5.27479141    -5.26969926    -5.27479141    -5.05120861    -4.95235297
       98     0.00509353    -5.27479283    -5.26969930    -5.27479283    -5.05124678    -4.95239114
       99     0.00509896    -5.27479829    -5.26969934    -5.27479829    -5.05132575    -4.95243336
      100     0.00570027    -5.27480716    -5.26910689    -5.27480716    -5.05144486    -4.95247897
      101     0.00571193    -5.27481888    -5.26910694    -5.27481888    -5.05153008    -4.95252744
      102     0.00572466    -5.27483165    -5.26910699    -5.27483165    -5.05161635    -4.95261371
      103     0.00573765    -5.27484469    -5.26910704    -5.27484469    -5.05173963    -4.95266350
      104     0.00575011    -5.27485720    -5.26910708    -5.27485720    -5.05186239    -4.95274951
      105     0.00576131    -5.27486844    -5.26910713    -5.27486844    -5.05198388    -4.95279750
      106     0.00577054    -5.27487770    -5.26910717    -5.27487770    -5.05206664    -4.95288026
      107     0.00577715    -5.27488435    -5.26910720    -5.27488435    -5.05218353    -4.95296040
      108     0.00578058    -5.27488781    -5.26910723    -5.27488781    -5.05229725    -4.95303736
      109     0.00578036    -5.27488762    -5.26910725    -5.27488762    -5.05240730    -4.95314742
      110     0.00577610    -5.27488338    -5.26910727    -5.27488338    -5.05251331    -4.95321667
      111     0.00576750    -5.27487479    -5.26910728    -5.27487479    -5.05261497    -4.95328158
      112     0.00575435    -5.27486164    -5.26910729    -5.27486164    -5.05271207    -4.95337869
      113     0.00573653    -5.27484382    -5.26910729    -5.27484382    -5.05280450    -4.95343437
      114     0.00571400    -5.27482129    -5.26910729    -5.27482129    -5.05285546    -4.95352208
      115     0.00568679    -5.27479407    -5.26910729    -5.27479407    -5.05293850    -4.95360511
      116     0.00565501    -5.27476229    -5.26910728    -5.27476229    -5.05301696    -4.95368357
      117     0.00561881    -5.27472608    -5.26910727    -5.27472608    -5.05309100    -4.95375762
      118     0.00557843    -5.27468568    -5.26910725    -5.27468568    -5.05312409    -4.95382746
      119     0.00553412    -5.27464135    -5.26910723    -5.27464135    -5.05319001    -4.95389338
      120     0.00570027    -5.27459348    -5.26889321    -5.27459348    -5.05325239    -4.95395576
      121     0.00564818    -5.27454136    -5.26889318    -5.27454136    -5.05327377    -4.95405063
      122     0.00559311    -5.27448625    -5.26889314    -5.27448625    -5.05332891    -4.95410578
      123     0.00553564    -5.27442874    -5.26889311    -5.27442874    -5.05334490    -4.95419526
      124     0.00547635    -5.27436942    -5.26889307    -5.27436942    -5.05335908    -4.95424619
      125     0.00541585    -5.27430889    -5.26889303    -5.27430889    -5.05337204    -4.95433265
      126     0.00535474    -5.27424773    -5.26889300    -5.27424773    -5.05338439    -4.95438175
      127     0.00529359    -5.27418655    -5.26889296    -5.27418655    -5.05339670    -4.95446756
      128     0.00523298    -5.27412591    -5.26889293    -5.27412591    -5.05340956    -4.95451717
      129     0.00517345    -5.27406635    -5.26889290    -5.27406635    -5.05342350    -4.95460460
      130     0.00511547    -5.27400834    -5.26889287    -5.27400834    -5.05343899    -4.95469360
      131     0.00505949    -5.27395233    -5.26889285    -5.27395233    -5.05345648    -4.95474784
      132     0.00500587    -5.27389870    -5.26889283    -5.27389870    -5.05343959    -4.95484120
      133     0.00495493    -5.27384774    -5.26889281    -5.27384774    -5.05342539    -4.95490049
      134     0.00490692    -5.27379972    -5.26889280    -5.27379972    -5.05345086    -4.95499946
      135     0.00486200    -5.27375480    -5.26889279    -5.27375480    -5.05344269    -4.95506479
      136     0.00482029    -5.27371308    -5.26889279    -5.27371308    -5.05343773    -4.95513332
      137     0.00478183    -5.27367462    -5.26889279    -5.27367462    -5.05343601    -4.95524186
      138     0.00474660    -5.27363939    -5.26889279    -5.27363939    -5.05343753    -4.95531688
      139     0.00471450    -5.27360731    -5.26889280    -5.27360731    -5.05344220    -4.95539504
      140     0.00570027    -5.27357824    -5.26787797    -5.27357824    -5.05344988    -4.95547622
      141     0.00567031    -5.27354829    -5.26787798    -5.27354829    -5.05345668    -4.95555652
      142     0.00564122    -5.27351922    -5.26787800    -5.27351922    -5.05342761    -4.95563770
      143     0.00561277    -5.27349078    -5.26787801    -5.27349078    -5.05343592    -4.95571951
      144     0.00558473    -5.27346276    -5.26787802    -5.27346276    -5.05340789    -4.95580173
      145     0.00555686    -5.27343490    -5.26787804    -5.27343490    -5.05341679    -4.95584737
      146     0.00552894    -5.27340699    -5.26787805    -5.27340699    -5.05338888    -4.95592971
      147     0.00550078    -5.27337884    -5.26787806    -5.27337884    -5.05339747    -4.95597505
      148     0.00547220    -5.27335027    -5.26787806    -5.27335027    -5.05336891    -4.95601999
      149     0.00544309    -5.27332116    -5.26787807    -5.27332116    -5.05333980    -4.95606438
      150     0.00541335    -5.27329142    -5.26787807    -5.27329142    -5.05331006    -4.95610813
      151     0.00538293    -5.27326101    -5.26787807    -5.27326101    -5.05331639    -4.95615122
      152     0.00535185    -5.27322992    -5.26787807    -5.27322992    -5.05328531    -4.95619363
      153     0.00532016    -5.27319822    -5.26787806    -5.27319822    -5.05325360    -4.95619868
      154     0.00528794    -5.27316600    -5.26787805    -5.27316600    -5.05322138    -4.95620321
      155     0.00525537    -5.27313341    -5.26787804    -5.27313341    -5.05315205    -4.95620737
      156     0.00522263    -5.27310065    -5.26787802    -5.27310065    -5.05311929    -4.95624811
      157     0.00518996    -5.27306797    -5.26787801    -5.27306797    -5.05308660    -4.95625217
      158     0.00515764    -5.27303563    -5.26787799    -5.27303563    -5.05305427    -4.95625659
      159     0.00512599    -5.27300396    -5.26787797    -5.27300396    -5.05298584    -4.95626166
      160     0.00570027    -5.27297330    -5.26727303    -5.27297330    -5.05295518    -4.95623100
      161     0.00566872    -5.27294173    -5.26727300    -5.27294173    -5.05288686    -4.95623618
      162     0.00563785    -5.27291083    -5.26727298    -5.27291083    -5.05281922    -4.95627878
      163     0.00560809    -5.27288105    -5.26727295    -5.27288105    -5.05278943    -4.95628575
      164     0.00557992    -5.27285284    -5.26727292    -5.27285284    -5.05272448    -4.95629429
      165     0.00555380    -5.27282670    -5.26727289    -5.27282670    -5.05266159    -4.95634165
      166     0.00553025    -5.27280311    -5.26727286    -5.27280311    -5.05260125    -4.95635481
      167     0.00550976    -5.27278260    -5.26727283    -5.27278260    -5.05254399    -4.95640780
      168     0.00549285    -5.27276566    -5.26727280    -5.27276566    -5.05249030    -4.95642761
      169     0.00548003    -5.27275280    -5.26727278    -5.27275280    -5.05244069    -4.95648825
      170     0.00547178    -5.27274453    -5.26727275    -5.27274453    -5.05239567    -4.95651672
      171     0.00546859    -5.27274131    -5.26727272    -5.27274131    -5.05231896    -4.95655026
      172     0.00547091    -5.27274360    -5.26727270    -5.27274360    -5.05228450    -4.95662605
      173     0.00547915    -5.27275182    -5.26727268    -5.27275182    -5.05225597    -4.95667102
      174     0.00549367    -5.27276633    -5.26727266    -5.27276633    -5.05219698    -4.95672228
      175     0.00551481    -5.27278745    -5.26727265    -5.27278745    -5.05218135    -4.95674339
      176     0.00554279    -5.27281542    -5.26727264    -5.27281542    -5.05213582    -4.95680812
      177     0.00557780    -5.27285043    -5.26727263    -5.27285043    -5.05213408    -4.95684312
      178     0.00561992    -5.27289256    -5.26727263    -5.27289256    -5.05210271    -4.95688525
      179     0.00566918    -5.27294182    -5.26727264    -5.27294182    -5.05207847    -4.95693451
      180     0.00570027    -5.27299812    -5.26729786    -5.27299812    -5.05209803    -4.95695407
      181     0.00576330    -5.27306117    -5.26729788    -5.27306117    -5.05208758    -4.95698037
      182     0.00583292    -5.27313083    -5.26729790    -5.27313083    -5.05208373    -4.95701327
      183     0.00590876    -5.27320669    -5.26729793    -5.27320669    -5.05208610    -4.95705239
      184     0.00599032    -5.27328829    -5.26729797    -5.27328829    -5.05213095    -4.95706049
      185     0.00607702    -5.27337504    -5.26729801    -5.27337504    -5.05214420    -4.95711048
      186     0.00616821    -5.27346627    -5.26729806    -5.27346627    -5.05216193    -4.95712822
      187     0.00626314    -5.27356125    -5.26729811    -5.27356125    -5.05218341    -4.95711295
      188     0.00636101    -5.27365917    -5.26729817    -5.27365917    -5.05224459    -4.95713738
      189     0.00646096    -5.27375919    -5.26729822    -5.27375919    -5.05227110    -4.95712714
      190     0.00656212    -5.27386040    -5.26729828    -5.27386040    -5.05229882    -4.95711811
      191     0.00666357    -5.27396190    -5.26729834    -5.27396190    -5.05236357    -4.95710936
      192     0.00676439    -5.27406278    -5.26729840    -5.27406278    -5.05239095    -4.95709999
      193     0.00686367    -5.27416212    -5.26729845    -5.27416212    -5.05245354    -4.95705234
      194     0.00696055    -5.27425905    -5.26729850    -5.27425905    -5.05251372    -4.95703901
      195     0.00705416    -5.27435271    -5.26729855    -5.27435271    -5.05253388    -4.95698568
      196     0.00714372    -5.27444231    -5.26729860    -5.27444231    -5.05258674    -4.95692828
      197     0.00722850    -5.27452713    -5.26729864    -5.27452713    -5.05263480    -4.95686611
      198     0.00730784    -5.27460651    -5.26729867    -5.27460651    -5.05267743    -4.95676174
      199     0.00738116    -5.27467986    -5.26729870    -5.27467986    -5.05271404    -4.95668809
      200     0.00570027    -5.27474669    -5.26904642    -5.27474669    -5.05278087    -4.95660793
      201     0.00575400    -5.27480045    -5.26904644    -5.27480045    -5.05279787    -4.95651468
      202     0.00580407    -5.27485053    -5.26904646    -5.27485053    -5.05281120    -4.95638101
      203     0.00585020    -5.27489667    -5.26904647    -5.27489667    -5.05285735    -4.95628016
      204     0.00589219    -5.27493867    -5.26904648    -5.27493867    -5.05289935    -4.95617517
      205     0.00592988    -5.27497636    -5.26904648    -5.27497636    -5.05290029    -4.95606586
      206     0.00596313    -5.27500962    -5.26904649    -5.27500962    -5.05293354    -4.95591537
      207     0.00599187    -5.27503836    -5.26904649    -5.27503836    -5.05296229    -4.95579712
      208     0.00601608    -5.27506256    -5.26904649    -5.27506256    -5.05298649    -4.95563757
      209     0.00603574    -5.27508222    -5.26904648    -5.27508222    -5.05296940    -4.95551023
      210     0.00605090    -5.27509738    -5.26904648    -5.27509738    -5.05298456    -4.95534164
      211     0.00606164    -5.27510811    -5.26904647    -5.27510811    -5.05299529    -4.95520538
      212     0.00606808    -5.27511454    -5.26904646    -5.27511454    -5.05300172    -4.95502806
      213     0.00607037    -5.27511682    -5.26904645    -5.27511682    -5.05300399    -4.95484659
      214     0.00606868    -5.27511511    -5.26904643    -5.27511511    -5.05300229    -4.95469789
      215     0.00606323    -5.27510965    -5.26904641    -5.27510965    -5.05299683    -4.95450868
      216     0.00605427    -5.27510066    -5.26904640    -5.27510066    -5.05298784    -4.95435270
      217     0.00604205    -5.27508843    -5.26904638    -5.27508843    -5.05297561    -4.95419346
      218     0.00602688    -5.27507324    -5.26904635    -5.27507324    -5.05296042    -4.95399453
      219     0.00600909    -5.27505542    -5.26904633    -5.27505542    -5.05297934    -4.95382971
      220     0.00570027    -5.27503531    -5.26933504    -5.27503531    -5.05295924    -4.95366260
      221     0.00567903    -5.27501405    -5.26933502    -5.27501405    -5.05293797    -4.95349434
      222     0.00565674    -5.27499174    -5.26933499    -5.27499174    -5.05291566    -4.95332504
      223     0.00563379    -5.27496876    -5.26933497    -5.27496876    -5.05289268    -4.95315506
      224     0.00561055    -5.27494549    -5.26933494    -5.27494549    -5.05286942    -4.95302154
      225     0.00558740    -5.27492232    -5.26933492    -5.27492232    -5.05284624    -4.95285137
      226     0.00556474    -5.27489963    -5.26933489    -5.27489963    -5.05278681    -4.95271844
      227     0.00554296    -5.27487783    -5.26933487    -5.27487783    -5.05276501    -4.95258639
      228     0.00552241    -5.27485726    -5.26933485    -5.27485726    -5.05274444    -4.95241882
      229     0.00550342    -5.27483825    -5.26933483    -5.27483825    -5.05272543    -4.95228957
      230     0.00548629    -5.27482110    -5.26933481    -5.27482110    -5.05267153    -4.95216217
      231     0.00547130    -5.27480609    -5.26933479    -5.27480609    -5.05265652    -4.95207366
      232     0.00545869    -5.27479346    -5.26933478    -5.27479346    -5.05264389    -4.95195078
      233     0.00544863    -5.27478340    -5.26933477    -5.27478340    -5.05259708    -4.95186722
      234     0.00544125    -5.27477602    -5.26933476    -5.27477602    -5.05258970    -4.95174959
      235     0.00543659    -5.27477135    -5.26933477    -5.27477135    -5.05254828    -4.95167143
      236     0.00543458    -5.27476936    -5.26933477    -5.27476936    -5.05250954    -4.95159593
      237     0.00543510    -5.27476989    -5.26933479    -5.27476989    -5.05247332    -4.95152297
      238     0.00543791    -5.27477272    -5.26933481    -5.27477272    -5.05247615    -4.95148905
      239     0.00544271    -5.27477754    -5.26933484    -5.27477754    -5.05244422    -4.95142037
      240     0.00570027    -5.27478394    -5.26908367    -5.27478394    -5.05241387    -4.95139002
      241     0.00570769    -5.27479139    -5.26908371    -5.27479139    -5.05238458    -4.95136073
      242     0.00571528    -5.27479903    -5.26908375    -5.27479903    -5.05235546    -4.95133161
      243     0.00572242    -5.27480621    -5.26908379    -5.27480621    -5.05232590    -4.95130205
      244     0.00572846    -5.27481230    -5.26908384    -5.27481230    -5.05229523    -4.95127138
      245     0.00573274    -5.27481662    -5.26908388    -5.27481662    -5.05222606    -4.95127571
      246     0.00573464    -5.27481856    -5.26908392    -5.27481856    -5.05219125    -4.95124090
      247     0.00573354    -5.27481750    -5.26908396    -5.27481750    -5.05215344    -4.95123984
      248     0.00572890    -5.27481289    -5.26908400    -5.27481289    -5.05211208    -4.95123523
      249     0.00572025    -5.27480428    -5.26908402    -5.27480428    -5.05206672    -4.95126336
      250     0.00570726    -5.27479130    -5.26908404    -5.27479130    -5.05198024    -4.95125039
      251     0.00568971    -5.27477376    -5.26908405    -5.27477376    -5.05192595    -4.95126959
      252     0.00566751    -5.27475156    -5.26908405    -5.27475156    -5.05186700    -4.95128414
      253     0.00564074    -5.27472478    -5.26908404    -5.27472478    -5.05180347    -4.95129412
      254     0.00560963    -5.27469365    -5.26908402    -5.27469365    -5.05173559    -4.95129973
      255     0.00557453    -5.27465852    -5.26908399    -5.27465852    -5.05166372    -4.95130135
      256     0.00553596    -5.27461991    -5.26908395    -5.27461991    -5.05158835    -4.95133624
      257     0.00549452    -5.27457843    -5.26908391    -5.27457843    -5.05151013    -4.95133151
      258     0.00545095    -5.27453481    -5.26908386    -5.27453481    -5.05146651    -4.95136139
      259     0.00540601    -5.27448982    -5.26908381    -5.27448982    -5.05138476    -4.95138989
      260     0.00570027    -5.27444430    -5.26874403    -5.27444430    -5.05130249    -4.95145462
      261     0.00565340    -5.27439738    -5.26874397    -5.27439738    -5.05125557    -4.95148120
      262     0.00560711    -5.27435103    -5.26874392    -5.27435103    -5.05120923    -4.95154511
      263     0.00556222    -5.27430610    -5.26874388    -5.27430610    -5.05116429    -4.95161042
      264     0.00551949    -5.27426332    -5.26874383    -5.27426332    -5.05112152    -4.95167789
      265     0.00547959    -5.27422339    -5.26874380    -5.27422339    -5.05108159    -4.95174820
      266     0.00544308    -5.27418686    -5.26874377    -5.27418686    -5.05108180    -4.95182192
      267     0.00541040    -5.27415416    -5.26874376    -5.27415416    -5.05104910    -4.95193622
      268     0.00538183    -5.27412558    -5.26874375    -5.27412558    -5.05105728    -4.95201789
      269     0.00535751    -5.27410126    -5.26874375    -5.27410126    -5.05106971    -4.95214057
      270     0.00533743    -5.27408119    -5.26874376    -5.27408119    -5.05108639    -4.95226750
      271     0.00532144    -5.27406522    -5.26874378    -5.27406522    -5.05114392    -4.95239852
      272     0.00530926    -5.27405306    -5.26874381    -5.27405306    -5.05116850    -4.95253336
      273     0.00530046    -5.27404429    -5.26874384    -5.27404429    -5.05123324    -4.95267159
      274     0.00529453    -5.27403840    -5.26874388    -5.27403840    -5.05130084    -4.95281269
      275     0.00529086    -5.27403478    -5.26874392    -5.27403478    -5.05137071    -4.95295607
      276     0.00528878    -5.27403275    -5.26874396    -5.27403275    -5.05144218    -4.95310103
      277     0.00528758    -5.27403159    -5.26874401    -5.27403159    -5.05155128    -4.95324688
      278     0.00528652    -5.27403057    -5.26874405    -5.27403057    -5.05162376    -4.95342960
      279     0.00528485    -5.27402895    -5.26874410    -5.27402895    -5.05173238    -4.95357498
      280     0.00570027    -5.27402602    -5.26832575    -5.27402602    -5.05183970    -4.95371904
      281     0.00569470    -5.27402049    -5.26832579    -5.27402049    -5.05194442    -4.95389726
      282     0.00568561    -5.27401143    -5.26832582    -5.27401143    -5.05204560    -4.95403520
      283     0.00567246    -5.27399831    -5.26832585    -5.27399831    -5.05214273    -4.95416907
      284     0.00565482    -5.27398069    -5.26832587    -5.27398069    -5.05223536    -4.95429845
      285     0.00563239    -5.27395826    -5.26832588    -5.27395826    -5.05232318    -4.95445977
      286     0.00560497    -5.27393085    -5.26832588    -5.27393085    -5.05244276    -4.95457935
      287     0.00557252    -5.27389839    -5.26832587    -5.27389839    -5.05252056    -4.95469390
      288     0.00553513    -5.27386098    -5.26832585    -5.27386098    -5.05259339    -4.95480348
      289     0.00549300    -5.27381883    -5.26832583    -5.27381883    -5.05269824    -4.95487158
      290     0.00544648    -5.27377228    -5.26832580    -5.27377228    -5.05276194    -4.95497203
      291     0.00539604    -5.27372180    -5.26832576    -5.27372180    -5.05282170    -4.95506854
      292     0.00534225    -5.27366796    -5.26832571    -5.27366796    -5.05291486    -4.95512495
      293     0.00528579    -5.27361145    -5.26832566    -5.27361145    -5.05296860    -4.95521544
      294     0.00522744    -5.27355305    -5.26832561    -5.27355305    -5.05302044    -4.95526728
      295     0.00516804    -5.27349359    -5.26832555    -5.27349359    -5.05303449    -4.95531807
      296     0.00510851    -5.27343400    -5.26832549    -5.27343400    -5.05308514    -4.95536873
      297     0.00504980    -5.27337522    -5.26832542    -5.27337522    -5.05313661    -4.95538345
      298     0.00499289    -5.27331825    -5.26832536    -5.27331825    -5.05315314    -4.95543673
      299     0.00493878    -5.27326407    -5.26832529    -5.27326407    -5.05317246    -4.95549280
      300     0.00570027    -5.27321368    -5.26751341    -5.27321368    -5.05319557    -4.95551590
      301     0.00565020    -5.27316354    -5.26751334    -5.27316354    -5.05321893    -4.95557602
      302     0.00560458    -5.27311787    -5.26751328    -5.27311787    -5.05324675    -4.95560384
      303     0.00556438    -5.27307761    -5.26751322    -5.27307761    -5.05324324    -4.95567383
      304     0.00553048    -5.27304365    -5.26751317    -5.27304365    -5.05328278    -4.95575012
      305     0.00550366    -5.27301679    -5.26751313    -5.27301679    -5.05329267    -4.95583350
      306     0.00548463    -5.27299772    -5.26751309    -5.27299772    -5.05331035    -4.95592468
      307     0.00547395    -5.27298701    -5.26751306    -5.27298701    -5.05329965    -4.95598748
      308     0.00547206    -5.27298510    -5.26751304    -5.27298510    -5.05333448    -4.95609581
      309     0.00547924    -5.27299227    -5.26751303    -5.27299227    -5.05334165    -4.95621323
      310     0.00549562    -5.27300865    -5.26751303    -5.27300865    -5.05335804    -4.95633986
      311     0.00552118    -5.27303422    -5.26751305    -5.27303422    -5.05334685    -4.95647568
      312     0.00555572    -5.27306878    -5.26751307    -5.27306878    -5.05338142    -4.95662049
      313     0.00559888    -5.27311198    -5.26751310    -5.27311198    -5.05338786    -4.95677393
      314     0.00565015    -5.27316330    -5.26751314    -5.27316330    -5.05340243    -4.95693549
      315     0.00570887    -5.27322206    -5.26751319    -5.27322206    -5.05342444    -4.95706776
      316     0.00577421    -5.27328746    -5.26751325    -5.27328746    -5.05341635    -4.95720665
      317     0.00584524    -5.27335856    -5.26751332    -5.27335856    -5.05345070    -4.95735125
      318     0.00592092    -5.27343431    -5.26751339    -5.27343431    -5.05345295    -4.95750050
      319     0.00600011    -5.27351358    -5.26751347    -5.27351358    -5.05345872    -4.95761652
      320     0.00570027    -5.27359515    -5.26789489    -5.27359515    -5.05346679    -4.95773484
      321     0.00578054    -5.27367550    -5.26789496    -5.27367550    -5.05343689    -4.95785194
      322     0.00586129    -5.27375633    -5.26789504    -5.27375633    -5.05344423    -4.95796952
      323     0.00594133    -5.27383645    -5.26789512    -5.27383645    -5.05341409    -4.95804964
      324     0.00601949    -5.27391467    -5.26789519    -5.27391467    -5.05341882    -4.95812786
      325     0.00609464    -5.27398990    -5.26789526    -5.27398990    -5.05338380    -4.95820309
      326     0.00616579    -5.27406110    -5.26789532    -5.27406110    -5.05334475    -4.95823754
      327     0.00623200    -5.27412737    -5.26789537    -5.27412737    -5.05330077    -4.95826706
      328     0.00629251    -5.27418792    -5.26789541    -5.27418792    -5.05325107    -4.95829086
      329     0.00634668    -5.27424212    -5.26789544    -5.27424212    -5.05319503    -4.95827156
      330     0.00639406    -5.27428952    -5.26789546    -5.27428952    -5.05313218    -4.95824547
      331     0.00643436    -5.27432983    -5.26789547    -5.27432983    -5.05302549    -4.95821228
      332     0.00646749    -5.27436295    -5.26789547    -5.27436295    -5.05294837    -4.95817190
      333     0.00649352    -5.27438897    -5.26789545    -5.27438897    -5.05286413    -4.95808767
      334     0.00651271    -5.27440814    -5.26789543    -5.27440814    -5.05277305    -4.95803334
      335     0.00652549    -5.27442089    -5.26789539    -5.27442089    -5.05267556    -4.95793584
      336     0.00653247    -5.27442782    -5.26789535    -5.27442782    -5.05257224    -4.95779577
      337     0.00653436    -5.27442966    -5.26789530    -5.27442966    -5.05242708    -4.95768737
      338     0.00653203    -5.27442727    -5.26789524    -5.27442727    -5.05235120    -4.95753798
      339     0.00652643    -5.27442161    -5.26789517    -5.27442161    -5.05223529    -4.95738532
      340     0.00570027    -5.27441368    -5.26871342    -5.27441368    -5.05211711    -4.95723040
      341     0.00569249    -5.27440585    -5.26871336    -5.27440585    -5.05199903    -4.95711232
      342     0.00568596    -5.27439926    -5.26871330    -5.27439926    -5.05191895    -4.95692198
      343     0.00568161    -5.27439485    -5.26871325    -5.27439485    -5.05184104    -4.95677058
      344     0.00568027    -5.27439347    -5.26871320    -5.27439347    -5.05172940    -4.95662219
      345     0.00568268    -5.27439585    -5.26871316    -5.27439585    -5.05165828    -4.95647757
      346     0.00568946    -5.27440259    -5.26871313    -5.27440259    -5.05159153    -4.95630057
      347     0.00570104    -5.27441416    -5.26871312    -5.27441416    -5.05152960    -4.95612840
      348     0.00571772    -5.27443083    -5.26871311    -5.27443083    -5.05150953    -4.95599807
      349     0.00573959    -5.27445271    -5.26871312    -5.27445271    -5.05145790    -4.95583620
      350     0.00576656    -5.27447970    -5.26871313    -5.27447970    -5.05141139    -4.95567944
      351     0.00579836    -5.27451152    -5.26871316    -5.27451152    -5.05140646    -4.95552752
      352     0.00583454    -5.27454774    -5.26871320    -5.27454774    -5.05140594    -4.95537999
      353     0.00587452    -5.27458776    -5.26871324    -5.27458776    -5.05137246    -4.95523627
      354     0.00591753    -5.27463083    -5.26871330    -5.27463083    -5.05137877    -4.95509558
      355     0.00596269    -5.27467605    -5.26871336    -5.27467605    -5.05138725    -4.95495706
      356     0.00600903    -5.27472245    -5.26871343    -5.27472245    -5.05139690    -4.95481972
      357     0.00605548    -5.27476897    -5.26871350    -5.27476897    -5.05140667    -4.95468249
      358     0.00610093    -5.27481449    -5.26871357    -5.27481449    -5.05145219    -4.95458102
      359     0.00614424    -5.27485788    -5.26871363    -5.27485788    -5.05145883    -4.95444065
      360     0.00570027    -5.27489803    -5.26919776    -5.27489803    -5.05149898    -4.95429706
      361     0.00573507    -5.27493289    -5.26919782    -5.27493289    -5.05149709    -4.95414817
      362     0.00576566    -5.27496353    -5.26919787    -5.27496353    -5.05152774    -4.95403182
      363     0.00579120    -5.27498912    -5.26919792    -5.27498912    -5.05151657    -4.95387366
      364     0.00581096    -5.27500891    -5.26919795    -5.27500891    -5.05153637    -4.95374645
      365     0.00582437    -5.27502234    -5.26919798    -5.27502234    -5.05154979    -4.95361289
      366     0.00583099    -5.27502898    -5.26919799    -5.27502898    -5.05155643    -4.95343577
      367     0.00583056    -5.27502855    -5.26919799    -5.27502855    -5.05155600    -4.95328835
      368     0.00582298    -5.27502097    -5.26919799    -5.27502097    -5.05151167    -4.95313377
      369     0.00580834    -5.27500631    -5.26919797    -5.27500631    -5.05149701    -4.95300886
      370     0.00578687    -5.27498481    -5.26919794    -5.27498481    -5.05147551    -4.95284037
      371     0.00575897    -5.27495688    -5.26919791    -5.27495688    -5.05144758    -4.95266544
      372     0.00572520    -5.27492306    -5.26919786    -5.27492306    -5.05141377    -4.95252138
      373     0.00568624    -5.27488406    -5.26919781    -5.27488406    -5.05137476    -4.95233537
      374     0.00564290    -5.27484066    -5.26919775    -5.27484066    -5.05133136    -4.95218172
      375     0.00559609    -5.27479377    -5.26919769    -5.27479377    -5.05128448    -4.95202459
      376     0.00554678    -5.27474440    -5.26919762    -5.27474440    -5.05127185    -4.95186497
      377     0.00549601    -5.27469356    -5.26919755    -5.27469356    -5.05122101    -4.95170389
      378     0.00544484    -5.27464233    -5.26919748    -5.27464233    -5.05116978    -4.95157915
      379     0.00539437    -5.27459178    -5.26919742    -5.27459178    -5.05111924    -4.95141836
      380     0.00570027    -5.27454297    -5.26884271    -5.27454297    -5.05107043    -4.95129605
      381     0.00565245    -5.27449509    -5.26884264    -5.27449509    -5.05105929    -4.95117467
      382     0.00560781    -5.27445040    -5.26884259    -5.27445040    -5.05101460    -4.95105648
      383     0.00556725    -5.27440979    -5.26884254    -5.27440979    -5.05097399    -4.95094237
      384     0.00553154    -5.27437403    -5.26884250    -5.27437403    -5.05097498    -4.95083312
      385     0.00550131    -5.27434378    -5.26884247    -5.27434378    -5.05094473    -4.95076611
      386     0.00547709    -5.27431954    -5.26884244    -5.27431954    -5.05095724    -4.95070512
      387     0.00545923    -5.27430166    -5.26884243    -5.27430166    -5.05093936    -4.95065050
      388     0.00544792    -5.27429035    -5.26884243    -5.27429035    -5.05096480    -4.95060244
      389     0.00544321    -5.27428565    -5.26884244    -5.27428565    -5.05096010    -4.95056099
      390     0.00544497    -5.27428743    -5.26884246    -5.27428743    -5.05099863    -4.95056277
      391     0.00545292    -5.27429541    -5.26884249    -5.27429541    -5.05104335    -4.95053399
      392     0.00546661    -5.27430913    -5.26884252    -5.27430913    -5.05109383    -4.95054772
      393     0.00548545    -5.27432802    -5.26884257    -5.27432802    -5.05114947    -4.95056661
      394     0.00550874    -5.27435137    -5.26884262    -5.27435137    -5.05120956    -4.95058995
      395     0.00553565    -5.27437833    -5.26884268    -5.27437833    -5.05123653    -4.95065367
      396     0.00556525    -5.27440800    -5.26884274    -5.27440800    -5.05133969    -4.95068333
      397     0.00559654    -5.27443935    -5.26884281    -5.27443935    -5.05140780    -4.95075144
      398     0.00562850    -5.27447138    -5.26884288    -5.27447138    -5.05147658    -4.95082022
      399     0.00566009    -5.27450303    -5.26884294    -5.27450303    -5.05154497    -4.95088862
      400     0.00570027    -5.27453326    -5.26883299    -5.27453326    -5.05161195    -4.95099234
