#    Step     Kinetic(H)     Potential(H)   Total(H)       E(0)(H)        E(1)(H)        
        0     0.00997554    -5.04884294    -5.03886740    -5.26787068    -5.04884294
        1     0.00998429    -5.04885154    -5.03886725    -5.26787523    -5.04885154
        2     0.01003716    -5.04890442    -5.03886726    -5.26787031    -5.04890442
        3     0.01013388    -5.04900132    -5.03886744    -5.26785575    -5.04900132
        4     0.01027365    -5.04914111    -5.03886746    -5.26783078    -5.04914111
        5     0.01045515    -5.04932279    -5.03886763    -5.26779493    -5.04932279
        6     0.01067659    -5.04954424    -5.03886765    -5.26774685    -5.04954424
        7     0.01093574    -5.04980355    -5.03886781    -5.26768557    -5.04980355
        8     0.01123000    -5.05009797    -5.03886797    -5.26760946    -5.05009797
        9     0.01155646    -5.05042473    -5.03886826    -5.26751708    -5.05042473
       10     0.01191199    -5.05078037    -5.03886838    -5.26740644    -5.05078037
       11     0.01229329    -5.05116194    -5.03886865    -5.26727619    -5.05116194
       12     0.01269696    -5.05156569    -5.03886874    -5.26712433    -5.05156569
       13     0.01311956    -5.05198853    -5.03886897    -5.26694961    -5.05198853
       14     0.01355770    -5.05242688    -5.03886918    -5.26675040    -5.05242688
       15     0.01400802    -5.05287740    -5.03886938    -5.26652538    -5.05287740
       16     0.01446724    -5.05333681    -5.03886957    -5.26627335    -5.05333681
       17     0.01493215    -5.05380193    -5.03886978    -5.26599324    -5.05380193
       18     0.01539959    -5.05426943    -5.03886983    -5.26568388    -5.05426943
       19     0.01586643    -5.05473649    -5.03887007    -5.26534465    -5.05473649
       20     0.00997547    -5.05519977    -5.04522430    -5.26497438    -5.05519977
       21     0.01033656    -5.05556102    -5.04522446    -5.26466201    -5.05556102
       22     0.01069895    -5.05592358    -5.04522463    -5.26432800    -5.05592358
       23     0.01105992    -5.05628455    -5.04522463    -5.26397121    -5.05628455
       24     0.01141695    -5.05664175    -5.04522480    -5.26359125    -5.05664175
       25     0.01176765    -5.05699265    -5.04522500    -5.26318737    -5.05699265
       26     0.01210976    -5.05733481    -5.04522505    -5.26275891    -5.05733481
       27     0.01244117    -5.05766644    -5.04522527    -5.26230587    -5.05766644
       28     0.01275990    -5.05798525    -5.04522535    -5.26182770    -5.05798525
       29     0.01306416    -5.05828962    -5.04522546    -5.26132449    -5.05828962
       30     0.01335232    -5.05857773    -5.04522541    -5.26079614    -5.05857773
       31     0.01362292    -5.05884845    -5.04522553    -5.26024317    -5.05884845
       32     0.01387470    -5.05910022    -5.04522552    -5.25966561    -5.05910022
       33     0.01410659    -5.05933227    -5.04522568    -5.25906426    -5.05933227
       34     0.01431772    -5.05954340    -5.04522568    -5.25843942    -5.05954340
       35     0.01450738    -5.05973306    -5.04522568    -5.25779201    -5.05973306
       36     0.01467506    -5.05990075    -5.04522569    -5.25712287    -5.05990075
       37     0.01482041    -5.06004611    -5.04522570    -5.25643297    -5.06004611
       38     0.01494327    -5.06016882    -5.04522554    -5.25572327    -5.06016882
       39     0.01504363    -5.06026918    -5.04522554    -5.25499518    -5.06026918
       40     0.00997547    -5.06034717    -5.05037170    -5.25424981    -5.06034717
       41     0.01002360    -5.06039527    -5.05037167    -5.25363398    -5.06039527
       42     0.01005948    -5.06043110    -5.05037162    -5.25301129    -5.06043110
       43     0.01008333    -5.06045488    -5.05037154    -5.25238270    -5.06045488
       44     0.01009543    -5.06046690    -5.05037147    -5.25174915    -5.06046690
       45     0.01009605    -5.06046758    -5.05037153    -5.25111172    -5.06046758
       46     0.01008549    -5.06045692    -5.05037143    -5.25047093    -5.06045692
       47     0.01006408    -5.06043553    -5.05037145    -5.24982794    -5.06043553
       48     0.01003213    -5.06040344    -5.05037131    -5.24918321    -5.06040344
       49     0.00999002    -5.06036133    -5.05037131    -5.24853782    -5.06036133
       50     0.00993811    -5.06030939    -5.05037129    -5.24789231    -5.06030939
       51     0.00987677    -5.06024803    -5.05037126    -5.24724737    -5.06024803
       52     0.00980642    -5.06017747    -5.05037105    -5.24660346    -5.06017747
       53     0.00972747    -5.06009846    -5.05037099    -5.24596153    -5.06009846
       54     0.00964035    -5.06001127    -5.05037092    -5.24532197    -5.06001127
       55     0.00954552    -5.05991637    -5.05037085    -5.24468534    -5.05991637
       56     0.00944347    -5.05981439    -5.05037092    -5.24405232    -5.05981439
       57     0.00933469    -5.05970551    -5.05037082    -5.24342306    -5.05970551
       58     0.00921971    -5.05959043    -5.05037072    -5.24279821    -5.05959043
       59     0.00909907    -5.05946970    -5.05037063    -5.24217822    -5.05946970
       60     0.00997547    -5.05934391    -5.04936844    -5.24156352    -5.05934391
       61     0.00983764    -5.05920597    -5.04936833    -5.24092060    -5.05920597
       62     0.00969462    -5.05906283    -5.04936821    -5.24028247    -5.05906283
       63     0.00954712    -5.05891523    -5.04936811    -5.23964959    -5.05891523
       64     0.00939593    -5.05876393    -5.04936800    -5.23902245    -5.05876393
       65     0.00924185    -5.05860974    -5.04936789    -5.23840150    -5.05860974
       66     0.00908571    -5.05845366    -5.04936795    -5.23778740    -5.05845366
       67     0.00892839    -5.05829623    -5.04936784    -5.23718030    -5.05829623
       68     0.00877079    -5.05813853    -5.04936774    -5.23658085    -5.05813853
       69     0.00861384    -5.05798146    -5.04936762    -5.23598955    -5.05798146
       70     0.00845846    -5.05782598    -5.04936752    -5.23540691    -5.05782598
       71     0.00830560    -5.05767303    -5.04936743    -5.23483340    -5.05767303
       72     0.00815625    -5.05752357    -5.04936732    -5.23426953    -5.05752357
       73     0.00801135    -5.05737856    -5.04936721    -5.23371577    -5.05737856
       74     0.00787185    -5.05723894    -5.04936709    -5.23317259    -5.05723894
       75     0.00773868    -5.05710579    -5.04936711    -5.23264057    -5.05710579
       76     0.00761274    -5.05697971    -5.04936697    -5.23211984    -5.05697971
       77     0.00749489    -5.05686171    -5.04936682    -5.23161095    -5.05686171
       78     0.00738597    -5.05675279    -5.04936681    -5.23111441    -5.05675279
       79     0.00728676    -5.05665356    -5.04936679    -5.23063040    -5.05665356
       80     0.00997547    -5.05656460    -5.04658913    -5.23015904    -5.05656460
       81     0.00988212    -5.05647118    -5.04658906    -5.22961656    -5.05647118
       82     0.00979873    -5.05638773    -5.04658899    -5.22908348    -5.05638773
       83     0.00972602    -5.05631495    -5.04658892    -5.22856008    -5.05631495
       84     0.00966463    -5.05625348    -5.04658885    -5.22804656    -5.05625348
       85     0.00961511    -5.05620389    -5.04658878    -5.22754309    -5.05620389
       86     0.00957800    -5.05616672    -5.04658873    -5.22704986    -5.05616672
       87     0.00955373    -5.05614241    -5.04658869    -5.22656697    -5.05614241
       88     0.00954267    -5.05613131    -5.04658865    -5.22609448    -5.05613131
       89     0.00954512    -5.05613375    -5.04658864    -5.22563242    -5.05613375
       90     0.00956130    -5.05614978    -5.04658848    -5.22518061    -5.05614978
       91     0.00959139    -5.05617989    -5.04658850    -5.22473936    -5.05617989
       92     0.00963548    -5.05622387    -5.04658839    -5.22430834    -5.05622387
       93     0.00969360    -5.05628206    -5.04658847    -5.22388772    -5.05628206
       94     0.00976569    -5.05635409    -5.04658840    -5.22347703    -5.05635409
       95     0.00985168    -5.05644004    -5.04658836    -5.22307624    -5.05644004
       96     0.00995141    -5.05653977    -5.04658836    -5.22268516    -5.05653977
       97     0.01006469    -5.05665291    -5.04658822    -5.22230341    -5.05665291
       98     0.01019129    -5.05677955    -5.04658826    -5.22193106    -5.05677955
       99     0.01033094    -5.05691911    -5.04658817    -5.22156754    -5.05691911
      100     0.00997547    -5.05707160    -5.04709613    -5.22121288    -5.05707160
      101     0.01013654    -5.05723262    -5.04709608    -5.22087543    -5.05723262
      102     0.01030997    -5.05740601    -5.04709605    -5.22054682    -5.05740601
      103     0.01049541    -5.05759143    -5.04709602    -5.22022678    -5.05759143
      104     0.01069257    -5.05778856    -5.04709600    -5.21991500    -5.05778856
      105     0.01090110    -5.05799710    -5.04709599    -5.21961123    -5.05799710
      106     0.01112071    -5.05821670    -5.04709598    -5.21931517    -5.05821670
      107     0.01135112    -5.05844709    -5.04709597    -5.21902656    -5.05844709
      108     0.01159205    -5.05868800    -5.04709595    -5.21874515    -5.05868800
      109     0.01184327    -5.05893920    -5.04709593    -5.21847068    -5.05893920
      110     0.01210457    -5.05920046    -5.04709589    -5.21820292    -5.05920046
      111     0.01237578    -5.05947162    -5.04709584    -5.21794163    -5.05947162
      112     0.01265676    -5.05975253    -5.04709577    -5.21768658    -5.05975253
      113     0.01294741    -5.06004326    -5.04709585    -5.21743771    -5.06004326
      114     0.01324767    -5.06034341    -5.04709574    -5.21719445    -5.06034341
      115     0.01355749    -5.06065327    -5.04709578    -5.21695689    -5.06065327
      116     0.01387688    -5.06097268    -5.04709580    -5.21672462    -5.06097268
      117     0.01420586    -5.06130166    -5.04709580    -5.21649735    -5.06130166
      118     0.01454450    -5.06164028    -5.04709578    -5.21627478    -5.06164028
      119     0.01489287    -5.06198860    -5.04709574    -5.21605658    -5.06198860
      120     0.00997547    -5.06234674    -5.05237127    -5.21584235    -5.06234674
      121     0.01027534    -5.06264655    -5.05237121    -5.21567571    -5.06264655
      122     0.01058766    -5.06295880    -5.05237114    -5.21551908    -5.06295880
      123     0.01091255    -5.06328377    -5.05237122    -5.21537219    -5.06328377
      124     0.01125012    -5.06362126    -5.05237114    -5.21523420    -5.06362126
      125     0.01160046    -5.06397166    -5.05237120    -5.21510485    -5.06397166
      126     0.01196362    -5.06433472    -5.05237110    -5.21498311    -5.06433472
      127     0.01233962    -5.06471078    -5.05237116    -5.21486853    -5.06471078
      128     0.01272849    -5.06509955    -5.05237106    -5.21475991    -5.06509955
      129     0.01313020    -5.06550133    -5.05237113    -5.21465662    -5.06550133
      130     0.01354474    -5.06591578    -5.05237103    -5.21455727    -5.06591578
      131     0.01397207    -5.06634318    -5.05237110    -5.21446106    -5.06634318
      132     0.01441214    -5.06678316    -5.05237101    -5.21436643    -5.06678316
      133     0.01486490    -5.06723600    -5.05237109    -5.21427241    -5.06723600
      134     0.01533030    -5.06770132    -5.05237102    -5.21417731    -5.06770132
      135     0.01580829    -5.06817941    -5.05237111    -5.21408000    -5.06817941
      136     0.01629885    -5.06866990    -5.05237105    -5.21397863    -5.06866990
      137     0.01680195    -5.06917294    -5.05237099    -5.21387181    -5.06917294
      138     0.01731760    -5.06968870    -5.05237110    -5.21375805    -5.06968870
      139     0.01784583    -5.07021688    -5.05237105    -5.21363535    -5.07021688
      140     0.00997547    -5.07075769    -5.06078222    -5.21350212    -5.07075769
      141     0.01038624    -5.07116842    -5.06078217    -5.21339944    -5.07116842
      142     0.01081253    -5.07159466    -5.06078212    -5.21329539    -5.07159466
      143     0.01125446    -5.07203669    -5.06078224    -5.21318871    -5.07203669
      144     0.01171215    -5.07249432    -5.06078218    -5.21307763    -5.07249432
      145     0.01218572    -5.07296782    -5.06078210    -5.21296075    -5.07296782
      146     0.01267530    -5.07345749    -5.06078220    -5.21283658    -5.07345749
      147     0.01318101    -5.07396312    -5.06078212    -5.21270309    -5.07396312
      148     0.01370298    -5.07448501    -5.06078203    -5.21255864    -5.07448501
      149     0.01424137    -5.07502348    -5.06078212    -5.21240152    -5.07502348
      150     0.01479631    -5.07557833    -5.06078202    -5.21222948    -5.07557833
      151     0.01536798    -5.07615006    -5.06078208    -5.21204083    -5.07615006
      152     0.01595657    -5.07673855    -5.06078198    -5.21183315    -5.07673855
      153     0.01656228    -5.07734433    -5.06078205    -5.21160461    -5.07734433
      154     0.01718536    -5.07796733    -5.06078197    -5.21135267    -5.07796733
      155     0.01782608    -5.07860811    -5.06078203    -5.21107541    -5.07860811
      156     0.01848476    -5.07926670    -5.06078195    -5.21077015    -5.07926670
      157     0.01916174    -5.07994359    -5.06078185    -5.21043469    -5.07994359
      158     0.01985743    -5.08063938    -5.06078195    -5.21006673    -5.08063938
      159     0.02057229    -5.08135417    -5.06078189    -5.20966351    -5.08135417
      160     0.00997547    -5.08208865    -5.07211318    -5.20922266    -5.08208865
      161     0.01049533    -5.08260848    -5.07211315    -5.20889627    -5.08260848
      162     0.01103628    -5.08314942    -5.07211314    -5.20854601    -5.08314942
      163     0.01159874    -5.08371184    -5.07211310    -5.20817002    -5.08371184
      164     0.01218314    -5.08429623    -5.07211309    -5.20776631    -5.08429623
      165     0.01278994    -5.08490303    -5.07211309    -5.20733287    -5.08490303
      166     0.01341966    -5.08553276    -5.07211310    -5.20686762    -5.08553276
      167     0.01407282    -5.08618594    -5.07211312    -5.20636845    -5.08618594
      168     0.01474999    -5.08686297    -5.07211298    -5.20583308    -5.08686297
      169     0.01545177    -5.08756462    -5.07211285    -5.20525982    -5.08756462
      170     0.01617883    -5.08829170    -5.07211287    -5.20464605    -5.08829170
      171     0.01693187    -5.08904463    -5.07211276    -5.20398956    -5.08904463
      172     0.01771162    -5.08982442    -5.07211280    -5.20328858    -5.08982442
      173     0.01851885    -5.09063172    -5.07211288    -5.20254080    -5.09063172
      174     0.01935434    -5.09146711    -5.07211278    -5.20174409    -5.09146711
      175     0.02021888    -5.09233171    -5.07211283    -5.20089681    -5.09233171
      176     0.02111329    -5.09322604    -5.07211275    -5.19999681    -5.09322604
      177     0.02203834    -5.09415118    -5.07211284    -5.19904275    -5.09415118
      178     0.02299478    -5.09510770    -5.07211293    -5.19803300    -5.09510770
      179     0.02398325    -5.09609613    -5.07211288    -5.19696608    -5.09609613
      180     0.00997547    -5.09711730    -5.08714184    -5.19584127    -5.09711730
      181     0.01064602    -5.09778789    -5.08714188    -5.19509133    -5.09778789
      182     0.01134734    -5.09848925    -5.08714192    -5.19429888    -5.09848925
      183     0.01207990    -5.09922186    -5.08714196    -5.19346310    -5.09922186
      184     0.01284416    -5.09998616    -5.08714201    -5.19258329    -5.09998616
      185     0.01364045    -5.10078251    -5.08714206    -5.19165890    -5.10078251
      186     0.01446905    -5.10161116    -5.08714211    -5.19068951    -5.10161116
      187     0.01533011    -5.10247229    -5.08714218    -5.18967489    -5.10247229
      188     0.01622368    -5.10336592    -5.08714224    -5.18861501    -5.10336592
      189     0.01714966    -5.10429198    -5.08714232    -5.18751007    -5.10429198
      190     0.01810780    -5.10525037    -5.08714257    -5.18636065    -5.10525037
      191     0.01909769    -5.10624036    -5.08714267    -5.18516710    -5.10624036
      192     0.02011875    -5.10726153    -5.08714278    -5.18393051    -5.10726153
      193     0.02117022    -5.10831314    -5.08714293    -5.18265206    -5.10831314
      194     0.02225115    -5.10939437    -5.08714322    -5.18133337    -5.10939437
      195     0.02336042    -5.11050382    -5.08714340    -5.17997581    -5.11050382
      196     0.02449674    -5.11164031    -5.08714357    -5.17858156    -5.11164031
      197     0.02565865    -5.11280242    -5.08714377    -5.17715275    -5.11280242
      198     0.02684455    -5.11398871    -5.08714416    -5.17569197    -5.11398871
      199     0.02805271    -5.11519706    -5.08714435    -5.17420153    -5.11519706
      200     0.00997547    -5.11642590    -5.10645043    -5.17268424    -5.11642590
      201     0.01071201    -5.11716251    -5.10645050    -5.17177632    -5.11716251
      202     0.01147581    -5.11792643    -5.10645062    -5.17083902    -5.11792643
      203     0.01226629    -5.11871714    -5.10645085    -5.16987392    -5.11871714
      204     0.01308285    -5.11953385    -5.10645100    -5.16888198    -5.11953385
      205     0.01392484    -5.12037591    -5.10645107    -5.16786498    -5.12037591
      206     0.01479159    -5.12124281    -5.10645122    -5.16682431    -5.12124281
      207     0.01568239    -5.12213378    -5.10645139    -5.16576164    -5.12213378
      208     0.01659652    -5.12304797    -5.10645145    -5.16467877    -5.12304797
      209     0.01753329    -5.12398491    -5.10645162    -5.16357715    -5.12398491
      210     0.01849194    -5.12494378    -5.10645184    -5.16245861    -5.12494378
      211     0.01947179    -5.12592372    -5.10645193    -5.16132506    -5.12592372
      212     0.02047221    -5.12692454    -5.10645233    -5.16017810    -5.12692454
      213     0.02149255    -5.12794514    -5.10645259    -5.15901928    -5.12794514
      214     0.02253221    -5.12898508    -5.10645287    -5.15785053    -5.12898508
      215     0.02359054    -5.13004372    -5.10645319    -5.15667361    -5.13004372
      216     0.02466682    -5.13112037    -5.10645355    -5.15549036    -5.13112037
      217     0.02576019    -5.13221370    -5.10645351    -5.15430324    -5.13221370
      218     0.02686939    -5.13332332    -5.10645393    -5.15311381    -5.13332332
      219     0.02799241    -5.13444691    -5.10645451    -5.15192552    -5.13444691
      220     0.00997547    -5.13558045    -5.12560498    -5.15074350    -5.13558045
      221     0.01065094    -5.13625600    -5.12560506    -5.15005129    -5.13625600
      222     0.01134453    -5.13694981    -5.12560528    -5.14935496    -5.13694981
      223     0.02305410    -5.14866000    -5.12560590    -5.14866000    -5.13765755
      224     0.02214587    -5.14774999    -5.12560412    -5.14774999    -5.13861120
      225     0.02135169    -5.14695203    -5.12560034    -5.14695203    -5.13948346
      226     0.02071970    -5.14631269    -5.12559299    -5.14631269    -5.14022698
      227     0.02033434    -5.14591702    -5.12558268    -5.14591702    -5.14075623
      228     0.02029466    -5.14587301    -5.12557835    -5.14587301    -5.14096298
      229     0.02063418    -5.14622050    -5.12558632    -5.14622050    -5.14080698
      230     0.02128460    -5.14688065    -5.12559605    -5.14688065    -5.14036636
      231     0.02214481    -5.14774670    -5.12560189    -5.14774670    -5.13974713
      232     0.02314357    -5.14874847    -5.12560490    -5.14874847    -5.13901907
      233     0.02424262    -5.14984899    -5.12560637    -5.14984899    -5.13821894
      234     0.02542268    -5.15102977    -5.12560709    -5.15102977    -5.13736525
      235     0.02667419    -5.15228160    -5.12560741    -5.15228160    -5.13646730
      236     0.02799257    -5.15360009    -5.12560752    -5.15360009    -5.13552964
      237     0.02937590    -5.15498341    -5.12560751    -5.15498341    -5.13455424
      238     0.03082378    -5.15643174    -5.12560796    -5.15643174    -5.13354105
      239     0.03233664    -5.15794455    -5.12560791    -5.15794455    -5.13249070
      240     0.00997547    -5.15952358    -5.14954811    -5.15952358    -5.13140116
      241     0.01087825    -5.16042628    -5.14954804    -5.16042628    -5.13078673
      242     0.01183881    -5.16138712    -5.14954831    -5.16138712    -5.13014495
      243     0.01285870    -5.16240697    -5.14954827    -5.16240697    -5.12947533
      244     0.01393948    -5.16348798    -5.14954850    -5.16348798    -5.12877605
      245     0.01508270    -5.16463120    -5.14954850    -5.16463120    -5.12804626
      246     0.01628992    -5.16583862    -5.14954870    -5.16583862    -5.12728408
      247     0.01756273    -5.16711155    -5.14954882    -5.16711155    -5.12648822
      248     0.01890266    -5.16845140    -5.14954874    -5.16845140    -5.12565718
      249     0.02031109    -5.16985987    -5.14954878    -5.16985987    -5.12478911
      250     0.02178943    -5.17133815    -5.14954872    -5.17133815    -5.12388256
      251     0.02333896    -5.17288771    -5.14954875    -5.17288771    -5.12293572
      252     0.02496086    -5.17450958    -5.14954872    -5.17450958    -5.12194716
      253     0.02665615    -5.17620492    -5.14954877    -5.17620492    -5.12091522
      254     0.02842566    -5.17797443    -5.14954877    -5.17797443    -5.11983859
      255     0.03026995    -5.17981879    -5.14954884    -5.17981879    -5.11871592
      256     0.03218931    -5.18173821    -5.14954890    -5.18173821    -5.11754619
      257     0.03418368    -5.18373269    -5.14954901    -5.18373269    -5.11632849
      258     0.03625257    -5.18580171    -5.14954914    -5.18580171    -5.11506228
      259     0.03839503    -5.18794435    -5.14954932    -5.18794435    -5.11374726
      260     0.00997547    -5.19015907    -5.18018360    -5.19015907    -5.11238356
      261     0.01112597    -5.19130959    -5.18018362    -5.19130959    -5.11167599
      262     0.01234704    -5.19253069    -5.18018365    -5.19253069    -5.11092872
      263     0.01363851    -5.19382219    -5.18018368    -5.19382219    -5.11014122
      264     0.01499999    -5.19518374    -5.18018375    -5.19518374    -5.10931302
      265     0.01643089    -5.19661470    -5.18018381    -5.19661470    -5.10844375
      266     0.01793032    -5.19811423    -5.18018391    -5.19811423    -5.10753313
      267     0.01949712    -5.19968131    -5.18018419    -5.19968131    -5.10658119
      268     0.02112979    -5.20131413    -5.18018434    -5.20131413    -5.10558765
      269     0.02282650    -5.20301102    -5.18018452    -5.20301102    -5.10455291
      270     0.02458502    -5.20476973    -5.18018471    -5.20476973    -5.10347743
      271     0.02640272    -5.20658765    -5.18018493    -5.20658765    -5.10236190
      272     0.02827655    -5.20846172    -5.18018517    -5.20846172    -5.10120726
      273     0.03020300    -5.21038846    -5.18018546    -5.21038846    -5.10001469
      274     0.03217814    -5.21236389    -5.18018575    -5.21236389    -5.09878568
      275     0.03419759    -5.21438369    -5.18018610    -5.21438369    -5.09752184
      276     0.03625655    -5.21644301    -5.18018646    -5.21644301    -5.09622513
      277     0.03834985    -5.21853660    -5.18018675    -5.21853660    -5.09489764
      278     0.04047194    -5.22065890    -5.18018696    -5.22065890    -5.09354161
      279     0.04261702    -5.22280445    -5.18018743    -5.22280445    -5.09215892
      280     0.00997547    -5.22496686    -5.21499139    -5.22496686    -5.09075218
      281     0.01102169    -5.22601323    -5.21499154    -5.22601323    -5.09006720
      282     0.01211186    -5.22710356    -5.21499170    -5.22710356    -5.08935133
      283     0.01324359    -5.22823544    -5.21499185    -5.22823544    -5.08860528
      284     0.01441436    -5.22940640    -5.21499204    -5.22940640    -5.08782971
      285     0.01562149    -5.23061370    -5.21499221    -5.23061370    -5.08702543
      286     0.01686217    -5.23185458    -5.21499241    -5.23185458    -5.08619313
      287     0.01813344    -5.23312604    -5.21499260    -5.23312604    -5.08533367
      288     0.01943224    -5.23442505    -5.21499281    -5.23442505    -5.08444783
      289     0.02075542    -5.23574846    -5.21499304    -5.23574846    -5.08353641
      290     0.02209973    -5.23709297    -5.21499324    -5.23709297    -5.08260033
      291     0.02346182    -5.23845528    -5.21499346    -5.23845528    -5.08164045
      292     0.02483831    -5.23983199    -5.21499368    -5.23983199    -5.08065768
      293     0.02622576    -5.24121968    -5.21499392    -5.24121968    -5.07965296
      294     0.02762069    -5.24261484    -5.21499415    -5.24261484    -5.07862732
      295     0.02901960    -5.24401397    -5.21499437    -5.24401397    -5.07758176
      296     0.03041898    -5.24541356    -5.21499458    -5.24541356    -5.07651736
      297     0.03181528    -5.24681009    -5.21499481    -5.24681009    -5.07543527
      298     0.03320498    -5.24820001    -5.21499503    -5.24820001    -5.07433666
      299     0.03458457    -5.24957981    -5.21499524    -5.24957981    -5.07322283
      300     0.00997547    -5.25094599    -5.24097052    -5.25094599    -5.07209512
      301     0.01069827    -5.25166875    -5.24097048    -5.25166875    -5.07148823
      302     0.01143454    -5.25240497    -5.24097043    -5.25240497    -5.07086288
      303     0.01218249    -5.25315288    -5.24097039    -5.25315288    -5.07021973
      304     0.01294032    -5.25391065    -5.24097033    -5.25391065    -5.06955948
      305     0.01370617    -5.25467645    -5.24097028    -5.25467645    -5.06888285
      306     0.01447817    -5.25544838    -5.24097021    -5.25544838    -5.06819062
      307     0.01525441    -5.25622455    -5.24097014    -5.25622455    -5.06748361
      308     0.01603295    -5.25700303    -5.24097008    -5.25700303    -5.06676270
      309     0.01681187    -5.25778187    -5.24097000    -5.25778187    -5.06602881
      310     0.01758922    -5.25855914    -5.24096992    -5.25855914    -5.06528295
      311     0.01836298    -5.25933290    -5.24096992    -5.25933290    -5.06452618
      312     0.01913131    -5.26010121    -5.24096990    -5.26010121    -5.06375964
      313     0.01989234    -5.26086216    -5.24096982    -5.26086216    -5.06298451
      314     0.02064411    -5.26161383    -5.24096972    -5.26161383    -5.06220208
      315     0.02138473    -5.26235436    -5.24096963    -5.26235436    -5.06141373
      316     0.02211235    -5.26308188    -5.24096953    -5.26308188    -5.06062087
      317     0.02282516    -5.26379459    -5.24096943    -5.26379459    -5.05982503
      318     0.02352138    -5.26449071    -5.24096933    -5.26449071    -5.05902777
      319     0.02419927    -5.26516850    -5.24096923    -5.26516850    -5.05823074
      320     0.00997547    -5.26582626    -5.25585079    -5.26582626    -5.05743563
      321     0.01038385    -5.26623459    -5.25585074    -5.26623459    -5.05693111
      322     0.01078824    -5.26663892    -5.25585068    -5.26663892    -5.05642358
      323     0.01118765    -5.26703827    -5.25585062    -5.26703827    -5.05591400
      324     0.01158108    -5.26743165    -5.25585057    -5.26743165    -5.05540331
      325     0.01196757    -5.26781809    -5.25585052    -5.26781809    -5.05489252
      326     0.01234616    -5.26819664    -5.25585048    -5.26819664    -5.05438265
      327     0.01271592    -5.26856636    -5.25585044    -5.26856636    -5.05387472
      328     0.01307594    -5.26892635    -5.25585041    -5.26892635    -5.05336982
      329     0.01342533    -5.26927571    -5.25585038    -5.26927571    -5.05286901
      330     0.01376322    -5.26961358    -5.25585036    -5.26961358    -5.05237341
      331     0.01408880    -5.26993913    -5.25585033    -5.26993913    -5.05188413
      332     0.01440126    -5.27025158    -5.25585032    -5.27025158    -5.05140230
      333     0.01469984    -5.27055015    -5.25585031    -5.27055015    -5.05092904
      334     0.01498381    -5.27083413    -5.25585032    -5.27083413    -5.05046550
      335     0.01525249    -5.27110281    -5.25585032    -5.27110281    -5.05001280
      336     0.01550524    -5.27135557    -5.25585033    -5.27135557    -5.04957209
      337     0.01574144    -5.27159179    -5.25585035    -5.27159179    -5.04914446
      338     0.01596055    -5.27181093    -5.25585038    -5.27181093    -5.04873102
      339     0.01616205    -5.27201245    -5.25585040    -5.27201245    -5.04833283
      340     0.00997547    -5.27219590    -5.26222043    -5.27219590    -5.04795096
      341     0.01010624    -5.27232670    -5.26222046    -5.27232670    -5.04766516
      342     0.01022617    -5.27244666    -5.26222049    -5.27244666    -5.04739158
      343     0.01033497    -5.27255550    -5.26222053    -5.27255550    -5.04713092
      344     0.01043242    -5.27265299    -5.26222057    -5.27265299    -5.04688383
      345     0.01051830    -5.27273891    -5.26222061    -5.27273891    -5.04665091
      346     0.01059244    -5.27281309    -5.26222065    -5.27281309    -5.04643278
      347     0.01065469    -5.27287537    -5.26222068    -5.27287537    -5.04622997
      348     0.01070491    -5.27292562    -5.26222071    -5.27292562    -5.04604300
      349     0.01074301    -5.27296376    -5.26222075    -5.27296376    -5.04587234
      350     0.01076894    -5.27298971    -5.26222077    -5.27298971    -5.04571842
      351     0.01078265    -5.27300343    -5.26222078    -5.27300343    -5.04558163
      352     0.01078414    -5.27300493    -5.26222079    -5.27300493    -5.04546229
      353     0.01077343    -5.27299421    -5.26222078    -5.27299421    -5.04536070
      354     0.01075056    -5.27297134    -5.26222078    -5.27297134    -5.04527708
      355     0.01071562    -5.27293637    -5.26222075    -5.27293637    -5.04521163
      356     0.01066870    -5.27288943    -5.26222073    -5.27288943    -5.04516446
      357     0.01060994    -5.27283064    -5.26222070    -5.27283064    -5.04513565
      358     0.01053949    -5.27276016    -5.26222067    -5.27276016    -5.04512523
      359     0.01045755    -5.27267817    -5.26222062    -5.27267817    -5.04513316
      360     0.00997547    -5.27258490    -5.26260943    -5.27258490    -5.04515934
      361     0.00987329    -5.27248269    -5.26260940    -5.27248269    -5.04520277
      362     0.00976081    -5.27237016    -5.26260935    -5.27237016    -5.04526372
      363     0.00963828    -5.27224760    -5.26260932    -5.27224760    -5.04534195
      364     0.00950602    -5.27211531    -5.26260929    -5.27211531    -5.04543717
      365     0.00936436    -5.27197361    -5.26260925    -5.27197361    -5.04554904
      366     0.00921363    -5.27182285    -5.26260922    -5.27182285    -5.04567718
      367     0.00905419    -5.27166340    -5.26260921    -5.27166340    -5.04582117
      368     0.00888644    -5.27149562    -5.26260918    -5.27149562    -5.04598054
      369     0.00871078    -5.27131994    -5.26260916    -5.27131994    -5.04615477
      370     0.00852761    -5.27113676    -5.26260915    -5.27113676    -5.04634334
      371     0.00833738    -5.27094652    -5.26260914    -5.27094652    -5.04654565
      372     0.00814053    -5.27074966    -5.26260913    -5.27074966    -5.04676110
      373     0.00793752    -5.27054665    -5.26260913    -5.27054665    -5.04698905
      374     0.00772883    -5.27033796    -5.26260913    -5.27033796    -5.04722884
      375     0.00751495    -5.27012408    -5.26260913    -5.27012408    -5.04747977
      376     0.00729636    -5.26990550    -5.26260914    -5.26990550    -5.04774114
      377     0.00707357    -5.26968273    -5.26260916    -5.26968273    -5.04801221
      378     0.00684710    -5.26945627    -5.26260917    -5.26945627    -5.04829226
      379     0.00661745    -5.26922664    -5.26260919    -5.26922664    -5.04858051
      380     0.00997547    -5.26899437    -5.25901890    -5.26899437    -5.04887621
      381     0.00968046    -5.26869939    -5.25901893    -5.26869939    -5.04925460
      382     0.00937945    -5.26839841    -5.25901896    -5.26839841    -5.04964118
      383     0.00907312    -5.26809211    -5.25901899    -5.26809211    -5.05003495
      384     0.00876217    -5.26778120    -5.25901903    -5.26778120    -5.05043488
      385     0.00844732    -5.26746639    -5.25901907    -5.26746639    -5.05083997
      386     0.00812930    -5.26714840    -5.25901910    -5.26714840    -5.05124920
      387     0.00780883    -5.26682798    -5.25901915    -5.26682798    -5.05166159
      388     0.00748666    -5.26650585    -5.25901919    -5.26650585    -5.05207618
      389     0.00716354    -5.26618277    -5.25901923    -5.26618277    -5.05249200
      390     0.00684021    -5.26585949    -5.25901928    -5.26585949    -5.05290813
      391     0.00651743    -5.26553675    -5.25901932    -5.26553675    -5.05332366
      392     0.00619594    -5.26521532    -5.25901938    -5.26521532    -5.05373770
      393     0.00587650    -5.26489592    -5.25901942    -5.26489592    -5.05414940
      394     0.00555986    -5.26457933    -5.25901947    -5.26457933    -5.05455792
      395     0.00524675    -5.26426626    -5.25901951    -5.26426626    -5.05496245
      396     0.00493790    -5.26395746    -5.25901956    -5.26395746    -5.05536223
      397     0.00463405    -5.26365365    -5.25901960    -5.26365365    -5.05575651
      398     0.00433590    -5.26335554    -5.25901964    -5.26335554    -5.05614456
      399     0.00404415    -5.26306384    -5.25901969    -5.26306384    -5.05652570
      400     0.00997547    -5.26277922    -5.25280375    -5.26277922    -5.05689928
      401     0.00951762    -5.26232144    -5.25280382    -5.26232144    -5.05749717
      402     0.00905992    -5.26186380    -5.25280388    -5.26186380    -5.05808615
      403     0.00860351    -5.26140744    -5.25280393    -5.26140744    -5.05866527
      404     0.00814952    -5.26095352    -5.25280400    -5.26095352    -5.05923366
      405     0.00769913    -5.26050318    -5.25280405    -5.26050318    -5.05979048
      406     0.00725346    -5.26005755    -5.25280409    -5.26005755    -5.06033498
      407     0.00681367    -5.25961780    -5.25280413    -5.25961780    -5.06086642
      408     0.00638087    -5.25918504    -5.25280417    -5.25918504    -5.06138413
      409     0.00595619    -5.25876041    -5.25280422    -5.25876041    -5.06188749
      410     0.00554075    -5.25834501    -5.25280426    -5.25834501    -5.06237591
      411     0.00513563    -5.25793993    -5.25280430    -5.25793993    -5.06284886
      412     0.00474190    -5.25754624    -5.25280434    -5.25754624    -5.06330585
      413     0.00436059    -5.25716497    -5.25280438    -5.25716497    -5.06374640
      414     0.00399273    -5.25679714    -5.25280441    -5.25679714    -5.06417011
      415     0.00363928    -5.25644373    -5.25280445    -5.25644373    -5.06457658
      416     0.00330120    -5.25610567    -5.25280447    -5.25610567    -5.06496546
      417     0.00297938    -5.25578388    -5.25280450    -5.25578388    -5.06533642
      418     0.00267470    -5.25547923    -5.25280453    -5.25547923    -5.06568916
      419     0.00238798    -5.25519254    -5.25280456    -5.25519254    -5.06602342
      420     0.00997547    -5.25492458    -5.24494911    -5.25492458    -5.06633895
      421     0.00941879    -5.25436793    -5.24494914    -5.25436793    -5.06699080
      422     0.00887072    -5.25381990    -5.24494918    -5.25381990    -5.06761825
      423     0.00833290    -5.25328212    -5.24494922    -5.25328212    -5.06822105
      424     0.00780692    -5.25275617    -5.24494925    -5.25275617    -5.06879902
      425     0.00729437    -5.25224364    -5.24494927    -5.25224364    -5.06935198
      426     0.00679676    -5.25174606    -5.24494930    -5.25174606    -5.06987980
      427     0.00631561    -5.25126492    -5.24494931    -5.25126492    -5.07038237
      428     0.00585233    -5.25080166    -5.24494933    -5.25080166    -5.07085962
      429     0.00540829    -5.25035764    -5.24494935    -5.25035764    -5.07131148
      430     0.00498483    -5.24993420    -5.24494937    -5.24993420    -5.07173790
      431     0.00458322    -5.24953260    -5.24494938    -5.24953260    -5.07213886
      432     0.00420465    -5.24915406    -5.24494941    -5.24915406    -5.07251434
      433     0.00385025    -5.24879967    -5.24494942    -5.24879967    -5.07286436
      434     0.00352106    -5.24847050    -5.24494944    -5.24847050    -5.07318895
      435     0.00321806    -5.24816751    -5.24494945    -5.24816751    -5.07348812
      436     0.00294214    -5.24789160    -5.24494946    -5.24789160    -5.07376192
      437     0.00269411    -5.24764359    -5.24494948    -5.24764359    -5.07401039
      438     0.00247470    -5.24742419    -5.24494949    -5.24742419    -5.07423361
      439     0.00228455    -5.24723406    -5.24494951    -5.24723406    -5.07443165
      440     0.00997547    -5.24707375    -5.23709828    -5.24707375    -5.07460460
      441     0.00966944    -5.24676775    -5.23709831    -5.24676775    -5.07493437
      442     0.00938145    -5.24647980    -5.23709835    -5.24647980    -5.07522852
      443     0.00911238    -5.24621076    -5.23709838    -5.24621076    -5.07548733
      444     0.00886302    -5.24596143    -5.23709841    -5.24596143    -5.07571113
      445     0.00863407    -5.24573252    -5.23709845    -5.24573252    -5.07590022
      446     0.00842616    -5.24552464    -5.23709848    -5.24552464    -5.07605500
      447     0.00823988    -5.24533839    -5.23709851    -5.24533839    -5.07617586
      448     0.00807576    -5.24517413    -5.23709837    -5.24517413    -5.07626314
      449     0.00793428    -5.24503268    -5.23709840    -5.24503268    -5.07631766
      450     0.00781586    -5.24491426    -5.23709840    -5.24491426    -5.07633985
      451     0.00772085    -5.24481924    -5.23709839    -5.24481924    -5.07633032
      452     0.00764952    -5.24474790    -5.23709838    -5.24474790    -5.07628970
      453     0.00760208    -5.24470046    -5.23709838    -5.24470046    -5.07621870
      454     0.00757870    -5.24467708    -5.23709838    -5.24467708    -5.07611803
      455     0.00757945    -5.24467784    -5.23709839    -5.24467784    -5.07598844
      456     0.00760438    -5.24470277    -5.23709840    -5.24470277    -5.07583071
      457     0.00765344    -5.24475184    -5.23709841    -5.24475184    -5.07564567
      458     0.00772655    -5.24482497    -5.23709842    -5.24482497    -5.07543417
      459     0.00782358    -5.24492201    -5.23709843    -5.24492201    -5.07519708
      460     0.00997547    -5.24504278    -5.23506731    -5.24504278    -5.07493531
      461     0.01013390    -5.24520123    -5.23506733    -5.24520123    -5.07461612
      462     0.01031193    -5.24537928    -5.23506735    -5.24537928    -5.07427294
      463     0.01050920    -5.24557658    -5.23506738    -5.24557658    -5.07390685
      464     0.01072534    -5.24579274    -5.23506740    -5.24579274    -5.07351897
      465     0.01095994    -5.24602736    -5.23506742    -5.24602736    -5.07311046
      466     0.01121257    -5.24628002    -5.23506745    -5.24628002    -5.07268247
      467     0.01148282    -5.24655028    -5.23506746    -5.24655028    -5.07223618
      468     0.01177021    -5.24683770    -5.23506749    -5.24683770    -5.07177279
      469     0.01207431    -5.24714182    -5.23506751    -5.24714182    -5.07129349
      470     0.01239464    -5.24746217    -5.23506753    -5.24746217    -5.07079947
      471     0.01273073    -5.24779828    -5.23506755    -5.24779828    -5.07029193
      472     0.01308210    -5.24814966    -5.23506756    -5.24814966    -5.06977206
      473     0.01344826    -5.24851584    -5.23506758    -5.24851584    -5.06924104
      474     0.01382872    -5.24889630    -5.23506758    -5.24889630    -5.06870003
      475     0.01422297    -5.24929056    -5.23506759    -5.24929056    -5.06815019
      476     0.01463047    -5.24969808    -5.23506761    -5.24969808    -5.06759263
      477     0.01505071    -5.25011849    -5.23506778    -5.25011849    -5.06702863
      478     0.01548311    -5.25055091    -5.23506780    -5.25055091    -5.06645894
      479     0.01592711    -5.25099491    -5.23506780    -5.25099491    -5.06588477
      480     0.00997547    -5.25144990    -5.24147443    -5.25144990    -5.06530714
      481     0.01034424    -5.25181868    -5.24147444    -5.25181868    -5.06485320
      482     0.01073188    -5.25220634    -5.24147446    -5.25220634    -5.06439553
      483     0.01113780    -5.25261227    -5.24147447    -5.25261227    -5.06393481
      484     0.01156132    -5.25303581    -5.24147449    -5.25303581    -5.06347167
      485     0.01200168    -5.25347620    -5.24147452    -5.25347620    -5.06300670
      486     0.01245805    -5.25393260    -5.24147455    -5.25393260    -5.06254044
      487     0.01292950    -5.25440409    -5.24147459    -5.25440409    -5.06207337
      488     0.01341503    -5.25488967    -5.24147464    -5.25488967    -5.06160594
      489     0.01391356    -5.25538824    -5.24147468    -5.25538824    -5.06113854
      490     0.01442390    -5.25589863    -5.24147473    -5.25589863    -5.06067153
      491     0.01494479    -5.25641958    -5.24147479    -5.25641958    -5.06020522
      492     0.01547491    -5.25694976    -5.24147485    -5.25694976    -5.05973986
      493     0.01601281    -5.25748773    -5.24147492    -5.25748773    -5.05927571
      494     0.01655706    -5.25803202    -5.24147496    -5.25803202    -5.05881295
      495     0.01710608    -5.25858104    -5.24147496    -5.25858104    -5.05835177
      496     0.01765819    -5.25913318    -5.24147499    -5.25913318    -5.05789231
      497     0.01821170    -5.25968672    -5.24147502    -5.25968672    -5.05743471
      498     0.01876484    -5.26023993    -5.24147509    -5.26023993    -5.05697907
      499     0.01931583    -5.26079100    -5.24147517    -5.26079100    -5.05652548
      500     0.00997547    -5.26133811    -5.25136264    -5.26133811    -5.05607404
      501     0.01036499    -5.26172770    -5.25136271    -5.26172770    -5.05575532
      502     0.01076107    -5.26212387    -5.25136280    -5.26212387    -5.05543742
      503     0.01116234    -5.26252525    -5.25136291    -5.26252525    -5.05512034
      504     0.01156741    -5.26293042    -5.25136301    -5.26293042    -5.05480400
      505     0.01197480    -5.26333793    -5.25136313    -5.26333793    -5.05448833
      506     0.01238303    -5.26374629    -5.25136326    -5.26374629    -5.05417327
      507     0.01279059    -5.26415397    -5.25136338    -5.26415397    -5.05385871
      508     0.01319592    -5.26455944    -5.25136352    -5.26455944    -5.05354456
      509     0.01359749    -5.26496116    -5.25136367    -5.26496116    -5.05323072
      510     0.01399375    -5.26535756    -5.25136381    -5.26535756    -5.05291712
      511     0.01438315    -5.26574710    -5.25136395    -5.26574710    -5.05260367
      512     0.01476418    -5.26612827    -5.25136409    -5.26612827    -5.05229030
      513     0.01513532    -5.26649956    -5.25136424    -5.26649956    -5.05197697
      514     0.01549513    -5.26685950    -5.25136437    -5.26685950    -5.05166366
      515     0.01584217    -5.26720668    -5.25136451    -5.26720668    -5.05135037
      516     0.01617510    -5.26753972    -5.25136462    -5.26753972    -5.05103713
      517     0.01649263    -5.26785735    -5.25136472    -5.26785735    -5.05072402
      518     0.01679361    -5.26815843    -5.25136482    -5.26815843    -5.05041125
      519     0.01707699    -5.26844188    -5.25136489    -5.26844188    -5.05009901
      520     0.00997547    -5.26870666    -5.25873119    -5.26870666    -5.04978748
      521     0.01016493    -5.26889617    -5.25873124    -5.26889617    -5.04955288
      522     0.01034600    -5.26907728    -5.25873128    -5.26907728    -5.04932111
      523     0.01051797    -5.26924928    -5.25873131    -5.26924928    -5.04909225
      524     0.01068016    -5.26941151    -5.25873135    -5.26941151    -5.04886640
      525     0.01083192    -5.26956329    -5.25873137    -5.26956329    -5.04864366
      526     0.01097263    -5.26970402    -5.25873139    -5.26970402    -5.04842412
      527     0.01110168    -5.26983309    -5.25873141    -5.26983309    -5.04820785
      528     0.01121853    -5.26994994    -5.25873141    -5.26994994    -5.04799494
      529     0.01132266    -5.27005408    -5.25873142    -5.27005408    -5.04778549
      530     0.01141361    -5.27014503    -5.25873142    -5.27014503    -5.04757959
      531     0.01149097    -5.27022239    -5.25873142    -5.27022239    -5.04737737
      532     0.01155439    -5.27028580    -5.25873141    -5.27028580    -5.04717895
      533     0.01160359    -5.27033498    -5.25873139    -5.27033498    -5.04698446
      534     0.01163834    -5.27036972    -5.25873138    -5.27036972    -5.04679407
      535     0.01165849    -5.27038986    -5.25873137    -5.27038986    -5.04660795
      536     0.01166395    -5.27039528    -5.25873133    -5.27039528    -5.04642628
      537     0.01165471    -5.27038601    -5.25873130    -5.27038601    -5.04624928
      538     0.01163084    -5.27036211    -5.25873127    -5.27036211    -5.04607713
      539     0.01159241    -5.27032365    -5.25873124    -5.27032365    -5.04591003
      540     0.00997547    -5.27027080    -5.26029533    -5.27027080    -5.04574816
      541     0.00991406    -5.27020936    -5.26029530    -5.27020936    -5.04560334
      542     0.00984151    -5.27013678    -5.26029527    -5.27013678    -5.04546499
      543     0.00975808    -5.27005331    -5.26029523    -5.27005331    -5.04533322
      544     0.00966403    -5.26995923    -5.26029520    -5.26995923    -5.04520813
      545     0.00955969    -5.26985485    -5.26029516    -5.26985485    -5.04508972
      546     0.00944536    -5.26974049    -5.26029513    -5.26974049    -5.04497801
      547     0.00932135    -5.26961645    -5.26029510    -5.26961645    -5.04487292
      548     0.00918801    -5.26948308    -5.26029507    -5.26948308    -5.04477437
      549     0.00904569    -5.26934073    -5.26029504    -5.26934073    -5.04468223
      550     0.00889476    -5.26918977    -5.26029501    -5.26918977    -5.04459632
      551     0.00873557    -5.26903054    -5.26029497    -5.26903054    -5.04451644
      552     0.00856849    -5.26886343    -5.26029494    -5.26886343    -5.04444236
      553     0.00839393    -5.26868884    -5.26029491    -5.26868884    -5.04437382
      554     0.00821235    -5.26850723    -5.26029488    -5.26850723    -5.04431057
      555     0.00802419    -5.26831904    -5.26029485    -5.26831904    -5.04425232
      556     0.00782992    -5.26812474    -5.26029482    -5.26812474    -5.04419879
      557     0.00763005    -5.26792483    -5.26029478    -5.26792483    -5.04414971
      558     0.00742511    -5.26771985    -5.26029474    -5.26771985    -5.04410483
      559     0.00721568    -5.26751038    -5.26029470    -5.26751038    -5.04406389
      560     0.00997547    -5.26729702    -5.25732155    -5.26729702    -5.04402667
      561     0.00971428    -5.26703578    -5.25732150    -5.26703578    -5.04398443
      562     0.00944462    -5.26676606    -5.25732144    -5.26676606    -5.04394212
      563     0.00916738    -5.26648876    -5.25732138    -5.26648876    -5.04389960
      564     0.00888352    -5.26620483    -5.25732131    -5.26620483    -5.04385681
      565     0.00859407    -5.26591531    -5.25732124    -5.26591531    -5.04381373
      566     0.00830012    -5.26562128    -5.25732116    -5.26562128    -5.04377043
      567     0.00800281    -5.26532390    -5.25732109    -5.26532390    -5.04372704
      568     0.00770336    -5.26502437    -5.25732101    -5.26502437    -5.04368375
      569     0.00740299    -5.26472392    -5.25732093    -5.26472392    -5.04364080
      570     0.00710297    -5.26442382    -5.25732085    -5.26442382    -5.04359851
      571     0.00680461    -5.26412537    -5.25732076    -5.26412537    -5.04355723
      572     0.00650922    -5.26382990    -5.25732068    -5.26382990    -5.04351735
      573     0.00621812    -5.26353872    -5.25732060    -5.26353872    -5.04347930
      574     0.00593264    -5.26325316    -5.25732052    -5.26325316    -5.04344353
      575     0.00565407    -5.26297451    -5.25732044    -5.26297451    -5.04341051
      576     0.00538370    -5.26270406    -5.25732036    -5.26270406    -5.04338074
      577     0.00512278    -5.26244307    -5.25732029    -5.26244307    -5.04335470
      578     0.00487253    -5.26219275    -5.25732022    -5.26219275    -5.04333288
      579     0.00463410    -5.26195426    -5.25732016    -5.26195426    -5.04331575
      580     0.00997547    -5.26172872    -5.25175325    -5.26172872    -5.04330379
      581     0.00964822    -5.26140138    -5.25175316    -5.26140138    -5.04328917
      582     0.00932530    -5.26107838    -5.25175308    -5.26107838    -5.04327352
      583     0.00900819    -5.26076119    -5.25175300    -5.26076119    -5.04325750
      584     0.00869837    -5.26045129    -5.25175292    -5.26045129    -5.04324178
      585     0.00839727    -5.26015011    -5.25175284    -5.26015011    -5.04322703
      586     0.00810629    -5.25985905    -5.25175276    -5.25985905    -5.04321390
      587     0.00782675    -5.25957944    -5.25175269    -5.25957944    -5.04320306
      588     0.00755993    -5.25931240    -5.25175247    -5.25931240    -5.04319495
      589     0.00730703    -5.25905944    -5.25175241    -5.25905944    -5.04319048
      590     0.00706917    -5.25882153    -5.25175236    -5.25882153    -5.04319007
      591     0.00684739    -5.25859970    -5.25175231    -5.25859970    -5.04319420
      592     0.00664263    -5.25839490    -5.25175227    -5.25839490    -5.04320334
      593     0.00645575    -5.25820798    -5.25175223    -5.25820798    -5.04321790
      594     0.00628748    -5.25803968    -5.25175220    -5.25803968    -5.04323823
      595     0.00613849    -5.25789067    -5.25175218    -5.25789067    -5.04326463
      596     0.00600932    -5.25776148    -5.25175216    -5.25776148    -5.04329734
      597     0.00590041    -5.25765255    -5.25175214    -5.25765255    -5.04333654
      598     0.00581211    -5.25756424    -5.25175213    -5.25756424    -5.04338236
      599     0.00574465    -5.25749678    -5.25175213    -5.25749678    -5.04343489
      600     0.00997547    -5.25745031    -5.24747484    -5.25745031    -5.04349414
      601     0.00993445    -5.25740930    -5.24747485    -5.25740930    -5.04357812
      602     0.00990654    -5.25738139    -5.24747485    -5.25738139    -5.04366433
      603     0.00989172    -5.25736658    -5.24747486    -5.25736658    -5.04375282
      604     0.00988997    -5.25736483    -5.24747486    -5.25736483    -5.04384360
      605     0.00990121    -5.25737608    -5.24747487    -5.25737608    -5.04393672
      606     0.00992537    -5.25740024    -5.24747488    -5.25740024    -5.04403227
      607     0.00996234    -5.25743723    -5.24747489    -5.25743723    -5.04413034
      608     0.01001203    -5.25748708    -5.24747505    -5.25748708    -5.04423123
      609     0.01007432    -5.25754938    -5.24747506    -5.25754938    -5.04433480
      610     0.01014910    -5.25762417    -5.24747507    -5.25762417    -5.04444142
      611     0.01023622    -5.25771130    -5.24747508    -5.25771130    -5.04455133
      612     0.01033557    -5.25781067    -5.24747510    -5.25781067    -5.04466481
      613     0.01044699    -5.25792210    -5.24747511    -5.25792210    -5.04478215
      614     0.01057033    -5.25804546    -5.24747513    -5.25804546    -5.04490369
      615     0.01070539    -5.25818055    -5.24747516    -5.25818055    -5.04502979
      616     0.01085199    -5.25832717    -5.24747518    -5.25832717    -5.04516078
      617     0.01100987    -5.25848508    -5.24747521    -5.25848508    -5.04529703
      618     0.01117875    -5.25865400    -5.24747525    -5.25865400    -5.04543888
      619     0.01135828    -5.25883358    -5.24747530    -5.25883358    -5.04558663
      620     0.00997547    -5.25902343    -5.24904796    -5.25902343    -5.04574056
      621     0.01016258    -5.25921060    -5.24904802    -5.25921060    -5.04589021
      622     0.01036145    -5.25940955    -5.24904810    -5.25940955    -5.04604720
      623     0.01057145    -5.25961961    -5.24904816    -5.25961961    -5.04621155
      624     0.01079182    -5.25984007    -5.24904825    -5.25984007    -5.04638320
      625     0.01102169    -5.26007004    -5.24904835    -5.26007004    -5.04656200
      626     0.01126006    -5.26030851    -5.24904845    -5.26030851    -5.04674768
      627     0.01150578    -5.26055436    -5.24904858    -5.26055436    -5.04693984
      628     0.01175761    -5.26080631    -5.24904870    -5.26080631    -5.04713797
      629     0.01201416    -5.26106301    -5.24904885    -5.26106301    -5.04734143
      630     0.01227396    -5.26132295    -5.24904899    -5.26132295    -5.04754948
      631     0.01253541    -5.26158455    -5.24904914    -5.26158455    -5.04776123
      632     0.01279680    -5.26184611    -5.24904931    -5.26184611    -5.04797570
      633     0.01305636    -5.26210583    -5.24904947    -5.26210583    -5.04819177
      634     0.01331218    -5.26236183    -5.24904965    -5.26236183    -5.04840822
      635     0.01356234    -5.26261216    -5.24904982    -5.26261216    -5.04862372
      636     0.01380491    -5.26285488    -5.24904997    -5.26285488    -5.04883692
      637     0.01403797    -5.26308811    -5.24905014    -5.26308811    -5.04904646
      638     0.01425969    -5.26330999    -5.24905030    -5.26330999    -5.04925100
      639     0.01446826    -5.26351870    -5.24905044    -5.26351870    -5.04944917
      640     0.00997547    -5.26371253    -5.25373706    -5.26371253    -5.04963966
      641     0.01012522    -5.26386238    -5.25373716    -5.26386238    -5.04979078
      642     0.01026733    -5.26400459    -5.25373726    -5.26400459    -5.04993628
      643     0.01040066    -5.26413801    -5.25373735    -5.26413801    -5.05007528
      644     0.01052418    -5.26426160    -5.25373742    -5.26426160    -5.05020691
      645     0.01063695    -5.26437444    -5.25373749    -5.26437444    -5.05033040
      646     0.01073815    -5.26447569    -5.25373754    -5.26447569    -5.05044505
      647     0.01082705    -5.26456463    -5.25373758    -5.26456463    -5.05055026
      648     0.01090307    -5.26464068    -5.25373761    -5.26464068    -5.05064550
      649     0.01096576    -5.26470338    -5.25373762    -5.26470338    -5.05073038
      650     0.01101483    -5.26475246    -5.25373763    -5.26475246    -5.05080461
      651     0.01105013    -5.26478775    -5.25373762    -5.26478775    -5.05086802
      652     0.01107167    -5.26480926    -5.25373759    -5.26480926    -5.05092057
      653     0.01107957    -5.26481712    -5.25373755    -5.26481712    -5.05096233
      654     0.01107410    -5.26481160    -5.25373750    -5.26481160    -5.05099351
      655     0.01105568    -5.26479312    -5.25373744    -5.26479312    -5.05101442
      656     0.01102485    -5.26476222    -5.25373737    -5.26476222    -5.05102550
      657     0.01098227    -5.26471956    -5.25373729    -5.26471956    -5.05102729
      658     0.01092870    -5.26466590    -5.25373720    -5.26466590    -5.05102044
      659     0.01086500    -5.26460210    -5.25373710    -5.26460210    -5.05100565
      660     0.00997547    -5.26452910    -5.25455363    -5.26452910    -5.05098375
      661     0.00989822    -5.26445175    -5.25455353    -5.26445175    -5.05095687
      662     0.00981550    -5.26436892    -5.25455342    -5.26436892    -5.05092526
      663     0.00972835    -5.26428165    -5.25455330    -5.26428165    -5.05088981
      664     0.00963778    -5.26419098    -5.25455320    -5.26419098    -5.05085142
      665     0.00954484    -5.26409792    -5.25455308    -5.26409792    -5.05081100
      666     0.00945052    -5.26400349    -5.25455297    -5.26400349    -5.05076945
      667     0.00935582    -5.26390867    -5.25455285    -5.26390867    -5.05072763
      668     0.00926166    -5.26381441    -5.25455275    -5.26381441    -5.05068636
      669     0.00916893    -5.26372158    -5.25455265    -5.26372158    -5.05064643
      670     0.00907847    -5.26363101    -5.25455254    -5.26363101    -5.05060855
      671     0.00899102    -5.26354346    -5.25455244    -5.26354346    -5.05057340
      672     0.00890728    -5.26345962    -5.25455234    -5.26345962    -5.05054155
      673     0.00882785    -5.26338011    -5.25455226    -5.26338011    -5.05051351
      674     0.00875327    -5.26330544    -5.25455217    -5.26330544    -5.05048971
      675     0.00868398    -5.26323607    -5.25455209    -5.26323607    -5.05047050
      676     0.00862036    -5.26317238    -5.25455202    -5.26317238    -5.05045615
      677     0.00856271    -5.26311466    -5.25455195    -5.26311466    -5.05044684
      678     0.00851124    -5.26306313    -5.25455189    -5.26306313    -5.05044269
      679     0.00846612    -5.26301794    -5.25455182    -5.26301794    -5.05044372
      680     0.00997547    -5.26297918    -5.25300371    -5.26297918    -5.05044990
      681     0.00993877    -5.26294242    -5.25300365    -5.26294242    -5.05046153
      682     0.00990584    -5.26290943    -5.25300359    -5.26290943    -5.05047732
      683     0.00987665    -5.26288019    -5.25300354    -5.26288019    -5.05049708
      684     0.00985117    -5.26285465    -5.25300348    -5.26285465    -5.05052058
      685     0.00982937    -5.26283280    -5.25300343    -5.26283280    -5.05054761
      686     0.00981120    -5.26281458    -5.25300338    -5.26281458    -5.05057795
      687     0.00979664    -5.26279996    -5.25300332    -5.26279996    -5.05061141
      688     0.00978568    -5.26278895    -5.25300327    -5.26278895    -5.05064782
      689     0.00977835    -5.26278157    -5.25300322    -5.26278157    -5.05068702
      690     0.00977473    -5.26277789    -5.25300316    -5.26277789    -5.05072893
      691     0.00977491    -5.26277801    -5.25300310    -5.26277801    -5.05077348
      692     0.00977904    -5.26278209    -5.25300305    -5.26278209    -5.05082066
      693     0.00978733    -5.26279031    -5.25300298    -5.26279031    -5.05087055
      694     0.00980000    -5.26280291    -5.25300291    -5.26280291    -5.05092323
      695     0.00981733    -5.26282018    -5.25300285    -5.26282018    -5.05097890
      696     0.00983964    -5.26284243    -5.25300279    -5.26284243    -5.05103778
      697     0.00986728    -5.26287000    -5.25300272    -5.26287000    -5.05110015
      698     0.00990059    -5.26290325    -5.25300266    -5.26290325    -5.05116632
      699     0.00993996    -5.26294255    -5.25300259    -5.26294255    -5.05123663
      700     0.00997547    -5.26298825    -5.25301278    -5.26298825    -5.05131145
      701     0.01002794    -5.26304066    -5.25301272    -5.26304066    -5.05139109
      702     0.01008743    -5.26310010    -5.25301267    -5.26310010    -5.05147593
      703     0.01015417    -5.26316680    -5.25301263    -5.26316680    -5.05156627
      704     0.01022831    -5.26324089    -5.25301258    -5.26324089    -5.05166235
      705     0.01030988    -5.26332243    -5.25301255    -5.26332243    -5.05176434
      706     0.01039881    -5.26341134    -5.25301253    -5.26341134    -5.05187229
      707     0.01049492    -5.26350744    -5.25301252    -5.26350744    -5.05198617
      708     0.01059785    -5.26361037    -5.25301252    -5.26361037    -5.05210580
      709     0.01070711    -5.26371964    -5.25301253    -5.26371964    -5.05223087
      710     0.01082208    -5.26383464    -5.25301256    -5.26383464    -5.05236094
      711     0.01094198    -5.26395457    -5.25301259    -5.26395457    -5.05249537
      712     0.01106580    -5.26407844    -5.25301264    -5.26407844    -5.05263340
      713     0.01119246    -5.26420515    -5.25301269    -5.26420515    -5.05277409
      714     0.01132073    -5.26433348    -5.25301275    -5.26433348    -5.05291640
      715     0.01144929    -5.26446210    -5.25301281    -5.26446210    -5.05305914
      716     0.01157671    -5.26458959    -5.25301288    -5.26458959    -5.05320102
      717     0.01170150    -5.26471446    -5.25301296    -5.26471446    -5.05334066
      718     0.01182214    -5.26483518    -5.25301304    -5.26483518    -5.05347660
      719     0.01193710    -5.26495022    -5.25301312    -5.26495022    -5.05360736
      720     0.00997547    -5.26505806    -5.25508259    -5.26505806    -5.05373142
      721     0.01006734    -5.26515000    -5.25508266    -5.26515000    -5.05383757
      722     0.01015342    -5.26523614    -5.25508272    -5.26523614    -5.05393630
      723     0.01023249    -5.26531526    -5.25508277    -5.26531526    -5.05402635
      724     0.01030345    -5.26538627    -5.25508282    -5.26538627    -5.05410647
      725     0.01036529    -5.26544816    -5.25508287    -5.26544816    -5.05417550
      726     0.01041709    -5.26550000    -5.25508291    -5.26550000    -5.05423235
      727     0.01045809    -5.26554103    -5.25508294    -5.26554103    -5.05427606
      728     0.01048766    -5.26557062    -5.25508296    -5.26557062    -5.05430578
      729     0.01050534    -5.26558832    -5.25508298    -5.26558832    -5.05432076
      730     0.01051082    -5.26559380    -5.25508298    -5.26559380    -5.05432044
      731     0.01050395    -5.26558693    -5.25508298    -5.26558693    -5.05430433
      732     0.01048474    -5.26556771    -5.25508297    -5.26556771    -5.05427212
      733     0.01045335    -5.26553631    -5.25508296    -5.26553631    -5.05422362
      734     0.01041010    -5.26549304    -5.25508294    -5.26549304    -5.05415878
      735     0.01035545    -5.26543837    -5.25508292    -5.26543837    -5.05407767
      736     0.01028999    -5.26537289    -5.25508290    -5.26537289    -5.05398048
      737     0.01021445    -5.26529732    -5.25508287    -5.26529732    -5.05386754
      738     0.01012964    -5.26521248    -5.25508284    -5.26521248    -5.05373926
      739     0.01003646    -5.26511928    -5.25508282    -5.26511928    -5.05359613
      740     0.00997547    -5.26501870    -5.25504323    -5.26501870    -5.05343874
      741     0.00986832    -5.26491153    -5.25504321    -5.26491153    -5.05326739
      742     0.00975580    -5.26479900    -5.25504320    -5.26479900    -5.05308305
      743     0.00963904    -5.26468222    -5.25504318    -5.26468222    -5.05288647
      744     0.00951909    -5.26456227    -5.25504318    -5.26456227    -5.05267837
      745     0.00939702    -5.26444019    -5.25504317    -5.26444019    -5.05245950
      746     0.00927386    -5.26431703    -5.25504317    -5.26431703    -5.05223060
      747     0.00915061    -5.26419381    -5.25504320    -5.26419381    -5.05199237
      748     0.00902819    -5.26407141    -5.25504322    -5.26407141    -5.05174550
      749     0.00890738    -5.26395063    -5.25504325    -5.26395063    -5.05149059
      750     0.00878891    -5.26383220    -5.25504329    -5.26383220    -5.05122820
      751     0.00867338    -5.26371673    -5.25504335    -5.26371673    -5.05095882
      752     0.00856126    -5.26360468    -5.25504342    -5.26360468    -5.05068286
      753     0.00845292    -5.26349641    -5.25504349    -5.26349641    -5.05040065
      754     0.00834858    -5.26339215    -5.25504357    -5.26339215    -5.05011245
      755     0.00824835    -5.26329200    -5.25504365    -5.26329200    -5.04981844
      756     0.00815221    -5.26319596    -5.25504375    -5.26319596    -5.04951874
      757     0.00806006    -5.26310390    -5.25504384    -5.26310390    -5.04921342
      758     0.00797171    -5.26301564    -5.25504393    -5.26301564    -5.04890252
      759     0.00788689    -5.26293092    -5.25504403    -5.26293092    -5.04858607
      760     0.00997547    -5.26284945    -5.25287398    -5.26284945    -5.04826409
      761     0.00988371    -5.26275779    -5.25287408    -5.26275779    -5.04789304
      762     0.00978923    -5.26266339    -5.25287416    -5.26266339    -5.04751424
      763     0.00969184    -5.26256608    -5.25287424    -5.26256608    -5.04712800
      764     0.00959155    -5.26246584    -5.25287429    -5.26246584    -5.04673482
      765     0.00948853    -5.26236285    -5.25287432    -5.26236285    -5.04633539
      766     0.00938315    -5.26225747    -5.25287432    -5.26225747    -5.04593062
      767     0.00927600    -5.26215032    -5.25287432    -5.26215032    -5.04552159
      768     0.00916787    -5.26204216    -5.25287429    -5.26204216    -5.04510961
      769     0.00905973    -5.26193397    -5.25287424    -5.26193397    -5.04469612
      770     0.00895269    -5.26182687    -5.25287418    -5.26182687    -5.04428268
      771     0.00884798    -5.26172210    -5.25287412    -5.26172210    -5.04387095
      772     0.00874690    -5.26162094    -5.25287404    -5.26162094    -5.04346260
      773     0.00865075    -5.26152471    -5.25287396    -5.26152471    -5.04305927
      774     0.00856081    -5.26143469    -5.25287388    -5.26143469    -5.04266252
      775     0.00847775    -5.26135173    -5.25287398    -5.26135173    -5.04227346
      776     0.00840111    -5.26127518    -5.25287407    -5.26127518    -5.04189168
      777     0.00832999    -5.26120412    -5.25287413    -5.26120412    -5.04151662
      778     0.00826373    -5.26113791    -5.25287418    -5.26113791    -5.04114804
      779     0.00820194    -5.26107614    -5.25287420    -5.26107614    -5.04078603
      780     0.00997547    -5.26101869    -5.25104322    -5.26101869    -5.04043101
      781     0.00991448    -5.26095762    -5.25104314    -5.26095762    -5.04004550
      782     0.00985450    -5.26089755    -5.25104305    -5.26089755    -5.03966778
      783     0.00979666    -5.26083963    -5.25104297    -5.26083963    -5.03929972
      784     0.00974212    -5.26078501    -5.25104289    -5.26078501    -5.03894317
      785     0.00969201    -5.26073482    -5.25104281    -5.26073482    -5.03859995
      786     0.00964741    -5.26069015    -5.25104274    -5.26069015    -5.03827184
      787     0.00960938    -5.26065189    -5.25104251    -5.26065189    -5.03796040
      788     0.00957889    -5.26062133    -5.25104244    -5.26062133    -5.03766759
      789     0.00955686    -5.26059924    -5.25104238    -5.26059924    -5.03739481
      790     0.00954411    -5.26058644    -5.25104233    -5.26058644    -5.03714356
      791     0.00954142    -5.26058370    -5.25104228    -5.26058370    -5.03691523
      792     0.00954944    -5.26059168    -5.25104224    -5.26059168    -5.03671112
      793     0.00956874    -5.26061096    -5.25104222    -5.26061096    -5.03653241
      794     0.00959976    -5.26064197    -5.25104221    -5.26064197    -5.03638016
      795     0.00964282    -5.26068502    -5.25104220    -5.26068502    -5.03625528
      796     0.00969807    -5.26074028    -5.25104221    -5.26074028    -5.03615853
      797     0.00976556    -5.26080778    -5.25104222    -5.26080778    -5.03609049
      798     0.00984516    -5.26088741    -5.25104225    -5.26088741    -5.03605160
      799     0.00993661    -5.26097889    -5.25104228    -5.26097889    -5.03604209
      800     0.00997547    -5.26108183    -5.25110636    -5.26108183    -5.03606205
