#    Non-Adiabatic Coupling Matrix Eliments: off-diagonal
         0     0.00000191
         1    -0.00000201
         2    -0.00000213
         3    -0.00000226
         4    -0.00000242
         5    -0.00000259
         6    -0.00000278
         7    -0.00000299
         8    -0.00000322
         9    -0.00000347
        10    -0.00000374
        11    -0.00000403
        12    -0.00000433
        13    -0.00000466
        14    -0.00000500
        15    -0.00000537
        16    -0.00000575
        17    -0.00000614
        18    -0.00000656
        19    -0.00000699
        20    -0.00000744
        21    -0.00000624
        22    -0.00000668
        23    -0.00000713
        24    -0.00000759
        25    -0.00000806
        26    -0.00000855
        27    -0.00000904
        28    -0.00000955
        29    -0.00001007
        30    -0.00001061
        31    -0.00001115
        32    -0.00001171
        33    -0.00001228
        34    -0.00001286
        35    -0.00001346
        36    -0.00001407
        37    -0.00001470
        38    -0.00001535
        39    -0.00001601
        40    -0.00001668
        41    -0.00001410
        42    -0.00001465
        43    -0.00001522
        44    -0.00001580
        45    -0.00001643
        46    -0.00001704
        47    -0.00001767
        48    -0.00001832
        49    -0.00001898
        50    -0.00001965
        51    -0.00002034
        52    -0.00002105
        53    -0.00002177
        54    -0.00002251
        55    -0.00002327
        56    -0.00002404
        57    -0.00002482
        58    -0.00002561
        59    -0.00002642
        60    -0.00002724
        61    -0.00002962
        62    -0.00003054
        63    -0.00003146
        64    -0.00003238
        65    -0.00003330
        66    -0.00003422
        67    -0.00003513
        68    -0.00003603
        69    -0.00003691
        70    -0.00003777
        71    -0.00003861
        72    -0.00003941
        73    -0.00004017
        74    -0.00004089
        75    -0.00004157
        76    -0.00004219
        77    -0.00004276
        78    -0.00004327
        79    -0.00004371
        80    -0.00004409
        81    -0.00005235
        82    -0.00005272
        83    -0.00005300
        84    -0.00005320
        85    -0.00005333
        86    -0.00005338
        87    -0.00005336
        88    -0.00005328
        89    -0.00005315
        90    -0.00005297
        91    -0.00005277
        92    -0.00005256
        93    -0.00005234
        94    -0.00005212
        95    -0.00005193
        96    -0.00005177
        97    -0.00005167
        98    -0.00005163
        99    -0.00005167
       100    -0.00005181
       101    -0.00005080
       102    -0.00005118
       103    -0.00005169
       104    -0.00005234
       105    -0.00005315
       106    -0.00005413
       107    -0.00005529
       108    -0.00005664
       109    -0.00005819
       110    -0.00005996
       111    -0.00006196
       112    -0.00006421
       113    -0.00006671
       114    -0.00006947
       115    -0.00007253
       116    -0.00007588
       117    -0.00007956
       118    -0.00008356
       119    -0.00008793
       120    -0.00009267
       121    -0.00007947
       122    -0.00008431
       123    -0.00008948
       124    -0.00009500
       125    -0.00010090
       126    -0.00010721
       127    -0.00011393
       128    -0.00012111
       129    -0.00012878
       130    -0.00013696
       131    -0.00014569
       132    -0.00015502
       133    -0.00016497
       134    -0.00017560
       135    -0.00018696
       136    -0.00019909
       137    -0.00021205
       138    -0.00022591
       139    -0.00024073
       140    -0.00025659
       141    -0.00020197
       142    -0.00021571
       143    -0.00023028
       144    -0.00024572
       145    -0.00026212
       146    -0.00027954
       147    -0.00029806
       148    -0.00031775
       149    -0.00033872
       150    -0.00036104
       151    -0.00038483
       152    -0.00041019
       153    -0.00043725
       154    -0.00046614
       155    -0.00049698
       156    -0.00052994
       157    -0.00056516
       158    -0.00060283
       159    -0.00064311
       160    -0.00068621
       161    -0.00050123
       162    -0.00053481
       163    -0.00057042
       164    -0.00060820
       165    -0.00064827
       166    -0.00069081
       167    -0.00073596
       168    -0.00078384
       169    -0.00083465
       170    -0.00088858
       171    -0.00094577
       172    -0.00100636
       173    -0.00107052
       174    -0.00113837
       175    -0.00121002
       176    -0.00128560
       177    -0.00136518
       178    -0.00144878
       179    -0.00153640
       180    -0.00162799
       181    -0.00109291
       182    -0.00116020
       183    -0.00123017
       184    -0.00130282
       185    -0.00137809
       186    -0.00145591
       187    -0.00153619
       188    -0.00161877
       189    -0.00170347
       190    -0.00179005
       191    -0.00187824
       192    -0.00196773
       193    -0.00205810
       194    -0.00214897
       195    -0.00223979
       196    -0.00233003
       197    -0.00241900
       198    -0.00250596
       199    -0.00259005
       200    -0.00267012
       201    -0.00162583
       202    -0.00169170
       203    -0.00175557
       204    -0.00181673
       205    -0.00187437
       206    -0.00192738
       207    -0.00197447
       208    -0.00201399
       209    -0.00204371
       210    -0.00206104
       211    -0.00206182
       212    -0.00204107
       213    -0.00199182
       214    -0.00190409
       215    -0.00176347
       216    -0.00154828
       217    -0.00122518
       218    -0.00073916
       219     0.00000229
       220     0.00116511
       221     0.00131250
       222     0.00221882
       223     0.00355144
       224     0.00845155
       225     0.01400442
       226     0.02232056
       227     0.03187256
       228     0.03540728
       229     0.02880778
       230     0.01929393
       231     0.01208086
       232     0.00742187
       233     0.00445698
       234     0.00251571
       235     0.00119540
       236     0.00026367
       237    -0.00041573
       238    -0.00092566
       239    -0.00131688
       240    -0.00162348
       241    -0.00099293
       242    -0.00110156
       243    -0.00120602
       244    -0.00130643
       245    -0.00140261
       246    -0.00149469
       247    -0.00158204
       248    -0.00166570
       249    -0.00174526
       250    -0.00182062
       251    -0.00189186
       252    -0.00195884
       253    -0.00202158
       254    -0.00207992
       255    -0.00213378
       256    -0.00218295
       257    -0.00222726
       258    -0.00226640
       259    -0.00230014
       260    -0.00232808
       261    -0.00121081
       262    -0.00126581
       263    -0.00131863
       264    -0.00136898
       265    -0.00141656
       266    -0.00146107
       267    -0.00150217
       268    -0.00153953
       269    -0.00157278
       270    -0.00160157
       271    -0.00162555
       272    -0.00164436
       273    -0.00165768
       274    -0.00166524
       275    -0.00166679
       276    -0.00166218
       277    -0.00165131
       278    -0.00163431
       279    -0.00161099
       280    -0.00158168
       281    -0.00076891
       282    -0.00078840
       283    -0.00080494
       284    -0.00081843
       285    -0.00082886
       286    -0.00083620
       287    -0.00084045
       288    -0.00084166
       289    -0.00083986
       290    -0.00083515
       291    -0.00082764
       292    -0.00081744
       293    -0.00080469
       294    -0.00078958
       295    -0.00077228
       296    -0.00075298
       297    -0.00073188
       298    -0.00070918
       299    -0.00068510
       300    -0.00065987
       301    -0.00034894
       302    -0.00034922
       303    -0.00034845
       304    -0.00034667
       305    -0.00034394
       306    -0.00034030
       307    -0.00033579
       308    -0.00033049
       309    -0.00032443
       310    -0.00031769
       311    -0.00031031
       312    -0.00030238
       313    -0.00029394
       314    -0.00028507
       315    -0.00027582
       316    -0.00026626
       317    -0.00025646
       318    -0.00024648
       319    -0.00023639
       320    -0.00022625
       321    -0.00014089
       322    -0.00013826
       323    -0.00013544
       324    -0.00013246
       325    -0.00012939
       326    -0.00012617
       327    -0.00012286
       328    -0.00011948
       329    -0.00011606
       330    -0.00011263
       331    -0.00010920
       332    -0.00010580
       333    -0.00010245
       334    -0.00009917
       335    -0.00009598
       336    -0.00009290
       337    -0.00008995
       338    -0.00008715
       339    -0.00008451
       340    -0.00008204
       341    -0.00006286
       342    -0.00006169
       343    -0.00006061
       344    -0.00005961
       345    -0.00005870
       346    -0.00005789
       347    -0.00005718
       348    -0.00005657
       349    -0.00005607
       350    -0.00005568
       351    -0.00005539
       352    -0.00005522
       353    -0.00005516
       354    -0.00005521
       355    -0.00005537
       356    -0.00005563
       357    -0.00005600
       358    -0.00005646
       359    -0.00005703
       360    -0.00005768
       361    -0.00005729
       362    -0.00005806
       363    -0.00005891
       364    -0.00005982
       365    -0.00006078
       366    -0.00006179
       367    -0.00006284
       368    -0.00006393
       369    -0.00006505
       370    -0.00006618
       371    -0.00006732
       372    -0.00006847
       373    -0.00006961
       374    -0.00007073
       375    -0.00007183
       376    -0.00007290
       377    -0.00007393
       378    -0.00007491
       379    -0.00007582
       380    -0.00007667
       381    -0.00009784
       382    -0.00009977
       383    -0.00010163
       384    -0.00010339
       385    -0.00010500
       386    -0.00010652
       387    -0.00010791
       388    -0.00010914
       389    -0.00011021
       390    -0.00011109
       391    -0.00011177
       392    -0.00011225
       393    -0.00011250
       394    -0.00011252
       395    -0.00011230
       396    -0.00011183
       397    -0.00011110
       398    -0.00011009
       399    -0.00010882
       400    -0.00010726
       401    -0.00017682
       402    -0.00017854
       403    -0.00017985
       404    -0.00018072
       405    -0.00018113
       406    -0.00018106
       407    -0.00018049
       408    -0.00017940
       409    -0.00017777
       410    -0.00017560
       411    -0.00017288
       412    -0.00016959
       413    -0.00016574
       414    -0.00016134
       415    -0.00015637
       416    -0.00015084
       417    -0.00014478
       418    -0.00013817
       419    -0.00013106
       420    -0.00012344
       421    -0.00026619
       422    -0.00026368
       423    -0.00026023
       424    -0.00025582
       425    -0.00025045
       426    -0.00024411
       427    -0.00023681
       428    -0.00022856
       429    -0.00021938
       430    -0.00020930
       431    -0.00019833
       432    -0.00018651
       433    -0.00017390
       434    -0.00016052
       435    -0.00014643
       436    -0.00013169
       437    -0.00011634
       438    -0.00010046
       439    -0.00008410
       440    -0.00006734
       441    -0.00012974
       442    -0.00011288
       443    -0.00009543
       444    -0.00007745
       445    -0.00005904
       446    -0.00004026
       447    -0.00002121
       448    -0.00000196
       449     0.00001739
       450     0.00003677
       451     0.00005605
       452     0.00007517
       453     0.00009403
       454     0.00011255
       455     0.00013064
       456     0.00014821
       457     0.00016518
       458     0.00018147
       459     0.00019700
       460     0.00021171
       461     0.00025049
       462     0.00026266
       463     0.00027371
       464     0.00028358
       465     0.00029224
       466     0.00029966
       467     0.00030581
       468     0.00031070
       469     0.00031431
       470     0.00031667
       471     0.00031778
       472     0.00031768
       473     0.00031641
       474     0.00031403
       475     0.00031057
       476     0.00030611
       477     0.00030071
       478     0.00029446
       479     0.00028744
       480     0.00027973
       481     0.00021520
       482     0.00021158
       483     0.00020746
       484     0.00020290
       485     0.00019794
       486     0.00019264
       487     0.00018705
       488     0.00018122
       489     0.00017520
       490     0.00016905
       491     0.00016281
       492     0.00015652
       493     0.00015033
       494     0.00014410
       495     0.00013795
       496     0.00013193
       497     0.00012607
       498     0.00012040
       499     0.00011495
       500     0.00010973
       501     0.00007560
       502     0.00007348
       503     0.00007142
       504     0.00006942
       505     0.00006749
       506     0.00006565
       507     0.00006390
       508     0.00006225
       509     0.00006070
       510     0.00005926
       511     0.00005793
       512     0.00005672
       513     0.00005564
       514     0.00005467
       515     0.00005383
       516     0.00005311
       517     0.00005251
       518     0.00005203
       519     0.00005168
       520     0.00005144
       521     0.00003891
       522     0.00003885
       523     0.00003883
       524     0.00003885
       525     0.00003891
       526     0.00003900
       527     0.00003912
       528     0.00003927
       529     0.00003944
       530     0.00003963
       531     0.00003984
       532     0.00004006
       533     0.00004028
       534     0.00004051
       535     0.00004074
       536     0.00004096
       537     0.00004117
       538     0.00004137
       539     0.00004155
       540     0.00004170
       541     0.00003882
       542     0.00003883
       543     0.00003882
       544     0.00003876
       545     0.00003867
       546     0.00003853
       547     0.00003835
       548     0.00003812
       549     0.00003784
       550     0.00003752
       551     0.00003714
       552     0.00003670
       553     0.00003622
       554     0.00003568
       555     0.00003508
       556     0.00003443
       557     0.00003372
       558     0.00003295
       559     0.00003213
       560     0.00003126
       561     0.00003649
       562     0.00003560
       563     0.00003465
       564     0.00003364
       565     0.00003257
       566     0.00003144
       567     0.00003025
       568     0.00002901
       569     0.00002772
       570     0.00002638
       571     0.00002499
       572     0.00002356
       573     0.00002208
       574     0.00002057
       575     0.00001902
       576     0.00001743
       577     0.00001581
       578     0.00001416
       579     0.00001248
       580     0.00001078
       581     0.00001455
       582     0.00001285
       583     0.00001120
       584     0.00000944
       585     0.00000767
       586     0.00000587
       587     0.00000406
       588     0.00000223
       589     0.00000039
       590    -0.00000146
       591    -0.00000331
       592    -0.00000517
       593    -0.00000702
       594    -0.00000887
       595    -0.00001071
       596    -0.00001253
       597    -0.00001434
       598    -0.00001614
       599    -0.00001791
       600    -0.00001965
       601    -0.00002761
       602    -0.00002917
       603    -0.00003069
       604    -0.00003215
       605    -0.00003356
       606    -0.00003490
       607    -0.00003618
       608    -0.00003739
       609    -0.00003853
       610    -0.00003959
       611    -0.00004058
       612    -0.00004149
       613    -0.00004232
       614    -0.00004308
       615    -0.00004376
       616    -0.00004437
       617    -0.00004490
       618    -0.00004537
       619    -0.00004577
       620    -0.00004610
       621    -0.00004326
       622    -0.00004362
       623    -0.00004393
       624    -0.00004421
       625    -0.00004444
       626    -0.00004464
       627    -0.00004482
       628    -0.00004507
       629    -0.00004520
       630    -0.00004531
       631    -0.00004542
       632    -0.00004551
       633    -0.00004560
       634    -0.00004569
       635    -0.00004577
       636    -0.00004586
       637    -0.00004595
       638    -0.00004603
       639    -0.00004612
       640    -0.00004620
       641    -0.00003829
       642    -0.00003846
       643    -0.00003861
       644    -0.00003874
       645    -0.00003884
       646    -0.00003893
       647    -0.00003899
       648    -0.00003902
       649    -0.00003903
       650    -0.00003901
       651    -0.00003897
       652    -0.00003890
       653    -0.00003876
       654    -0.00003866
       655    -0.00003850
       656    -0.00003832
       657    -0.00003810
       658    -0.00003786
       659    -0.00003760
       660    -0.00003731
       661    -0.00003555
       662    -0.00003521
       663    -0.00003485
       664    -0.00003448
       665    -0.00003408
       666    -0.00003367
       667    -0.00003324
       668    -0.00003280
       669    -0.00003236
       670    -0.00003190
       671    -0.00003144
       672    -0.00003097
       673    -0.00003050
       674    -0.00003003
       675    -0.00002956
       676    -0.00002910
       677    -0.00002864
       678    -0.00002818
       679    -0.00002774
       680    -0.00002730
       681    -0.00002929
       682    -0.00002890
       683    -0.00002851
       684    -0.00002814
       685    -0.00002777
       686    -0.00002741
       687    -0.00002706
       688    -0.00002671
       689    -0.00002636
       690    -0.00002601
       691    -0.00002566
       692    -0.00002529
       693    -0.00002492
       694    -0.00002453
       695    -0.00002412
       696    -0.00002368
       697    -0.00002322
       698    -0.00002272
       699    -0.00002219
       700    -0.00002162
       701    -0.00002099
       702    -0.00002032
       703    -0.00001960
       704    -0.00001882
       705    -0.00001799
       706    -0.00001709
       707    -0.00001614
       708    -0.00001511
       709    -0.00001403
       710    -0.00001287
       711    -0.00001165
       712    -0.00001037
       713    -0.00000903
       714    -0.00000762
       715    -0.00000615
       716    -0.00000463
       717    -0.00000305
       718    -0.00000143
       719     0.00000024
       720     0.00000195
       721     0.00000344
       722     0.00000514
       723     0.00000685
       724     0.00000858
       725     0.00001032
       726     0.00001206
       727     0.00001380
       728     0.00001553
       729     0.00001724
       730     0.00001893
       731     0.00002059
       732     0.00002222
       733     0.00002380
       734     0.00002534
       735     0.00002682
       736     0.00002824
       737     0.00002960
       738     0.00003089
       739     0.00003210
       740     0.00003324
       741     0.00003436
       742     0.00003533
       743     0.00003621
       744     0.00003700
       745     0.00003770
       746     0.00003831
       747     0.00003883
       748     0.00003925
       749     0.00003958
       750     0.00003982
       751     0.00003998
       752     0.00004005
       753     0.00004003
       754     0.00003994
       755     0.00003977
       756     0.00003953
       757     0.00003923
       758     0.00003886
       759     0.00003845
       760     0.00003798
       761     0.00004227
       762     0.00004156
       763     0.00004084
       764     0.00004009
       765     0.00003933
       766     0.00003857
       767     0.00003781
       768     0.00003707
       769     0.00003635
       770     0.00003566
       771     0.00003501
       772     0.00003439
       773     0.00003382
       774     0.00003329
       775     0.00003277
       776     0.00003242
       777     0.00003207
       778     0.00003177
       779     0.00003154
       780     0.00003137
       781     0.00003459
       782     0.00003455
       783     0.00003458
       784     0.00003469
       785     0.00003487
       786     0.00003511
       787     0.00003542
       788     0.00003578
       789     0.00003620
       790     0.00003666
       791     0.00003716
       792     0.00003769
       793     0.00003825
       794     0.00003883
       795     0.00003942
       796     0.00004001
       797     0.00004061
       798     0.00004120
       799     0.00004177
       800     0.00004233
