#    Step        Prob(0)        Prob(1)        
        0    -0.00000000     0.00000000
        1     0.00000000     0.00000000
        2     0.00000000     0.00000000
        3     0.00000000     0.00000000
        4     0.00000000     0.00000000
        5     0.00000000     0.00000000
        6     0.00000000     0.00000000
        7     0.00000000     0.00000000
        8     0.00000000     0.00000000
        9     0.00000000     0.00000000
       10     0.00000000     0.00000000
       11     0.00000000     0.00000000
       12     0.00000000     0.00000000
       13     0.00000000     0.00000000
       14     0.00000000     0.00000000
       15     0.00000000     0.00000000
       16     0.00000000     0.00000000
       17     0.00000000     0.00000000
       18     0.00000000     0.00000000
       19     0.00000000     0.00000000
       20     0.00000000     0.00000000
       21     0.00000000     0.00000000
       22     0.00000000     0.00000000
       23     0.00000000     0.00000000
       24     0.00000000     0.00000000
       25     0.00000000     0.00000000
       26     0.00000000     0.00000000
       27     0.00000000     0.00000000
       28     0.00000000     0.00000000
       29     0.00000000     0.00000000
       30     0.00000000     0.00000000
       31     0.00000000     0.00000000
       32     0.00000000     0.00000000
       33     0.00000000     0.00000000
       34     0.00000000     0.00000000
       35     0.00000000     0.00000000
       36     0.00000000     0.00000000
       37     0.00000000     0.00000000
       38     0.00000000     0.00000000
       39     0.00000000     0.00000000
       40     0.00000000     0.00000000
       41     0.00000000     0.00000000
       42     0.00000000     0.00000000
       43     0.00000000     0.00000000
       44     0.00000000     0.00000000
       45     0.00000000     0.00000000
       46     0.00000000     0.00000000
       47     0.00000000     0.00000000
       48     0.00000000     0.00000000
       49     0.00000000     0.00000000
       50     0.00000000     0.00000000
       51     0.00000000     0.00000000
       52     0.00000000     0.00000000
       53     0.00000000     0.00000000
       54     0.00000000     0.00000000
       55     0.00000000     0.00000000
       56     0.00000000     0.00000000
       57     0.00000001     0.00000000
       58     0.00000001     0.00000000
       59     0.00000000     0.00000000
       60     0.00000000     0.00000000
       61     0.00000000     0.00000000
       62     0.00000000     0.00000000
       63     0.00000001     0.00000000
       64     0.00000001     0.00000000
       65     0.00000000     0.00000000
       66     0.00000000     0.00000000
       67     0.00000000     0.00000000
       68     0.00000000     0.00000000
       69     0.00000001     0.00000000
       70     0.00000001     0.00000000
       71     0.00000001     0.00000000
       72     0.00000000     0.00000000
       73     0.00000000     0.00000000
       74     0.00000000     0.00000000
       75     0.00000000     0.00000000
       76     0.00000001     0.00000000
       77     0.00000001     0.00000000
       78     0.00000001     0.00000000
       79     0.00000000     0.00000000
       80     0.00000000     0.00000000
       81     0.00000000     0.00000000
       82     0.00000002     0.00000000
       83     0.00000003     0.00000000
       84     0.00000001     0.00000000
       85     0.00000000     0.00000000
       86     0.00000000     0.00000000
       87     0.00000000     0.00000000
       88     0.00000000     0.00000000
       89     0.00000002     0.00000000
       90     0.00000002     0.00000000
       91     0.00000001     0.00000000
       92     0.00000000     0.00000000
       93     0.00000000     0.00000000
       94     0.00000000     0.00000000
       95     0.00000000     0.00000000
       96     0.00000001     0.00000000
       97     0.00000002     0.00000000
       98     0.00000002     0.00000000
       99     0.00000000     0.00000000
      100     0.00000000     0.00000000
      101     0.00000000     0.00000000
      102     0.00000000     0.00000000
      103     0.00000000     0.00000000
      104     0.00000002     0.00000000
      105     0.00000003     0.00000000
      106     0.00000002     0.00000000
      107     0.00000000     0.00000000
      108     0.00000000     0.00000000
      109     0.00000000     0.00000000
      110     0.00000000     0.00000000
      111     0.00000002     0.00000000
      112     0.00000004     0.00000000
      113     0.00000005     0.00000000
      114     0.00000003     0.00000000
      115     0.00000000     0.00000000
      116     0.00000000     0.00000000
      117     0.00000000     0.00000000
      118     0.00000002     0.00000000
      119     0.00000006     0.00000000
      120     0.00000009     0.00000000
      121     0.00000003     0.00000000
      122     0.00000000     0.00000000
      123     0.00000000     0.00000000
      124     0.00000000     0.00000000
      125     0.00000006     0.00000000
      126     0.00000017     0.00000000
      127     0.00000023     0.00000000
      128     0.00000021     0.00000000
      129     0.00000010     0.00000000
      130     0.00000000     0.00000000
      131     0.00000000     0.00000000
      132     0.00000000     0.00000000
      133     0.00000014     0.00000000
      134     0.00000033     0.00000000
      135     0.00000047     0.00000000
      136     0.00000048     0.00000000
      137     0.00000036     0.00000000
      138     0.00000018     0.00000000
      139     0.00000006     0.00000000
      140     0.00000011     0.00000000
      141     0.00000000     0.00000000
      142     0.00000000     0.00000000
      143     0.00000000     0.00000000
      144     0.00000001     0.00000000
      145     0.00000077     0.00000000
      146     0.00000148     0.00000000
      147     0.00000179     0.00000000
      148     0.00000152     0.00000000
      149     0.00000080     0.00000000
      150     0.00000001     0.00000000
      151     0.00000000     0.00000000
      152     0.00000000     0.00000000
      153     0.00000093     0.00000000
      154     0.00000237     0.00000000
      155     0.00000368     0.00000000
      156     0.00000434     0.00000000
      157     0.00000413     0.00000000
      158     0.00000321     0.00000000
      159     0.00000215     0.00000000
      160     0.00000164     0.00000000
      161     0.00000000     0.00000000
      162     0.00000000     0.00000000
      163     0.00000000     0.00000000
      164     0.00000000     0.00000000
      165     0.00000242     0.00000000
      166     0.00001034     0.00000000
      167     0.00001696     0.00000000
      168     0.00001978     0.00000000
      169     0.00001768     0.00000000
      170     0.00001136     0.00000000
      171     0.00000323     0.00000000
      172     0.00000000     0.00000000
      173     0.00000000     0.00000000
      174     0.00000000     0.00000000
      175     0.00000971     0.00000000
      176     0.00002461     0.00000000
      177     0.00004042     0.00000000
      178     0.00005360     0.00000000
      179     0.00006147     0.00000000
      180     0.00006304     0.00000000
      181     0.00001915     0.00000000
      182     0.00000000     0.00000000
      183     0.00000000     0.00000000
      184     0.00000000     0.00000000
      185     0.00000000     0.00000000
      186     0.00000000     0.00000000
      187     0.00000996     0.00000000
      188     0.00007147     0.00000000
      189     0.00013454     0.00000000
      190     0.00018874     0.00000000
      191     0.00022578     0.00000000
      192     0.00024098     0.00000000
      193     0.00023389     0.00000000
      194     0.00020807     0.00000000
      195     0.00017014     0.00000000
      196     0.00012842     0.00000000
      197     0.00009154     0.00000000
      198     0.00006717     0.00000000
      199     0.00006113     0.00000000
      200     0.00007696     0.00000000
      201     0.00001824     0.00000000
      202     0.00000000     0.00000000
      203     0.00000000     0.00000000
      204     0.00000000     0.00000000
      205     0.00000000     0.00000000
      206     0.00000000     0.00000000
      207     0.00000000     0.00000000
      208     0.00000000     0.00000000
      209     0.00000000     0.00000000
      210     0.00006744     0.00000000
      211     0.00015313     0.00000000
      212     0.00023854     0.00000000
      213     0.00031567     0.00000000
      214     0.00037511     0.00000000
      215     0.00040569     0.00000000
      216     0.00039431     0.00000000
      217     0.00032682     0.00000000
      218     0.00019222     0.00000000
      219     0.00000000     0.00000000
      220     0.00000000     0.00000000
      221     0.00000000     0.00000000
      222     0.00022760     0.00000000
      223     0.00103871     0.00000000
      224     0.00000000     0.00000000
      225     0.00000000     0.00000000
      226     0.00000000     0.00000000
      227     0.00000000     0.00000000
      228     0.00000000     0.00000000
      229     0.00000000     0.00000000
      230     0.00000000     0.00000000
      231     0.00000000     0.00000000
      232     0.00000000     0.00000000
      233     0.00000000     0.00000000
      234     0.00000000     0.00000000
      235     0.00000000     0.00000000
      236     0.00000000     0.00000000
      237     0.00000000     0.00236352
      238     0.00000000     0.00496340
      239     0.00000000     0.00650392
      240     0.00000000     0.00711470
      241     0.00000000     0.00363602
      242     0.00000000     0.00307180
      243     0.00000000     0.00215490
      244     0.00000000     0.00087861
      245     0.00000000     0.00000000
      246     0.00000000     0.00000000
      247     0.00000000     0.00000000
      248     0.00000000     0.00000000
      249     0.00000000     0.00000000
      250     0.00000000     0.00000000
      251     0.00000000     0.00000000
      252     0.00000000     0.00000000
      253     0.00000000     0.00000000
      254     0.00000000     0.00000000
      255     0.00000000     0.00000000
      256     0.00000000     0.00000000
      257     0.00000000     0.00111242
      258     0.00000000     0.00575824
      259     0.00000000     0.01003466
      260     0.00000000     0.01317609
      261     0.00000000     0.00736081
      262     0.00000000     0.00688369
      263     0.00000000     0.00500424
      264     0.00000000     0.00188314
      265     0.00000000     0.00000000
      266     0.00000000     0.00000000
      267     0.00000000     0.00000000
      268     0.00000000     0.00000000
      269     0.00000000     0.00000000
      270     0.00000000     0.00000000
      271     0.00000000     0.00056964
      272     0.00000000     0.00559764
      273     0.00000000     0.00918874
      274     0.00000000     0.00997262
      275     0.00000000     0.00732516
      276     0.00000000     0.00188456
      277     0.00000000     0.00000000
      278     0.00000000     0.00000000
      279     0.00000000     0.00000000
      280     0.00000000     0.00000000
      281     0.00000000     0.00000000
      282     0.00000000     0.00304968
      283     0.00000000     0.00477393
      284     0.00000000     0.00413351
      285     0.00000000     0.00127309
      286     0.00000000     0.00000000
      287     0.00000000     0.00000000
      288     0.00000000     0.00000000
      289     0.00000000     0.00000000
      290     0.00000000     0.00216702
      291     0.00000000     0.00471105
      292     0.00000000     0.00431718
      293     0.00000000     0.00116307
      294     0.00000000     0.00000000
      295     0.00000000     0.00000000
      296     0.00000000     0.00000000
      297     0.00000000     0.00024855
      298     0.00000000     0.00344989
      299     0.00000000     0.00395199
      300     0.00000000     0.00143582
      301     0.00000000     0.00000000
      302     0.00000000     0.00000000
      303     0.00000000     0.00000000
      304     0.00000000     0.00049926
      305     0.00000000     0.00192859
      306     0.00000000     0.00170402
      307     0.00000000     0.00001582
      308     0.00000000     0.00000000
      309     0.00000000     0.00000000
      310     0.00000000     0.00000000
      311     0.00000000     0.00135798
      312     0.00000000     0.00176397
      313     0.00000000     0.00052062
      314     0.00000000     0.00000000
      315     0.00000000     0.00000000
      316     0.00000000     0.00000000
      317     0.00000000     0.00101062
      318     0.00000000     0.00145545
      319     0.00000000     0.00042701
      320     0.00000000     0.00000000
      321     0.00000000     0.00000000
      322     0.00000000     0.00000000
      323     0.00000000     0.00062826
      324     0.00000000     0.00073504
      325     0.00000000     0.00005559
      326     0.00000000     0.00000000
      327     0.00000000     0.00000000
      328     0.00000000     0.00007799
      329     0.00000000     0.00065790
      330     0.00000000     0.00048544
      331     0.00000000     0.00000000
      332     0.00000000     0.00000000
      333     0.00000000     0.00000000
      334     0.00000000     0.00033011
      335     0.00000000     0.00057155
      336     0.00000000     0.00015006
      337     0.00000000     0.00000000
      338     0.00000000     0.00000000
      339     0.00000000     0.00002064
      340     0.00000000     0.00046042
      341     0.00000000     0.00026749
      342     0.00000000     0.00000000
      343     0.00000000     0.00000000
      344     0.00000000     0.00000000
      345     0.00000000     0.00023695
      346     0.00000000     0.00032986
      347     0.00000000     0.00002340
      348     0.00000000     0.00000000
      349     0.00000000     0.00000000
      350     0.00000000     0.00010212
      351     0.00000000     0.00033262
      352     0.00000000     0.00015429
      353     0.00000000     0.00000000
      354     0.00000000     0.00000000
      355     0.00000000     0.00000000
      356     0.00000000     0.00029611
      357     0.00000000     0.00026066
      358     0.00000000     0.00000000
      359     0.00000000     0.00000000
      360     0.00000000     0.00000000
      361     0.00000000     0.00021687
      362     0.00000000     0.00033612
      363     0.00000000     0.00004082
      364     0.00000000     0.00000000
      365     0.00000000     0.00000000
      366     0.00000000     0.00009404
      367     0.00000000     0.00037464
      368     0.00000000     0.00020218
      369     0.00000000     0.00000000
      370     0.00000000     0.00000000
      371     0.00000000     0.00000000
      372     0.00000000     0.00033623
      373     0.00000000     0.00036032
      374     0.00000000     0.00000000
      375     0.00000000     0.00000000
      376     0.00000000     0.00000000
      377     0.00000000     0.00018477
      378     0.00000000     0.00045148
      379     0.00000000     0.00018978
      380     0.00000000     0.00000000
      381     0.00000000     0.00000000
      382     0.00000000     0.00000000
      383     0.00000000     0.00050370
      384     0.00000000     0.00054088
      385     0.00000000     0.00000000
      386     0.00000000     0.00000000
      387     0.00000000     0.00000000
      388     0.00000000     0.00017566
      389     0.00000000     0.00065166
      390     0.00000000     0.00041204
      391     0.00000000     0.00000000
      392     0.00000000     0.00000000
      393     0.00000000     0.00000000
      394     0.00000000     0.00036423
      395     0.00000000     0.00067470
      396     0.00000000     0.00026945
      397     0.00000000     0.00000000
      398     0.00000000     0.00000000
      399     0.00000000     0.00000000
      400     0.00000000     0.00043125
      401     0.00000000     0.00104026
      402     0.00000000     0.00031242
      403     0.00000000     0.00000000
      404     0.00000000     0.00000000
      405     0.00000000     0.00000000
      406     0.00000000     0.00073063
      407     0.00000000     0.00106803
      408     0.00000000     0.00037448
      409     0.00000000     0.00000000
      410     0.00000000     0.00000000
      411     0.00000000     0.00000000
      412     0.00000000     0.00053942
      413     0.00000000     0.00099898
      414     0.00000000     0.00053832
      415     0.00000000     0.00000000
      416     0.00000000     0.00000000
      417     0.00000000     0.00000000
      418     0.00000000     0.00018472
      419     0.00000000     0.00073691
      420     0.00000000     0.00061083
      421     0.00000000     0.00000000
      422     0.00000000     0.00000000
      423     0.00000000     0.00000000
      424     0.00000000     0.00000000
      425     0.00000000     0.00096159
      426     0.00000000     0.00146615
      427     0.00000000     0.00076872
      428     0.00000000     0.00000000
      429     0.00000000     0.00000000
      430     0.00000000     0.00000000
      431     0.00000000     0.00000000
      432     0.00000000     0.00088265
      433     0.00000000     0.00101515
      434     0.00000000     0.00039167
      435     0.00000000     0.00000000
      436     0.00000000     0.00000000
      437     0.00000000     0.00000000
      438     0.00000000     0.00002499
      439     0.00000000     0.00040717
      440     0.00000000     0.00039194
      441     0.00000000     0.00032170
      442     0.00000000     0.00000000
      443     0.00000000     0.00000000
      444     0.00000000     0.00000000
      445     0.00000000     0.00000000
      446     0.00000000     0.00018025
      447     0.00000000     0.00012618
      448     0.00000000     0.00000618
      449     0.00000000     0.00003287
      450     0.00000000     0.00020541
      451     0.00000000     0.00029742
      452     0.00000000     0.00009397
      453     0.00000000     0.00000000
      454     0.00000000     0.00000000
      455     0.00000000     0.00000000
      456     0.00000000     0.00011941
      457     0.00000000     0.00083975
      458     0.00000000     0.00103957
      459     0.00000000     0.00044361
      460     0.00000000     0.00000000
      461     0.00000000     0.00000000
      462     0.00000000     0.00000000
      463     0.00000000     0.00000400
      464     0.00000000     0.00132479
      465     0.00000000     0.00171877
      466     0.00000000     0.00080676
      467     0.00000000     0.00000000
      468     0.00000000     0.00000000
      469     0.00000000     0.00000000
      470     0.00000000     0.00002732
      471     0.00000000     0.00152927
      472     0.00000000     0.00183779
      473     0.00000000     0.00068650
      474     0.00000000     0.00000000
      475     0.00000000     0.00000000
      476     0.00000000     0.00000000
      477     0.00000000     0.00041950
      478     0.00000000     0.00163807
      479     0.00000000     0.00145960
      480     0.00000000     0.00007570
      481     0.00000000     0.00000000
      482     0.00000000     0.00000000
      483     0.00000000     0.00000000
      484     0.00000000     0.00078176
      485     0.00000000     0.00118429
      486     0.00000000     0.00053285
      487     0.00000000     0.00000000
      488     0.00000000     0.00000000
      489     0.00000000     0.00000000
      490     0.00000000     0.00037383
      491     0.00000000     0.00096308
      492     0.00000000     0.00063324
      493     0.00000000     0.00000000
      494     0.00000000     0.00000000
      495     0.00000000     0.00000000
      496     0.00000000     0.00018821
      497     0.00000000     0.00072702
      498     0.00000000     0.00052576
      499     0.00000000     0.00000000
      500     0.00000000     0.00000000
      501     0.00000000     0.00000000
      502     0.00000000     0.00012490
      503     0.00000000     0.00041984
      504     0.00000000     0.00027279
      505     0.00000000     0.00000000
      506     0.00000000     0.00000000
      507     0.00000000     0.00000000
      508     0.00000000     0.00017254
      509     0.00000000     0.00036519
      510     0.00000000     0.00016289
      511     0.00000000     0.00000000
      512     0.00000000     0.00000000
      513     0.00000000     0.00000000
      514     0.00000000     0.00023685
      515     0.00000000     0.00030460
      516     0.00000000     0.00003401
      517     0.00000000     0.00000000
      518     0.00000000     0.00000000
      519     0.00000000     0.00003805
      520     0.00000000     0.00029393
      521     0.00000000     0.00016074
      522     0.00000000     0.00000000
      523     0.00000000     0.00000000
      524     0.00000000     0.00000000
      525     0.00000000     0.00014210
      526     0.00000000     0.00022879
      527     0.00000000     0.00004729
      528     0.00000000     0.00000000
      529     0.00000000     0.00000000
      530     0.00000000     0.00002368
      531     0.00000000     0.00022749
      532     0.00000000     0.00016236
      533     0.00000000     0.00000000
      534     0.00000000     0.00000000
      535     0.00000000     0.00000000
      536     0.00000000     0.00016627
      537     0.00000000     0.00023457
      538     0.00000000     0.00002102
      539     0.00000000     0.00000000
      540     0.00000000     0.00000000
      541     0.00000000     0.00005861
      542     0.00000000     0.00023080
      543     0.00000000     0.00012524
      544     0.00000000     0.00000000
      545     0.00000000     0.00000000
      546     0.00000000     0.00000000
      547     0.00000000     0.00018607
      548     0.00000000     0.00019804
      549     0.00000000     0.00000000
      550     0.00000000     0.00000000
      551     0.00000000     0.00000000
      552     0.00000000     0.00009777
      553     0.00000000     0.00021766
      554     0.00000000     0.00007654
      555     0.00000000     0.00000000
      556     0.00000000     0.00000000
      557     0.00000000     0.00000000
      558     0.00000000     0.00017866
      559     0.00000000     0.00014705
      560     0.00000000     0.00000000
      561     0.00000000     0.00000000
      562     0.00000000     0.00000000
      563     0.00000000     0.00011851
      564     0.00000000     0.00019897
      565     0.00000000     0.00004634
      566     0.00000000     0.00000000
      567     0.00000000     0.00000000
      568     0.00000000     0.00000995
      569     0.00000000     0.00015545
      570     0.00000000     0.00011382
      571     0.00000000     0.00000000
      572     0.00000000     0.00000000
      573     0.00000000     0.00000000
      574     0.00000000     0.00007118
      575     0.00000000     0.00011262
      576     0.00000000     0.00002690
      577     0.00000000     0.00000000
      578     0.00000000     0.00000000
      579     0.00000000     0.00000000
      580     0.00000000     0.00005848
      581     0.00000000     0.00006808
      582     0.00000000     0.00000000
      583     0.00000000     0.00000000
      584     0.00000000     0.00000000
      585     0.00000000     0.00002064
      586     0.00000000     0.00003531
      587     0.00000000     0.00001036
      588     0.00000000     0.00000000
      589     0.00000000     0.00000000
      590     0.00000000     0.00000202
      591     0.00000000     0.00000000
      592     0.00000000     0.00000000
      593     0.00000000     0.00000000
      594     0.00000000     0.00004693
      595     0.00000000     0.00005265
      596     0.00000000     0.00000000
      597     0.00000000     0.00000000
      598     0.00000000     0.00000000
      599     0.00000000     0.00003509
      600     0.00000000     0.00011716
      601     0.00000000     0.00009360
      602     0.00000000     0.00000000
      603     0.00000000     0.00000000
      604     0.00000000     0.00000000
      605     0.00000000     0.00012624
      606     0.00000000     0.00020549
      607     0.00000000     0.00005613
      608     0.00000000     0.00000000
      609     0.00000000     0.00000000
      610     0.00000000     0.00000000
      611     0.00000000     0.00020607
      612     0.00000000     0.00021466
      613     0.00000000     0.00000000
      614     0.00000000     0.00000000
      615     0.00000000     0.00000000
      616     0.00000000     0.00006066
      617     0.00000000     0.00026240
      618     0.00000000     0.00017773
      619     0.00000000     0.00000000
      620     0.00000000     0.00000000
      621     0.00000000     0.00000000
      622     0.00000000     0.00013898
      623     0.00000000     0.00026325
      624     0.00000000     0.00009811
      625     0.00000000     0.00000000
      626     0.00000000     0.00000000
      627     0.00000000     0.00000000
      628     0.00000000     0.00021155
      629     0.00000000     0.00024736
      630     0.00000000     0.00001024
      631     0.00000000     0.00000000
      632     0.00000000     0.00000000
      633     0.00000000     0.00003722
      634     0.00000000     0.00026009
      635     0.00000000     0.00019645
      636     0.00000000     0.00000000
      637     0.00000000     0.00000000
      638     0.00000000     0.00000000
      639     0.00000000     0.00013017
      640     0.00000000     0.00027786
      641     0.00000000     0.00009827
      642     0.00000000     0.00000000
      643     0.00000000     0.00000000
      644     0.00000000     0.00000000
      645     0.00000000     0.00017441
      646     0.00000000     0.00021770
      647     0.00000000     0.00002036
      648     0.00000000     0.00000000
      649     0.00000000     0.00000000
      650     0.00000000     0.00002083
      651     0.00000000     0.00021803
      652     0.00000000     0.00017457
      653     0.00000000     0.00000000
      654     0.00000000     0.00000000
      655     0.00000000     0.00000000
      656     0.00000000     0.00009741
      657     0.00000000     0.00022915
      658     0.00000000     0.00010857
      659     0.00000000     0.00000000
      660     0.00000000     0.00000000
      661     0.00000000     0.00000000
      662     0.00000000     0.00014835
      663     0.00000000     0.00019985
      664     0.00000000     0.00003310
      665     0.00000000     0.00000000
      666     0.00000000     0.00000000
      667     0.00000000     0.00000087
      668     0.00000000     0.00017640
      669     0.00000000     0.00015659
      670     0.00000000     0.00000000
      671     0.00000000     0.00000000
      672     0.00000000     0.00000000
      673     0.00000000     0.00005879
      674     0.00000000     0.00017879
      675     0.00000000     0.00010277
      676     0.00000000     0.00000000
      677     0.00000000     0.00000000
      678     0.00000000     0.00000000
      679     0.00000000     0.00009945
      680     0.00000000     0.00016197
      681     0.00000000     0.00005319
      682     0.00000000     0.00000000
      683     0.00000000     0.00000000
      684     0.00000000     0.00000000
      685     0.00000000     0.00013512
      686     0.00000000     0.00014721
      687     0.00000000     0.00000099
      688     0.00000000     0.00000000
      689     0.00000000     0.00000000
      690     0.00000000     0.00002196
      691     0.00000000     0.00014581
      692     0.00000000     0.00011020
      693     0.00000000     0.00000000
      694     0.00000000     0.00000000
      695     0.00000000     0.00000000
      696     0.00000000     0.00005919
      697     0.00000000     0.00013953
      698     0.00000000     0.00006846
      699     0.00000000     0.00000000
      700     0.00000000     0.00000000
      701     0.00000000     0.00000000
      702     0.00000000     0.00007963
      703     0.00000000     0.00011475
      704     0.00000000     0.00002748
      705     0.00000000     0.00000000
      706     0.00000000     0.00000000
      707     0.00000000     0.00000000
      708     0.00000000     0.00007582
      709     0.00000000     0.00007373
      710     0.00000000     0.00000000
      711     0.00000000     0.00000000
      712     0.00000000     0.00000000
      713     0.00000000     0.00000902
      714     0.00000000     0.00004364
      715     0.00000000     0.00002629
      716     0.00000000     0.00000000
      717     0.00000000     0.00000000
      718     0.00000000     0.00000000
      719     0.00000000     0.00000000
      720     0.00000000     0.00000000
      721     0.00000000     0.00000000
      722     0.00000000     0.00001674
      723     0.00000000     0.00004105
      724     0.00000000     0.00001941
      725     0.00000000     0.00000000
      726     0.00000000     0.00000000
      727     0.00000000     0.00000000
      728     0.00000000     0.00006957
      729     0.00000000     0.00009705
      730     0.00000000     0.00001341
      731     0.00000000     0.00000000
      732     0.00000000     0.00000000
      733     0.00000000     0.00000230
      734     0.00000000     0.00013640
      735     0.00000000     0.00013044
      736     0.00000000     0.00000000
      737     0.00000000     0.00000000
      738     0.00000000     0.00000000
      739     0.00000000     0.00005477
      740     0.00000000     0.00019636
      741     0.00000000     0.00012794
      742     0.00000000     0.00000000
      743     0.00000000     0.00000000
      744     0.00000000     0.00000000
      745     0.00000000     0.00012224
      746     0.00000000     0.00022947
      747     0.00000000     0.00008673
      748     0.00000000     0.00000000
      749     0.00000000     0.00000000
      750     0.00000000     0.00000000
      751     0.00000000     0.00018380
      752     0.00000000     0.00022203
      753     0.00000000     0.00001710
      754     0.00000000     0.00000000
      755     0.00000000     0.00000000
      756     0.00000000     0.00002265
      757     0.00000000     0.00021997
      758     0.00000000     0.00017344
      759     0.00000000     0.00000000
      760     0.00000000     0.00000000
      761     0.00000000     0.00000000
      762     0.00000000     0.00011076
      763     0.00000000     0.00024568
      764     0.00000000     0.00010622
      765     0.00000000     0.00000000
      766     0.00000000     0.00000000
      767     0.00000000     0.00000000
      768     0.00000000     0.00017104
      769     0.00000000     0.00019926
      770     0.00000000     0.00000478
      771     0.00000000     0.00000000
      772     0.00000000     0.00000000
      773     0.00000000     0.00004357
      774     0.00000000     0.00019523
      775     0.00000000     0.00012164
      776     0.00000000     0.00000000
      777     0.00000000     0.00000000
      778     0.00000000     0.00000000
      779     0.00000000     0.00012720
      780     0.00000000     0.00018013
      781     0.00000000     0.00002634
      782     0.00000000     0.00000000
      783     0.00000000     0.00000000
      784     0.00000000     0.00003399
      785     0.00000000     0.00020270
      786     0.00000000     0.00013320
      787     0.00000000     0.00000000
      788     0.00000000     0.00000000
      789     0.00000000     0.00000000
      790     0.00000000     0.00015583
      791     0.00000000     0.00020852
      792     0.00000000     0.00001026
      793     0.00000000     0.00000000
      794     0.00000000     0.00000000
      795     0.00000000     0.00006743
      796     0.00000000     0.00023893
      797     0.00000000     0.00012397
      798     0.00000000     0.00000000
      799     0.00000000     0.00000000
      800     0.00000000     0.00000000
